   142.08198943051215   106.64407816307552 
   99.415322763845467   149.31074482974222 
   142.08198943051215   191.97741149640885 
   184.74865609717878   149.31074482974222 
   56.748656097178802   106.64407816307552 
   56.748656097178802   149.31074482974222 
   56.748656097178802   191.97741149640885 
   142.08198943051215    63.97741149640887 
   99.415322763845467    63.97741149640887 
   99.415322763845467   106.64407816307552 
   142.08198943051215   149.31074482974222 
   99.415322763845467   191.97741149640885 
   142.08198943051215   234.64407816307553 
   99.415322763845467   234.64407816307553 
   184.74865609717878    63.97741149640887 
   184.74865609717878   106.64407816307552 
   227.41532276384547   106.64407816307552 
   227.41532276384547   149.31074482974222 
   184.74865609717878   191.97741149640885 
   227.41532276384547   191.97741149640885 
   184.74865609717878   234.64407816307553 
