   143.41306446962619   133.11718192954723 
   91.157283290251712   163.28707126017326 
   121.32717262087775   215.54285243954772 
    173.5829538002522   185.37296310892168 
   60.987393959625685   111.03129008079878 
   49.944448035251462   152.24412533579905 
   38.901502110877246    193.4569605907993 
    154.4560103940004   91.904346674546986 
   113.24317513900014   80.861400750172763 
   102.20022921462595   122.07423600517301 
   132.37011854525196   174.33001718454747 
   80.114337365877503   204.49990651517351 
   176.54190224274885   9.4786761645464992 
   195.66884564900062   102.94729259892119 
   184.62589972462644   144.16012785392144 
   225.83873497962668   155.20307377829565 
   214.79578905525244   196.41590903329592 
   162.54000787587796   226.58579836392195 
   203.75284313087826   237.62874428829619 
   217.75473749774906   20.521622088920715 
