    174.7091044943069   109.51695685699869 
   116.42535393283751   125.13404075180141 
   132.04243782764021   183.41779131327078 
   190.32618838910963   167.80070741846808 
   100.80827003803478   66.850290190332032 
   79.474936704701449   103.80070741846806 
   58.141603371368113   140.75112464660413 
   196.04243782764019   72.566539628862628 
   159.09202059950417   51.233206295529307 
   137.75868726617082   88.183623523665361 
   153.37577116097356   146.46737408513474 
   95.092020599504181   162.08445797993747 
   110.70910449430689   220.36820854140686 
   73.758687266170853   199.03487520807352 
   232.99285505577632   93.899872962195971 
   211.65952172244297   130.85029019033203 
   248.60993895057899   152.18362352366535 
   227.27660561724568   189.13404075180142 
   168.99285505577629   204.75112464660413 
   205.94327228391234   226.08445797993747 
   147.65952172244295    241.7015418747402 
