    163.3568154548804   149.16754353480516 
   103.01703679362835   149.16754353480516 
   103.01703679362835   209.50732219605723 
    163.3568154548804   209.50732219605723 
   103.01703679362835   88.827764873553107 
   72.847147463002315   118.99765420417913 
   42.677258132376295   149.16754353480516 
   193.52670478550641   118.99765420417913 
    163.3568154548804   88.827764873553107 
   133.18692612425437   118.99765420417913 
   133.18692612425437   179.33743286543117 
   72.847147463002329   179.33743286543117 
   72.847147463002315   239.67721152668327 
   42.677258132376281   209.50732219605723 
   223.69659411613247   149.16754353480516 
   193.52670478550641   179.33743286543117 
   223.69659411613247   209.50732219605723 
   193.52670478550647   239.67721152668324 
    133.1869261242544   239.67721152668324 
