   147.53086308670942   162.65084224740377 
   89.247112525240027   147.03375835260107 
   73.630028630437323   205.31750891407046 
   131.91377919190668   220.93459280887313 
   104.86419642004275   88.750007791131665 
   67.913779191906684   110.08334112446501 
   30.963361963770634   131.41667445779836 
   184.48128031484543   141.31750891407043 
   163.14794698151212   104.36709168593438 
   126.19752975337606   125.70042501926773 
   110.58044585857337   183.98417558073712 
    52.29669529710398   168.36709168593441 
   237.04878143778421   61.700425019267726 
   205.81461364817878   178.26792614220648 
   168.86419642004276   199.60125947553979 
    190.1975297533761   236.55167670367587 
   94.963361963770652   242.26792614220648 
