   148.27296588901427   136.26154218398813 
   96.017184709639793   106.09165285336212 
   65.847295379013772   158.34743403273657 
   118.10307655838822   188.51732336336261 
   126.18707404026583   53.835871673987647 
   84.974238785265584   64.878817598361863 
   43.761403530265333   75.921763522736086 
   189.48580114401452   125.21859625961392 
   178.44285521964028   84.005761004613674 
   137.23001996464006   95.048706928987897 
   107.06013063401402   147.30448810836236 
   54.804349454639549   117.13459877773633 
   24.634460124013508   169.39037995711081 
    13.59151419963929   128.17754470211054 
   200.52874706838875   166.43143151461416 
   159.31591181338848    177.4743774389884 
   170.35885773776272   218.68721269398861 
   129.14602248276245   229.73015861836285 
   76.890241303387981   199.56026928773684 
   87.933187227762204   240.77310454273709 
   35.677406048387724   210.60321521211102 
