   133.99063610894191   136.00440488965847 
   91.323969442275256   93.337738222991788 
   48.657302775608592   136.00440488965847 
   91.323969442275256    178.6710715563251 
   133.99063610894191   50.671071556325131 
   91.323969442275256   50.671071556325131 
   48.657302775608592   50.671071556325138 
    176.6573027756086   136.00440488965847 
    176.6573027756086   93.337738222991788 
   133.99063610894191   93.337738222991788 
   91.323969442275256   136.00440488965847 
   48.657302775608592   93.337738222991788 
   5.9906361089419073   136.00440488965847 
   5.9906361089419073   93.337738222991817 
    176.6573027756086    178.6710715563251 
   133.99063610894191    178.6710715563251 
   133.99063610894191   221.33773822299179 
   91.323969442275256   221.33773822299179 
   48.657302775608592    178.6710715563251 
   48.657302775608606   221.33773822299179 
   5.9906361089419073    178.6710715563251 
