                    1   223.50524159999995 
   8.2135680000000324   140.82149119999997 
   14.138176000000021   69.333414399999995 
   26.802495999999973                    1 
   23.602751999999963   105.88266239999999 
   34.496576000000005          204.9736576 
   37.540416000000008   38.284121599999978 
   38.615103999999974   167.05964799999998 
            61.518912   233.20124159999995 
   58.453567999999997          110.8338816 
   73.932863999999967   46.666892799999985 
   70.942015999999967   145.54804480000001 
    81.53555200000001   83.283033599999982 
   99.335231999999991          232.7463296 
   102.44691199999997            21.149504 
   109.53299199999992   139.69296639999999 
           113.235264   101.13951999999999 
   126.97145599999995   203.00552959999999 
   136.14111999999994   39.648652799999994 
   136.35564799999992   165.89574399999998 
   140.68204799999995   77.818969599999988 
   155.42713599999996   254.37320959999997 
   159.52620799999994          219.2827776 
   167.78783999999996   20.246694400000003 
   172.66182399999997   94.743180799999976 
   175.84031999999996   159.81285120000001 
   189.49459200000001   127.35151359999998 
   196.33798399999995   214.22268159999993 
           199.796288   73.222847999999971 
   198.90412799999996   38.791692799999986 
   208.22636800000001   181.72289279999998 
   215.77913599999994   245.21864960000002 
   227.87103999999999   122.42179840000001 
   232.72326399999992   87.605311999999984 
   234.51654399999998   32.049651199999992 
   246.38112000000001            179.11264 
