   12.261960673081603   139.69410906420376 
   25.978263611200259   105.61178237282995 
   48.779159316372315   35.432441370492405 
   27.296972343631399   173.80318293611126 
   75.801682323199799    60.12060577386503 
     65.6610466628712     98.3774422264419 
   56.224615028875327   196.99156474272687 
   109.56113118345085   40.797006409604364 
   121.33151841496276   2.6476924422755017 
   96.981288676112769   123.13293636424041 
   94.252212897904727   198.01653223097446 
   113.31551689692125   164.77591168992404 
    136.8189463265183   64.528909070264248 
   128.70457821052713   102.29771284349638 
   170.82738760941237   47.406584299970049 
   184.67234108327833   11.402007741523812 
    157.5326670428062    125.7488328023928 
   153.06696648971968   163.43755657013446 
   195.12051006925535   72.815246217526479 
   188.38940316452357   108.92111313737139 
   185.71388442711947   188.09241461196848 
   181.52898363982965   230.34043290045793 
   230.44678225318776   65.158318775450141 
   219.30022624917865   127.48656943436097 
   246.23261209991134   30.969533576702123 
   223.46318559670149   164.10289358733158 
   244.08227771180563   99.548874457888317 
    216.9455036032266   252.26523633918796 
