   47.422676836439635   44.368518599721561 
   29.861321281112282    74.14009901742682 
    83.20424402427426   36.514288732656063 
   6.2776877427421596   142.16274860832442 
    152.5487511123261   20.561398589145938 
   54.459350974468123   97.842082997663169 
    186.4596282782374   5.5286297304413434 
   109.19796900193214    62.65463937246075 
   41.824346138270741   130.13933570068178 
   91.138267214641502   93.721413139129794 
   146.81929000717054   60.177281147921477 
   28.875906321817535   190.46390270373328 
   74.853604832140462   146.05937083471076 
   106.90195594818138   126.12077884957679 
   63.196575060528914   177.33686921039845 
   168.40242455778343   95.585948503629567 
   144.82767906881011   129.71690897823004 
   234.19154896971176   63.095330945913176 
   89.466951889370733   200.31124596964804 
   210.52385005171087   97.780301098291829 
   71.395049398834885   229.40320739233584 
   150.37197549518783   168.64044688266836 
   123.94720727468545   195.53275184414957 
    229.8589597745422   132.71095069346777 
   136.37887309077217   230.36628456557023 
   181.25173818585193   189.02941497572996 
   213.68100829060344   170.40724990767075 
   172.50453993437844   228.98583110935814 
