   18.485135855518411   78.844495689814181 
   59.360035290982886   19.896309113321241 
   49.281974543031353   56.281174370538793 
   9.1708052713879855    147.5434055000207 
   95.151616036443215   4.7079527789799389 
   31.694559945585478   116.76817402709359 
   18.459042716986779   185.50037833147979 
   76.988056941648551    77.99446397744407 
   122.47701491034738   30.163869592292496 
   70.446288563489489   114.30203517976297 
   110.75306545539452   65.675721713640371 
   51.436392514628309   204.01457298299346 
   159.92959924307624   22.322186653247989 
   106.79459333632504   128.52687654421339 
   129.27757814004491   96.989748558371716 
   90.240464563305466    192.0763966541212 
   179.86006493147309     55.1900234624364 
   116.92230602929615   164.63047559552723 
   164.70746553622914   90.516951481736328 
   89.199966325266274   250.78995246759104 
   110.29508280920773   222.45028292582066 
   216.96790759792617   54.210794604867523 
   183.94065835956508   121.16363631994946 
    154.1584814413923    179.1048719022298 
   182.21409666357491   157.81966489980681 
   144.70506398363005   236.47399924423257 
   218.19995990163943   116.09371341725395 
   234.64290427739905   85.829378332409263 
   171.25060093757457   214.27254852580364 
    217.9139331385874   172.73863030318458 
   239.52432558743985   145.01278061026909 
