   59.484478853347369   29.364353459368886 
   24.646925835208254   49.671621620577483 
   19.905819098243068   89.632839868046673 
   135.93313603370521   18.859679866164061 
   83.995493997699754   55.958965034477544 
   118.65604114546765   49.839833712548113 
   171.22543732230733   27.386394814051403 
    51.73900753781809   110.25817961230496 
    82.32520861380624   92.413145886434265 
   139.01598126351882   79.701148436072501 
   173.36114768456187   65.698801671727608 
   57.334086126032368   146.43745999943286 
    26.40417711550008   164.75776611970838 
     115.448303987914   108.88444597833862 
   232.53739899482224    59.48825954256283 
   202.97010324765802   86.495977066059339 
   88.033534293808842   169.55196799034894 
   122.12882055405919   146.49832009170757 
   69.659601879590696   206.00053551408638 
   190.64742637092195    128.4889226302983 
    159.3786649606555   153.40107117796762 
   67.826103195433376   244.87179863751527 
    256.5777395483957   137.43992681261057 
   219.65155042432167   152.37187511981716 
   128.00569656695131   241.34783193581953 
   219.51845677122597   194.40695015049033 
