   109.35471091235732   15.851401978286457 
   24.302528363604303    29.38195299519473 
   145.88578015960695   15.441042871656009 
   205.54780670158982   32.933064310232169 
   94.500533692009441   50.939015376265232 
   56.099884270692087   55.059318722778016 
   170.23787445976072   42.467480613030965 
   2.6835189074421804   81.552736726186225 
   236.55080262937992   52.342217361536441 
   41.599136298490883   89.380908270499873 
   121.02654720477065   79.194438069645841 
   159.17409742865365   74.960406417693861 
   246.35407894889823   90.090744620806703 
   121.11656691121684   116.62392613337791 
   183.35890658354811   104.83330763144417 
   58.181822832003114   126.61976443024537 
   157.07967396336844   128.83359136114353 
    29.17334687421792   149.10786181420821 
   220.56733312377642   116.98439237692887 
   96.610421249454561   143.34140745227722 
    162.6427270448138     163.902635993426 
   29.841712844849337   186.13298857275026 
   231.92813277473564   154.88698871125774 
   126.48101707263022    176.4282305214825 
     199.183380744033   177.65745498733298 
   54.528468217333909   212.01970250799914 
   126.75925330011259   213.17836826411576 
   90.835815485840328    225.2648344855873 
   196.70052270236917   214.90015206447151 
   162.28681721270749   231.52013877188702 
