   43.779391999999994                    1 
   6.5628800000000407    7.625536000000011 
   229.85017599999992   6.6279040000000347 
   102.29689600000002    18.36115200000004 
   66.982976000000036   27.981632000000083 
   177.10675200000006   27.962432000000081 
   211.07078399999992   39.171392000000012 
   121.61235199999992   46.800704000000039 
   155.26227199999994   54.899520000000031 
   67.610687999999939   65.430848000000054 
   101.66790399999991   74.657856000000081 
   10.600511999999981   88.245568000000006 
   219.46630399999995   77.795648000000071 
   47.373887999999894   95.108672000000027 
   159.12582399999991   90.906944000000024 
   123.79552000000004   101.72832000000008 
   190.70623999999989   108.95187200000001 
   68.874560000000017   128.02387200000004 
   107.87257599999994   132.50515200000001 
   177.75187199999999   148.97132800000009 
   137.05887999999996   157.14694400000016 
   52.021567999999931   160.51539200000016 
   12.443712000000051   160.62188800000013 
   199.19750399999992   181.11596800000015 
   79.424319999999895   188.12320000000008 
   238.40620799999996   189.35072000000008 
   119.32012799999993   189.61875200000023 
    180.3492479999999   215.26969600000021 
   142.98041599999996   219.31116800000009 
   63.555904000000012   220.59449600000016 
   24.973887999999896   222.53190400000011 
   240.02566399999995   229.02892800000018 
   88.896831999999989   249.01254400000008 
   203.75225599999993   246.08390400000016 
   127.25792000000001   253.06707200000011 
