   194.28872065701177   69.194171126842789 
   194.28872065701177   133.19417112684278 
   105.84682973268019   69.194171126842789 
   105.84682973268019   133.19417112684278 
   61.625884270514376   12.963771126842785 
   150.06777519484601   61.424571126842793 
   150.06777519484601   125.42457112684279 
   61.625884270514376   76.963771126842786 
   194.28872065701177   197.19417112684278 
   194.28872065701177   5.1941711268428072 
   105.84682973268019   197.19417112684278 
   105.84682973268019   5.1941711268428072 
   61.625884270514376   140.96377112684277 
   150.06777519484601   189.42457112684284 
   150.06777519484601   253.42457112684281 
   61.625884270514376   204.96377112684283 
