   179.23796168058476   121.92277119981404 
   162.67354279402343   183.74202408231437 
   93.809655110932127   99.032325443717227 
     77.2452362243708   160.85157832621761 
   65.649000259838573   33.272706983104015 
   138.53472884858698    102.9726910218301 
   121.97030996202564   164.79194390433045 
   49.084581373277253   95.091959865604366 
   146.10912390746211   245.56127696481479 
   195.80238056714606   60.103518317313672 
   60.680817337809479   222.67083120871797 
   110.37407399749345   37.213072561216883 
   32.520162486715904   156.91121274810476 
    105.4058910754643   226.61119678683087 
   155.09914773514831   41.153438139329737 
    15.95574360015458   218.73046563060515 
