   88.229931265227748   64.051651657033318 
   56.229931265227755    119.4772774992374 
   164.82285556443131   108.27259711919911 
   132.82285556443131   163.69822296140319 
   154.64159341482952   37.465169523155716 
    207.0041177140331   123.65439887303842 
   175.00411771403307    179.0800247152425 
   122.64159341482953   92.890795365359793 
   24.229931265227783   174.90290334144143 
   120.22993126522775   8.6260258148292177 
   100.82285556443134   219.12384880360722 
   196.82285556443131   52.846971276995014 
   90.641593414829515   148.31642120756385 
    143.0041177140331   234.50565055744659 
   239.00411771403307   68.228773030834333 
   58.641593414829536   203.74204704976796 
