   118.30647834169268   37.439059359404119 
   73.051644345753644   82.693893355343164 
   180.84433915524852   99.976920172959964 
   135.58950515930948   145.23175416889902 
   189.33630589730262   28.947092617349991 
   217.60720640913345   125.75191373263088 
   172.35237241319439   171.00674772856991 
   144.08147190136359   74.201926613289032 
   27.796810349814592   127.94872735128222 
    90.33467116337043   190.48658816483803 
   226.09917315118753   54.722086177020927 
   98.826637905424562   119.45676060922808 
   127.09753841725534   216.26158172450903 
   53.571803909485496   164.71159460516716 
