   91.056108543627701   66.197349722708665 
   35.630482701423652   98.197349722708651 
   135.27705400579353   142.79027402191221 
    79.85142816358946   174.79027402191221 
   161.86353613967111   76.378611872310415 
   164.11619771411998   177.20193617151395 
   108.69057187191592   209.20193617151398 
   106.43791029746704   108.37861187231043 
   201.90736022803588   2.1973497227086254 
    146.4817343858318   34.197349722708658 
   246.12830569020167   78.790274021912182 
   190.70267984799762    110.7902740219122 
   51.012284455262979   140.37861187231044 
   53.264946029711837   241.20193617151398 
   219.54182355632406   145.20193617151395 
   217.28916198187517   44.378611872310415 
