   87.135616811516584   176.48656430235252 
    25.31636392901623   193.05098318891382 
   64.245171055419775   91.058257732699857 
   2.4259181729194301   107.62267661926118 
   152.89523527212978   204.64721915344603 
   83.195251233403724   131.76149056469762 
   21.375998350903327   148.32590945125895 
   91.075982389629431   221.21163804000739 
    210.7741225765173   143.35772652922986 
   148.95486969401694   159.92214541579119 
   187.88367682042053   57.929419959577217 
   126.06442393792014   74.493838846138544 
   29.256729507129034   237.77605692656869 
   206.83375699840445   98.632652791574969 
   145.01450411590412   115.19707167813628 
   214.71448815463012   188.08280026688473 
