   147.24090172579139   155.93894405379734 
   83.240901725791375   155.93894405379734 
   147.24090172579139   67.497053129465769 
   83.240901725791375   67.497053129465769 
   203.47130172579139   200.15988951596313 
   155.01050172579139   111.71799859163154 
   91.010501725791372   111.71799859163154 
   139.47130172579139   200.15988951596313 
   19.240901725791399   155.93894405379734 
   211.24090172579139   155.93894405379734 
   19.240901725791399   67.497053129465783 
   211.24090172579139   67.497053129465755 
   75.471301725791378   200.15988951596313 
   27.010501725791357   111.71799859163154 
   219.01050172579139   111.71799859163154 
   11.471301725791362   200.15988951596313 
