   37.128787416354932   106.29067043824256 
   37.128787416354932   180.19295056853571 
   69.128787416354939   124.76624047081584 
   69.128787416354939   161.71738053596243 
   37.128787416354932   217.14409063368225 
   37.128787416354932   69.339530373095982 
   69.128787416354939   235.61966066625561 
   69.128787416354939   50.863960340522695 
   101.12878741635494   106.29067043824256 
   101.12878741635494   180.19295056853571 
   133.12878741635492   124.76624047081584 
   133.12878741635492   161.71738053596243 
   101.12878741635494   217.14409063368225 
   101.12878741635494   69.339530373095982 
   133.12878741635492   235.61966066625561 
   133.12878741635492   50.863960340522695 
   165.12878741635492   106.29067043824256 
   165.12878741635492   180.19295056853571 
   197.12878741635492   124.76624047081584 
   197.12878741635492   161.71738053596243 
   165.12878741635492   217.14409063368225 
   165.12878741635492   69.339530373095982 
   197.12878741635492   235.61966066625561 
   197.12878741635492   50.863960340522695 
   229.12878741635495   106.29067043824256 
   229.12878741635495   180.19295056853571 
   5.1287874163549496   124.76624047081584 
   5.1287874163549496   161.71738053596243 
   229.12878741635495   217.14409063368225 
   229.12878741635495   69.339530373095982 
   5.1287874163549496   235.61966066625561 
   5.1287874163549496   50.863960340522695 
