   23.366047676230114   63.546953695596734 
   4.2387301020086445   134.93107469509633 
    49.49384472392493   89.675193388752291 
   39.930185936814198   125.36725388850211 
   32.929706463340835   27.854893195846945 
   20.802868362592736   196.75137488800172 
   68.621162298146388   18.291072389252708 
   85.185300558730489   80.111372582158069 
   66.057982984509025   151.49549358165768 
   111.31309760642532   106.23961227531363 
   101.74943881931459   141.93167277506342 
   56.494324197398292   187.18755408140748 
   94.748959345841214   44.419312082408275 
   82.622121245093112   213.31579377456302 
    130.4404151806468   34.855491275814039 
   147.00455344123085   96.675791468719382 
    127.8772358670094   168.05991246821898 
   173.13235048892568   122.80403116187495 
   163.56869170181494   158.49609166162477 
   118.31357707989866   203.75197296796881 
   156.56821222834159   60.983730968969603 
   144.44137412759346   229.88021266112438 
   192.25966806314713   51.419910162375366 
   208.82380632373122   113.24021035528072 
    189.6964887495098   184.62433135478034 
   234.95160337142607   139.36845004843627 
   225.38794458431533   175.06051054818607 
   180.13282996239903   220.31639185453011 
   218.38746511084199   77.548149855530937 
   206.26062701009388   246.44463154768567 
   254.07892094564752   67.984329048936701 
