   36.578888012870024   71.795338961843726 
   55.053915917685416   103.79565195945069 
   36.578345885112135   135.79627795466462 
   55.054458045443319    39.79471296662981 
   110.48062601540528   7.7937739738089515 
   92.005055982832005   39.794399969022848 
   92.004513855074109   103.79533896184373 
   55.053373789927541   167.79659095227154 
    110.4795417598895   135.79565195945071 
   92.003971727316227   167.79627795466459 
   36.577803757354239   199.79721694748548 
    110.4800838876474   71.794712966629803 
   165.90625185760933   39.793773973808946 
   147.43068182503609   71.794399969022848 
   147.43013969727818   135.79533896184373 
   110.47899963213162   199.79659095227154 
   165.90516760209357   167.79565195945071 
    147.4295975695203   199.79627795466456 
   92.003429599558316   231.79721694748548 
   165.90570972985148    103.7947129666298 
   221.33187769981342   71.793773973808939 
   202.85630766724015   103.79439996902283 
   202.85576553948226   167.79533896184373 
   165.90462547433569   231.79659095227154 
   221.33079344429768   199.79565195945068 
   202.85522341172438   231.79627795466462 
   221.33133557205554   135.79471296662979 
