   127.90692192148363   6.3001508087197227 
   75.650118496205494   58.556954233997871 
   137.47013806313362   41.991768663008784 
   111.34173635049456   68.120170375647859 
   49.521716783566433   84.685355946636932 
   59.084932925216414     120.376973800926 
   32.956531212577346   146.50537551356507 
   173.16175591742268   51.554984804658773 
   120.90495249214456   103.81178822993691 
   182.72497205907268   87.246602658947822 
   156.59657034643359    113.3750043715869 
   94.776550779505499   129.94018994257598 
    42.51974735422732   182.19699336785413 
   104.33976692115546   165.63180779686502 
   78.211365208516384   191.76020950950411 
   218.41658991336172   96.809818800597796 
   166.15978648808357   149.06662222587593 
   227.97980605501172   132.50143665488685 
   201.85140434237263   158.62983836752593 
   140.03138477544454   175.19502393851499 
   87.774581350166358   227.45182736379317 
   149.59460091709451   210.88664179280406 
   123.46619920445544   237.01504350544315 
   211.41462048402266   194.32145622181497 
   66.086902354555519   22.865336379708818 
   185.28621877138357   220.44985793445406 
   13.830098929277366   75.122139804986972 
