   102.52129614773619   16.193103335491912 
   31.137175148236572   35.320420909713384 
   92.957475341141944   51.884559170297464 
   57.265414841392143   61.448217957408197 
   138.21335664748599   6.6294445483811888 
   200.03365684039133   23.193582808965282 
   164.34159634064156   32.757241596076007 
   119.08571503429754   78.012356217992291 
   47.701594034797907   97.139673792213756 
   109.52189422770329   113.70381205279786 
   73.829833727953456   123.26747083990858 
   12.009533535048112   106.70333257932448 
   154.77777553404732   68.448697430881552 
   216.59807572695269   85.012835691465654 
   180.90601522720286   94.576494478576379 
   135.65013392085885   139.83160910049264 
   64.266012921359234   158.95892667471412 
    126.0863131142646   175.52306493529818 
   90.394252614514784   185.08672372240895 
   28.573952421609441   168.52258546182483 
   171.34219442060865   130.26795031338193 
   233.16249461351399   146.83208857396602 
   197.47043411376418   156.39574736107673 
    152.2145528074202   201.65086198299304 
   80.830431807920561   220.77817955721451 
   142.65073200082594    237.3423178177986 
   106.95867150107613   246.90597660490937 
   45.138371308170768   230.34183834432523 
   187.90661330716998    192.0872031958823 
   249.72691350007531   208.65134145646641 
   214.03485300032554   218.21500024357718 
