   81.935158038611036    26.03514042033871 
    145.9360970314319   26.034598292580807 
   113.93547103621799   44.510168325154098 
   49.934532043397127   44.510710452912001 
   49.934219045790165   81.461308390300687 
   17.933593050576231   99.936878422873988 
   177.93641002903885   44.509626197396209 
   113.93515803861105   81.460766262542791 
    177.9360970314319   81.460224134784895 
   145.93547103621802   99.935794167358182 
   81.934532043397127   99.936336295116078 
    17.93328005296927    136.8874763602627 
   81.934219045790172   136.88693423250476 
   49.933593050576263   155.36250426507809 
   209.93641002903883   99.935252039600272 
   145.93515803861104   136.88639210474685 
    209.9360970314319   136.88584997698894 
   177.93547103621799   155.36142000956224 
   113.93453204339716   155.36196213732015 
   49.933280052969288   192.31310220246675 
   113.93421904579019   192.31256007470884 
   81.933593050576249   210.78813010728214 
   241.93641002903888   155.36087788180436 
   177.93515803861106   192.31201794695093 
    241.9360970314319   192.31147581919302 
   209.93547103621802   210.78704585176632 
   145.93453204339716   210.78758797952423 
   81.933280052969309   247.73872804467084 
   145.93421904579017   247.73818591691293 
