   205.12948522181193   24.367596166891449 
   131.22720509151881   24.367596166891449 
   186.65391518923866   56.367596166891445 
   149.70277512409211   56.367596166891445 
   94.276065026372237   24.367596166891449 
   20.373784896079066   24.367596166891449 
   75.800494993798935   56.367596166891445 
   38.849354928652346   56.367596166891445 
   205.12948522181196   88.367596166891431 
   131.22720509151881   88.367596166891431 
   186.65391518923866   120.36759616689146 
   149.70277512409211   120.36759616689146 
   94.276065026372237   88.367596166891431 
   20.373784896079066   88.367596166891431 
   75.800494993798935   120.36759616689146 
   38.849354928652346   120.36759616689146 
   205.12948522181196   152.36759616689145 
   131.22720509151881   152.36759616689145 
   186.65391518923866   184.36759616689145 
   149.70277512409211   184.36759616689145 
   94.276065026372237   152.36759616689145 
   20.373784896079066   152.36759616689145 
   75.800494993798935   184.36759616689145 
   38.849354928652346   184.36759616689145 
   205.12948522181196   216.36759616689145 
   131.22720509151881   216.36759616689145 
   186.65391518923869   248.36759616689145 
   149.70277512409211   248.36759616689145 
   94.276065026372237   216.36759616689145 
   20.373784896079066   216.36759616689145 
   75.800494993798949   248.36759616689145 
    38.84935492865236   248.36759616689145 
