   64.695754765646029    73.92906792522831 
   42.609862916897605    156.3547384352288 
   94.865644096272078   104.09895725585433 
   83.822698171897841   145.31179251085459 
   31.566916992523385   197.56757369022907 
   75.738700690020252   32.716232670228067 
   61.736806323149409    227.7374630208551 
   116.95153594502051   21.673286745853837 
   136.07847935127231   93.056011331480121 
   113.99258750252388   175.48168184148059 
   166.24836868189834   123.22590066210614 
   155.20542275752413   164.43873591710641 
   102.94964157814965   216.69451709648089 
   147.12142527564654   51.843176076479871 
   133.11953090877569   246.86440642710684 
   188.33426053064679   40.800230152105641 
   207.46120393689861   112.18295473773192 
   185.37531208815017   194.60862524773242 
   237.63109326752462   142.35284406835794 
   226.58814734315041   183.56567932335821 
   174.33236616377593   235.82146050273269 
   218.50414986127282   70.970119482731675 
