   56.330824598003119   52.258817432906255 
   56.330824598003119   137.59215076623957 
    93.28124182613918   73.592150766239584 
    93.28124182613918   116.25881743290626 
   56.330824598003119   180.25881743290626 
   56.330824598003119    9.592150766239584 
    93.28124182613918   201.59215076623957 
    93.28124182613918   244.25881743290623 
   130.23165905427521   52.258817432906255 
   130.23165905427521   137.59215076623957 
   167.18207628241126   73.592150766239584 
   167.18207628241126   116.25881743290626 
   130.23165905427521   180.25881743290626 
   130.23165905427521    9.592150766239584 
   167.18207628241126   201.59215076623957 
   167.18207628241126   244.25881743290623 
   204.13249351054731   52.258817432906255 
   204.13249351054731   137.59215076623957 
   19.380407369867125   73.592150766239584 
   19.380407369867125   116.25881743290626 
   204.13249351054731   180.25881743290626 
   204.13249351054731    9.592150766239584 
   19.380407369867125   201.59215076623957 
   19.380407369867125   244.25881743290623 
