   57.361471236440963   72.020270298017664 
   14.694804569774311   145.92110475428976 
   78.694804569774305    108.9706875261537 
   57.361471236440963   145.92110475428976 
   78.694804569774291   35.069853069881617 
   121.36147123644096   35.069853069881596 
   121.36147123644096    108.9706875261537 
   78.694804569774305    182.8715219824258 
   142.69480456977428   145.92110475428976 
   121.36147123644096   182.87152198242583 
   57.361471236440963   219.82193921056188 
   142.69480456977428   72.020270298017664 
   206.69480456977431   35.069853069881596 
   185.36147123644096    72.02027029801765 
   185.36147123644099   145.92110475428976 
   142.69480456977433   219.82193921056185 
   206.69480456977431    182.8715219824258 
   185.36147123644096   219.82193921056185 
   121.36147123644098    256.7723564386979 
   206.69480456977431    108.9706875261537 
   249.36147123644096   108.97068752615368 
