   81.051867583284121   45.067198434017747 
   152.43459216891037   25.940255027765943 
   122.26470283828434    56.11014435839197 
   50.881978252658079   75.237087764643803 
   61.924924177032302   116.44992301964403 
   31.755034846406293   146.61981235027005 
   193.64742742391061   36.983200952140166 
    133.3076487626586   97.322979613392206 
   204.69037334828482   78.196036207140395 
   174.52048401765882   108.36592553776644 
   103.13775943203254   127.49286894401824 
   42.797980770780505    187.8326476052703 
   114.18070535640676    168.7057041990185 
   84.010816025780755   198.87559352964448 
   245.90320860328509   89.238982131514618 
   185.56342994203305   149.57876079276667 
    256.9461545276593   130.45181738651485 
    226.7762651970333   160.62170671714091 
   155.39354061140702   179.74865012339274 
   95.053761950154978   240.08842878464475 
   166.43648653578126   220.96148537839295 
   136.26659720515522   251.13137470901896 
