   129.03566414997317   60.273208956338152 
   55.134829693701093   102.93987562300482 
   129.03566414997317   102.93987562300482 
   92.085246921837111   124.27320895633815 
   18.184412465565011   124.27320895633818 
   165.98608137810922   38.939875623004816 
   18.184412465565032   166.93987562300484 
   202.93649860624529   60.273208956338131 
   165.98608137810922   124.27320895633815 
   92.085246921837154   166.93987562300481 
   165.98608137810922   166.93987562300478 
   129.03566414997317   188.27320895633815 
   55.134829693701072   188.27320895633818 
   202.93649860624529   102.93987562300482 
   55.134829693701079   230.93987562300481 
   239.88691583438131   124.27320895633811 
   202.93649860624529   188.27320895633815 
    129.0356641499732   230.93987562300481 
   92.085246921837125   38.939875623004838 
   55.134829693701072   60.273208956338173 
   92.085246921837125   252.27320895633815 
   239.88691583438131   166.93987562300478 
