   133.08561132527316   76.634135838226698 
    50.65994081527267   98.720027686975129 
   122.04266540089894   117.84697109322694 
   80.829830145898711   128.88991701760119 
   9.4471055602724316   109.76297361134937 
   174.29844658027341   65.591189913852489 
   245.68117116589971   84.718133320104286 
   204.46833591089947   95.761079244478495 
   152.21255473152499   148.01686042385296 
   69.786884221524474   170.10275227260141 
   141.16960880715075   189.22969567885323 
   99.956773552150523   200.27264160322744 
   28.574048966524238   181.14569819697562 
   193.42538998652523   136.97391449947875 
    223.5952793171513   167.14380383010476 
   171.33949813777679    219.3995850094793 
   88.913827627776286   241.48547685822771 
   102.91572199464716   46.464246507600713 
   61.702886739646921   57.507192431974929 
   47.700992372776042   252.52842278260192 
   212.55233339277703   208.35663908510503 
   226.55422775964786   13.335408734478069 
   185.34139250464767   24.378354658852256 
