   180.84565748882812   29.079100253366374 
   95.512324155494824   29.079100253366374 
   159.51232415549481   66.029517481502424 
   116.84565748882815   66.029517481502424 
   52.845657488828145   29.079100253366374 
   223.51232415549481   29.079100253366374 
   31.512324155494806   66.029517481502438 
   244.84565748882815    66.02951748150241 
   180.84565748882812   102.97993470963847 
   95.512324155494824   102.97993470963847 
   159.51232415549481    139.9303519377745 
   116.84565748882815    139.9303519377745 
   52.845657488828159   102.97993470963847 
   223.51232415549481   102.97993470963847 
   31.512324155494806    139.9303519377745 
   244.84565748882815    139.9303519377745 
   180.84565748882812   176.88076916591058 
   95.512324155494824   176.88076916591058 
   159.51232415549481   213.83118639404663 
   116.84565748882815   213.83118639404663 
   52.845657488828159   176.88076916591058 
   223.51232415549481   176.88076916591058 
   31.512324155494806   213.83118639404663 
   244.84565748882815    213.8311863940466 
