   191.40344222060122   241.83705826752967 
   206.26266269841696   28.504578267529638 
   129.54054643903126   71.172098267529648 
   159.26081903971388    156.5096982675297 
   144.40068273937257   113.84217826752968 
   174.12095534005516    199.1772182675297 
   99.821189660874296   241.83705826752967 
   114.68041013868996   28.504578267529638 
   37.958293879304286   71.172098267529648 
   67.678566479986912    156.5096982675297 
   52.818430179645596   113.84217826752968 
   82.538702780328194    199.1772182675297 
