   151.61548040448272   48.039716182685844 
   154.92521843923561   93.099224949427267 
   69.774178113449821   114.45573959263382 
    76.39476083945965   204.57770396085513 
   73.084138188077006   159.51795816180211 
   145.96305903708759   2.3604382299066264 
   63.153817427314308   24.336485026839419 
   66.463555462067191   69.395993793580843 
   158.23584109061821   138.15897074848024 
   164.85642381662805   228.28093511670153 
   161.54580116524542   183.22118931764854 
   234.42472201425599    26.06366938575303 
