   127.57466418441248   182.88590488909361 
   119.10936659863482   227.26667136448208 
   159.33230488590368   4.1542661024535246 
   142.40201596549343   92.918931900789744 
   150.86652042569858   48.537707514138475 
   133.93751150528828   137.30015628744101 
   48.262106931886507   137.09477860923013 
   39.796809346108837   181.47554508461857 
   238.64486213842969   49.945392382316989 
   221.71457321801938   138.71005818065319 
   230.17907767822456   94.328833794001952 
   54.624954252762301   91.509030007577536 
