   78.740930224654264   156.26527560744935 
   41.373119967985026   181.66134720878767 
   227.57932711778238   52.338964903341996 
   152.84170789895163   103.13353991603357 
   190.20928112330932   77.736583698065516 
   115.47413467459388   128.53049613400162 
   55.037699068807861   67.803612630281009 
   17.669888812138606   93.199684231619244 
   251.28255827362878    140.8006278805104 
   176.54493905479802   191.59520289320201 
   213.91251227915572   166.19824667523392 
   139.17736583044032   216.99215911117003 
