   114.22212025482359   168.10374811610239 
   71.554600254823583   182.96296859391811 
    28.88708025482358   106.24085233453242 
   199.54948025482361   135.96112493521503 
    242.2170002548236   121.10098863487372 
   156.88196025482358   150.82126123555634 
   114.22212025482359   76.521495556375442 
   71.554600254823583   91.380716034191138 
    28.88708025482358   197.82310489425939 
   199.54948025482361   44.378872375488058 
    242.2170002548236   212.68324119460067 
   156.88196025482358   59.239008675829368 
