   77.247588031185643   54.487070409096965 
    119.9142546978523    97.15373707576363 
    119.9142546978523   54.487070409096965 
   77.247588031185643    97.15373707576363 
   77.247588031185643    139.8204037424303 
    119.9142546978523   182.48707040909699 
    119.9142546978523    139.8204037424303 
   77.247588031185643   182.48707040909699 
   77.247588031185643   225.15373707576362 
    119.9142546978523   11.820403742430315 
    119.9142546978523   225.15373707576362 
   77.247588031185643   11.820403742430315 
   162.58092136451899   54.487070409096965 
   205.24758803118564    97.15373707576363 
   205.24758803118564   54.487070409096965 
   162.58092136451899    97.15373707576363 
   162.58092136451899    139.8204037424303 
   205.24758803118564   182.48707040909699 
   205.24758803118564    139.8204037424303 
   162.58092136451899   182.48707040909699 
   162.58092136451899   225.15373707576362 
   205.24758803118564   11.820403742430315 
   205.24758803118564   225.15373707576362 
   162.58092136451899   11.820403742430315 
   247.91425469785233   54.487070409096965 
   34.580921364519014    97.15373707576363 
   34.580921364519014   54.487070409096965 
   247.91425469785233    97.15373707576363 
   247.91425469785233    139.8204037424303 
   34.580921364519014   182.48707040909699 
   34.580921364519014    139.8204037424303 
   247.91425469785233   182.48707040909699 
   247.91425469785233   225.15373707576362 
   34.580921364519014   11.820403742430315 
   34.580921364519014   225.15373707576362 
   247.91425469785233   11.820403742430315 
