   45.995508057197128   30.914523927042215 
   76.165397387823162   83.170305106416677 
   87.208343312197371   41.957469851416434 
   34.952562132822905   72.127359182042454 
   23.909616208448689   113.34019443704271 
   54.079505539074724   165.59597561641715 
   65.122451463448925   124.38314036141693 
   12.866670284074472   154.55302969204297 
   1.8237243597002524   195.76586494704321 
   43.036559614700494   206.80881087141742 
   128.42117856719761    53.00041577579065 
   158.59106789782365   105.25619695516511 
   169.63401382219786   64.043361700164866 
   117.37823264282341   94.213251030790886 
    106.3352867184492   135.42608628579114 
    136.5051760490752    187.6818674651656 
   147.54812197344944   146.46903221016538 
   95.292340794074974   176.63892154079139 
   84.249394869700751   217.85175679579166 
   180.67695974657209   22.830526445164647 
   125.46223012470099    228.8947027201659 
   139.46412449157182    11.78758052079043 
    210.8468490771981   75.086307624539089 
   241.01673840782416   127.34208880391354 
   252.05968433219837   86.129253548913312 
   199.80390315282392   116.29914287953933 
   188.76095722844968   157.51197813453959 
   218.93084655907569   209.76775931391404 
   229.97379248344993    168.5549240589138 
   177.71801130407547   198.72481338953983 
   166.67506537970124    239.9376486445401 
   207.88790063470151   250.98059456891428 
   221.88979500157231   33.873472369538867 
