   101.83449260182951   15.734898817900598 
   43.550742040360142   31.351982712703329 
    59.16782593516286   89.635733274172679 
   80.501159268496181   52.685316046036654 
   22.217408707026827   68.302399940839365 
   16.501159268496174   163.53656773044483 
   37.834492601829538   126.58615050230874 
    175.7353270581016   58.401565484567257 
   197.06866039143495   21.451148256431193 
   138.78490982996559   37.068232151233921 
   117.45157649663224   74.018649379369975 
   133.06866039143497   132.30239994083936 
   154.40199372476829   95.351982712703304 
   96.118243163298914   110.96906660750602 
   74.784909829965585   147.91948383564207 
   90.401993724768289   206.20323439711149 
   111.73532705810163   169.25281716897541 
   53.451576496632228   184.86990106377814 
   234.01907761957102   42.784481589764525 
   249.63616151437373   101.06823215123391 
   212.68574428623768   79.734898817900586 
   191.35241095290434   116.68531604603665 
   206.96949484770707   174.96906660750602 
   228.30282818104041   138.01864937936998 
   170.01907761957102   153.63573327417268 
   148.68574428623768    190.5861505023087 
   164.30282818104041   248.86990106377817 
   185.63616151437378   211.91948383564204 
   127.35241095290434   227.53656773044483 
