   133.30784902973011    22.01668813094307 
   133.30784902973011   82.356466792195121 
   163.47773836035614   52.186577461569094 
   103.13795969910409   52.186577461569094 
   72.968070368478053   82.356466792195135 
   72.968070368478067   142.69624545344718 
   103.13795969910409   112.52635612282116 
   42.798181037852039   112.52635612282116 
   12.628291707225999    142.6962454534472 
   193.64762769098215   22.016688130943091 
   42.798181037852032   172.86613478407321 
   193.64762769098215   82.356466792195121 
   193.64762769098215   142.69624545344718 
   223.81751702160821   112.52635612282114 
   163.47773836035617   112.52635612282116 
   133.30784902973014    142.6962454534472 
   133.30784902973014   203.03602411469922 
   163.47773836035614   172.86613478407321 
    103.1379596991041   172.86613478407321 
   72.968070368478081   203.03602411469927 
   253.98740635223419   82.356466792195135 
   103.13795969910409   233.20591344532528 
   223.81751702160818   52.186577461569122 
   253.98740635223425   142.69624545344718 
   72.968070368478081   22.016688130943091 
   223.81751702160821   172.86613478407321 
    193.6476276909822   203.03602411469922 
   12.628291707226039    82.35646679219515 
   42.798181037852054   52.186577461569129 
   163.47773836035617   233.20591344532528 
