   143.41620517165151   42.455063709366115 
   127.79912127684881    100.7388142708355 
   164.74953850498486   79.405480937502162 
   106.46578794351547   63.788397042699458 
   69.515370715379447   85.121730376032787 
   53.898286820576715   143.40548093750218 
   90.848704048712776   122.07214760416883 
   32.564953487243379   106.45506370936613 
    201.6999557331209   58.072147604168826 
   16.947869592440689   164.73881427083549 
   180.36662239978756   21.121730376032772 
    186.0828718383182   116.35589816563821 
   170.46578794351547   174.63964872710758 
   207.41620517165154   153.30631539377424 
   149.13245461018215   137.68923149897154 
   112.18203738204612   159.02256483230488 
   96.564953487243372   217.30631539377427 
   133.51537071537945   195.97298206044093 
   75.231620153910058   180.35589816563822 
   38.281202925774032   201.68923149897157 
   244.36662239978759    131.9729820604409 
   59.614536259107354   238.63964872710761 
   223.03328906645424    95.02256483230488 
   228.74953850498488   190.25673262191032 
   85.132454610182137   26.837979814563425 
    122.0828718383182   5.5046464812300808 
   191.79912127684881   211.59006595524366 
   154.84870404871279   232.92339928857695 
   11.231620153910056   69.504646481230111 
   48.182037382046119   48.171313147896754 
   117.89828682057673   254.25673262191029 
