   178.12724340535314   46.735430685733029 
   219.34007866035336   35.692484761358806 
    167.0842974809789   5.5225954307327854 
   125.87146222597865   16.565541355107001 
   95.701572895352612   68.821322534481467 
   136.91440815035287   57.778376610107237 
   84.658626970978389   27.608487279481221 
    43.44579171597816    38.65143320385544 
   13.275902385352108   90.907214383229899 
   54.488737640352376   79.864268458855676 
   2.2329564609778885   49.694379128229656 
   230.38302458472759   76.905320016359056 
   200.21313525410153   129.16110119573352 
    241.4259705091018   118.11815527135931 
   189.17018932972732   87.948265940733265 
   147.95735407472708   98.991211865107488 
   117.78746474410104   151.24699304448197 
   159.00029999910132   140.20404712010773 
   106.74451881972682   110.03415778948171 
   65.531683564726592   121.07710371385592 
   35.361794234100543   173.33288489323041 
   76.574629489100815   162.28993896885618 
   24.318848309726327   132.12004963823014 
   252.46891643347598   159.33099052635956 
      222.29902710285   211.58677170573404 
   211.25608117847577   170.37393645073377 
   170.04324592347552   181.41688237510797 
   139.87335659284949   233.67266355448245 
   181.08619184784973   222.62971763010825 
   128.83041066847528   192.45982829948218 
   87.617575413475024   203.50277422385642 
   57.447686082848982   255.75855540323093 
   98.660521337849261   244.71560947885669 
   46.404740158474759   214.54572014823066 
