   223.74347761343785   34.193268465567883 
   181.07681094677119   76.859935132234554 
   223.74347761343785    76.85993513223454 
   181.07681094677116   34.193268465567883 
    138.4101442801045   34.193268465567883 
   95.743477613437847   76.859935132234554 
    138.4101442801045   76.859935132234554 
   95.743477613437847   34.193268465567883 
   53.076810946771168   34.193268465567883 
    10.41014428010449   76.859935132234554 
   53.076810946771175   76.859935132234554 
    10.41014428010449   34.193268465567883 
   223.74347761343785   119.52660179890121 
   181.07681094677119   162.19326846556788 
   223.74347761343785   162.19326846556788 
   181.07681094677119   119.52660179890121 
    138.4101442801045   119.52660179890121 
   95.743477613437847   162.19326846556788 
    138.4101442801045   162.19326846556788 
   95.743477613437847   119.52660179890121 
   53.076810946771175   119.52660179890121 
    10.41014428010449   162.19326846556791 
   53.076810946771175   162.19326846556788 
    10.41014428010449   119.52660179890121 
   223.74347761343785   204.85993513223454 
   181.07681094677119   247.52660179890123 
   223.74347761343785   247.52660179890123 
   181.07681094677119   204.85993513223454 
    138.4101442801045   204.85993513223454 
   95.743477613437861   247.52660179890123 
    138.4101442801045   247.52660179890123 
   95.743477613437847   204.85993513223454 
   53.076810946771175   204.85993513223454 
    10.41014428010449   247.52660179890123 
   53.076810946771182   247.52660179890123 
    10.41014428010449   204.85993513223454 
