   36.905690985865618   16.126388573603485 
   67.075580316491639   58.793055240270149 
   36.905690985865618   101.45972190693682 
   67.075580316491639   144.12638857360349 
   36.905690985865618   186.79305524027012 
   67.075580316491639   229.45972190693681 
   97.245469647117659   16.126388573603485 
   127.41535897774371   58.793055240270149 
   97.245469647117659   101.45972190693682 
   127.41535897774371   144.12638857360349 
   97.245469647117659   186.79305524027012 
   127.41535897774371   229.45972190693681 
   157.58524830836973   16.126388573603485 
   187.75513763899576   58.793055240270149 
   157.58524830836973   101.45972190693682 
   187.75513763899576   144.12638857360349 
   157.58524830836973   186.79305524027012 
   187.75513763899576   229.45972190693681 
    217.9250269696218   16.126388573603485 
   248.09491630024783   58.793055240270149 
    217.9250269696218   101.45972190693682 
   248.09491630024783   144.12638857360349 
    217.9250269696218   186.79305524027012 
   248.09491630024783   229.45972190693681 
