   120.69007528525755   41.344548304382876 
   80.505254080148646    74.74884161198176 
   98.604183436509103   123.77021881438336 
   58.419362231400214   157.17451212198225 
   76.518291587760686    206.1958893243839 
   160.87489649036647   7.9402549967839811 
   178.97382584672695   56.961632199185587 
   138.78900464161805   90.365925506784478 
   156.88793399797851   139.38730270918609 
    116.7031127928696   172.79159601678498 
   134.80204214923006    221.8129732191866 
   219.15864705183586   23.557338891586692 
   237.25757640819631   72.578716093988291 
   197.07275520308741    105.9830094015872 
    215.1716845594479   155.00438660398879 
   174.98686335433896   188.40867991158768 
   193.08579271069942   237.43005711398928 
   62.406324723788209   25.727464409580168 
    255.3565057645568    121.6000932963899 
   40.320432875039771   108.15313491958065 
   233.27061391580835   204.02576380639042 
   18.234541026291335   190.57880542958117 
