   123.20269516206227   27.608801148982483 
   75.741471239041715   49.474273711805523 
   80.536028495395612   101.50963560525459 
   33.074804572375051   123.37510816807763 
   37.869361828728955   175.41047006152669 
   170.66391908508285   5.7433285861594614 
   175.45847634143672   57.778690479608514 
    127.9972524184162   79.644163042431543 
   132.79180967477009   131.67952493588061 
   85.330585751749524   153.54499749870365 
   90.125143008103436   205.58035939215273 
    222.9197002644573   35.913217916785484 
   227.71425752081117   87.948579810234534 
   180.25303359779065   109.81405237305758 
   185.04759085414454   161.84941426650664 
   137.58636693112399   183.71488682932969 
   142.38092418747789   235.75024872277874 
   232.50881477716516    139.9839417036836 
   28.280247316021143   71.339746274628567 
   189.84214811049847   213.88477615995569 
