   148.67747862727609   30.563931797389252 
   97.174255963316725   39.400487794681951 
   88.337699966024019   90.903710458641314 
   36.834477302064677    99.74026645593402 
   27.997921304771978   151.24348911989341 
   200.18070129123544   21.727375800096553 
   191.34414529394274   73.230598464055916 
    139.8409226299834   82.067154461348622 
    131.0043666326907   133.57037712530797 
   79.501143968731355   142.40693312260069 
    70.66458797143865   193.91015578656004 
   242.84736795790212    64.39404246676321 
    234.0108119606094   115.89726513072256 
   182.50758929665008   124.73382112801528 
   173.67103329935736    176.2370437919746 
   122.16781063539801   185.07359978926732 
   113.33125463810531    236.5768224532267 
   225.17425596331677   167.40048779468196 
   45.671033299357376   48.237043791974671 
   164.83447730206473   227.74026645593401 
