   167.78289024146264   9.7269690739254067 
   145.91741767863962   57.188192996945972 
   93.882055785190559   52.393635740592082 
   72.016583222367515   99.854859663612643 
   19.981221328918465    95.06030240725876 
   197.95277957208867   61.982750253299862 
   176.08730700926566   109.44397417632044 
   124.05194511581659   104.64941691996653 
   102.18647255299355   152.11064084298712 
     50.1511106595445    147.3160835866332 
   28.285638096721467   194.77730750965381 
   228.12266890271468   114.23853143267435 
   206.25719633989169   161.69975535569489 
   154.22183444644261   156.90519809934102 
   132.35636188361957   204.36642202236158 
   80.320999990170534   199.57186476600771 
   58.455527427347491   247.03308868902826 
   115.74752834801357   4.9324118175714995 
   184.39172377706868   209.16097927871547 
   41.846693891741467   47.599078484238177 
   110.49088932079657   251.82764594538216 
