   200.78297886149775   37.414201933533903 
   167.37868555389886   77.599023138642806 
   118.35730835149727   59.500093782282342 
   84.953015043898347   99.684914987391252 
   35.931637841496759    81.58598563103078 
   2.5273445338978444   121.77080683613968 
   216.40006275630049   95.697952495003278 
   182.99576944870157   135.88277370011221 
   133.97439224629997   117.78384434375171 
   100.57009893870108   157.96866554886066 
    51.54872173629947   139.86973619250014 
   18.144428428700575   180.05455739760907 
   232.01714665110316   153.98170305647267 
    198.6128533435043   194.16652426158157 
   149.59147614110267   176.06759490522114 
   116.18718283350378   216.25241611033005 
   67.165805631102188   198.15348675396953 
   33.761512323503283   238.33830795907846 
   247.63423054590587   212.26545361794209 
   151.76160165909613   19.315272577173431 
   165.20856003590541    234.3513454666905 
   69.335931149095643   41.401164425921891 
   82.782889525904906   256.43723731543889 
