   87.408622669668205   37.121242182843694 
    151.4086226696682   37.121242182843694 
    151.4086226696682   101.12124218284369 
   87.408622669668205   101.12124218284369 
   87.408622669668205    165.1212421828437 
    151.4086226696682    165.1212421828437 
    151.4086226696682    229.1212421828437 
   87.408622669668205    229.1212421828437 
    215.4086226696682   37.121242182843694 
   23.408622669668237   37.121242182843694 
   23.408622669668237   101.12124218284369 
    215.4086226696682   101.12124218284369 
    215.4086226696682    165.1212421828437 
   23.408622669668237    165.1212421828437 
   23.408622669668237    229.1212421828437 
    215.4086226696682    229.1212421828437 
