   254.34980874225536   48.567589455284526 
   211.68314207558868   78.737478785910554 
   169.01647540892202   48.567589455284541 
   126.34980874225536   78.737478785910568 
   83.683142075588677   48.567589455284541 
   41.016475408922005   78.737478785910568 
   254.34980874225536    108.9073681165366 
   211.68314207558868   139.07725744716262 
   169.01647540892202    108.9073681165366 
   126.34980874225536   139.07725744716262 
   83.683142075588691    108.9073681165366 
   41.016475408922005   139.07725744716262 
   254.34980874225536   169.24714677778866 
   211.68314207558868   199.41703610841466 
   169.01647540892202   169.24714677778866 
   126.34980874225536   199.41703610841466 
   83.683142075588691   169.24714677778866 
   41.016475408922005   199.41703610841466 
   254.34980874225536   229.58692543904073 
   211.68314207558868   18.397700124658495 
   169.01647540892202   229.58692543904073 
   126.34980874225536   18.397700124658495 
   83.683142075588705   229.58692543904073 
   41.016475408922005   18.397700124658495 
