   99.185042479136513   57.157236924672475 
   37.365789596636134    40.59281803811114 
   20.801370710074817    102.4120709206115 
   82.620623592575186   118.97648980717284 
   66.056204706013858   180.79574268967318 
     4.23695182351348   164.23132380311188 
   177.56871424819821   11.902402928733416 
    239.3879671306986   28.466821815294736 
   222.82354824413724   90.286074697795129 
   161.00429536163688   73.721655811233802 
   144.43987647507555   135.54090869373417 
   206.25912935757592   152.10532758029549 
   189.69471047101459   213.92458046279586 
   127.87545758851424   197.36016157623453 
