   104.23075731003171    31.60926666407677 
   159.65638315223578    63.60926666407677 
   127.65638315223578   119.03489250628084 
    72.23075731003172   87.034892506280841 
    40.23075731003172   142.46051834848492 
   95.656383152235804    174.4605183484849 
   63.656383152235811   229.88614419068898 
   8.2307573100317235   197.88614419068898 
   215.08200899443986   95.609266664076756 
   238.50763483664397   183.03489250628084 
   183.08200899443986   151.03489250628084 
   151.08200899443986    206.4605183484849 
   206.50763483664397   238.46051834848492 
