   227.72069859752889   52.667688172057375 
   204.29507275532484   140.09331401426144 
   172.29507275532484   84.667688172057368 
   116.86944691312078   116.66768817205738 
   148.86944691312078   172.09331401426144 
   93.443821070916712   204.09331401426147 
   61.443821070916705   148.66768817205741 
   140.29507275532484   29.242062329853301 
   236.29507275532484   195.51893985646552 
   180.86944691312078   227.51893985646552 
   84.869446913120754   61.242062329853297 
   29.443821070916695   93.242062329853312 
