   178.29210788339617   109.28907158180728 
    194.8565267699575   171.10832446430766 
   133.03727388745713   187.67274335086898 
   116.47285500089582   125.85349046836862 
    54.65360211839544   142.41790935492995 
   71.218021004956782   204.23716223743031 
   256.67577965245789   154.54390557774633 
   240.11136076589653    92.72465269524595 
   211.42094565651882   232.92757734680802 
   161.72768899683487   47.469818699306906 
   99.908436114334478   64.034237585868226 
   149.60169277401846   249.49199623336935 
    38.08918323183412   80.598656472429553 
   223.54694187933524   30.905399812745582 
