   163.77154897547521   21.492665014297582 
   163.77154897547521   85.492665014297586 
   99.771548975475199   85.492665014297586 
   99.771548975475199   21.492665014297582 
   35.771548975475206   21.492665014297582 
   35.771548975475206     85.4926650142976 
   227.77154897547521   85.492665014297572 
   227.77154897547521   21.492665014297582 
   163.77154897547521   149.49266501429759 
   163.77154897547524   213.49266501429759 
   99.771548975475199   213.49266501429759 
   99.771548975475199   149.49266501429759 
   35.771548975475206   149.49266501429759 
   35.771548975475206   213.49266501429759 
   227.77154897547521   213.49266501429759 
   227.77154897547521   149.49266501429759 
