   146.23143607328345   50.805049380715488 
   103.56391607328344   111.14527138169157 
   188.89767607328344    171.4854933826677 
   124.89767607328342    171.4854933826677 
   82.231436073283433   50.805049380715488 
   167.56391607328345   111.14527138169157 
   18.231436073283458   50.805049380715488 
   231.56391607328342   111.14527138169157 
   60.897676073283435    171.4854933826677 
   252.89767607328344    171.4854933826677 
   210.23143607328348   50.805049380715488 
   39.563916073283465   111.14527138169157 
