   120.24059826369066   216.76614326623346 
   143.62513873780057   90.927891053424275 
   187.35623169775693   185.85093617626225 
   131.93060585555287   153.85093617626225 
   64.814972421486601   184.76614326623348 
   199.05076458000465   122.92789105342426 
   9.3893465792825133   152.76614326623348 
   254.47639042220871   154.92789105342425 
   76.504980013348799   121.85093617626227 
   21.079354171144679   89.850936176262252 
   175.66622410589474   248.76614326623348 
   88.199512895596513   58.927891053424275 
