   136.78417192839049   149.20018187324328 
   76.443949927414423    106.5326618732433 
   197.11534334859547    191.8664218732433 
   197.11534334859547   127.86642187324328 
   136.78417192839049   85.200181873243281 
   76.443949927414423   170.53266187324328 
   136.78417192839049   21.200181873243299 
   76.443949927414437   234.53266187324328 
   197.11534334859547   63.866421873243276 
    197.1153433485955    255.8664218732433 
   136.78417192839049   213.20018187324331 
   76.443949927414423   42.532661873243306 
