   59.803483099076665   246.61359717251025 
   101.02594718266396   182.61359717251025 
   59.803483099076665   118.61359717251023 
   101.02594718266396   54.613597172510218 
   142.24841126625125   246.61359717251025 
   183.47087534983854   182.61359717251025 
   142.24841126625125   118.61359717251023 
   183.47087534983854   54.613597172510218 
   224.69333943342582   246.61359717251025 
   18.581019015489382   182.61359717251025 
   224.69333943342582   118.61359717251023 
   18.581019015489382   54.613597172510218 
