   3.8357258375516419   128.27160959439971 
   60.217987405723441   77.121515502786352 
   36.964563610674283   4.6331038293989337 
   27.089149632600801   200.76002126778707 
   83.471411200772607    149.6099271761737 
   139.85367276894445   98.459833084560387 
   116.60024897389528   25.971421411172972 
   106.72483499582178   222.09833884956109 
   163.10709656399359   170.94824475794775 
   219.48935813216539   119.79815066633442 
   196.23593433711625   47.309738992947011 
   186.36052035904277   243.43665643133514 
