   6.2673675028525402   96.843306769281796 
   78.755779176239926   120.09673056433095 
   129.90587326785331   63.714468996159134 
    202.3942849412407   86.967892791208286 
   27.605685084626565   176.47899213250278 
   100.09409675801398   199.73241592755193 
   151.24419084962733   143.35015435938013 
   223.73260252301475   166.60357815442927 
   48.944002666400607   256.11467749572375 
   57.417461594465891   40.461045201109947 
   172.58250843140138    222.9858397226011 
   181.05596735946668   7.3322074279872815 
