   74.847222513197011   106.87644161246956 
   74.847222513197011   170.87644161246956 
   103.99590687744043   170.87644161246956 
   103.99590687744043   106.87644161246956 
   74.847222513197011   234.87644161246953 
   74.847222513197011   42.876441612469549 
   103.99590687744043   42.876441612469549 
   103.99590687744043   234.87644161246953 
   133.14459124168386   106.87644161246956 
   133.14459124168386   170.87644161246956 
   162.29327560592728   170.87644161246956 
   162.29327560592728   106.87644161246956 
   133.14459124168386   234.87644161246953 
   133.14459124168386   42.876441612469549 
   162.29327560592728   42.876441612469549 
   162.29327560592728   234.87644161246953 
   191.44195997017073   106.87644161246956 
   191.44195997017073   170.87644161246956 
   45.698538148953553   170.87644161246956 
   45.698538148953553   106.87644161246956 
   191.44195997017073   234.87644161246953 
   191.44195997017073   42.876441612469549 
   45.698538148953553   42.876441612469549 
   45.698538148953553   234.87644161246953 
