   108.12399638138443   29.280179999943861 
   172.12399638138442   70.502644083531152 
   236.12399638138442   29.280179999943847 
   44.123996381384437   70.502644083531152 
   108.12399638138443   111.72510816711844 
   172.12399638138442   152.94757225070572 
   236.12399638138442   111.72510816711844 
   44.123996381384437   152.94757225070572 
   108.12399638138443     194.170036334293 
   172.12399638138444   235.39250041788029 
   236.12399638138442     194.170036334293 
   44.123996381384451   235.39250041788029 
