   106.25146488370176   46.863951100710054 
   89.687045997140444   108.68320398321042 
   117.84251302691152   116.22743863635868 
   134.40693191347285   54.408185753858326 
   73.122627110579103    170.5024568657108 
   56.558208224017775   232.32170974821119 
   84.713675253788864   239.86594440135943 
   101.27809414035019   178.04669151885906 
   162.56239894324389   61.952420407006585 
   145.99798005668259   123.77167328950695 
   174.15344708645367    131.3159079426552 
   190.71786597301499   69.496655060154851 
   129.43356117012127   185.59092617200733 
   112.86914228355994   247.41017905450769 
   141.02460931333101   254.95441370765596 
   157.58902819989234   193.13516082515559 
   218.87333300278604   77.040889713303102 
   202.30891411622474   138.86014259580347 
   61.531578967369342   101.13896933006217 
   78.095997853930655   39.319716447561795 
   185.74449522966341   200.67939547830386 
   28.402741194246676   224.77747509506293 
   44.967160080808014   162.95822221256256 
