   91.401020480864176   54.900188952118356 
   116.64452162719324   69.474531134240067 
   148.64452162719323   14.048905292036007 
   59.401020480864183   110.32581479432245 
   27.401020480864208   165.75144063652652 
   52.644521627193264   180.32578281864821 
   84.644521627193257   124.90015697644417 
   173.88802277352232   28.623247474157719 
   141.88802277352232   84.048873316361764 
   167.13152391985139   98.623215498483489 
   199.13152391985136   43.197589656279426 
   109.88802277352231   139.47449915856586 
   77.888022773522323   194.90012500076989 
    103.1315239198514   209.47446718289163 
   135.13152391985139   154.04884134068757 
   224.37502506618046    57.77193183840113 
   192.37502506618046    113.1975576806052 
   217.61852621250952   127.77189986272691 
   249.61852621250952   72.346274020522841 
   160.37502506618043   168.62318352280928 
   128.37502506618046   224.04880936501337 
   153.61852621250952   238.62315154713505 
   185.61852621250952     183.197525704931 
