   83.640324022593873   73.064189167872769 
   38.385490026654843   118.31902316381181 
   58.996722403277644   138.93025554043462 
   104.25155639921667   93.675421544495563 
   128.89515801853292   27.809355171933703 
   149.50639039515573   48.420587548556512 
   13.741888407338605   184.18508953637365 
    124.8627887758395   114.28665392111837 
   79.607954779900453   159.54148791705742 
   100.21918715652328   180.15272029368026 
   145.47402115246231   134.89788629774119 
   34.353120783961415   204.79632191299646 
   170.11762277177854    69.03181992517932 
   190.72885514840135   89.643052301802143 
   54.964353160584238    225.4075542896193 
   166.08525352908512   155.50911867436403 
    120.8304195331461   200.76395267030304 
   141.44165190976889   221.37518504692585 
   186.69648590570793   176.12035105098681 
   75.575585537207047   246.01878666624208 
   211.34008752502419   110.25428467842495 
     231.951319901647   130.86551705504775 
