    108.7143035942898   50.801408512878531 
   53.288677752085739   82.801408512878538 
   67.863019934207458   108.04490965920759 
   123.28864577641151    76.04490965920759 
   164.13992943649387   18.801408512878513 
   178.71427161861561   44.044909659207562 
   12.437394092003377    140.0449096592076 
   137.86298795853324   101.28841080553667 
   82.437362116329169   133.28841080553667 
   97.011704298450894   158.53191195186574 
   152.43733014065495   126.53191195186574 
   27.011736274125088   165.28841080553667 
   193.28861380073735   69.288410805536643 
   207.86295598285906   94.531911951865709 
   41.586078456246817   190.53191195186577 
   167.01167232277666   151.77541309819478 
   111.58604648057261   183.77541309819478 
   126.16038866269432   209.01891424452384 
   181.58601450489837   177.01891424452384 
   56.160420638368521    215.7754130981948 
   222.43729816498077   119.77541309819476 
   237.01164034710246   145.01891424452381 
   70.734762820490232   241.01891424452384 
