   232.55338172903592   35.781507488997882 
   170.73412884653555   52.345926375559216 
   178.27836349968382   80.501393405330276 
   240.09761638218419   63.936974518768956 
   108.91487596403518   68.910345262120543 
   47.095623081534825   85.474764148681857 
    54.63985773468309   113.63023117845293 
   116.45911061718344   97.065812291891604 
   247.64185103533242   92.092441548540023 
   185.82259815283206   108.65686043510136 
   193.36683280598035   136.81232746487245 
   255.18608568848069   120.24790857831111 
   124.00334527033169   125.22127932166268 
   62.184092387831349   141.78569820822401 
   69.728327040979622   169.94116523799508 
   131.54757992347996   153.37674635143378 
   200.91106745912859    164.9677944946435 
   208.45530211227688    193.1232615244146 
   139.09181457662822   181.53221338120485 
   77.272561694127873   198.09663226776615 
   84.816796347276139   226.25209929753723 
   146.63604922977649   209.68768041097593 
