   233.81861418661134   88.480153981961138 
   169.81861418661134   88.480153981961138 
   169.81861418661134   117.62883834620456 
   233.81861418661134   117.62883834620456 
   105.81861418661133   88.480153981961138 
    41.81861418661132   88.480153981961138 
    41.81861418661132   117.62883834620456 
   105.81861418661133   117.62883834620456 
   233.81861418661134   146.77752271044798 
   169.81861418661134   146.77752271044798 
   169.81861418661134    175.9262070746914 
   233.81861418661134    175.9262070746914 
   105.81861418661133   146.77752271044798 
    41.81861418661132   146.77752271044798 
    41.81861418661132   175.92620707469143 
   105.81861418661133    175.9262070746914 
   233.81861418661134   205.07489143893486 
   169.81861418661134   205.07489143893486 
   169.81861418661134   59.331469617717687 
   233.81861418661134    59.33146961771768 
   105.81861418661133   205.07489143893486 
    41.81861418661132   205.07489143893486 
    41.81861418661132   59.331469617717701 
   105.81861418661133   59.331469617717687 
