   11.894498456759468   83.846324079834204 
   54.561165123426129   174.35599207171228 
   11.894498456759468   114.01621341046022 
   54.561165123426129   144.18610274108627 
   11.894498456759468   204.52588140233831 
   54.561165123426129    53.67643474920817 
   11.894498456759468   234.69577073296438 
   54.561165123426129   23.506545418582135 
   97.227831790092793   83.846324079834204 
   139.89449845675946   174.35599207171228 
   97.227831790092793   114.01621341046022 
   139.89449845675946   144.18610274108627 
   97.227831790092793   204.52588140233831 
   139.89449845675946    53.67643474920817 
   97.227831790092793   234.69577073296438 
   139.89449845675946   23.506545418582135 
   182.56116512342612   83.846324079834204 
   225.22783179009281   174.35599207171228 
   182.56116512342612   114.01621341046022 
   225.22783179009281   144.18610274108627 
   182.56116512342612   204.52588140233831 
   225.22783179009281    53.67643474920817 
   182.56116512342612   234.69577073296438 
   225.22783179009281   23.506545418582135 
