   32.792479094620859   57.349922668421293 
   50.579688507417018   155.81849443499959 
   24.983937147219496   86.491797949155981 
   58.388230454818384    126.6766191542649 
   1.5583113050154171   173.91742379136008 
   81.813856297022454   39.250993312060807 
   89.622398244423806   10.109118031326112 
   115.21814960462135   79.435814517169732 
    133.0053590174175   177.90438628374804 
   107.40960765721998   108.57768979790443 
   140.81390096481888   148.76251100301334 
   83.983981815015909   196.00331564010853 
   164.23952680702297   61.336885160809253 
   76.175439867614543   225.14519092084322 
   172.04806875442429   32.195009880074551 
   197.64382011462183   101.52170636591816 
   215.43102952741799   199.99027813249643 
   189.83527816722045   130.66358164665286 
   223.23957147481937   170.84840285176176 
    166.4096523250164   218.08920748885694 
   246.66519731702343   83.422777009557691 
   158.60111037761504   247.23108276959161 
   254.47373926442478    54.28090172882299 
