   50.932537919980675   83.054608985295275 
   42.628121152177684    182.7716140876903 
   35.847593254667672    109.1824995749825 
   57.713065817490694   156.64372349800308 
   102.96789981342974   78.260051728941363 
   96.187371915919712   4.6709372162335496 
   118.05284447874276   52.132161139254116 
   124.83337237625278   125.72127565196192 
   116.52895560844979   225.43828075435695 
   109.74842771093977   151.84916624164916 
   131.61390027376279   199.31039016466974 
   64.493593715000713   230.23283801071088 
   176.86873426970183   120.92671839560802 
   170.08820637219182   47.337603882900204 
   191.95367893501486    94.79882780592078 
   198.73420683252488    168.3879423186286 
   183.64926216721187   194.51583290831582 
   205.51473473003489   241.97705683133637 
    250.7695687259739   163.59338506227468 
   243.98904082846394   90.004270549566883 
