   139.30117402276582   49.970095412850284 
   105.47106335339184    144.1399847434763 
   117.96784068943248   71.303428746183613 
   126.80439668672518   122.80665141014299 
   53.967840689432485   135.30342874618364 
   190.80439668672517   58.806651410142976 
   32.634507356099135   156.63676207951698 
   41.471063353391841   208.13998474347633 
   199.64095268401789   110.30987407410234 
    165.8108420146439   204.47976340472835 
   178.30761935068455   131.64320740743568 
   187.14417534797724   183.14643007139503 
   114.30761935068456   195.64320740743571 
   251.14417534797718   119.14643007139499 
   92.974286017351218   216.97654074076902 
   45.131284692139779   83.800206082224264 
   238.64739801193662   191.98298606868772 
   66.464618025473115   62.466872748890921 
   174.64739801193659   255.98298606868772 
