     151.386307117276    51.66990200269899 
   94.335968681547627   133.87515322677407 
   125.25841652758876   66.754846668012007 
   120.46385927123487   118.79020856146107 
   46.874744758527065   112.00968066395106 
   198.84753104029659   73.535374565522005 
   20.746854168839839   127.09462532926408 
   224.97542162998383   58.450429900208988 
   194.05297378394269   125.57073645897107 
   137.00263534821431   207.77598768304617 
   167.92508319425545   140.65568112428409 
   163.13052593790155   192.69104301773316 
   89.541411425193743   185.91051512022315 
   241.51419770696324    147.4362090217941 
    63.41352083550651   200.99545978553618 
   236.71964045060935   199.47157091524318 
   51.669302014880969   59.974318770501988 
   210.59174986092211   214.55651558055621 
   77.797192604568195   44.889374105188978 
