   115.95216647965142   58.873579806712414 
   39.569486561821556   123.51204090391674 
    86.81029119891673    66.68212175411378 
   68.711361842556258   115.70349895651539 
   156.13698768476033   92.277873114311305 
   203.37779232185554   35.447953964508336 
   185.27886296549502   84.469331166909953 
   138.03805832839987   141.29925031671291 
   61.655378410569988   205.93771141391724 
   108.89618304766518   149.10779226411429 
   90.797253691304689   198.12916946651586 
    21.47055720546108   172.53341810631835 
   178.22287953350877   174.70354362431181 
   225.46368417060398   117.87362447450884 
   207.36475481424347   166.89500167691043 
   160.12395017714829    223.7249208267134 
   17.483594713073131   41.086370393916262 
   130.98207489641362   231.53346277411478 
   46.625469993807819   33.277828446514903 
   43.556449054209516   254.95908861631884 
   134.05109583601191    9.852202604310822 
   247.54957601935237   200.29929498450934 
   163.19297111674661   2.0436606569094615 
