   183.94573492135481   58.822493853637397 
   93.436066929476738   101.48916052030407 
   153.77584559072881   58.822493853637397 
   123.60595626010277   101.48916052030407 
   63.266177598850703   58.822493853637397 
   214.11562425198088   101.48916052030407 
   33.096288268224669   58.822493853637411 
   244.28551358260688   101.48916052030407 
   183.94573492135481   144.15582718697073 
   93.436066929476738   186.82249385363741 
   153.77584559072881   144.15582718697073 
   123.60595626010277   186.82249385363741 
   63.266177598850703   144.15582718697073 
   214.11562425198088   186.82249385363741 
   33.096288268224669   144.15582718697073 
   244.28551358260688   186.82249385363741 
   183.94573492135484   229.48916052030407 
   93.436066929476738   16.155827186970715 
   153.77584559072881   229.48916052030407 
   123.60595626010277   16.155827186970715 
    63.26617759885071   229.48916052030407 
   214.11562425198085   16.155827186970715 
   33.096288268224669   229.48916052030407 
   244.28551358260688   16.155827186970715 
