   3.0534875197560365   13.224578131414818 
   45.720154186422697   55.891244798081487 
   3.0534875197560365   98.557911464748159 
   45.720154186422697   141.22457813141483 
   3.0534875197560365   183.89124479808149 
   45.720154186422697   226.55791146474814 
   88.386820853089361   13.224578131414818 
   131.05348751975603   55.891244798081487 
   88.386820853089361   98.557911464748159 
   131.05348751975603   141.22457813141483 
   88.386820853089361   183.89124479808149 
   131.05348751975603   226.55791146474814 
   173.72015418642269   13.224578131414818 
   216.38682085308935   55.891244798081487 
   173.72015418642269   98.557911464748159 
   216.38682085308935   141.22457813141483 
   173.72015418642269   183.89124479808149 
   216.38682085308935   226.55791146474814 
