   92.399438855849894   5.1237178278907178 
   122.56932818647591   57.379499007265174 
   70.313547007101448   87.549388337891216 
   100.48343633772747   139.80516951726568 
   48.227655158353009   169.97505884789169 
   78.397544488979037   222.23084002726614 
   174.82510936585038   27.209609676639143 
   204.99499869647639   79.465390856013613 
   152.73921751710196   109.63528018663965 
   182.90910684772794    161.8910613660141 
   130.65332566835352   192.06095069664013 
   160.82321499897952   244.31673187601459 
   40.143657676475421   35.293607158516743 
   235.16488802710245   131.72117203538809 
   18.057765827726982   117.71927766851725 
     213.078996178354   214.14684254538858 
