    129.7182140269461   30.471233866466662 
    145.3352979217488   88.754984427936051 
   87.051547360279415   104.37206832273876 
   102.66863125508216   162.65581888420814 
    44.38488069361275   178.27290277901088 
    60.00196458841549   236.55665334048024 
   203.61904848321819   73.137900533133319 
    219.2361323780209   131.42165109460271 
   160.95238181655154   147.03873498940541 
   176.56946571135427    205.3224855508748 
   118.28571514988485   220.93956944567753 
   71.434463465476696    46.08831776126938 
    234.8532162728236   189.70540165607207 
   28.767796798810036   119.98915221754147 
