   107.70185703176756   33.120931263859156 
   107.70185703176756   93.460709925111189 
   47.362078370515526   93.460709925111217 
   47.362078370515505   153.80048858636329 
    168.0416356930196   33.120931263859134 
    168.0416356930196   93.460709925111189 
   168.04163569301963   153.80048858636326 
   107.70185703176756   153.80048858636323 
   107.70185703176756   214.14026724761533 
   47.362078370515533   214.14026724761527 
    228.3814143542717   93.460709925111189 
   228.38141435427164   153.80048858636323 
   47.362078370515505   33.120931263859156 
    168.0416356930196   214.14026724761527 
