   149.16760830858985   39.670927030040147 
   90.883857747120487   24.053843135237457 
   75.266773852317769   82.337593696706818 
   16.983023290848408   66.720509801904129 
   1.3659393960456792    125.0042603633735 
   207.45135887005927   55.288010924842851 
   191.83427497525653   113.57176148631225 
   133.55052441378714   97.954677591509537 
   117.93344051898445   156.23842815297894 
   59.649689957515072   140.62134425817621 
   44.032606062712347    198.9050948196456 
   250.11802553672595   129.18884538111496 
   234.50094164192322   187.47259594258432 
   176.21719108045386   171.85551204778164 
   160.60010718565113   230.13926260925098 
   102.31635662418175    214.5221787144483 
