   173.35966051857125   48.067391530503016 
   143.18977118794524   100.32317270987748 
   90.933990008570774   70.153283379251448 
   60.764100677944732   122.40906455862593 
   8.5083194985702484    92.23917522799988 
   225.61544169794576   78.237280861129051 
   195.44555236731969   130.49306204050353 
   165.27566303669366   182.74884321987795 
   113.01988185731922   152.57895388925195 
   82.849992526693171    204.8347350686264 
   30.594211347318691   174.66484573800039 
   247.70133354669414   160.66295137112954 
   217.53144421606814   212.91873255050402 
   121.10387933919679   17.897502199876978 
   135.10577370606765   235.00462439925246 
   38.678208829196286   39.983394048625399 
