   223.73201444847231   9.2833069209888723 
   181.06534778180568   51.949973587655542 
     138.398681115139   9.2833069209888723 
   95.732014448472341   51.949973587655542 
    53.06534778180567   9.2833069209888723 
      10.398681115139   51.949973587655549 
   223.73201444847231   94.616640254322206 
   181.06534778180568   137.28330692098888 
     138.398681115139   94.616640254322206 
   95.732014448472341   137.28330692098888 
   53.065347781805677   94.616640254322206 
      10.398681115139   137.28330692098888 
   223.73201444847231   179.94997358765553 
   181.06534778180568   222.61664025432222 
     138.398681115139   179.94997358765553 
   95.732014448472341   222.61664025432222 
   53.065347781805677   179.94997358765553 
      10.398681115139   222.61664025432222 
