   61.383030727494074   102.92775503508709 
   121.72280938874613   60.261088368420431 
   121.72280938874613   102.92775503508709 
   61.383030727494074   60.261088368420431 
   61.383030727494074   188.26108836842045 
   121.72280938874613   145.59442170175376 
   121.72280938874613   188.26108836842045 
   61.383030727494074   145.59442170175376 
   61.383030727494074   17.594421701753735 
   121.72280938874613    230.9277550350871 
   121.72280938874613   17.594421701753735 
   61.383030727494074    230.9277550350871 
   182.06258804999817   102.92775503508709 
   242.40236671125027   60.261088368420431 
   242.40236671125027   102.92775503508709 
   182.06258804999817   60.261088368420431 
   182.06258804999817   188.26108836842045 
   242.40236671125027   145.59442170175376 
   242.40236671125027   188.26108836842045 
   182.06258804999817   145.59442170175376 
   182.06258804999817   17.594421701753735 
   242.40236671125027    230.9277550350871 
   242.40236671125027   17.594421701753735 
   182.06258804999817    230.9277550350871 
