   128.99673455490176    70.74647072909174 
   198.32343104074536   45.150719368894215 
   187.28048511637115   86.363554623894458 
   140.03968047927597   29.533635474091497 
   106.91084270615333   153.17214123909224 
   176.23753919199697    127.5763898788947 
   165.19459326762274   168.78922513389494 
   117.95378863052755   111.95930598409198 
     84.8249508574049   235.59781174909273 
   154.15164734324853   210.00206038889516 
   143.10870141887429   251.21489564389543 
   95.867896781779109   194.38497649409248 
   245.56423567784057   101.98063851869718 
   81.755929917806569   13.916551579288768 
   70.712983993432346   55.129386834289015 
   256.60718160221478   60.767803263696941 
   223.47834382909215   184.40630902869768 
    59.67003806905813   96.342222089289251 
   48.627092144683907   137.55505734428951 
   234.52128975346633   143.19347377369743 
   37.584146220309705   178.76789259928975 
   26.541200295935482      219.98072785429 
   212.43539790471789   225.61914428369792 
