   92.976192818821588   24.322626700252744 
    166.5653073315294   17.542098802742714 
   145.23197399819605   54.492516030878775 
    50.30952615215493   98.223461156524849 
   123.89864066486274   91.442933259014836 
   102.56530733152943   128.39335048715088 
   71.642859485488259   61.273043928388802 
   7.6428594854882812   172.12429561279691 
   81.231973998196082   165.34376771528693 
   59.898640664862768   202.29418494342298 
   28.976192818821602   135.17387838466092 
   197.48775517757056   84.662405361504796 
   249.74353635694499    114.8322946921308 
   218.82108851090385   47.711988133368735 
   154.82108851090388   158.56323981777692 
   228.41020302361164   151.78271192026685 
   207.07686969027836    188.7331291484029 
   176.15442184423722   121.61282258964086 
   112.15442184423723   232.46407427404895 
   185.74353635694501   225.68354637653897 
   133.48775517757053   195.51365704591294 
