   134.07058745298627   115.90283383301684 
   206.90714345027894   128.39961116905749 
   176.73725411965293    158.5695004996835 
   164.24047678361231   85.732944502390822 
   73.730808791734219   176.24261249426891 
   146.56736478902693   188.73938983030956 
   116.39747545840088   218.90927916093554 
   103.90069812236025   146.07272316364288 
   194.41036611423834   55.563055171764788 
   86.227586127774842   249.07916849156163 
   237.07703278090497   98.229721838431445 
   43.560919461108192   206.41250182489495 
   219.40392078631962   201.23616716635019 
   121.57381011694561   43.066277835724151 
   91.403920786319588   73.236167166350185 
   249.57381011694565   171.06627783572418 
   61.234031455693561   103.40605649697619 
   31.064142125067523   133.57594582760223 
   189.23403145569358   231.40605649697622 
   151.74369944757166   12.896388505098109 
