   142.48329336484213   38.179778844390299 
   209.60359992360424   69.102226690431422 
   172.65318269546816   90.435560023764765 
   179.43371059297814   16.846445511056963 
   68.582458908570032   80.846445511056984 
   135.70276546733211   111.76889335709811 
   98.752348239196053   133.10222669043145 
   105.53287613670607   59.513112177723649 
    61.80193101106002   154.43556002376479 
   24.851513782923998   175.76889335709811 
   31.632041680433989   102.17977884439033 
    202.8230720260942   142.69134120313925 
   232.99296135672023    194.9471223825137 
   239.77348925423024   121.35800786980592 
   128.92223756982213   185.35800786980593 
   196.04254412858418   216.28045571584704 
   159.09212690044814   237.61378904918038 
   165.87265479795815   164.02467453647259 
   55.021403113550051   228.02467453647262 
   91.971820341686069   206.69134120313927 
