   178.07443770214678   57.337012111489194 
   234.90435685194973   104.57781674858437 
   193.69152159694946   115.62076267295859 
     219.287272957147   46.294066187114979 
   95.648767192146252   79.422903960237633 
   152.47868634194924   126.66370859733279 
   111.26585108694897   137.70665452170701 
   136.86160244714651    68.37995803586341 
   13.223096682145799   101.50879580898606 
   70.053015831948727   148.74960044608125 
   28.840180576948509   159.79254637045543 
   54.435931937146016   90.465849884611842 
   209.30860549175219   173.90451323442801 
   250.52144074675246   162.86156731005377 
   126.88293498175169    195.9904050831764 
   121.24451855234379    10.09620747439401 
   80.031683297343534   21.139153398768233 
   168.09577023675195   184.94745915880222 
    44.45726447175123   218.07629693192484 
   38.818848042343291   32.182099323142452 
   85.670099726751459   207.03335100755064 
