   202.95274245589374   91.776986494000411 
   245.61940912256043   152.11676515525249 
   202.95274245589374   152.11676515525249 
   245.61940912256043   91.776986494000411 
   117.61940912256041   91.776986494000411 
   160.28607578922708   152.11676515525249 
   117.61940912256041   152.11676515525249 
   160.28607578922708   91.776986494000411 
    32.28607578922707   91.776986494000425 
   74.952742455893755   152.11676515525249 
    32.28607578922707   152.11676515525249 
   74.952742455893755   91.776986494000425 
   202.95274245589374   212.45654381650454 
   245.61940912256043   31.437207832748324 
   202.95274245589374   31.437207832748324 
   245.61940912256043   212.45654381650454 
   117.61940912256041   212.45654381650454 
   160.28607578922708   31.437207832748324 
   117.61940912256041   31.437207832748324 
   160.28607578922708   212.45654381650454 
    32.28607578922707   212.45654381650454 
   74.952742455893741   31.437207832748324 
    32.28607578922707   31.437207832748324 
    74.95274245589377   212.45654381650454 
