   154.58476421618687   94.956994336670064 
   111.91809754952023   137.62366100333674 
   154.58476421618687   180.29032767000339 
   197.25143088285355   137.62366100333674 
   69.251430882853555   94.956994336670064 
   69.251430882853555   137.62366100333674 
   69.251430882853555   180.29032767000339 
   154.58476421618687   52.290327670003393 
   111.91809754952023   52.290327670003393 
   111.91809754952023   94.956994336670064 
   154.58476421618687   137.62366100333674 
   111.91809754952023   180.29032767000339 
   154.58476421618687   222.95699433667008 
   111.91809754952023   222.95699433667008 
   197.25143088285355   52.290327670003393 
   197.25143088285355   94.956994336670064 
   239.91809754952024   94.956994336670064 
   239.91809754952024   137.62366100333674 
   197.25143088285355   180.29032767000339 
   239.91809754952024   180.29032767000339 
   197.25143088285355   222.95699433667008 
