   153.65262405407455   103.40018165935081 
   101.39684287470008   133.57007098997681 
    131.5667322053261   185.82585216935129 
   183.82251338470056   155.65596283872523 
   71.226953544074064   81.314289810602361 
   60.184007619699841    122.5271250656026 
   49.141061695325618   163.73996032060285 
   164.69556997844876   62.187346404350542 
   123.48273472344853   51.144400479976326 
   112.43978879907431    92.35723573497657 
   142.60967812970034   144.61301691435102 
   90.353896950325876   174.78290624497708 
    120.5237862809519   227.03868742435156 
   79.310951025951638   215.99574149997736 
     205.908405233449   73.230292328724758 
   194.86545930907479   114.44312758372502 
   236.07829456407507   125.48607350809922 
   225.03534863970083   166.69890876309947 
   172.77956746032635    196.8687980937255 
   213.99240271532662   207.91174401809974 
   161.73662153595211   238.08163334872575 
