   169.48766510401748    120.6388890309953 
   111.20391454254811   136.25597292579801 
   126.82099843735082   194.53972348726739 
   185.10474899882018   178.92263959246466 
   95.586830647745373   77.972222364328644 
   74.253497314412058   114.92263959246468 
   52.920163981078709   151.87305682060074 
    190.8209984373508    83.68847180285924 
   153.87058120921475   62.355138469525912 
   132.53724787588143   99.305555697661973 
   148.15433177068417   157.58930625913132 
   89.870581209214762   173.20639015393408 
   105.48766510401748    231.4901407154035 
    68.53724787588142   210.15680738207016 
   227.77141566548687   105.02180513619257 
   206.43808233215353   141.97222236432862 
   243.38849956028957   163.30555569766196 
   222.05516622695632   200.25597292579801 
   163.77141566548687   215.87305682060074 
   200.72183289362292   237.20639015393408 
   142.43808233215353   252.82347404873681 
