   158.93366235592228   116.38792219822233 
   98.593883694670225   116.38792219822234 
   98.593883694670239    176.7277008594744 
   158.93366235592228   176.72770085947437 
   98.593883694670225   56.048143536970272 
   68.423994364044191   86.218032867596321 
   38.254105033418178   116.38792219822234 
   189.10355168654831   86.218032867596293 
   158.93366235592228   56.048143536970272 
   128.76377302529627   86.218032867596293 
   128.76377302529625   146.55781152884836 
   68.423994364044205   146.55781152884836 
   68.423994364044205   206.89759019010043 
   38.254105033418178    176.7277008594744 
   219.27344101717435   116.38792219822233 
   189.10355168654831   146.55781152884833 
   219.27344101717435   176.72770085947437 
   189.10355168654831   206.89759019010043 
   128.76377302529625    206.8975901901004 
   158.93366235592228   237.06747952072644 
   98.593883694670211   237.06747952072644 
