   178.38573861770439   133.95841925864926 
   120.10198805623502   118.34133536384655 
   104.48490416143228   176.62508592531591 
   162.76865472290169   192.24216982011865 
   135.71907195103773   60.057584802377157 
   98.768654722901672   81.390918135710493 
   61.818237494765626   102.72425146904382 
   215.33615584584041    112.6250859253159 
   194.00282251250712   75.674668697179868 
   157.05240528437105   97.008002030513211 
   141.43532138956834   155.29175259198257 
   83.151570828098954   139.67466869717987 
   67.534486933296222   197.95841925864926 
   46.201153599962893   161.00800203051324 
   236.66948917917381   149.57550315345196 
   199.71907195103773    170.9088364867853 
   221.05240528437108   207.85925371492138 
   184.10198805623503   229.19258704825472 
   125.81823749476564   213.57550315345199 
   147.15157082809898   250.52592038158807 
   88.867820266629565   234.90883648678533 
