   155.50830964341452   163.48903877694912 
   103.25252846404004   133.31914944632308 
   73.082639133414034   185.57493062569753 
   125.33842031278849    215.7448199563236 
   133.42241779466607   81.063368266948601 
   92.209582539665831   92.106314191322824 
   50.996747284665595   103.14926011569705 
   196.72114489841474   152.44609285257488 
   185.67819897404055   111.23325759757462 
   144.46536371904031   122.27620352194884 
   114.29547438841426   174.53198470132332 
   62.039693209039811   144.36209537069729 
   31.869803878413759   196.61787655007174 
   20.826857954039543   155.40504129507153 
   207.76409082278897   193.65892810757512 
   166.55125556778873   204.70187403194936 
   177.59420149216297   245.91470928694963 
   136.38136623716269   256.95765521132387 
   84.125585057788243    226.7877658806978 
   42.912749802787978   237.83071180507201 
