   159.98908184824663   134.42389208977821 
   117.32241518157994   91.757225423111549 
   74.655748514913299   134.42389208977821 
   117.32241518157994   177.09055875644486 
   159.98908184824663   49.090558756444878 
   117.32241518157994   49.090558756444878 
   74.655748514913284   49.090558756444878 
   202.65574851491328   134.42389208977821 
   202.65574851491328   91.757225423111549 
   159.98908184824663   91.757225423111549 
   117.32241518157994   134.42389208977821 
   74.655748514913299   91.757225423111549 
   31.989081848246606   134.42389208977821 
   31.989081848246606   91.757225423111549 
   202.65574851491328   177.09055875644486 
   159.98908184824663   177.09055875644486 
   159.98908184824663   219.75722542311155 
   117.32241518157994   219.75722542311155 
   74.655748514913299   177.09055875644486 
   74.655748514913299   219.75722542311155 
   31.989081848246606   177.09055875644486 
