                    1   147.97369600000007 
   11.143231999999989   55.153216000000022 
   6.4743039999999841   204.81107200000002 
   18.412864000000035   114.11897600000006 
   24.106304000000044   232.39916800000006 
   24.357951999999976   174.94739200000009 
   47.632704000000061   38.566463999999996 
   45.365568000000032                    1 
   57.489984000000049   187.62195200000002 
    58.16121600000001   223.28121600000009 
   62.449216000000021   107.16217600000004 
   75.439424000000002   253.89830400000005 
   87.157824000000033   134.31968000000001 
   85.945919999999973   169.62694400000004 
   84.846143999999953   44.074047999999991 
   94.307392000000021   78.840640000000036 
   105.88448000000002   10.696000000000003 
   111.15116800000001   253.26880000000006 
   116.82438399999997   186.49913600000005 
   124.59807999999998   128.67283200000006 
   131.00499199999999   93.489472000000021 
   128.23686400000003   220.72428800000003 
   142.80121599999998   160.49824000000004 
   143.70080000000002   10.241087999999991 
   167.22950399999996   80.859455999999994 
   165.92339200000001   43.322688000000014 
            164.92192   215.70438400000006 
   174.23724799999997   179.35494400000002 
   183.25484799999998   245.97305600000004 
   199.79270400000001   31.867968000000019 
   205.78566399999994   99.372607999999985 
   208.36640000000003   168.71942400000003 
   221.66483199999999   133.52377600000005 
   219.50880000000001   252.86150400000002 
   231.94502399999996   45.835840000000005 
   239.23948800000002   79.584320000000019 
   236.32851199999999   192.42630400000002 
   246.28076800000002   227.93836800000003 
