    6.806176592609563   90.479534267477305 
   33.648385694359249   17.333390796727144 
   42.132448776541956   82.822606825400982 
   30.985892772532839   145.15085748431181 
   57.918278623265522   48.633821626652967 
     35.1488521200557   181.76718163728242 
    55.76794423515986   117.21316250783916 
   96.372321466817482   52.108770279796431 
   90.164395286613328   120.69492945569411 
   76.450148295469944   184.00168244352878 
   121.30006664215516   22.062570036181864 
   109.30360189872367   88.944507232843591 
   105.85144596082223   154.35668959403742 
   89.802850445214858    217.6613079914282 
   156.82975036202609    36.21201137131952 
   143.39955361127573    103.2499138055104 
   144.66866440396186   144.65541819827047 
   166.40950258905303   74.176133797365651 
    131.0495627434847   221.34282741442408 
   185.21288863048284   11.546847020267887 
