   44.832891427020002   64.593420374567273 
   29.680292031776059   99.920348393867201 
   81.940734093473083   63.614191516998382 
   103.52148200761062   33.703271664376054 
   48.913484855111996   130.56703323208032 
   19.131307936939219   188.50826881436069 
   47.186923159121804   167.22306181193773 
   83.172786397186343   125.49711032938485 
   99.615730772945952   95.232775244540136 
   141.87440600027577   46.709834690252691 
   169.42361016477571   23.234365369250622 
   82.886759634134293   182.14202721531541 
    104.4971520829868   154.41617752239995 
   133.82800851908539   107.20020394556869 
   157.00154757362779   81.431224911919458 
   97.583806559176494   215.20554721991834 
   139.01708141010937   143.96273805413688 
   209.41299201619807   36.108324239314321 
   190.09186881544943   97.345395282308829 
   218.71379816607623   74.082951436376248 
   134.03824277124232   227.22979553934161 
   170.65395810582831   163.36663622435987 
   198.16065536596196   135.88159102139269 
   168.19640211258434   204.74580806710381 
   248.06375102138827   100.42570989122464 
   236.60874860773811   136.80958807249084 
   202.80503941472961   221.49897787906463 
