   66.130355438817645   36.317556918308902 
   100.91702225415199    26.37760416010476 
   52.573636347658123   70.061190319704863 
   25.507987270038917   96.163816529890411 
   173.55573732036973   2.3451150762293764 
   127.72453775865843   47.801966651126307 
   37.956324966969859   129.80662216114345 
   81.859487581118103   91.208412207335101 
   161.06920454354625   36.207135123358796 
   18.296901001789934   160.22547341852589 
   115.64366931377455   81.098663311978427 
   74.052123620138701   125.97498587637531 
    140.7836346951986   104.64312426604161 
   43.545296965468403   186.88038962279802 
   188.78471303734719   59.621262155513719 
   220.20007573932008   39.180739755563934 
   98.884537149726413   151.11296004510362 
   176.27283755348589   93.469162694436292 
   133.84118112154951   140.25216192475023 
    81.28294099600987   183.36191678928162 
   192.29359184605622   124.60503154165026 
    168.3387600573179   152.14151191216328 
   105.08625960052987   210.68280313063806 
   81.640092145905868   241.11848918626691 
   225.36998797501616    135.8533920603449 
   181.92227001020296   184.60461453081021 
   147.64716383835864   208.39399464645939 
   224.29925860267221   174.06132432577226 
