   78.011719922715812   10.636428315591866 
   27.480444602252316   42.110172089297933 
   12.063238618886862   76.331204015353904 
   112.33377422797021   15.331714192430809 
   62.580035492858521   42.019454836709563 
   87.515184464856205    65.90702375050823 
   120.68311247921852   50.501032253171005 
   21.420025259468709   114.10665787242336 
   185.37600310555572    25.94517370648348 
   80.778246289526237   99.883104543386395 
   55.005734462314919   125.87164461998653 
   150.36612203898198   70.793128932233856 
   185.38431656592942   63.518357042237483 
   111.72569787120672   114.85475104763498 
   144.91679142652077   105.04357144421083 
   74.273957000575166   157.98976102779721 
   108.38187523874899   148.95197635671951 
   244.04325639783218   73.260189149218675 
   36.309056310353263   206.25297612802606 
   211.96717816390984   92.770183940511032 
   71.587286109270181   193.80991054084072 
   166.26643760736295   134.29513935304831 
   141.08018481993611   161.33187787295157 
   202.63834412544344   134.13229741050944 
   106.66501425970708   211.56497391148622 
   142.67892681289896   195.94686823295734 
   211.42926034747137   175.26734695214301 
   180.27590351947447   202.69413409972964 
   108.31565505793114   248.12995163905651 
   246.07404245968382   192.38260578764852 
