   122.39619672067504   6.2792623253396638 
   48.602679843918814   31.212853412064874 
   16.303937707764522   47.764660147696631 
   109.68591597190107   41.567900229697649 
   75.723594152941786   55.411596441880455 
   192.79228507258773   28.924735754537721 
   25.439383295533275   83.100926936957336 
   168.06653154741764    56.68511982030158 
   228.26491601035588   41.394893613023271 
   132.04967949173948   68.168758578843097 
   60.839296433509219    89.92686336547952 
   3.0670490089441955   110.02531542409822 
   181.96605404697658   89.233650984509609 
   125.01058587030545   106.55649651928213 
   66.325230911325292   126.72389964880156 
   238.18227643468646   77.685926827976004 
   7.7019627182505017   147.47019066734549 
   101.26165363622972    135.6212085281588 
    213.9033833045909   102.65215019600149 
   158.93766655641176   115.55331297991287 
   43.409662044084769   158.18858650675992 
    176.8406131547396   145.08062416743246 
   212.86573543650721   138.78407055727104 
    100.5226086078432   174.53120959203662 
   66.289033403458589   190.56332802533109 
    161.5395737939368   176.15535017590383 
   129.91890988545867   194.58793532242811 
   236.28533988666499   166.06725899915946 
   62.312703839285938   230.69907837559671 
   187.55756928267033   198.62664006315501 
    222.1570238868124   197.74025543774192 
   140.21780344268819   230.59863641066653 
   175.50267334830676   230.69658561327211 
