   145.28825599999999                    1 
   251.19059200000001    2.064447999999993 
   215.10816000000005   9.5621759999999991 
   84.710464000000044   31.805247999999985 
   147.31116800000001            37.063744 
   215.37926399999998   45.084223999999992 
   179.93119999999999   51.486783999999986 
    6.757696000000033   53.398335999999986 
    50.06880000000001   54.208575999999994 
           114.597696   55.570495999999956 
   237.69913600000001   79.466559999999987 
   180.86176000000006   84.940863999999962 
   120.42502400000004   91.441727999999969 
   54.824512000000048   92.854848000000032 
           153.273664   102.57286400000002 
   210.72543999999999   102.82451199999996 
    22.79865600000003   109.70707199999997 
   107.89894400000003   125.63283199999996 
   198.05088000000006   135.95654400000004 
   74.488896000000025   125.20556800000004 
   162.39161599999997   136.62777599999998 
   26.072640000000046   145.37478400000001 
           131.774528   153.90598399999999 
   251.35315200000005   165.62438400000002 
   216.04588800000002   164.41247999999996 
   58.846784000000028   158.37907200000001 
           132.404032           189.617728 
   199.17369600000001   195.29094399999994 
   66.387007999999966           194.588224 
   164.94854400000003   206.70342399999998 
   101.02252799999997   207.92147199999999 
   225.17459200000002   221.26777599999997 
   3.7212800000000241   202.89132799999999 
   37.106495999999972   219.18495999999996 
           169.968448   243.38847999999999 
   107.46041599999998   242.95686399999994 
   206.31788800000004   252.70380799999992 
