   207.01597705622567   186.40550162246305 
   207.01597705622567   250.40550162246302 
   118.57408613189403   186.40550162246305 
   118.57408613189403   250.40550162246302 
   74.353140669728262   130.17510162246305 
   162.79503159405985   178.63590162246305 
   162.79503159405985   242.63590162246308 
   74.353140669728262   194.17510162246305 
   207.01597705622567   58.405501622463049 
   207.01597705622567   122.40550162246308 
   118.57408613189403   58.405501622463049 
   118.57408613189403   122.40550162246308 
   74.353140669728262   2.1751016224630697 
   162.79503159405985   50.635901622463095 
   162.79503159405985   114.63590162246304 
   74.353140669728262   66.175101622463089 
