   168.31831636675651   163.94393215421795 
   151.75389748019518   225.76318503671831 
   82.890009797103858   141.05348639812112 
   66.325590910542516   202.87273928062152 
   54.729354946010332    75.29386793750794 
   127.61508353475874     144.993851976234 
    111.0506646481974   206.81310485873439 
   38.164936059449005   137.11312082000831 
   201.44715413987916   40.305426389217203 
    184.8827352533178    102.1246792717176 
    116.0188475702265   17.414980633120393 
   99.454428683665171   79.234233515620801 
   21.600517172887681   198.93237370250867 
   160.74392130788138   21.355346211233297 
   144.17950242132005   83.174599093733647 
   71.293773832571659    13.47461505500759 
