   101.86762443198688   66.117612199785967 
   69.867624431986883   121.54323804199005 
   178.46054873119044   110.33855766195175 
   146.46054873119044   165.76418350415582 
   168.27928658158865    39.53113006590835 
   220.64181088079224   125.72035941579105 
   188.64181088079218   181.14598525799514 
   136.27928658158865   94.956755908112413 
   37.867624431986897   176.96886388419412 
   133.86762443198685   10.691986357581891 
   114.46054873119046   221.18980934635988 
   210.46054873119041   54.912931819747683 
   104.27928658158865   150.38238175031651 
   156.64181088079218   236.57161110019925 
   252.64181088079221   70.294733573586996 
    72.27928658158865    205.8080075925206 
