   78.014856071497746   67.693445477087963 
   32.760022075558709   112.94827947302701 
   140.55271688505357   130.23130629064377 
   95.297882889114533   175.48614028658284 
    149.0446836271077   59.201478735033838 
    177.3155841389385   156.00629985031472 
   132.06075014299947   201.26113384625376 
   103.78984963116866   104.45631273097288 
   123.26969006743678   22.438611481148918 
   50.043048893175516   220.74097428252188 
   185.80755088099264   84.976472294704735 
   58.535015635229634   149.71114672691192 
   86.805916147060401   246.51596784219282 
   222.57041813487757   110.75146585437567 
   194.29951762304671   13.946644739094811 
