   151.10846106732689   53.503642376806205 
   95.682835225122815   85.503642376806212 
    195.3294065294927   130.09656667600976 
   139.90378068728862   162.09656667600976 
   221.91588866337025   63.684904526407976 
   224.16855023781915   164.50822882561152 
   168.74292439561512   196.50822882561152 
   166.49026282116623    95.68490452640799 
   40.257209382918781   117.50364237680621 
   206.53408690953097   21.503642376806198 
   84.478154845084589   194.09656667600976 
   250.75503237169679   98.096566676009729 
   111.06463697896216     127.684904526408 
   113.31729855341104   228.50822882561152 
   55.639011136758079   159.68490452640802 
