   168.25684897630731   175.63562552707876 
   106.43759609380695   192.20004441364009 
   145.36640322021051   90.207318957426125 
    83.54715033771015   106.77173784398745 
   188.23557592472693   32.939667238867003 
   164.31648339819444   130.91055178942386 
   102.49723051569407   147.47497067598519 
   126.41632304222658    49.50408612542833 
   44.618343211306566   208.76446330020141 
   230.07610185880768   159.07120664051743 
   21.727897455209767   123.33615673054878 
   207.18565610271088   73.642900070864812 
   64.597070159726201   66.068505011989657 
   40.677977633193677   164.03938956254655 
    226.1357362806948   114.34613290286256 
   2.7778172772257932   82.632923898550999 
