   40.827814960843774   42.014975698422525 
   40.827814960843774    115.9172558287157 
   72.827814960843781   60.490545730995819 
   72.827814960843781   97.441685796142409 
   40.827814960843774   152.86839589386227 
   40.827814960843774   226.77067602415542 
   72.827814960843781   171.34396592643557 
   72.827814960843781   208.29510599158215 
   104.82781496084378   42.014975698422525 
   104.82781496084378    115.9172558287157 
   136.82781496084377   60.490545730995819 
   136.82781496084377   97.441685796142409 
   104.82781496084378   152.86839589386227 
   104.82781496084378   226.77067602415542 
   136.82781496084377   171.34396592643557 
   136.82781496084377   208.29510599158215 
   168.82781496084377   42.014975698422525 
   168.82781496084377    115.9172558287157 
   200.82781496084377   60.490545730995819 
   200.82781496084377   97.441685796142409 
   168.82781496084377   152.86839589386227 
   168.82781496084377   226.77067602415542 
   200.82781496084377   171.34396592643557 
   200.82781496084377   208.29510599158215 
    232.8278149608438   42.014975698422525 
    232.8278149608438    115.9172558287157 
   8.8278149608437797   60.490545730995819 
   8.8278149608437797   97.441685796142409 
    232.8278149608438   152.86839589386227 
    232.8278149608438   226.77067602415542 
   8.8278149608437797   171.34396592643557 
   8.8278149608437797   208.29510599158215 
