   123.36996667397088    148.6644544182225 
    59.36996667397085    148.6644544182225 
   123.36996667397088    60.22256349389091 
    59.36996667397085    60.22256349389091 
   179.60036667397085   192.88539988038832 
   131.13956667397088   104.44350895605672 
   67.139566673970847   104.44350895605672 
   115.60036667397087   192.88539988038832 
   251.36996667397088    148.6644544182225 
   187.36996667397085    148.6644544182225 
   251.36996667397088   60.222563493890902 
   187.36996667397085    60.22256349389091 
   51.600366673970854   192.88539988038832 
   3.1395666739708301   104.44350895605672 
   195.13956667397085   104.44350895605672 
   243.60036667397083   192.88539988038832 
