   29.250476514865809   47.131252829997784 
   10.123158940644341   118.51537382949739 
   55.378273562560629   73.259492523153355 
    45.81461477544989   108.95155302290317 
   38.814135301976549   11.439192330247993 
   26.687297201228422   180.33567402240277 
   74.505591136782087   1.8753715236537443 
   91.069729397366174   63.695671716559104 
    71.94241182314471   135.07979271605871 
     117.197526445061   89.823911409714682 
   107.63386765795029   125.51597190946448 
   62.378753036033977   170.77185321580851 
    100.6333881844769   28.003611216809301 
   88.506550083728811    196.9000929089641 
   136.32484401928247   18.439790410215085 
   152.88898227986658   80.260090603120446 
    133.7616647056451   151.64421160262006 
   179.01677932756135   106.38833029627601 
   169.45312054045064   142.08039079602582 
   124.19800591853435   187.33627210236983 
   162.45264106697729   44.568030103370639 
   150.32580296622916    213.4645117955254 
   198.14409690178283   35.004209296776402 
   214.70823516236695   96.824509489681759 
   195.58091758814547   168.20863048918136 
   240.83603221006175   122.95274918283732 
   231.27237342295101   158.64480968258715 
   186.01725880103476   203.90069098893116 
   224.27189394947769   61.132448989931959 
   212.14505584872956   230.02893068208675 
