   69.905303362766489   99.354452750868063 
   32.954163297619907   163.35570474129591 
   88.380331267581866   131.35476574847502 
   69.904761235008579   163.35539174368893 
   125.33201346048635   3.3525747652263234 
   88.380873395339776   67.353826755654168 
    143.8070413653017   35.352887762833305 
   125.33147133272843     67.3535137580472 
   125.33092920497057   131.35445275086806 
   88.379789139823998   195.35570474129591 
   143.80595710978596   163.35476574847505 
   125.33038707721268   195.35539174368893 
   180.75763930269042   35.352574765226315 
   143.80649923754385   99.353826755654154 
   199.23266720750581   67.352887762833291 
   180.75709717493251     99.3535137580472 
   180.75655504717463   163.35445275086803 
   143.80541498202805   227.35570474129585 
   199.23158295199002   195.35476574847502 
   180.75601291941675   227.35539174368893 
   236.18326514489448   67.352574765226294 
    199.2321250797479   131.35382675565415 
    254.6582930497099   99.352887762833291 
    236.1827230171366    131.3535137580472 
   236.18218088937874   195.35445275086806 
   32.954705425377782   99.354765748475018 
   14.479135392804505   131.35539174368893 
   254.65775092195202   163.35382675565415 
    88.38141552309763   3.3528877628333089 
   69.905845490524356   35.353513758047193 
