   53.166931352979724   63.167448880408294 
   62.730147494629719   98.859066734697336 
   36.601745781990644   124.98746844733641 
   79.295333065618792   37.039047167769212 
   141.11535263254692   20.473861596780139 
   114.98695091990785   46.602263309419193 
   98.421765348918768   108.42228287634732 
   46.164961923640639   160.67908630162546 
   107.98498149056876   144.11390073063637 
   81.856579777929696   170.24230244327546 
   176.80697048683598   30.037077738430089 
   124.55016706155783   82.293881163708235 
   186.37018662848595   65.728695592719177 
   160.24178491584689   91.857097305358252 
   143.67659934485783   153.67711687228635 
   91.419795919579684   205.93392029756453 
   153.23981548650781   189.36873472657541 
   127.11141377386873   215.49713643921447 
   222.06180448277502   75.291911734369123 
    169.8050010574969   127.54871515964729 
   231.62502062442499   110.98352958865821 
   205.49661891178593   137.11193130129726 
   188.93143334079687   198.93195086822541 
   136.67462991551872   251.18875429350356 
   198.49464948244685   234.62356872251445 
   215.05983505343593   172.80354915558632 
   250.75145290772497   182.36676529723633 
