    158.9616444107744    31.93058260582584 
   94.960392420346579   68.881722670972422 
   158.96133141316744   68.881180543214526 
   126.96070541795355   87.356750575787814 
   62.959766425132663   87.357292703545724 
   62.959453427525702    124.3078906409344 
   30.958827432311782    142.7834606735077 
    190.9616444107744   87.356208448029903 
   126.96039242034658   124.30734851317649 
   190.96133141316744    124.3068063854186 
   158.96070541795353   142.78237641799191 
   94.959766425132656   142.78291854574979 
   30.958514434704856   179.73405861089634 
   94.959453427525702   179.73351648313849 
   62.958827432311786   198.20908651571176 
    222.9616444107744     142.781834290234 
   158.96039242034661   179.73297435538058 
   222.96133141316744    179.7324322276227 
   190.96070541795356     198.208002260196 
   126.95976642513267   198.20854438795385 
    62.95851443470486   235.15968445310043 
   126.95945342752572   235.15914232534254 
   94.958827432311807   253.63471235791584 
   254.96164441077443   198.20746013243806 
   190.96039242034658   235.15860019758463 
   126.96133141316744   13.455554701010451 
    94.96070541795352   31.931124733583754 
    158.9597664251327   253.63417023015796 
   30.959453427525698   68.882264798730347 
