   204.19178632656681   57.614493198305645 
   130.28950619627366   57.614493198305645 
   185.71621629399351   89.614493198305652 
   148.76507622884694   89.614493198305652 
   93.338366131127088   57.614493198305645 
   19.436086000833939   57.614493198305659 
   74.862796098553787   89.614493198305652 
   37.911656033407198   89.614493198305652 
   204.19178632656681   121.61449319830565 
   130.28950619627366   121.61449319830565 
   185.71621629399351   153.61449319830567 
   148.76507622884694   153.61449319830567 
   93.338366131127088   121.61449319830565 
   19.436086000833939   121.61449319830565 
   74.862796098553787   153.61449319830567 
   37.911656033407198   153.61449319830567 
   204.19178632656681   185.61449319830567 
   130.28950619627366   185.61449319830567 
   185.71621629399351   217.61449319830567 
   148.76507622884694   217.61449319830567 
   93.338366131127088   185.61449319830567 
   19.436086000833939   185.61449319830567 
   74.862796098553787   217.61449319830567 
   37.911656033407198   217.61449319830567 
   204.19178632656681   249.61449319830564 
   130.28950619627366   249.61449319830564 
   185.71621629399348   25.614493198305642 
   148.76507622884694   25.614493198305642 
   93.338366131127088   249.61449319830564 
   19.436086000833939   249.61449319830564 
   74.862796098553773   25.614493198305642 
   37.911656033407183   25.614493198305642 
