   103.35144928571614   16.280725093619722 
   165.17174947862154   32.844863354203824 
   129.47968897887171   42.408522141314549 
   67.659388785966357   25.844383880730454 
   58.095567979372106   61.535839715536021 
   22.403507479622291   71.099498502646753 
   191.29998917177707   58.972660401898644 
   119.91586817227747   78.099977976120101 
   181.73616836518283   94.664116236704189 
   146.04410786543303   104.22777502381493 
    84.22380767252767   87.663636763230841 
   12.839686673028066   106.79095433745229 
   74.659986865933419   123.35509259803639 
   38.967926366183612   132.91875138514715 
    207.8644080583384   120.79191328439902 
    136.4802870588388   139.91923085862047 
   198.30058725174416   156.48336911920455 
   162.60852675199436   166.04702790631529 
   100.78822655908901   149.48288964573121 
   29.404105559589386   168.61020721995268 
   91.224405752494761   185.17434548053677 
   55.532345252744939   194.73800426764748 
   224.42882694489975   182.61116616689938 
   153.04470594540012   201.73848374112086 
   214.86500613830552   218.30262200170495 
   179.17294563855572   227.86628078881569 
   117.35264544565034   211.30214252823157 
   45.968524446150717   230.42946010245305 
   107.78882463905609   246.99359836303719 
   72.096764139306288    256.5572571501479 
