   79.605356737080172   45.830398760097083 
   79.605356737080172   131.16373209343041 
   116.55577396521623   67.163732093430411 
   116.55577396521623   109.83039876009708 
   79.605356737080172   173.83039876009707 
   79.605356737080172   3.1637320934304314 
   116.55577396521623   195.16373209343041 
   116.55577396521623   237.83039876009707 
   153.50619119335227   45.830398760097083 
   153.50619119335227   131.16373209343041 
   190.45660842148831   67.163732093430411 
   190.45660842148831   109.83039876009708 
   153.50619119335227   173.83039876009707 
   153.50619119335227   3.1637320934304314 
   190.45660842148831   195.16373209343041 
   190.45660842148831   237.83039876009707 
   227.40702564962439   45.830398760097083 
   227.40702564962439   131.16373209343041 
   42.654939508944153   67.163732093430411 
   42.654939508944153   109.83039876009708 
   227.40702564962439   173.83039876009707 
   227.40702564962439   3.1637320934304314 
   42.654939508944153   195.16373209343041 
   42.654939508944153   237.83039876009707 
