    50.23911268772185    79.07317719065037 
   102.49489386709632    26.81739601127591 
   91.451947942722114   68.030231266276147 
   39.196166763347627   120.28601244565061 
   17.110274914599188    202.7116829556511 
   69.366056093973668   150.45590177627665 
   58.323110169599445   191.66873703127689 
   143.70772912209654    15.77445008690168 
   121.62183727334812   98.200120596902181 
    173.8776184527226   45.944339417527715 
   162.83467252834836   87.157174672527958 
    110.5788913489739   139.41295585190241 
   88.492999500225451   221.83862636190295 
   140.74878067959992   169.58284518252847 
   129.70583475522571   210.79568043752872 
   215.09045370772282   34.901393493153499 
    193.0045618589744   117.32706400315398 
   245.26034303834888   65.071282823779526 
   234.21739711397467   106.28411807877977 
   181.96161593460019   158.53989925815424 
   159.87572408585174   240.96556976815472 
   212.13150526522625   188.70978858878027 
   201.08855934085202   229.92262384378051 
