   140.06302626447294   1.4407954749415359 
   97.396359597806281   75.341629931213632 
   161.39635959780628   38.391212703077585 
   140.06302626447294   75.341629931213632 
   76.063026264472938   112.29204715934969 
   33.396359597806274   186.19288161562181 
   97.396359597806281   149.24246438748574 
   76.063026264472953   186.19288161562179 
   204.06302626447294   38.391212703077585 
   161.39635959780628   112.29204715934966 
   225.39635959780628   75.341629931213618 
   204.06302626447294   112.29204715934966 
   140.06302626447294   149.24246438748574 
   97.396359597806281   223.14329884375786 
   161.39635959780628   186.19288161562176 
   140.06302626447294   223.14329884375783 
   225.39635959780628   149.24246438748574 
    97.39635959780631    1.440795474941557 
   76.063026264472981   38.391212703077606 
   204.06302626447294   186.19288161562179 
   33.396359597806317   112.29204715934971 
   12.063026264472985   149.24246438748574 
