   112.21298726246044   52.309592509328141 
   51.873208601208404    112.6493711705802 
   123.25593318683468   93.522427764328398 
   93.086043856208661   123.69231709495442 
    21.70331927058238   142.81926050120626 
   142.38287659308648   22.139703178702103 
   32.746265194956614   184.03209575620647 
   183.59571184808672   33.182649103076315 
   164.46876844183492   104.56537368870259 
   104.12898978058287   164.90515234995465 
   175.51171436620913   145.77820894370288 
   145.34182503558313   175.94809827432888 
   73.959100449956836   195.07504168058068 
   194.63865777246093   74.395484358076573 
   85.002046374331073   236.28787693558095 
    235.8514930274612   85.438430282450767 
   216.72454962120941   156.82115486807709 
   156.38477095995736   217.16093352932916 
    71.00015200746023   41.266646584953975 
   40.830262676834217   71.436535915579995 
   126.21488162933132   247.33082285995516 
   246.89443895183541   126.65126553745104 
