   125.60619599066777   39.515284930799119 
   51.705361534395671   82.181951597465797 
   125.60619599066777   82.181951597465812 
   88.655778762531725   103.51528493079914 
   14.754944306259608   103.51528493079914 
   162.55661321880379    18.18195159746578 
   14.754944306259629    146.1819515974658 
   199.50703044693989   39.515284930799112 
   162.55661321880382   103.51528493079913 
   88.655778762531725    146.1819515974658 
   162.55661321880379   146.18195159746577 
   125.60619599066777   167.51528493079911 
   51.705361534395671   167.51528493079914 
   199.50703044693984   82.181951597465783 
   51.705361534395692    210.1819515974658 
   236.45744767507594   103.51528493079908 
   199.50703044693989   167.51528493079911 
   125.60619599066779    210.1819515974658 
   199.50703044693989   210.18195159746583 
   162.55661321880385   231.51528493079914 
   88.655778762531725   231.51528493079911 
   236.45744767507594   146.18195159746577 
