   209.52638398841839   36.186446816152795 
   127.10071347841787   58.272338664901241 
   198.48343806404412   77.399282071153038 
   157.27060280904391   88.442227995527247 
    85.88787822341763    69.31528458927545 
   3.4622077134171483   91.401176438023882 
   74.844932299043407   110.52811984427568 
   33.632097044043185    121.5710657686499 
   228.65332739467019   107.56917140177907 
   146.22765688466967   129.65506325052752 
   217.61038147029598   148.78200665677932 
    176.3975462152957   159.82495258115352 
   105.01482162966943   140.69800917490173 
   22.589151119668955   162.78390102365017 
   93.971875705295218   181.91084442990197 
   52.759040450295004   192.95379035427615 
   247.78027080092195   178.95189598740532 
   165.35460029092147    201.0377878361538 
   179.35649465779235   6.0165574855267909 
   138.14365940279211   17.059503409901001 
   124.14176503592124   212.08073376052801 
   41.716094525920759   234.16662560927642 
   55.717988892791602   39.145395258649444 
   14.505153637791379   50.188341183023653 
