   245.56696942292714   77.355972813381186 
   160.23363608959383     77.3559728133812 
   224.23363608959386   114.30639004151726 
   181.56696942292714   114.30639004151726 
   117.56696942292716     77.3559728133812 
   32.233636089593816   77.355972813381214 
    96.23363608959383   114.30639004151726 
   53.566969422927166   114.30639004151726 
   245.56696942292714   151.25680726965331 
   160.23363608959383   151.25680726965331 
   224.23363608959386   188.20722449778933 
   181.56696942292714   188.20722449778933 
   117.56696942292716   151.25680726965331 
   32.233636089593816   151.25680726965331 
    96.23363608959383   188.20722449778933 
   53.566969422927166   188.20722449778933 
   245.56696942292714    225.1576417259254 
   160.23363608959383    225.1576417259254 
   224.23363608959386   40.405555585245175 
   181.56696942292714   40.405555585245182 
   117.56696942292716    225.1576417259254 
   32.233636089593816    225.1576417259254 
    96.23363608959383   40.405555585245182 
   53.566969422927158   40.405555585245182 
