   145.54319532448025   118.70129366504175 
   160.40241580229596   161.36881366504176 
   83.680299542910291   204.03633366504175 
   113.40057214359288    33.37393366504174 
   98.540435843251601   246.70641366504174 
   128.26070844393419   76.041453665041743 
   53.960942764753305   118.70129366504175 
   68.820163242569009   161.36881366504176 
   175.26255210263724   204.03633366504175 
   204.98282470331984    33.37393366504174 
   190.12268840297855   246.70641366504174 
   219.84296100366115   76.041453665041743 
