   141.49912565980284    174.0257882425453 
   104.13131540313363   199.42185984388362 
   43.060511022929482   136.35715308468323 
   215.59990333410028   120.89405255112949 
   5.6904650284564671   161.75477187940677 
   178.23233010974255   146.29100876909754 
   117.79589450395645    85.56412526537693 
   80.428084247287202   110.96019686671519 
     66.7637421787759   224.81881606185163 
   191.89667217825388   32.432389573961117 
    29.39369618430289   250.21643485657518 
   154.52909895389615    57.82934579192915 
