   219.14609429499686   140.80285036160416 
   176.47857429499683   155.66207083941984 
   133.81105429499684   78.939954580034168 
    48.47345429499682   108.66022718071677 
   91.140974294996823   93.800090880375464 
    5.805934294996808   123.52036348105807 
   219.14609429499686    49.22059780187719 
   176.47857429499683   64.079818279692887 
   133.81105429499684   170.52220713976112 
    48.47345429499682   200.24247974044374 
   91.140974294996823    185.3823434401024 
    5.805934294996808   215.10261604078505 
