   72.268121483024032   81.485786097042549 
    114.9347881496907   124.15245276370922 
    114.9347881496907   81.485786097042549 
   72.268121483024032   124.15245276370922 
   72.268121483024032   166.81911943037588 
    114.9347881496907   209.48578609704253 
    114.9347881496907   166.81911943037588 
   72.268121483024032   209.48578609704253 
   72.268121483024032   252.15245276370922 
    114.9347881496907    38.81911943037592 
    114.9347881496907   252.15245276370922 
   72.268121483024032    38.81911943037592 
   157.60145481635735   81.485786097042549 
   200.26812148302403   124.15245276370922 
   200.26812148302403   81.485786097042549 
   157.60145481635735   124.15245276370922 
   157.60145481635735   166.81911943037588 
   200.26812148302403   209.48578609704253 
   200.26812148302403   166.81911943037588 
   157.60145481635735   209.48578609704253 
   157.60145481635735   252.15245276370922 
   200.26812148302403    38.81911943037592 
   200.26812148302403   252.15245276370922 
   157.60145481635735    38.81911943037592 
   242.93478814969069   81.485786097042549 
   29.601454816357375   124.15245276370922 
   29.601454816357375   81.485786097042549 
   242.93478814969069   124.15245276370922 
   242.93478814969069   166.81911943037588 
   29.601454816357375   209.48578609704253 
   29.601454816357375   166.81911943037588 
   242.93478814969069   209.48578609704253 
   242.93478814969069   252.15245276370922 
   29.601454816357375    38.81911943037592 
   29.601454816357375   252.15245276370922 
   242.93478814969069    38.81911943037592 
