   82.107503526057016   48.209619010228828 
   97.724587420859748   106.49336957169822 
   119.05792075419308   69.542952343562163 
   60.774170192723687   85.160036238364896 
   39.440836859390373   122.11045346650091 
    55.05792075419307   180.39420402797032 
    76.39125408752642   143.44378679983427 
   18.107503526057027   159.06087069463698 
   140.39125408752639   32.592535115426116 
   33.724587420859756   217.34462125610636 
   103.44083685939034   11.259201782092795 
   156.00833798232912   90.876285676895492 
   171.62542187713183   149.16003623836488 
   192.95875521046517   112.20961901022882 
   134.67500464899578   127.82670290503155 
   113.34167131566248   164.77712013316759 
   128.95875521046517   223.06087069463698 
   150.29208854379851    186.1104534665009 
   92.008337982329138   201.72753736130363 
   70.675004648995809   238.67795458943968 
   214.29208854379851   75.259201782092774 
   177.34167131566247   53.925868448759452 
   229.90917243860127   133.54295234356215 
   23.823752964587662   63.826702905031574 
   45.157086297921005   26.876285676895524 
   208.57583910526793   170.49336957169822 
   187.24250577193459   207.44378679983424 
   2.4904196312543565   100.77712013316761 
   165.90917243860125   244.39420402797032 
   251.24250577193459   96.592535115426102 
