   87.236714065814397   63.809385915817344 
   117.40660339644043   116.06516709519181 
   128.44954932081464   74.852331840191582 
   76.193768141440174   105.02222117081757 
   65.150822217065951   146.23505642581785 
   95.320711547691999    198.4908376051923 
   106.36365747206622   157.27800235019208 
   54.107876292691742   187.44789168081809 
   43.064930368317512   228.66072693581836 
   139.49249524518885   33.639496585191353 
   84.277765623317777    239.7036728601926 
   98.279659990188591   22.596550660817137 
   169.66238457581488    85.89527776456579 
   199.83227390644095   138.15105894394026 
   210.87521983081513   96.938223688940013 
   158.61943865144065   127.10811301956602 
   147.57649272706644   168.32094827456629 
    177.7463820576925   220.57672945394074 
   188.78932798206671   179.36389419894053 
   136.53354680269223   209.53378352956653 
   125.49060087831801   250.74661878456681 
   221.91816575518936   55.725388433939791 
   180.70533050018906   44.682442509565561 
   252.08805508581537   107.98116961331424 
   34.980932886439938   93.979275246443379 
   46.023878810814161   52.766439991443136 
   241.04510916144116   149.19400486831447 
   230.00216323706695   190.40684012331471 
   12.895041037691497   176.40494575644385 
   23.937986962065715   135.19211050144364 
   218.95921731269272   231.61967537831492 
   57.066824735188369   11.553604736442917 
   1.8520951133172789   217.61778101144412 
