   172.81676310054812    33.78136554387963 
   157.19967920574541   92.065116105349034 
   194.15009643388146   70.731782772015691 
   135.86634587241207   55.114698877212973 
   98.915928644276008   76.448032210546316 
   83.298844749473318   134.73178277201569 
   120.24926197760935   113.39844943868238 
   61.965511416139975   97.781365543879645 
   25.015094188003925     119.114698877213 
    9.398010293201196   177.39844943868238 
   46.348427521337257   156.06511610534903 
   215.48342976721477   107.68220000015174 
   199.86634587241207   165.96595056162113 
   236.81676310054812   144.63261722828778 
   178.53301253907873   129.01553333348505 
   141.58259531094268    150.3488666668184 
      125.96551141614   208.63261722828781 
   162.91592864427605    187.2992838949545 
   104.63217808280666   171.68220000015174 
   67.681760854670586   193.01553333348508 
   52.064676959867882   251.29928389495453 
   89.015094188003928   229.96595056162116 
   30.731343626534539   214.34886666681842 
   114.53301253907874   18.164281649076962 
   221.19967920574541   202.91636778975715 
   184.24926197760939   224.24970112309049 
   40.632178082806654   60.830948315743619 
   77.582595310942693   39.497614982410283 
   147.29884474947332   245.58303445642383 
    3.681760854670582   82.164281649076969 
