   136.61951502981486   39.313862805907227 
    166.7894043604409   9.1439734752811841 
   106.44962569918883   9.1439734752812036 
   76.279736368562823   39.313862805907227 
   76.279736368562823   99.653641467159275 
   106.44962569918883   69.483752136533255 
   46.109847037936788   69.483752136533255 
   15.939957707310764   99.653641467159289 
   15.939957707310745   159.99342012841134 
   46.109847037936795   129.82353079778531 
   196.95929369106693   39.313862805907227 
   196.95929369106693   99.653641467159275 
   227.12918302169294   69.483752136533241 
    166.7894043604409   69.483752136533255 
   136.61951502981486   99.653641467159275 
   136.61951502981486   159.99342012841134 
    166.7894043604409   129.82353079778528 
   106.44962569918886   129.82353079778531 
   76.279736368562823   159.99342012841134 
   76.279736368562808   220.33319878966341 
   106.44962569918886   190.16330945903735 
   46.109847037936788   190.16330945903738 
   227.12918302169297   129.82353079778528 
   196.95929369106693   159.99342012841132 
   196.95929369106693   220.33319878966341 
     227.129183021693   190.16330945903735 
   166.78940436044093   190.16330945903735 
   136.61951502981489   220.33319878966341 
   166.78940436044093   250.50308812028942 
   106.44962569918886   250.50308812028942 
