   184.40971982259933   6.3936867328627462 
   154.23983049197329   58.649467912237228 
   195.45266574697357   47.606521987863005 
   143.19688456759908   17.436632657236963 
   101.98404931259884   28.479578581611182 
   71.814159981972793   80.735359760985659 
   113.02699523697305   69.692413836611451 
   60.771214057598577   39.522524505985402 
   19.558378802598352   50.565470430359618 
   236.66550100197378   36.563576063488789 
   30.601324726972571   91.778305685359882 
   206.49561167134775   88.819357242863248 
   176.32572234072174   141.07513842223773 
   217.53855759572195   130.03219249786352 
    165.2827764163475   99.862303167237471 
   124.06994116134727   110.90524909161168 
   93.900051830721225   163.16103027098617 
    135.1128870857215   152.11808434661194 
   82.857105906347016    121.9481950159859 
   41.644270651346787   132.99114094036011 
   52.687216575720996   174.20397619536035 
   247.70844692634802   77.776411318489039 
   228.58150352009622   171.24502775286376 
   198.41161418947016   223.50080893223824 
   239.62444944447043   212.45786300786401 
   187.36866826509598     182.287973677238 
   146.15583301009571   193.33091960161224 
   115.98594367946968   245.58670078098669 
   157.19877893446994   234.54375485661248 
   104.94299775509545   204.37386552598642 
   63.730162500095226   215.41681145036063 
   74.773108424469442   256.62964670536087 
