   172.09400814144914   4.2344929133959957 
   129.42734147478248   46.901159580062654 
   172.09400814144914   46.901159580062654 
   129.42734147478248   4.2344929133959957 
   86.760674808115809   4.2344929133959957 
    44.09400814144913   46.901159580062661 
   86.760674808115823   46.901159580062654 
    44.09400814144913   4.2344929133959957 
    1.427341474782492   4.2344929133959957 
   214.76067480811579    46.90115958006264 
    1.427341474782492   46.901159580062661 
   214.76067480811579   4.2344929133959957 
   172.09400814144917   89.567826246729325 
   129.42734147478248     132.234492913396 
   172.09400814144917     132.234492913396 
   129.42734147478248   89.567826246729325 
   86.760674808115823   89.567826246729325 
   44.094008141449137     132.234492913396 
   86.760674808115823     132.234492913396 
   44.094008141449137   89.567826246729325 
    1.427341474782492   89.567826246729325 
   214.76067480811579     132.234492913396 
    1.427341474782492     132.234492913396 
   214.76067480811579   89.567826246729325 
   172.09400814144917   174.90115958006265 
   129.42734147478248   217.56782624672934 
   172.09400814144917   217.56782624672934 
   129.42734147478248   174.90115958006265 
   86.760674808115823   174.90115958006265 
   44.094008141449152   217.56782624672934 
   86.760674808115823   217.56782624672934 
   44.094008141449137   174.90115958006265 
    1.427341474782492   174.90115958006265 
   214.76067480811579   217.56782624672934 
    1.427341474782492   217.56782624672934 
   214.76067480811579   174.90115958006265 
