   55.427822563039761   48.677168153568061 
   85.597711893665789   91.343834820234733 
   55.427822563039761   134.01050148690138 
   85.597711893665789   176.67716815356806 
   55.427822563039761   219.34383482023472 
   85.597711893665789   6.0105014869014051 
   115.76760122429181   48.677168153568061 
   145.93749055491784   91.343834820234733 
   115.76760122429181   134.01050148690138 
   145.93749055491784   176.67716815356806 
   115.76760122429181   219.34383482023472 
   145.93749055491784   6.0105014869014051 
   176.10737988554385   48.677168153568061 
   206.27726921616988   91.343834820234733 
   176.10737988554385   134.01050148690138 
   206.27726921616988   176.67716815356806 
   176.10737988554385   219.34383482023472 
   206.27726921616988   6.0105014869014051 
   236.44715854679595   48.677168153568061 
   25.257933232413748   91.343834820234733 
   236.44715854679595   134.01050148690138 
   25.257933232413748   176.67716815356806 
   236.44715854679595   219.34383482023472 
   25.257933232413748   6.0105014869014051 
