   66.069407992931318   11.405197398202519 
   84.168337349291789   60.426574600604134 
   43.983516144182886   93.830867908203018 
   62.082445500543344   142.85224511060463 
   21.897624295434458   176.25653841820355 
   39.996553651794912   225.27791562060514 
   124.35315855440069   27.022281293005232 
   142.45208791076118   76.043658495406845 
   102.26726670565225   109.44795180300574 
   120.36619606201275   158.46932900540733 
    80.18137485690383   191.87362231300622 
   98.280304213264301   240.89499951540787 
   182.63690911587005   42.639365187807961 
   200.73583847223051   91.660742390209563 
   160.55101726712164   125.06503569780844 
   178.64994662348212   174.08641290021004 
   138.46512541837322   207.49070620780893 
   156.56405477473368   256.51208341021061 
   240.92065967733947   58.256449082610672 
   218.83476782859105   140.68211959261117 
   236.93369718495148   189.70349679501277 
   196.74887597984261   223.10779010261169 
