   90.679901830814345   55.361266629155281 
   95.474459087168256   107.39662852260435 
   48.013235164147694   129.26210108542739 
   52.807792420501585   181.29746297887644 
    5.346568497481031   203.16293554169948 
   138.14112575383493   33.495794066332259 
   142.93568301018882   85.531155959781316 
   147.73024026654272   137.56651785323038 
   100.26901634352218   159.43199041605342 
   105.06357359987607   211.46735230950247 
   57.602349676855511   233.33282487232552 
   190.39690693320938   63.665683396958279 
   195.19146418956331   115.70104529040732 
    199.9860214459172   167.73640718385639 
   152.52479752289665   189.60187974667943 
   157.31935477925052   241.63724164012851 
   242.65268811258383   93.835572727584307 
   247.44724536893773   145.87093462103334 
   43.218677907793804   77.226739191978353 
   204.78057870227107   219.77176907730546 
   85.885344574460461   3.3259047357062546 
