   168.61606887414382   37.483451211262633 
   116.58070698069474    32.68889395490875 
   94.715234417871713   80.150117877929318 
   42.679872524422656   75.355560621575435 
   20.814399961599612     122.816784544596 
   220.65143076759287    42.27800846761653 
   198.78595820476986   89.739232390637113 
   146.75059631132078   84.944675134283202 
   124.88512374849776    132.4058990573038 
   72.849761855048683   127.61134180094989 
   50.984289292225647   175.07256572397048 
   250.82132009821893   94.533789646990996 
   228.95584753539589   141.99501357001157 
   176.92048564194681    137.2004563136577 
    155.0550130791238   184.66168023667825 
   103.01965118567472   179.86712298032438 
   81.154178622851674   227.32834690334494 
   207.09037497257285   189.45623749303215 
   64.545345087245678   27.894336698554838 
   133.18954051630075   232.12290415969878 
