   140.98933330780417   4.6928424971891065 
   132.15277731051148   56.196065161148482 
   80.649554646552119   65.032621158441174 
   71.812998649259413   116.53584382240054 
   20.309775985300057   125.37239981969324 
    11.47321998800736   176.87562248365262 
   183.65599997447083   47.359509163855776 
   174.81944397717814   98.862731827815139 
   123.31622131321878   107.69928782510785 
   114.47966531592608   159.20251048906718 
   62.976442651966728    168.0390664863599 
   54.139886654674015   219.54228915031928 
   226.32266664113752   90.026175830522419 
    217.4861106438448    141.5293984944818 
   165.98288797988545   150.36595449177449 
   157.14633198259273   201.86917715573384 
   105.64310931863339   210.70573315302656 
    89.48611064384481   13.529398494481825 
   208.64955464655213    193.0326211584412 
   29.146331982592759    73.86917715573388 
   148.30977598530006   253.37239981969324 
