   197.34870188832255   21.558841384410862 
   163.94440858072363   61.743662589519779 
   114.92303137832204     43.6447332331593 
   81.518738070723145   83.829554438268218 
   32.497360868321579   65.730625081907732 
   212.96578578312526   79.842591945880244 
   179.56149247552636   120.02741315098916 
   130.54011527312474   101.92848379462868 
   97.135821965525878   142.11330499973761 
   48.114444763124276   124.01437564337711 
    14.71015145552537   164.19919684848605 
   228.58286967792793   138.12634250734965 
   195.17857637032907   178.31116371245852 
   146.15719916792747   160.21223435609807 
   112.75290586032858     200.397055561207 
   63.731528657926994   182.29812620484651 
   30.327235350328081   222.48294740995539 
   244.19995357273072   196.41009306881901 
   148.32732468592093   3.4599120280503737 
   161.77428306273018   218.49598491756745 
   65.901654175920442   25.545803876798811 
   79.348612552729705    240.5818767663159 
