    217.9332479305788   23.150220969684984 
   175.26658126391217   53.320110300311015 
   132.59991459724549   23.150220969684984 
    89.93324793057883   53.320110300311015 
   47.266581263912173   23.150220969684984 
   4.5999145972454984   53.320110300311022 
    217.9332479305788   83.489999630937035 
   175.26658126391217   113.65988896156307 
   132.59991459724549   83.489999630937035 
    89.93324793057883   113.65988896156307 
   47.266581263912187   83.489999630937049 
   4.5999145972454984   113.65988896156307 
    217.9332479305788    143.8297782921891 
   175.26658126391217   173.99966762281511 
   132.59991459724549    143.8297782921891 
    89.93324793057883   173.99966762281511 
   47.266581263912187    143.8297782921891 
   4.5999145972454984   173.99966762281511 
    217.9332479305788   204.16955695344117 
   175.26658126391217   234.33944628406721 
   132.59991459724549   204.16955695344117 
    89.93324793057883   234.33944628406721 
   47.266581263912187   204.16955695344117 
   4.5999145972454984   234.33944628406721 
