   1.1149322705570834   73.395412976614168 
   65.114932270557091   73.395412976614168 
   65.114932270557091   137.39541297661415 
   1.1149322705570834   137.39541297661415 
   1.1149322705570834   201.39541297661415 
   65.114932270557091   201.39541297661415 
   65.114932270557091   9.3954129766141534 
   1.1149322705570834   9.3954129766141534 
   129.11493227055709   73.395412976614168 
   193.11493227055709   73.395412976614168 
   193.11493227055709   137.39541297661415 
   129.11493227055709   137.39541297661415 
   129.11493227055709   201.39541297661415 
   193.11493227055709   201.39541297661415 
   193.11493227055709   9.3954129766141534 
   129.11493227055709   9.3954129766141534 
