   105.76868582577043    99.89416440567318 
   167.58793870827083   116.45858329223451 
    151.0235198217095   178.27783617473489 
    89.20426693920912   161.71341728817356 
   72.639848052647793   223.53267017067392 
   134.45910093514817   240.09708905723528 
   184.15235759483215    54.63933040973415 
   122.33310471233177   38.074911523172815 
   229.40719159077119   133.02300217879585 
   43.949432943270089   83.329745519111853 
   27.385014056708751   145.14899840161226 
   212.84277270420986   194.84225506129624 
   196.27835381764854   256.66150794379661 
   10.820595170147417    206.9682512841126 
    60.51385182983141   21.510492636611492 
   245.97161047733252   71.203749296295484 
