   27.964613476650602   48.056975952232683 
   83.390239318854682    80.05697595223269 
    51.39023931885469   135.48260179443676 
    19.39023931885469   190.90822763664085 
   115.39023931885468   24.631350110028613 
   138.81586516105875   112.05697595223269 
   194.24149100326284   144.05697595223265 
   162.24149100326284   199.48260179443673 
   106.81586516105877   167.48260179443673 
   74.815865161058767   222.90822763664082 
   130.24149100326284   254.90822763664079 
   226.24149100326284   88.631350110028592 
   170.81586516105875   56.631350110028599 
