   126.39851751647505   96.188362648056781 
    171.6533515124141   141.44319664399583 
   126.39851751647508   186.69803063993484 
   81.143683520536001    141.4431966439958 
   35.888849524596978   186.69803063993484 
    81.14368352053603   231.95286463587388 
   216.90818550835314   96.188362648056767 
    171.6533515124141   50.933528652117722 
   216.90818550835314   186.69803063993487 
   81.143683520536001   50.933528652117751 
   35.888849524596978   96.188362648056781 
   171.65335151241413   231.95286463587388 
   126.39851751647505   5.6786946561786937 
