   120.34079013245656   89.603614344538272 
   152.34079013245656   145.02924018674236 
    96.91516429025252   177.02924018674236 
   64.915164290252505   121.60361434453827 
   9.4895384480484317   153.60361434453827 
   41.489538448048442   209.02924018674236 
   207.76641597466067   113.02924018674234 
   175.76641597466065   57.603614344538258 
   184.34079013245656   200.45486602894641 
   88.340790132456561   34.177988502334209 
   32.915164290252505   66.177988502334216 
   128.91516429025253   232.45486602894641 
   143.76641597466065   2.1779885023342112 
   239.76641597466067   168.45486602894641 
