   198.53825379785729   24.418517987654759 
   215.10267268441865   86.237770870155131 
   153.28341980191826   102.80218975671646 
   136.71900091535693    40.98293687421608 
   74.899748032856564   57.547355760777414 
   91.464166919417892   119.36660864327779 
   29.644914036917513    135.9310275298391 
   13.080495150356191   74.111774647338734 
   231.66709157097998   148.05702375265551 
   248.23151045754128    209.8762766351559 
   186.41225757504091    226.4406955217172 
   169.84783868847961   164.62144263921684 
   108.02858580597922   181.18586152577817 
   124.59300469254053   243.00511440827856 
   46.209332923478847   197.75028041233949 
