   147.16794934482371   199.39362974460209 
    104.5004293448237   78.722236323421043 
    189.8341893448237   139.06245832439711 
   125.83418934482371   139.06245832439711 
   83.167949344823697   199.39362974460209 
   168.50042934482371   78.722236323421043 
   19.167949344823697   199.39362974460209 
   232.50042934482369   78.722236323421043 
    61.83418934482372   139.06245832439711 
    253.8341893448237   139.06245832439711 
   211.16794934482371   199.39362974460209 
   40.500429344823708   78.722236323421043 
