   163.29176834382693   43.949379312518204 
   163.29176834382693    107.9493793125182 
   99.291768343826945    107.9493793125182 
   99.291768343826945   43.949379312518204 
   35.291768343826945   43.949379312518204 
   35.291768343826945    107.9493793125182 
    227.2917683438269    107.9493793125182 
    227.2917683438269   43.949379312518204 
   163.29176834382693    171.9493793125182 
   163.29176834382693    235.9493793125182 
   99.291768343826945    235.9493793125182 
   99.291768343826945    171.9493793125182 
   35.291768343826945    171.9493793125182 
   35.291768343826945    235.9493793125182 
    227.2917683438269    235.9493793125182 
    227.2917683438269    171.9493793125182 
