   123.35564343240567   76.083092861466156 
    66.52478528113356    123.3241048729321 
   133.33366927991986   203.69428594589843 
   71.514416397419481    187.1298670593371 
   61.536390549905271   59.518673974904829 
   128.34403816363397   139.88852375949341 
   246.99414919740639   109.21193063458881 
   190.16329104613433   156.45294264605477 
   9.6951635149190949    170.5654481727758 
   195.15292216242025   220.25870483245976 
   185.17489631490605   92.647511748027483 
   4.7055323986332063   106.75968598637078 
