   223.53102987661913   128.13552916116933 
   156.40976263965047   159.05793428400733 
   200.14085559960682   253.98097940684534 
   144.71522975740274   221.98097940684531 
   168.10540403441507   96.135529161169345 
   211.83538848185455    191.0579342840073 
   112.67977819221102   64.135529161169359 
   45.558510955242326   95.057934284007359 
    89.28960391519864   189.98097940684534 
   33.863978072994605   157.98097940684536 
   57.254152350006912   32.135529161169359 
   100.98413679744644   127.05793428400737 
