   162.19610147281938   195.46871963449959 
   88.606176349981411   188.68767439850703 
    235.7775485627906   202.25318164836085 
   203.77754856279057   146.82755580615679 
   130.19610147281941   140.04309379229554 
   120.60617634998142   244.11330024071108 
   98.196101472819407   84.617467950091495 
   24.606176349981421   77.836422714098916 
   171.77754856279054   91.401929963952711 
   139.77754856279057   35.976304121748683 
   66.196101472819379   29.191842107887403 
   56.606176349981439     133.262048556303 
