   193.27132272892882    137.0158689796981 
   123.94397715087749   111.41940810755951 
   87.745800634326486   209.46268938547931 
   71.181381747765158   147.64343650297894 
    176.7069038423675   75.196616097197733 
   140.50839603743881   173.23866099005988 
    160.1424849558062   13.377363214697416 
   157.07281492400014   235.05791387256028 
   54.616962861203824   85.824183620478536 
   38.052543974642518    24.00493073797821 
   209.83574161549015   198.83512186219849 
   107.37955826431617   49.600155225059176 
