   94.300491712610366   91.430735584568154 
   214.97188513379146   48.763215584568151 
   154.63166313281533   134.09697558456816 
   154.63166313281533   70.096975584568156 
   94.300491712610366   27.430735584568165 
   214.97188513379146   112.76321558456817 
   94.300491712610366    219.4307355845682 
   214.97188513379146   176.76321558456814 
   154.63166313281533   6.0969755845681766 
   154.63166313281533   198.09697558456816 
   94.300491712610366   155.43073558456817 
   214.97188513379146    240.7632155845682 
