   40.718847197691986   255.45914310734008 
   81.941311281279269   191.45914310734011 
   40.718847197691986    127.4591431073401 
   81.941311281279269    63.45914310734009 
   123.16377536486654   255.45914310734008 
   164.38623944845384   191.45914310734011 
   123.16377536486654    127.4591431073401 
   164.38623944845384    63.45914310734009 
   205.60870353204112   255.45914310734008 
    246.8311676156284   191.45914310734011 
   205.60870353204112    127.4591431073401 
    246.8311676156284    63.45914310734009 
