   64.590444819889598   145.43435982327389 
   120.97270638806141   94.284265731660511 
   97.719282593012238   21.795854058273125 
   87.843868614938756   217.92277149666126 
    144.2261301831106   166.77267740504792 
    200.6083917512824   115.62258331343455 
   177.35496795623322   43.134171640047164 
   167.47955397815974   239.26108907843528 
   223.86181554633154   188.11099498682196 
   41.337021024840404   72.945948149886462 
   256.99065331945417   64.472489221821206 
   8.2081832517177347   196.58445391488721 
