    8.758734929203202   37.837698861036337 
    81.24714660259059   61.091122656085481 
   132.39724069420396   4.7088610879136663 
   204.88565236759135   27.962284882962823 
   30.097052510977239    117.4733842242573 
   102.58546418436462   140.72680801930647 
   153.73555827597801   84.344546451134633 
    226.2239699493654   107.59797024618381 
   51.435370092751278    197.1090695874783 
   123.92378176613866   220.36249338252745 
   175.07387585775203   163.98023181435562 
   247.56228753113942   187.23365560940479 
