   74.627271076065483   62.668529737824976 
   138.62727107606551   103.89099382141227 
   202.62727107606551   62.668529737824976 
   10.627271076065528   103.89099382141227 
   74.627271076065483   145.11345790499954 
   138.62727107606551   186.33592198858685 
   202.62727107606551   145.11345790499954 
   10.627271076065528   186.33592198858685 
   74.627271076065483   227.55838607217413 
   138.62727107606551   21.446065654237685 
   202.62727107606551   227.55838607217413 
   10.627271076065528   21.446065654237696 
