   98.956614832439016   4.7454021397651323 
   98.956614832439016   68.745402139765133 
   128.10529919668244   68.745402139765133 
   128.10529919668244   4.7454021397651323 
   98.956614832439016   132.74540213976513 
   98.956614832439016   196.74540213976513 
   128.10529919668244   196.74540213976513 
   128.10529919668244   132.74540213976513 
   157.25398356092586   4.7454021397651323 
   157.25398356092586   68.745402139765133 
   186.40266792516928   68.745402139765133 
   186.40266792516928   4.7454021397651323 
   157.25398356092586   132.74540213976513 
   157.25398356092586   196.74540213976513 
   186.40266792516928   196.74540213976513 
   186.40266792516928   132.74540213976513 
    215.5513522894127   4.7454021397651323 
    215.5513522894127   68.745402139765133 
   69.807930468195565   68.745402139765133 
   69.807930468195565   4.7454021397651323 
    215.5513522894127   132.74540213976513 
    215.5513522894127   196.74540213976513 
   69.807930468195565   196.74540213976513 
   69.807930468195565   132.74540213976513 
