   50.542917522327279   97.875027990822915 
   33.978498635765938   159.69428087332329 
   62.133965665537012   167.23851552647156 
   78.698384552098346   105.41926264397118 
   17.414079749204621   221.51353375582363 
     67.1073364088886   36.055775108322528 
   95.262803438659674   43.600009761470794 
   45.569546778975692   229.05776840897187 
   106.85385158186942   112.96349729711943 
   90.289432695308093    174.7827501796198 
   118.44489972507918   182.32698483276806 
   135.00931861164051    120.5077319502677 
    73.72501380874678   236.60200306212013 
   123.41827046843076   51.144244414619052 
   151.57373749820184   58.688479067767311 
   101.88048083851785    244.1462377152684 
   163.16478564141156   128.05196660341596 
   146.60036675485026   189.87121948591633 
   174.75583378462133   197.41545413906459 
   191.32025267118266   135.59620125656423 
   130.03594786828893   251.69047236841666 
   179.72920452797291   66.232713720915569 
   207.88467155774396   73.776948374063835 
