   134.80941422910377    69.60389910688265 
   89.554580233164714    114.8587331028217 
   110.16581260978754   135.46996547944451 
   155.42064660572657   90.215131483505459 
   44.299746237225676   160.11356709876074 
    180.0642482250428   24.349065110943602 
   200.67548060166561   44.960297487566415 
   64.910978613848499   180.72479947538358 
   176.03187898234938   110.82636386012828 
   130.77704498641035   156.08119785606732 
   151.38827736303318   176.69243023269013 
   196.64311135897222   131.43759623675112 
   85.522210990471308   201.33603185200639 
   221.28671297828842    65.57152986418923 
   241.89794535491126   86.182762240812039 
   106.13344336709413   221.94726422862919 
     217.254343735595    152.0488286133739 
   171.99950973965599   197.30366260931297 
   68.943347856541905   94.247500726198894 
   114.19818185248094   48.992666730259835 
   126.74467574371695     242.558496605252 
   159.45301584841999   3.7378327343207882 
   23.688513860602864   139.50233472213793 
