    73.46285111352401   85.010703408478463 
   41.462851113524017   140.43632925068255 
   66.706352259853077   155.01067143280426 
   98.706352259853077   99.585045590600188 
   9.4628511135240156   195.86195509288663 
   105.46285111352401   29.585077566274393 
   130.70635225985305   44.159419748396104 
   34.706352259853084   210.43629727500834 
   123.94985340618214   114.15938777272189 
   91.949853406182157   169.58501361492594 
   117.19335455251121   184.15935579704768 
   149.19335455251121   128.73372995484362 
   59.949853406182143   225.01063945713005 
   155.94985340618214   58.733761930517822 
   181.19335455251121   73.308104112639526 
   85.193354552511209   239.58498163925174 
   174.43685569884028   143.30807213696531 
   142.43685569884028   198.73369797916936 
   167.68035684516937    213.3080401612911 
   199.68035684516934   157.88241431908702 
   110.43685569884028   254.15932382137348 
    206.4368556988403   87.882446294761237 
   231.68035684516934   102.45678847688295 
