   141.64016978146518   68.522878890352956 
   86.214543939261119   100.52287889035296 
   100.78888612138284   125.76638003668202 
   156.21451196358692   93.766380036682023 
   30.788918097057046   132.52287889035296 
   197.06579562366926   36.522878890352956 
   211.64013780579097   61.766380036682008 
   45.363260279178775   157.76638003668202 
   170.78885414570863   119.00988118301107 
   115.36322830350456   151.00988118301109 
   129.93757048562628   176.25338232934016 
   185.36319632783034   144.25338232934016 
   59.937602461300479   183.00988118301109 
   226.21447998791271   87.009881183011089 
   240.78882217003439   112.25338232934016 
   74.511944643422197   208.25338232934016 
   199.93753850995205   169.49688347566919 
   144.51191266774799   201.49688347566919 
   71.640201757139408   75.279377744023876 
   127.06582759934346   43.279377744023876 
   89.086286825543922   233.49688347566922 
   255.36316435215613   137.49688347566919 
   182.49145344154752    11.27937774402387 
   16.214575914935338    107.2793777440239 
