   176.06989486466856   34.844344070627358 
   114.25064198216819   51.408762957188685 
   121.79487663531646   79.564229986959759 
   183.61412951781682   62.999811100398432 
    52.43138909966784   67.973181843749998 
   59.975623752816105   96.128648873521087 
   191.15836417096509   91.155278130169506 
   129.33911128846472   107.71969701673083 
   136.88334594161299   135.87516404650194 
   198.70259882411335   119.31074515994059 
   67.519858405964357   124.28411590329216 
   5.7006055234639765   140.84853478985349 
   13.244840176612236   169.00400181962459 
   75.064093059112622   152.43958293306324 
   206.24683347726159   147.46621218971165 
   144.42758059476122   164.03063107627301 
   151.97181524790949   192.18609810604406 
   213.79106813040988   175.62167921948273 
   82.608327712260888   180.59504996283434 
   20.789074829760498   197.15946884939564 
   28.333309482908756   225.31493587916668 
   90.152562365409139   208.75051699260538 
