   145.23572146288703   95.171482833591853 
   81.235721462887014   95.171482833591853 
   81.235721462887014   124.32016719783527 
   145.23572146288703   124.32016719783527 
      17.235721462887   95.171482833591867 
   209.23572146288703   95.171482833591853 
   209.23572146288703   124.32016719783527 
      17.235721462887   124.32016719783527 
   145.23572146288703    153.4688515620787 
   81.235721462887014    153.4688515620787 
   81.235721462887014   182.61753592632212 
   145.23572146288703   182.61753592632212 
      17.235721462887    153.4688515620787 
   209.23572146288703    153.4688515620787 
   209.23572146288703   182.61753592632212 
      17.235721462887   182.61753592632212 
   145.23572146288703   211.76622029056554 
   81.235721462887014   211.76622029056554 
   81.235721462887014   66.022798469348416 
   145.23572146288703   66.022798469348416 
      17.235721462887   211.76622029056554 
   209.23572146288703   211.76622029056554 
   209.23572146288703   66.022798469348402 
      17.235721462887   66.022798469348416 
