   36.098074199228094    56.24299086225669 
   53.885283612024267     154.711562628835 
   28.289532251826731   85.384866142991399 
   61.693825559425626    125.5696873481003 
   4.8639064096226523   172.81049198519548 
   85.119451401629703   38.144061505896211 
    92.92799334903107   9.0021862251615303 
   118.52374470922858   78.328882711005122 
   136.31095412202475   176.79745447758344 
   110.71520276182721   107.47075799173982 
   144.11949606942611   147.65557919684875 
   87.289576919623144   194.89638383394393 
   167.54512191163019   60.229953354644636 
   79.481034972221792    224.0382591146786 
   175.35366385903154   31.088078073909976 
   200.94941521922905   100.41477455975357 
   218.73662463202527   198.88334632633186 
   193.14087327182773   129.55664984048826 
   226.54516657942659   169.74147104559719 
   169.71524742962364   216.98227568269238 
    249.9707924216307   82.315845203393081 
   161.90670548222229   246.12415096342704 
