   46.433586377631393   110.11006729687128 
   89.100253044298057   200.61973528874935 
   46.433586377631393   140.27995662749731 
   89.100253044298057   170.44984595812335 
   46.433586377631393   230.78962461937542 
   89.100253044298057   79.940177966245244 
   46.433586377631393   19.600399304993179 
   89.100253044298057    49.77028863561921 
   131.76691971096474   110.11006729687128 
    174.4335863776314   200.61973528874935 
   131.76691971096474   140.27995662749731 
    174.4335863776314   170.44984595812335 
   131.76691971096474   230.78962461937542 
    174.4335863776314   79.940177966245244 
   131.76691971096474   19.600399304993179 
    174.4335863776314    49.77028863561921 
   217.10025304429809   110.11006729687128 
    3.766919710964713   200.61973528874935 
   217.10025304429809   140.27995662749731 
    3.766919710964713   170.44984595812335 
   217.10025304429809   230.78962461937542 
    3.766919710964713   79.940177966245244 
   217.10025304429809   19.600399304993179 
    3.766919710964713    49.77028863561921 
