   112.98444667981583   69.148035057081842 
   104.68002991201284   168.86504015947688 
   97.899502014502815   95.275925646769096 
   119.76497457732586   142.73714956978964 
   52.644668018563785    173.6595974158308 
    165.0198085732649   64.353477800727944 
   37.559723353250774   199.78748800551804 
   180.10475323857793   38.225587211040697 
   186.88528113608797   111.81470172374851 
   178.58086436828495   211.53170682614356 
   171.80033647077494   137.94259231343574 
   193.66580903359798   185.40381623645635 
   126.54550247483589   216.32626408249746 
   238.92064302953699    107.0201444673946 
   111.46055780952287   242.45415467218473 
   254.00558769485005   80.892253877707375 
   30.779195455740734   126.19837349281023 
   245.70117092704706    180.6092589801024 
   45.864140121053751   100.07048290312299 
   91.118974116992803    21.68681113406128 
