   157.66623526392792   38.818543747189295 
   123.83612459455395   132.98843307781533 
    136.3329019305946   60.151877080522624 
   145.16945792788729   111.65509974448199 
   72.332901930594602   124.15187708052262 
   209.16945792788727   47.655099744481973 
   50.999568597261266   145.48521041385595 
   59.836124594553951   196.98843307781536 
   218.00601392517999   99.158322408441336 
   184.17590325580599   193.32821173906737 
   196.67268059184664   120.49165574177468 
   205.50923658913936   171.99487840573403 
   132.67268059184664   184.49165574177471 
   111.33934725851333   205.82498907510802 
   63.496345933301896   72.648654416563275 
   84.829679266635239   51.315321083229939 
   193.01245925309871   244.83143440302672 
