   96.389070468959275   59.200010042119544 
    39.33873203323094   141.40526126619466 
   70.261179879272035   74.284954707432561 
   65.466622622918152   126.32031660088163 
   143.85029439197987   81.065482604942559 
   174.77274223802098   13.945176046180478 
   169.97818498166706   65.980537939629571 
   139.05573713562595   133.10084449839164 
   82.005398699897597   215.30609572246672 
   112.92784654593871   148.18578916370464 
   108.13328928958481   200.22115105715372 
      34.544174776877   193.44062315964371 
   186.51696105864653   154.96631706121465 
   217.43940890468767   87.846010502452572 
   212.64485164833377   139.88137239590165 
   181.72240380229263   207.00167895466373 
   155.59451321260539   222.08662361997676 
   22.799955956251484    52.41948214460956 
    101.1836277253132   7.1646481486704925 
