   228.58002825693825   38.224409202401809 
    152.1973483391084   102.86287029960614 
   199.43815297620358   46.032951149803175 
   181.33922361984307   95.054328352204777 
   112.01252713399948   69.458576992007252 
   35.629847216169615   134.09703808921157 
   82.870651853264789   77.267118939408604 
   64.771722496904317    126.2884961418102 
   250.66592010568669   120.65007971240232 
   174.28324018785682   185.28854080960664 
   221.52404482495203   128.45862165980367 
   203.42511546859151   177.47999886220529 
   134.09841898274792   151.88424750200772 
   57.715739064918047   216.52270859921208 
   104.95654370201322    159.6927894494091 
   86.857614345652749    208.7141666518107 
   130.11145649035996   20.437199789605632 
   243.60993667370045   210.88429216980418 
   159.25333177109462   12.628657842204275 
   156.18431083149636   234.30991801200827 
   13.543955367421168   51.671367579211065 
   127.04243555076167   242.11845995940962 
   42.685830648155864   43.862825631809706 
