   238.42012872334683   6.0889454325100969 
   147.91046073146876   48.755612099176773 
    208.2502393927208   6.0889454325100969 
   178.08035006209479   48.755612099176773 
   117.74057140084273   6.0889454325100969 
   27.230903408964629    48.75561209917678 
   87.570682070216677   6.0889454325100969 
   57.400792739590663   48.755612099176773 
   238.42012872334683    91.42227876584343 
   147.91046073146876   134.08894543251009 
   208.25023939272083    91.42227876584343 
   178.08035006209479   134.08894543251009 
   117.74057140084273    91.42227876584343 
   27.230903408964629   134.08894543251009 
   87.570682070216691    91.42227876584343 
   57.400792739590663   134.08894543251009 
   238.42012872334683   176.75561209917677 
   147.91046073146876   219.42227876584343 
   208.25023939272083   176.75561209917677 
   178.08035006209479   219.42227876584343 
   117.74057140084273   176.75561209917677 
   27.230903408964629   219.42227876584343 
   87.570682070216691   176.75561209917677 
   57.400792739590671   219.42227876584343 
