   41.300319496736208   28.106361533826238 
   83.966986163402879   70.773028200492917 
   41.300319496736208   113.43969486715957 
   83.966986163402879   156.10636153382623 
   41.300319496736208   198.77302820049292 
   83.966986163402879   241.43969486715957 
   126.63365283006955   28.106361533826238 
   169.30031949673619   70.773028200492917 
   126.63365283006955   113.43969486715957 
   169.30031949673619   156.10636153382623 
   126.63365283006955   198.77302820049292 
   169.30031949673619   241.43969486715957 
   211.96698616340288   28.106361533826238 
   254.63365283006954   70.773028200492917 
   211.96698616340288   113.43969486715957 
   254.63365283006954   156.10636153382623 
   211.96698616340288   198.77302820049292 
   254.63365283006954   241.43969486715957 
