   39.486874248403318    55.11731189598779 
   69.656763579029345   107.37309307536225 
   17.400982399654897   137.54298240598825 
   47.570871730280906   189.79876358536276 
   91.742655427777791   24.947422565361741 
   121.91254475840381   77.203203744736228 
   152.08243408902985   129.45898492411069 
   99.826652909655365    159.6288742547367 
    129.9965422402814   211.88465543411118 
   77.740761060906934   242.05454476473722 
   174.16832593777826   47.033314414110187 
    204.3382152684043   99.289095593484646 
    234.5081045990303   151.54487677285911 
   182.25232341965588   181.71476610348515 
   212.42221275028186   233.97054728285963 
   256.59399644777875   69.119206262858611 
