   79.165446254853137   56.396347144951896 
   20.881695693383744   72.013431039754636 
   36.498779588186494     130.297181601224 
   137.44919681632251   40.779263250149192 
   153.06628071112524   99.063013811618561 
   94.782530149655869   114.68009770642129 
   110.39961404445859   172.96384826789065 
   52.115863482989205   188.58093216269339 
    195.7329473777919   25.162179355346467 
   211.35003127259461   83.445929916815842 
   226.96711516739737   141.72968047828522 
   168.68336460592795   157.34676437308795 
   184.30044850073068   215.63051493455734 
   126.01669793926129   231.24759882936002 
