   126.39987270812252    32.07476047146266 
   126.39987270812252   92.414539132714722 
   66.060094046870475   92.414539132714722 
   66.060094046870475   152.75431779396678 
   5.7203153856184192   152.75431779396678 
   186.73965136937457    32.07476047146266 
   186.73965136937457   92.414539132714722 
   186.73965136937457   152.75431779396675 
   126.39987270812252   152.75431779396675 
   126.39987270812254   213.09409645521882 
   66.060094046870475   213.09409645521885 
   247.07943003062664    92.41453913271468 
   247.07943003062664   152.75431779396675 
   66.060094046870447    32.07476047146266 
   186.73965136937457   213.09409645521882 
   5.7203153856183997   92.414539132714722 
