   150.28466796812754   33.710960112202066 
   134.66758407332483   91.994710673671435 
   76.383833511855443   76.377626778868731 
   60.766749617052746   134.66137734033811 
   2.4829990555833392   119.04429344553542 
   208.56841852959695   49.328044007004756 
   192.95133463479422   107.61179456847414 
   177.33425073999149   165.89554512994354 
   119.05050017852211   150.27846123514081 
   103.43341628371942   208.56221179661023 
    45.14966572225002    192.9451279018075 
   251.23508519626364   123.22887846327686 
   235.61800130146091   181.51262902474622 
   92.000917406658147   18.093876217399334 
   161.71716684518879    224.1792956914129 
   18.100082950386067   60.760542884066005 
