    128.6861983203986   44.920293501724409 
   76.430417141024151   14.750404171098376 
   46.260527810398116   67.006185350472848 
   211.11186883039912   22.834401652975973 
   180.94197949977308   75.090182832350422 
   150.77209016914705    127.3459640117249 
   98.516308989772583   97.176074681098868 
   68.346419659146548   149.43185586047335 
   16.090638479772103   119.26196652984729 
   233.19776067914756   105.26007216297646 
   203.02787134852153   157.51585334235094 
   172.85798201789547   209.77163452172536 
   120.60220083852103   179.60174519109935 
   90.432311507894994   231.85752637047381 
   38.176530328520549    201.6876370398478 
   255.28365252789601   187.68574267297691 
