   107.99450204531153   54.846899953419403 
   168.33428070656359   12.180233286752744 
   168.33428070656359   54.846899953419403 
   107.99450204531153   12.180233286752744 
   107.99450204531153   140.18023328675275 
   168.33428070656359   97.513566620086067 
   168.33428070656359   140.18023328675275 
   107.99450204531153   97.513566620086067 
   107.99450204531153   225.51356662008604 
   168.33428070656359   182.84689995341941 
   168.33428070656359   225.51356662008604 
   107.99450204531153   182.84689995341941 
   228.67405936781566   54.846899953419403 
   47.654723384059459   12.180233286752744 
   47.654723384059459   54.846899953419403 
   228.67405936781566   12.180233286752744 
   228.67405936781566   140.18023328675275 
   47.654723384059459   97.513566620086067 
   47.654723384059459   140.18023328675275 
   228.67405936781566   97.513566620086067 
   228.67405936781566   225.51356662008604 
   47.654723384059459   182.84689995341941 
   47.654723384059459   225.51356662008604 
   228.67405936781566   182.84689995341941 
