   187.42473752605048   61.235828537180637 
   144.75807085938379   103.90249520384729 
   102.09140419271714   61.235828537180637 
   59.424737526050471   103.90249520384729 
   16.758070859383793   61.235828537180645 
   230.09140419271716   103.90249520384729 
   187.42473752605048   146.56916187051397 
   144.75807085938379   189.23582853718065 
   102.09140419271714   146.56916187051397 
   59.424737526050471   189.23582853718065 
   16.758070859383793   146.56916187051397 
   230.09140419271716   189.23582853718065 
   187.42473752605048   231.90249520384728 
   144.75807085938379   18.569161870513959 
   102.09140419271714   231.90249520384728 
   59.424737526050464   18.569161870513959 
   16.758070859383793   231.90249520384728 
   230.09140419271716   18.569161870513959 
