    79.67506657438463   40.856232586467883 
   149.00176306022823   15.260481226270349 
   137.95881713585402   56.473316481270594 
   57.589174725636198   123.28190309646838 
    126.9158712114798    97.68615173627083 
   115.87292528710557    138.8989869912711 
   68.632120650010407   82.069067841468126 
   35.503282876887759   205.70757360646886 
   104.82997936273138   180.11182224627132 
   93.787033438357156   221.32465750127159 
   46.546228801261975   164.49473835146864 
   196.24256769732341   72.090400376073305 
   254.52631825879277   87.707484270876009 
   207.28551362169765   30.877565121073079 
   174.15667584857496   154.51607088607381 
   243.48337233441853   128.92031952587627 
   232.44042641004432   170.13315478087651 
    185.1996217729492   113.30323563107355 
   152.07078399982655   236.94174139607426 
   221.39748048567012   211.34599003587678 
   210.35453456129588   252.55882529087697 
   163.11372992420075   195.72890614107405 
