   40.836362052692515   47.949686299289226 
   114.42547656540034   41.169158401779193 
   93.092143232067016   78.119575629915246 
   62.169695386025857   10.999269071153169 
   71.758809898733688   115.06999285805129 
   50.425476565400338   152.02041008618735 
   19.503028719359197   84.900103527425273 
    29.09214323206702    188.9708273143234 
   135.75880989873369   4.2187411736431404 
   145.34792441144148   108.28946496054128 
   218.93703892414928   101.50893706303123 
   197.60370559081596    138.4593542911673 
    166.6812577447748    71.33904773240522 
   102.68125774477483   182.19029941681336 
   176.27037225748262   175.40977151930332 
   154.93703892414928   212.36018874743939 
   124.01459107810817   145.23988218867734 
   188.01459107810814   34.388630504269159 
   133.60370559081596   249.31060597557544 
   240.27037225748262   64.558519834895179 
   81.347924411441497   219.14071664494938 
