   109.18562600626755   12.999362588134542 
   182.02218200356026   25.496139924175182 
   151.85229267293423   55.666029254801209 
     48.8458473450155     73.3391412493866 
   121.68240334230821   85.835918585427237 
   91.512514011682171   116.00580791605329 
   79.015736675641534   43.169251918760565 
   61.342624681056151   146.17569724667931 
   31.172735350430148   176.34558657730531 
   18.675958014389472   103.50903058001262 
   194.51895933960088   98.332695921467888 
   237.18562600626757   140.99936258813452 
   224.68884867022689   68.162806590841853 
   134.17918067834884   158.67247458271996 
   207.01573667564153   171.16925191876055 
    176.8458473450155   201.33914124938659 
   164.34907000897491   128.50258525209392 
   73.839402017096816     219.012253243972 
   146.67595801438947   231.50903058001259 
   104.00929134772284   188.84236391334599 
