   196.86899065738677   79.607468263738525 
   227.03887998801275   131.86324944311298 
   233.81940788552279   58.274134930405182 
   122.96815620111464    122.2741349304052 
   190.08846275987673   153.19658277644632 
   153.13804553174069   174.52991610977963 
    159.9185734292507   100.94080159707187 
   49.067321744842573   164.94080159707187 
   116.18762830360465   195.86324944311298 
   79.237211075468608   217.19658277644632 
    86.01773897297862   143.60746826373853 
    203.6495185548967   6.0183537510306779 
   166.69910132676068    27.35168708436402 
   183.30793486236675   226.78569728915417 
   129.74868409862464   48.685020417697345 
    92.79826687048859   70.018353751030688 
   220.25835209050277   205.45236395582083 
   55.847849642352557   91.351687084364016 
   18.897432414216503   112.68502041769736 
    146.3575176342307   248.11903062248751 
