   145.88793306740763   13.871304960018662 
   202.71785221721058   61.112109597113829 
   161.50501696221036   72.155055521488038 
    187.1007683224079   2.8283590356444401 
   63.462262557407136   35.957196808767087 
   120.29218170721012   83.198001445862261 
   79.079346452209847   94.240947370236469 
   104.67509781240739   24.914250884392864 
   37.866511197209611   105.28389329461069 
   22.249427302406882    47.00014273314131 
   177.12210085701309   130.43880608295746 
   233.95202000681604   177.67961072005258 
   192.73918475181577   188.72255664442682 
   218.33493611201331   119.39586015858322 
   94.696430347012566   152.52469793170587 
   151.52634949681553   199.76550256880103 
   110.31351424181527   210.80844849317526 
   135.90926560201282   141.48175200733166 
   12.270759837012097   174.61058978045429 
   69.100678986815026   221.85139441754944 
   27.887843731814808   232.89434034192371 
   53.483595092012322   163.56764385608008 
