   141.66101247718285   51.363043873804827 
   184.32767914384954    111.7028225350569 
   141.66101247718285    111.7028225350569 
   184.32767914384954   51.363043873804827 
   56.327679143849522   51.363043873804827 
   98.994345810516208    111.7028225350569 
   56.327679143849522    111.7028225350569 
   98.994345810516208   51.363043873804827 
   226.99434581051619    51.36304387380482 
   13.661012477182885    111.7028225350569 
   226.99434581051619    111.7028225350569 
   13.661012477182885   51.363043873804841 
   141.66101247718285   172.04260119630894 
   184.32767914384956   232.38237985756101 
   141.66101247718285   232.38237985756101 
   184.32767914384954   172.04260119630894 
   56.327679143849522   172.04260119630894 
   98.994345810516208   232.38237985756101 
   56.327679143849537   232.38237985756101 
   98.994345810516208   172.04260119630894 
   226.99434581051619   172.04260119630894 
   13.661012477182885   232.38237985756101 
   226.99434581051619   232.38237985756101 
   13.661012477182885   172.04260119630894 
