   139.18698687799832   122.19735207648698 
   96.520320211331665   164.86401874315365 
   139.18698687799832   207.53068540982034 
   181.85365354466501   164.86401874315365 
   53.853653544664994   122.19735207648698 
   53.853653544664994   164.86401874315365 
   53.853653544664994   207.53068540982034 
   139.18698687799832   79.530685409820308 
   96.520320211331665   79.530685409820308 
   96.520320211331665   122.19735207648698 
   139.18698687799832   164.86401874315365 
   96.520320211331665   207.53068540982034 
   139.18698687799832   250.19735207648702 
   96.520320211331665   250.19735207648702 
   181.85365354466501   79.530685409820308 
   181.85365354466501   122.19735207648698 
   224.52032021133169   122.19735207648698 
   224.52032021133169   164.86401874315365 
   181.85365354466501   207.53068540982034 
   224.52032021133169   207.53068540982034 
   181.85365354466501   250.19735207648702 
