   163.94012054756692   128.08198327914658 
   111.68433936819247   158.25187260977262 
    141.8542286988185   210.50765378914713 
   194.11000987819298   180.33776445852106 
   81.514450037566448   105.99609143039817 
   70.471504113192225   147.20892668539841 
   59.428558188818002   188.42176194039868 
   174.98306647194116   86.869148024146355 
   133.77023121694091   75.826202099772132 
   122.72728529256669   117.03903735477238 
   152.89717462319271   169.29481853414686 
   100.64139344381826   199.46470786477289 
   130.81128277444427   251.72048904414737 
   89.598447519444022   240.67754311977319 
    216.1959017269414   97.912093948520578 
   205.15295580256722   139.12492920352082 
   246.36579105756744   150.16787512789503 
   235.32284513319323    191.3807103828953 
   183.06706395381877   221.55059971352131 
   224.27989920881905   232.59354563789555 
