   168.43346930399204   133.25903492758002 
   110.14971874252265   148.87611882238275 
   125.76680263732538   207.15986938385211 
   184.05055319879477   191.54278548904944 
   94.532634847719933   90.592368260913361 
   73.199301514386605   127.54278548904942 
   51.865968181053276   164.49320271718548 
   189.76680263732538   96.308617699443985 
   152.81638540918931   74.975284366110628 
   131.48305207585599   111.92570159424669 
    147.1001359706587   170.20945215571606 
   88.816385409189323   185.82653605051877 
   104.43346930399204   244.11028661198819 
    67.48305207585598    222.7769532786549 
   226.71721986546143    117.6419510327773 
   205.38388653212812   154.59236826091336 
   242.33430376026419    175.9257015942467 
   221.00097042693085   212.87611882238278 
   162.71721986546146   228.49320271718545 
   199.66763709359751    249.8265360505188 
