   170.50923369650314   110.94102463579489 
   110.16945503525108   110.94102463579488 
   110.16945503525109   171.28080329704693 
   170.50923369650314   171.28080329704693 
   110.16945503525109   50.601245974542827 
   79.999565704625056   80.771135305168855 
   49.829676373999035   110.94102463579489 
   200.67912302712915   80.771135305168855 
   170.50923369650314    50.60124597454282 
   140.33934436587711   80.771135305168855 
   140.33934436587711   141.11091396642092 
   79.999565704625056   141.11091396642092 
   79.999565704625084   201.45069262767296 
   49.829676373999028   171.28080329704693 
   230.84901235775519   110.94102463579488 
   200.67912302712915    141.1109139664209 
   230.84901235775521   171.28080329704693 
   200.67912302712915   201.45069262767296 
   140.33934436587711   201.45069262767296 
   170.50923369650314   231.62058195829903 
   110.16945503525109   231.62058195829897 
