   140.63234089562866   169.03703691732366 
   88.376559716254206   138.86714758669763 
   58.206670385628186   191.12292876607208 
   110.46245156500264   221.29281809669814 
   118.54644904688023    86.61136640732316 
   77.333613791879984   97.654312331697383 
   36.120778536879762   108.69725825607159 
   181.84517615062893   157.99409099294945 
   170.80223022625469   116.78125573794918 
   129.58939497125445    127.8242016623234 
   99.419505640628415   180.07998284169787 
    47.16372446125397   149.91009351107184 
   16.993835130627915   202.16587469044632 
   5.9508892062536987   160.95303943544604 
   192.88812207500314   199.20692624794967 
   151.67528682000287    210.2498721723239 
    162.7182327443771   251.46270742732418 
   69.249616310002409   232.33576402107235 
   28.036781055002134   243.37870994544653 
