    162.2466188697876   115.06772849432154 
   103.96286830831822    99.45064459951881 
   88.345784413515503   157.73439516098821 
   146.62953497498489   173.35147905579092 
   119.57995220312092   41.166894038049435 
   82.629534974984864   62.500227371382778 
   45.679117746848824    83.83356070471612 
   199.19703609792361     93.7343951609882 
   177.86370276459027   56.783977932852146 
   140.91328553645425   78.117311266185496 
   125.29620164165156   136.40106182765487 
    67.01245108018216   120.78397793285215 
   51.395367185379442   179.06772849432159 
   30.062033852046106   142.11731126618551 
   220.53036943125696   130.68481238912426 
   183.57995220312094   152.01814572245758 
   204.91328553645428   188.96856295059365 
   167.96286830831824   210.30189628392699 
   109.67911774684885   194.68481238912426 
   131.01245108018219   231.63522961726031 
    72.72870051871277    216.0181457224576 
