   168.70475876674914   132.45141455371274 
   126.03809210008247   89.784747887046066 
   83.371425433415794   132.45141455371274 
   126.03809210008247   175.11808122037939 
   168.70475876674914   47.118081220379395 
   126.03809210008247   47.118081220379395 
    83.37142543341578   47.118081220379395 
   211.37142543341577   132.45141455371274 
   211.37142543341577   89.784747887046066 
   168.70475876674914   89.784747887046066 
   126.03809210008247   132.45141455371274 
   83.371425433415794   89.784747887046066 
   40.704758766749109   132.45141455371274 
   40.704758766749109   89.784747887046066 
   211.37142543341577   175.11808122037937 
   168.70475876674914   175.11808122037939 
   168.70475876674914   217.78474788704611 
   126.03809210008247   217.78474788704611 
   83.371425433415794   175.11808122037939 
   83.371425433415808   217.78474788704611 
   40.704758766749109   175.11808122037942 
