   56.777900676601966   166.43398512618805 
   56.777900676601966   230.43398512618805 
   145.21979160093355   166.43398512618805 
   145.21979160093355   230.43398512618805 
   100.99884613876776   110.20358512618806 
   189.44073706309936   158.66438512618805 
   189.44073706309936   222.66438512618805 
   100.99884613876776   174.20358512618805 
   56.777900676601966   38.433985126188041 
   56.777900676601966   102.43398512618806 
   145.21979160093355   38.433985126188041 
   145.21979160093355   102.43398512618806 
   100.99884613876776   238.20358512618805 
   189.44073706309936   30.664385126188083 
   189.44073706309936   94.664385126188066 
   100.99884613876776   46.203585126188081 
