   134.77624387091186   168.44725670354219 
   118.21182498435054   230.26650958604256 
   49.347937301259208    145.5568109474454 
    32.78351841469788   207.37606382994576 
   192.04389558947096   125.57808399902576 
   94.073011038914089   149.49717652555827 
   77.508592152352747   211.31642940805864 
   175.47947670290964   187.39733688152614 
   167.90508164403451   44.808750938541458 
   151.34066275747318   106.62800382104184 
   82.476775074381862   21.918305182444659 
   65.912356187820521   83.737558064945048 
   158.91505781634831   249.21658976402654 
   127.20184881203674   25.858670760557562 
   110.63742992547542   87.677923643057866 
   208.60831447603229   63.758831116525442 
