   184.41166151585591   182.93923814961889 
   152.41166151585591   238.36486399182294 
   107.81873721665232   138.71829268745313 
   75.818737216652337   194.14391852965718 
   97.637475067050559   67.910865091409718 
   149.99999936625412   154.10009444129244 
   117.99999936625413    209.5257202834965 
   65.637475067050559    123.3364909336138 
   248.41166151585588   72.087986465210719 
   216.41166151585591   127.51361230741483 
   171.81873721665232   27.867041003044918 
   139.81873721665232   83.292666845249016 
   33.637475067050588   178.76211677581787 
   213.99999936625409   43.248842756884287 
   181.99999936625412   98.674468599088343 
   129.63747506705056   12.485239249205641 
