    177.4207818309668   131.65538504639872 
   132.16594783502777   176.91021904233779 
   114.88292101741098   69.117524232842925 
   69.628087021471941   114.37235822878198 
   248.45060938657676    123.1634183043446 
   151.64578827129588   94.892517792513829 
   106.39095427535685   140.14735178845288 
   203.19577539063772   168.41825230028365 
   86.911113839088756   222.16505303827682 
   222.67561582690584   86.400551050459697 
   24.373253025532911     159.627192224721 
   160.13775501335002   23.862690236903884 
   157.94094139469871   213.67308629622269 
   61.136120279417796   185.40218578439192 
   196.90062226723495   49.637683796574777 
