   94.198345417635437   92.705729974585893 
   32.379092535135086   109.27014886114722 
   117.08879117373223   178.13403654423854 
   55.269538291231882   194.69845543079984 
   159.95796387824868   120.86638482567943 
   90.257979839522591   47.980656236931026 
   28.438726957022183   64.545075123492367 
   98.138710995748298   137.43080371224076 
   217.83685118263617   59.576892201463238 
    156.0175983001358    76.14131108802458 
   240.72729693873299   145.00519877111586 
    178.9080440562326   161.56961765767721 
   36.319458113247912   153.99522259880209 
   213.89648560452329   14.851818463808389 
   152.07723272202296   31.416237350369695 
   221.77721676074901   104.30196593911811 
