   118.63452543439151   74.541708423683772 
   63.208899592187429   106.54170842368377 
   162.85547089655731   151.13463272288729 
   107.42984505435324   183.13463272288732 
   189.44195303043492   84.722970573285522 
   191.69461460488378   185.54629487248909 
   136.26898876267973   217.54629487248909 
   134.01632718823083   116.72297057328554 
   7.7832737499833762   138.54170842368376 
   174.06015127659558   42.541708423683758 
   52.004219212149181   215.13463272288732 
   218.28109673876136    119.1346327228873 
   78.590701346026762   148.72297057328555 
   80.843362920475627   249.54629487248909 
   247.12024044708787   153.54629487248906 
   23.165075503822674   180.72297057328558 
