   165.68186819360571    213.2806798410935 
   101.68186819360571    213.2806798410935 
   165.68186819360571   124.83878891676189 
   101.68186819360571   124.83878891676189 
   221.91226819360568   80.617843454596098 
   173.45146819360571   169.05973437892769 
   109.45146819360571   169.05973437892769 
   157.91226819360571   80.617843454596112 
   37.681868193605744    213.2806798410935 
   229.68186819360574   213.28067984109347 
   37.681868193605744   124.83878891676189 
   229.68186819360574   124.83878891676189 
   93.912268193605712   80.617843454596112 
   45.451468193605699   169.05973437892769 
   237.45146819360573   169.05973437892769 
   29.912268193605705   80.617843454596127 
