   32.117457602789663   15.495840864834081 
   32.117457602789663   100.82917419816742 
   69.067874830925717   36.829174198167422 
   69.067874830925717   79.495840864834094 
   32.117457602789663   143.49584086483409 
   32.117457602789663   228.82917419816744 
   69.067874830925717   164.82917419816744 
   69.067874830925717   207.49584086483409 
   106.01829205906176   15.495840864834081 
   106.01829205906176   100.82917419816742 
   142.96870928719781   36.829174198167422 
   142.96870928719781   79.495840864834094 
   106.01829205906176   143.49584086483409 
   106.01829205906176   228.82917419816744 
   142.96870928719781   164.82917419816744 
   142.96870928719781   207.49584086483409 
   179.91912651533386   15.495840864834081 
   179.91912651533386   100.82917419816742 
    216.8695437434699   36.829174198167422 
    216.8695437434699   79.495840864834094 
   179.91912651533386   143.49584086483409 
   179.91912651533386   228.82917419816744 
    216.8695437434699   164.82917419816744 
    216.8695437434699   207.49584086483409 
