   95.046729277594523   7.0736910234873047 
   72.960837428846091   89.499361533487814 
   125.21661860822056   37.243580354113341 
   114.17367268384632   78.456415609113606 
   61.917891504471875   130.71219678848806 
   39.831999655723436   213.13786729848857 
   92.087780835097888   160.88208611911409 
   81.044834910723665   202.09492137411434 
    166.4294538632208   26.200634429739132 
   144.34356201447235   108.62630493973963 
   196.59934319384683   56.370523760365145 
    185.5563972694726   97.583359015365417 
   133.30061609009815   149.83914019473988 
   111.21472424134971   232.26481070474034 
   163.47050542072418   180.00902952536589 
   152.42755949634994   221.22186478036613 
   237.81217844884708    45.32757783599093 
   215.72628660009863   127.75324834599144 
   53.833894022594322   18.116636947861558 
   42.790948098220099   59.329472202861801 
   204.68334067572442   168.96608360099168 
   182.59744882697598    251.3917541109922 
    20.70505624947166   141.75514271286227 
   9.6621103250974496   182.96797796786254 
