   73.020532296047023   94.198284143537492 
   30.353865629380362   168.09911859980957 
    94.35386562938038   131.14870137167352 
   73.020532296047037    168.0991185998096 
   9.0205322960470333   205.04953582794562 
   94.353865629380351   57.247866915401445 
   158.35386562938035   20.297449687265374 
   137.02053229604704   57.247866915401431 
   137.02053229604704   131.14870137167352 
    94.35386562938038   205.04953582794562 
   158.35386562938035   168.09911859980957 
   137.02053229604701   205.04953582794562 
   73.020532296047051   241.99995305608164 
   158.35386562938035   94.198284143537492 
   222.35386562938032    57.24786691540141 
   201.02053229604704   94.198284143537464 
   201.02053229604707    168.0991185998096 
   158.35386562938041   241.99995305608169 
   30.353865629380405   94.198284143537506 
    9.020532296047076   131.14870137167358 
   222.35386562938038   131.14870137167355 
    73.02053229604708   20.297449687265416 
