   76.314182395396216   68.969303879270598 
   15.974403734144168   129.30908254052267 
   87.357128319770453   110.18213913427084 
    57.18723898914444   140.35202846489688 
   106.48407172602222   38.799414548644584 
   177.86679631164856   19.672471142392752 
   147.69690698102249     49.8423604730188 
    128.5699635747707   121.22508505864508 
   68.230184913518642   181.56486371989712 
   139.61290949914491   162.43792031364529 
    109.4430201685189   192.60780964427133 
   38.060295582892621   211.73475305052315 
    158.7398529053967   91.055195728019058 
   230.12257749102301   71.928252321767189 
   199.95268816039697   102.09814165239324 
   180.82574475414515    173.4808662380195 
   120.48596609289311   233.82064489927157 
   191.86869067851941   214.69370149301977 
   161.69880134789338   244.86359082364578 
   210.99563408477118   143.31097690739352 
   252.20846933977145   154.35392283176773 
