   162.41599865375272   20.815906486604892 
    88.51516419748063   63.482573153271574 
   162.41599865375272   63.482573153271559 
   125.46558142561669   84.815906486604902 
    51.56474696934459   84.815906486604902 
   51.564746969344583   127.48257315327159 
   14.614329741208534   148.81590648660492 
    199.3664158818888   84.815906486604902 
   125.46558142561669   127.48257315327159 
   199.36641588188877   127.48257315327155 
   162.41599865375272   148.81590648660489 
   88.515164197480658   148.81590648660492 
   236.31683311002482   63.482573153271581 
    88.51516419748063   191.48257315327157 
    51.56474696934459   212.81590648660489 
   236.31683311002482   148.81590648660486 
   162.41599865375275   191.48257315327157 
   236.31683311002482   191.48257315327157 
    199.3664158818888   212.81590648660489 
   125.46558142561669   212.81590648660489 
   125.46558142561669   255.48257315327157 
