   137.32277838929335   42.699327655884538 
   54.897107879292861   64.785219504632977 
   126.27983246491914   83.912162910884788 
   85.066997209918867   94.955108835259011 
   13.684272624292628   75.828165429007186 
   178.53561364429356   31.656381731510326 
   2.6413266999183755   117.04100068400743 
   208.70550297491963   61.826271062136342 
   156.44972179554514   114.08205224151079 
   74.024051285544672   136.16794409025925 
   145.40677587117094   155.29488749651108 
   104.19394061617068   166.33783342088529 
   32.811216030544429   147.21089001463346 
   197.66255705054539   103.03910631713659 
   21.768270106170203   188.42372526963371 
   227.83244638117145   133.20899564776263 
   175.57666520179697   185.46477682713711 
   93.150994691796484   207.55066867588553 
   164.53371927742276   226.67761208213733 
   123.32088402242248   237.72055800651154 
   51.938159436796241   218.59361460025974 
   216.78950045679724   174.42183090276288 
   246.95938978742325   204.59172023338891 
