   173.67734320059077   27.895439996130602 
   88.344009867257441   27.895439996130602 
   152.34400986725743   64.845857224266638 
   109.67734320059076   64.845857224266638 
   45.677343200590776   27.895439996130602 
   216.34400986725743   27.895439996130602 
   24.344009867257437   64.845857224266652 
   237.67734320059077   64.845857224266638 
   173.67734320059077    101.7962744524027 
   88.344009867257441    101.7962744524027 
   152.34400986725743   138.74669168053873 
   109.67734320059076   138.74669168053873 
   45.677343200590791    101.7962744524027 
   216.34400986725743    101.7962744524027 
   24.344009867257437   138.74669168053873 
   237.67734320059077   138.74669168053873 
   173.67734320059077   175.69710890867481 
   88.344009867257441   175.69710890867481 
   152.34400986725743   212.64752613681082 
   109.67734320059076   212.64752613681082 
   45.677343200590791   175.69710890867481 
   216.34400986725743   175.69710890867481 
   24.344009867257437   212.64752613681085 
   237.67734320059077   212.64752613681082 
