   118.51630799841111   113.02327416205713 
    133.3755284762268   155.69079416205713 
   56.653412216841133   198.35831416205713 
   86.373684817523724   27.695914162057132 
   71.513548517182429   241.02839416205711 
   101.23382111786502   70.363434162057146 
   210.09856055813808   113.02327416205713 
   41.793275916499852   155.69079416205713 
   148.23566477656809   198.35831416205713 
   177.95593737725068   27.695914162057132 
   163.09580107690937   241.02839416205711 
   192.81607367759196   70.363434162057146 
