   200.25480568087002   55.062627965973498 
   203.56454371562293   100.12213673271495 
   118.41350338983715   121.47865137592152 
   125.03408611584696    211.6006157441428 
   121.72346346446432   166.54086994508978 
   128.34470876722958   256.66036154319579 
   111.79314270370165   31.359396810127087 
    115.1028807384545   76.418905576868525 
   206.87516636700553   145.18188253176791 
   36.572423138678573   187.89738458829638 
   33.261800487295915   142.83763878924339 
   39.883045790061182   232.95713038734939 
