   211.89497215752482   95.474403848451132 
   203.42967457174717   139.85517032383959 
   115.65261285901606   138.44526843062738 
   98.722323938605797   227.20993422896356 
   107.18682839881093   182.82870984231235 
   218.25781947840065   49.888655246798557 
   132.58241490499884   49.683277568587663 
   124.11711731922122   94.064044043976153 
   194.96517011154205   184.23639471049086 
   19.409766686079806   181.41880794910011 
   27.874271146284947   137.03758356244884 
   138.94526222587467   4.0975289669350747 
