   186.75891303334333   143.39997892956265 
   144.09139303334334   158.25919940737833 
   101.42387303334333   81.537083147992689 
    16.08627303334335   111.25735574867528 
   58.753793033343356   96.397219448333985 
   229.41875303334334   126.11749204901658 
   186.75891303334333   51.817726369835718 
   144.09139303334334   66.676946847651379 
   101.42387303334333   173.11933570771967 
    16.08627303334335   202.83960830840226 
   58.753793033343356   187.97947200806095 
   229.41875303334334   217.69974460874354 
