   68.257648885361363   46.049381325972675 
   110.92431555202802   88.716047992639346 
   110.92431555202802   46.049381325972675 
   68.257648885361363   88.716047992639346 
   68.257648885361363     131.382714659306 
   110.92431555202802   174.04938132597269 
   110.92431555202802     131.382714659306 
   68.257648885361363   174.04938132597269 
   68.257648885361363   216.71604799263932 
   110.92431555202802   3.3827146593060156 
   110.92431555202802   216.71604799263932 
   68.257648885361363   3.3827146593060156 
   153.59098221869471   46.049381325972675 
   196.25764888536136   88.716047992639346 
   196.25764888536136   46.049381325972675 
   153.59098221869471   88.716047992639346 
   153.59098221869471     131.382714659306 
   196.25764888536136   174.04938132597269 
   196.25764888536136     131.382714659306 
   153.59098221869471   174.04938132597269 
   153.59098221869471   216.71604799263932 
   196.25764888536136   3.3827146593060156 
   196.25764888536136   216.71604799263932 
   153.59098221869471   3.3827146593060156 
   238.92431555202805   46.049381325972675 
    25.59098221869473   88.716047992639346 
    25.59098221869473   46.049381325972675 
   238.92431555202805   88.716047992639346 
   238.92431555202805     131.382714659306 
    25.59098221869473   174.04938132597269 
    25.59098221869473     131.382714659306 
   238.92431555202805   174.04938132597269 
   238.92431555202805   216.71604799263932 
    25.59098221869473   3.3827146593060156 
    25.59098221869473   216.71604799263932 
   238.92431555202805   3.3827146593060156 
