   129.00530847325629   52.841779209411946 
    140.0482543976305   11.628943954411698 
   87.792473218256021   41.798833285037738 
   76.749527293881812   83.011668540037974 
   106.91941662450785   135.26744971941244 
   117.96236254888207   94.054614464412197 
   65.706581369507603   124.22450379503822 
   54.663635445133373   165.43733905003847 
     84.8335247757594   217.69312022941298 
   95.876470700133609   176.48028497441271 
    43.62068952075915   206.65017430503875 
   181.26108965263074   22.671889878785915 
   211.43097898325678   74.927671058160385 
   222.47392490763096   33.714835803160135 
   170.21814372825654   63.884725133786169 
    159.1751978038823   105.09756038878641 
   189.34508713450833   157.35334156816089 
   200.38803305888257   116.14050631316064 
   148.13225187950809   146.31039564378665 
   137.08930595513388   187.52323089878692 
   167.25919528575989   239.77901207816143 
    178.3021412101341   198.56617682316116 
   126.04636003075966   228.73606615378722 
    46.57963796325582   30.755887360663522 
   252.64381423825702   85.970616982534608 
   241.60086831388284   127.18345223753485 
   24.493746114507385   113.18155787066401 
   35.536692038881604   71.968722615663765 
   230.55792238950863   168.39628749253509 
    219.5149764651344   209.60912274753537 
   2.4078542657589299   195.60722838066454 
   13.450800190133167   154.39439312566429 
   208.47203054076016   250.82195800253561 
