   96.483591529902924   30.407473986785075 
   59.533174301766884   9.0741406534517512 
   38.199840968433541   46.024557881587818 
    53.81692486323626   104.30830844305719 
   75.150258196569581   67.357891214921139 
   16.866507635100234   82.974975109723843 
   11.150258196569585   178.20914289932932 
   32.483591529902924   141.25872567119325 
   154.76734209137231   14.790390091982365 
   170.38442598617505   73.074140653451735 
   191.71775931950836   36.123723425315688 
     133.434008758039   51.740807320118421 
   112.10067542470564   88.691224548254468 
   127.71775931950837   146.97497510972386 
    149.0510926528417   110.02455788158781 
   90.767342091372328    125.6416417763905 
   69.434008758038985   162.59205900452659 
   85.051092652841689   220.87580956599598 
   106.38442598617503    183.9253923378599 
   48.100675424705649   199.54247623266266 
   228.66817654764441    57.45705675864901 
   244.28526044244714   115.74080732011841 
   207.33484321431106   94.407473986785064 
   186.00150988097778   131.35789121492112 
   201.61859377578051   189.64164177639051 
    222.9519271091138   152.69122454825447 
   164.66817654764444   168.30830844305717 
   143.33484321431109   205.25872567119325 
   180.28526044244717   226.59205900452659 
   122.00150988097775   242.20914289932927 
