   141.47059129560998   46.030923563379368 
   171.64048062623601   15.861034232753333 
   111.30070196498396   15.861034232753333 
   81.130812634357923   46.030923563379375 
   81.130812634357937   106.37070222463142 
   111.30070196498396   76.200812894005395 
   50.960923303731917   76.200812894005395 
   20.791033973105872   106.37070222463144 
   20.791033973105872    166.7104808858835 
   50.960923303731903   136.54059155525746 
   201.81036995686205   46.030923563379346 
   201.81036995686205   106.37070222463142 
   231.98025928748808   76.200812894005381 
   171.64048062623601   76.200812894005395 
   141.47059129560998   106.37070222463142 
   141.47059129561001   166.71048088588347 
   171.64048062623601   136.54059155525744 
   111.30070196498399   136.54059155525744 
   81.130812634357937    166.7104808858835 
   81.130812634357923   227.05025954713554 
   111.30070196498396   196.88037021650953 
   50.960923303731896   196.88037021650953 
   231.98025928748808   136.54059155525744 
   201.81036995686205   166.71048088588347 
   201.81036995686208   227.05025954713551 
   231.98025928748811   196.88037021650953 
   171.64048062623601   196.88037021650948 
   141.47059129561001   227.05025954713551 
