   166.40252297590499   36.213226591111798 
   150.78543908110225   94.496977152581195 
   187.73585630923827   73.163643819247852 
   129.45210574776891   57.546559924445148 
   92.501688519632864   78.879893257778477 
   76.884604624830146   137.16364381924788 
   113.83502185296621   115.83031048591451 
   55.551271291496818   100.21322659111182 
   18.600854063360782   121.54655992444515 
   224.68627353737432   51.830310485914517 
   39.934187396694121    158.4969771525812 
     203.352940204041   14.879893257778471 
   209.06918964257162    110.1140610473839 
   193.45210574776894   168.39781160885329 
   230.40252297590496   147.06447827551995 
    172.1187724144356   131.44739438071724 
   135.16835518629955   152.78072771405056 
   119.55127129149682   211.06447827551997 
   156.50168851963289    189.7311449421866 
   98.217937958163475    174.1140610473839 
   61.267520730027456   195.44739438071724 
   82.600854063360799   232.39781160885329 
   246.01960687070766   88.780727714050556 
    251.7358563092383   184.01489550365599 
   108.11877241443558   20.596142696309084 
   214.78543908110223   205.34822883698934 
   177.83502185296624   226.68156217032268 
   34.217937958163475   63.262809362975773 
    71.16835518629955   41.929476029642416 
   140.88460462483016   248.01489550365602 
