   190.15973917824019   29.913112169125682 
   147.49307251157353   72.579778835792354 
   190.15973917824019   72.579778835792354 
   147.49307251157353   29.913112169125682 
   104.82640584490686   29.913112169125682 
   62.159739178240208   72.579778835792354 
   104.82640584490686   72.579778835792354 
   62.159739178240201   29.913112169125682 
   19.493072511573523   29.913112169125682 
   232.82640584490684   72.579778835792339 
   19.493072511573523   72.579778835792354 
   232.82640584490684   29.913112169125682 
   190.15973917824019   115.24644550245901 
   147.49307251157353   157.91311216912567 
   190.15973917824019   157.91311216912567 
   147.49307251157353   115.24644550245901 
   104.82640584490686   115.24644550245901 
   62.159739178240208   157.91311216912567 
   104.82640584490686   157.91311216912567 
   62.159739178240208   115.24644550245901 
   19.493072511573523   115.24644550245901 
   232.82640584490684   157.91311216912567 
   19.493072511573523   157.91311216912567 
   232.82640584490684   115.24644550245901 
   190.15973917824019   200.57977883579235 
   147.49307251157353   243.24644550245904 
   190.15973917824019   243.24644550245904 
   147.49307251157353   200.57977883579235 
   104.82640584490686   200.57977883579235 
   62.159739178240216   243.24644550245904 
   104.82640584490686   243.24644550245904 
   62.159739178240208   200.57977883579235 
   19.493072511573523   200.57977883579235 
   232.82640584490684   243.24644550245904 
   19.493072511573523   243.24644550245904 
   232.82640584490684   200.57977883579235 
