   174.51490533435677   40.049201842673519 
   144.34501600373073   92.304983022047978 
   185.55785125873098   81.262037097673769 
   133.30207007935653   51.092147767047727 
   92.089234824356268   62.135093691421957 
   61.919345493730248   114.39087487079641 
   103.13218074873048   103.34792894642221 
   50.876399569356032   73.178039615796166 
   9.6635643143557601   84.220985540170389 
   226.77068651373119    70.21909117329956 
    20.70651023872998   125.43382079517065 
   215.72774058935696   29.006255918299299 
   196.60079718310519     122.474872352674 
   166.43090785247918   174.73065353204848 
   207.64374310747942   163.68770760767427 
   155.38796192810497   133.51781827704821 
    114.1751266731047   144.56076420142244 
   84.005237342478679   196.81654538079692 
   125.21807259747892   185.77359945642269 
   72.962291418104456   155.60371012579665 
   31.749456163104195   166.64665605017089 
   248.85657836247964   152.64476168330006 
   42.792402087478415   207.85949130517113 
    237.8136324381054   111.43192642829979 
    218.6866890318536   204.90054286267448 
    122.2591241549823   9.8793125120474965 
   177.47385377685339   215.94348878704872 
   136.26101852185315   226.98643471142293 
   39.833453644981802   31.965204360795934 
   81.046288899982045   20.922258436421714 
   95.048183266852888   238.02938063579717 
   53.835348011852631    249.0723265601714 
