   23.235229033668837    32.37923572822757 
   53.405118364294879   75.045902394894227 
   23.235229033668837   117.71256906156088 
   53.405118364294879   160.37923572822757 
   23.235229033668837   203.04590239489423 
   53.405118364294879   245.71256906156091 
   83.575007694920899    32.37923572822757 
   113.74489702554692   75.045902394894227 
   83.575007694920899   117.71256906156088 
   113.74489702554692   160.37923572822757 
   83.575007694920899   203.04590239489423 
   113.74489702554692   245.71256906156091 
   143.91478635617295    32.37923572822757 
   174.08467568679896   75.045902394894227 
   143.91478635617295   117.71256906156088 
   174.08467568679896   160.37923572822757 
   143.91478635617295   203.04590239489423 
   174.08467568679896   245.71256906156091 
   204.25456501742502    32.37923572822757 
   234.42445434805106   75.045902394894227 
   204.25456501742502   117.71256906156088 
   234.42445434805106   160.37923572822757 
   204.25456501742502   203.04590239489423 
   234.42445434805106   245.71256906156091 
