   80.020996621658881   29.437868673798988 
   98.119925978019324   78.459245876200598 
   57.935104772910442   111.86353918379947 
   76.034034129270907   160.88491638620107 
   35.849212924162003   194.28920969379996 
   138.30474718312828   45.054952568601699 
   156.40367653948874   94.076329771003302 
   116.21885533437984   127.48062307860221 
    134.3177846907403    176.5020002810038 
   94.132963485631393   209.90629358860269 
   178.48956838823719   11.650659261002803 
   196.58849774459762   60.672036463404417 
   214.68742710095813   109.69341366580602 
    174.5026058958492   143.09770697340491 
   192.60153525220969   192.11908417580653 
   152.41671404710078   225.52337748340543 
   236.77331894970652   27.267743155805512 
   254.87224830606701   76.289120358207128 
    39.83617541654997   62.842161981397886 
   232.78635645731856   158.71479086820761 
   17.750283567801532   145.26783249139839 
   210.70046460857014    241.1404613782081 
