     83.5174236900735   44.280250593494344 
   88.311980946427397   96.315612486943422 
    40.85075702340685   118.18108504976644 
   45.645314279760747   170.21644694321552 
   130.97864761309407   22.414778030671311 
   135.77320486944797   74.450139924120364 
   140.56776212580189   126.48550181756944 
   93.106538202781323   148.35097438039247 
   97.901095459135234   200.38633627384155 
   50.439871536114659   222.25180883666459 
   183.23442879246855   52.584667361297342 
   188.02898604882247    104.6200292547464 
   192.82354330517637   156.65539114819546 
   145.36231938215582   178.52086371101851 
   150.15687663850969   230.55622560446756 
   102.69565271548913   252.42169816729057 
     235.490209971843   82.754556691923369 
    240.2847672281969   134.78991858537242 
   36.056199767052924   66.145723156317388 
   197.61810056153024   208.69075304164448 
