   106.68310243299577   36.138988087834939 
   55.179879769036411   44.975544085127638 
   46.343323771743727   96.478766749086986 
   158.18632509695513   27.302432090542219 
   149.34976909966244   78.805654754501589 
    97.84654643570309   87.642210751794309 
   89.009990438410412   139.14543341575364 
   37.506767774451021   147.98198941304636 
   28.670211777158322   199.48521207700574 
   200.85299176362182   69.969098757208883 
   192.01643576632912   121.47232142116825 
   140.51321310236975   130.30887741846098 
   131.67665710507708    181.8121000824203 
   80.173434441117692   190.64865607971302 
      71.336878443825   242.15187874367243 
    243.5196584302885   112.63576542387557 
   234.68310243299581   164.13898808783495 
   183.17987976903643   172.97554408512767 
   174.34332377174377   224.47876674908699 
   122.84010110778439   233.31532274637971 
