   145.18113002572215   24.714224913616786 
   93.145768132273105   19.919667657262899 
   71.280295569450061    67.38089158028346 
    19.24493367600099   62.586334323929584 
   197.21649191917123   29.508782169970672 
   175.35101935634819   76.970006092991255 
   123.31565746289913   72.175448836637358 
    101.4501849000761   119.63667275965793 
    49.41482300662701   114.84211550330404 
    27.54935044380397   162.30333942632461 
   227.38638124979724   81.764563349345138 
    205.5209086869742   129.22578727236569 
   153.48554679352517   124.43123001601182 
   131.62007423070213   171.89245393903238 
   79.584712337253052   167.09789668267851 
   57.719239774430001   214.55912060569906 
   235.69079801760026    181.4815684517402 
   183.65543612415121    176.6870111953863 
   161.78996356132816   224.14823511840686 
    109.7546016678791   219.35367786205299 
