    231.6417376591593   28.625623260171785 
   198.23744435156041   68.810444465280696 
   149.21606714915882   50.711515108920224 
   115.81177384155993   90.896336314029128 
   66.790396639158331   72.797406957668656 
   33.386103331559418   112.98222816277756 
   247.25882155396204   86.909373821641168 
   213.85452824636315   127.09419502675009 
   164.83315104396152    108.9952656703896 
   131.42885773636263   149.18008687549852 
   82.407480533961035   131.08115751913803 
   49.003187226362151   171.26597872424696 
   229.47161214116585   185.37794558821943 
   180.45023493876423     167.279016231859 
   147.04594163116533   207.46383743696788 
   98.024564428763753   189.36490808060742 
   64.620271121164848   229.54972928571632 
   182.62036045675774   10.526693903811314 
   196.06731883356696   225.56276679332842 
   100.19468994675721   32.612585752559752 
   113.64164832356647   247.64865864207681 
   17.769019436756711   54.698477601308191 
