   192.13478614589894   66.897857706682188 
   149.46811947923229   97.067747037308209 
   106.80145281256561   66.897857706682188 
   64.134786145898943   97.067747037308209 
   21.468119479232303   66.897857706682203 
   234.80145281256563   97.067747037308209 
   192.13478614589894   127.23763636793426 
   149.46811947923229   157.40752569856028 
   106.80145281256561   127.23763636793426 
   64.134786145898943   157.40752569856028 
   21.468119479232303   127.23763636793426 
   234.80145281256563   157.40752569856028 
   192.13478614589894   187.57741502918631 
   149.46811947923229   217.74730435981232 
   106.80145281256561   187.57741502918631 
   64.134786145898957   217.74730435981232 
   21.468119479232303   187.57741502918631 
   234.80145281256563   217.74730435981232 
   192.13478614589897   247.91719369043838 
   149.46811947923229   36.727968376056147 
   106.80145281256564   247.91719369043838 
   64.134786145898943   36.727968376056147 
   21.468119479232303   247.91719369043838 
   234.80145281256563   36.727968376056147 
