   106.38137604921434   67.141334014281796 
   170.38137604921431   67.141334014281796 
   170.38137604921431    131.1413340142818 
   106.38137604921434    131.1413340142818 
   106.38137604921434    195.1413340142818 
   170.38137604921431    195.1413340142818 
   170.38137604921431   3.1413340142817869 
   106.38137604921434   3.1413340142817869 
   234.38137604921431   67.141334014281796 
   42.381376049214325   67.141334014281796 
   42.381376049214325    131.1413340142818 
   234.38137604921431    131.1413340142818 
   234.38137604921431    195.1413340142818 
   42.381376049214325    195.1413340142818 
   42.381376049214325   3.1413340142817869 
   234.38137604921431   3.1413340142817869 
