   68.183565675177249   1.5786345354728542 
   130.00281855767764   18.143053422034189 
    113.4383996711163   79.962306304534565 
   51.619146788615922    63.39788741797323 
   35.054727902054601   125.21714030047362 
   96.873980784554959   141.78155918703496 
   80.309561897993646   203.60081206953532 
   18.490309015493267     187.036393182974 
   191.82207144017801   34.707472308595527 
    253.6413243226784   51.271891195156847 
   237.07690543611704   113.09114407765722 
   175.25765255361665   96.526725191095892 
   158.69323366705532   158.34597807359629 
   220.51248654955572   174.91039696015761 
   203.94806766299436   236.72964984265798 
     142.128814780494   220.16523095609665 
