   169.85556935372259   5.9696293740941737 
   225.28119519592667   37.969629374094175 
   193.28119519592667   93.395255216298239 
   137.85556935372259   61.395255216298246 
   105.85556935372257   116.82088105850235 
   161.28119519592667   148.82088105850235 
   129.28119519592667   204.24650690070641 
   73.855569353722586   172.24650690070641 
   82.429943511518474   29.395255216298246 
   248.70682103813073   125.39525521629824 
   216.70682103813073   180.82088105850235 
   50.429943511518474   84.820881058502337 
   18.429943511518474   140.24650690070641 
   184.70682103813076   236.24650690070641 
