   185.85287147884355   23.892362531315232 
   231.10770547478259   69.147196527254266 
   185.85287147884355    114.4020305231933 
   140.59803748290454    69.14719652725428 
   95.343203486965507   114.40203052319332 
   140.59803748290454   159.65686451913234 
   95.343203486965507   204.91169851507138 
   50.088369491026462   159.65686451913237 
   95.343203486965479   23.892362531315218 
   231.10770547478259   159.65686451913234 
   185.85287147884358   204.91169851507138 
   50.088369491026448   69.147196527254266 
   4.8335354950873901   114.40203052319332 
   140.59803748290454   250.16653251101042 
