   200.26720003067422   82.979936506186363 
   232.26720003067422   138.40556234839045 
   176.84157418847013   170.40556234839045 
   144.84157418847013   114.97993650618638 
   89.415948346266077   146.97993650618636 
   121.41594834626609   202.40556234839045 
   65.990322504062007   234.40556234839045 
      33.990322504062   178.97993650618636 
   168.26720003067422   27.554310663982317 
   112.84157418847015   59.554310663982314 
   208.84157418847016   225.83118819059453 
   57.415948346266084   91.554310663982335 
   1.9903225040620001   123.55431066398235 
