   214.55839817765508    47.26760916249323 
   152.73914529515469   63.832028049054564 
   136.17472640859339   2.0127751665541864 
   74.355473526093007   18.577194053115523 
   90.919892412654335   80.396446935615884 
    29.10063953015397   96.960865822177226 
    12.53622064359265    35.14161293967684 
   231.12281706421641   109.08686204499361 
   247.68723595077773   170.90611492749397 
   185.86798306827737    187.4705338140553 
   169.30356418171601   125.65128093155494 
   107.48431129921568   142.21569981811626 
     124.048730185777   204.03495270061666 
   62.229477303276624   220.59937158717798 
    45.66505841671529   158.78011870467759 
