   251.17787643928855   48.648005919115285 
   251.17787643928855   112.64800591911529 
   187.17787643928855   112.64800591911529 
   187.17787643928855   48.648005919115292 
   123.17787643928855   48.648005919115292 
   123.17787643928855   112.64800591911529 
   59.177876439288561   112.64800591911529 
   59.177876439288561   48.648005919115292 
   251.17787643928855   176.64800591911529 
   251.17787643928855   240.64800591911529 
   187.17787643928855   240.64800591911529 
   187.17787643928855   176.64800591911529 
   123.17787643928855   176.64800591911529 
   123.17787643928855   240.64800591911529 
   59.177876439288575   240.64800591911529 
   59.177876439288561   176.64800591911529 
