   87.551562174867215   204.23457057410249 
   44.884042174867226   83.563177152921384 
   130.21780217486722   143.90339915389751 
   66.217802174867217   143.90339915389751 
   23.551562174867211   204.23457057410249 
   108.88404217486723   83.563177152921384 
   215.55156217486726   204.23457057410249 
   172.88404217486723   83.563177152921384 
   2.2178021748672232   143.90339915389751 
   194.21780217486724   143.90339915389751 
   151.55156217486723   204.23457057410249 
   236.88404217486726   83.563177152921384 
