   157.19166261492549   82.412176978154477 
   90.070395377956842   113.33458210099248 
   133.80148833791318    208.2576272238305 
   78.375862495709114   176.25762722383047 
   101.76603677272142   50.412176978154491 
   145.49602122016094   145.33458210099249 
   46.340410930517365   18.412176978154505 
     200.921647062365   177.33458210099246 
   22.950236653505037   144.25762722383047 
   189.22711418011727   240.25762722383047 
    212.6172884571296   114.41217697815449 
   34.644769535752808   81.334582100992506 
