   171.88113885062114   155.29325561219875 
   99.043665967016594   167.78974303897803 
   244.71130691050882   142.80226281577652 
   199.45647291456976   97.547428819837464 
    126.6263048546821   110.03842161625974 
   144.29849996295565   213.04457703491707 
   81.371470858743066   64.783587620320702 
   8.5339979751384938   77.280075047099956 
   154.20163891863075    52.29259482389844 
   108.94680492269168   7.0377608279594064 
   217.13597284656021   200.54808960813779 
   53.788831971077563   122.53490904303904 
