   52.725541318854027    189.7309192958021 
   158.24198993536888   117.28520496763605 
   122.04381341881788   215.32848624555587 
   105.47939453225656   153.50923336305547 
     36.1611224322927   127.91166641330172 
   174.80640882193023   179.10445785013644 
   19.596703545731383    66.09241353080138 
   191.37082770849153   240.92371073263683 
   88.914975645695222   91.689980480555136 
   72.350556759133909   29.870727598054764 
   69.289960205415355   251.55017217830249 
   141.67757104880758   55.465952085135733 
