   119.80962905134581   140.58597332132584 
   59.469407050369696   97.918453321325856 
   180.14080047155076   183.25221332132585 
   180.14080047155076   119.25221332132585 
   119.80962905134581   76.585973321325852 
   59.469407050369696   161.91845332132587 
   119.80962905134581   12.585973321325849 
   59.469407050369711   225.91845332132581 
   180.14080047155076   55.252213321325868 
   180.14080047155079   247.25221332132583 
   119.80962905134581   204.58597332132587 
   59.469407050369689   33.918453321325863 
