   68.017724750795452   218.57817352555452 
   109.24018883438274   154.57817352555449 
   68.017724750795452   90.578173525554547 
   109.24018883438274   26.578173525554529 
   150.46265291797002   218.57817352555452 
   191.68511700155733   154.57817352555449 
   150.46265291797002   90.578173525554547 
   191.68511700155733   26.578173525554529 
   232.90758108514461   218.57817352555452 
   26.795260667208129   154.57817352555449 
   232.90758108514461   90.578173525554547 
   26.795260667208129   26.578173525554529 
