   72.503663703695238   62.393846728955438 
   115.17033037036191   105.06051339562211 
   72.503663703695238   147.72718006228877 
   115.17033037036191   190.39384672895542 
   72.503663703695238   233.06051339562211 
   115.17033037036191   19.727180062288753 
   157.83699703702857   62.393846728955438 
   200.50366370369525   105.06051339562211 
   157.83699703702857   147.72718006228877 
   200.50366370369525   190.39384672895542 
   157.83699703702857   233.06051339562211 
   200.50366370369525   19.727180062288753 
   243.17033037036188   62.393846728955438 
   29.836997037028571   105.06051339562211 
   243.17033037036188   147.72718006228877 
   29.836997037028571   190.39384672895542 
   243.17033037036188   233.06051339562211 
   29.836997037028571   19.727180062288753 
