   59.150303135924581   26.239372022404151 
    123.1503031359246   67.461836105991438 
   187.15030313592456   26.239372022404151 
   251.15030313592459   67.461836105991438 
   59.150303135924595   108.68430018957872 
    123.1503031359246   149.90676427316603 
   187.15030313592456   108.68430018957872 
   251.15030313592459   149.90676427316603 
   59.150303135924595   191.12922835675332 
    123.1503031359246   232.35169244034057 
   187.15030313592456   191.12922835675332 
   251.15030313592459   232.35169244034057 
