   64.646411081194117   43.517686497045304 
   12.390629901819652   73.687575827671338 
   42.560519232445685    125.9433570070458 
    20.47462738369725   208.36902751704628 
   116.90219226056858   13.347797166419284 
   147.07208159119463    65.60357834579375 
   94.816300411820137    95.77346767641977 
   124.98618974244617   148.02924885579426 
   72.730408563071705   178.19913818642027 
   102.90029789369774   230.45491936579472 
   199.32786277056906    35.43368901516773 
   229.49775210119512   87.689470194542167 
   177.24197092182067   117.85935952516819 
   207.41186025244667   170.11514070454268 
   155.15607907307219   200.28503003516872 
   185.32596840369825   252.54081121454317 
