   100.91900772682203   42.414955246591298 
   42.635257165352662   58.032039141394016 
   58.252341060155366    116.3157897028634 
   15.585674393488715   190.21662415913548 
   159.20275828829139   26.797871351788586 
   174.81984218309412   85.081621913257962 
   116.53609162162475   100.69870580806067 
   132.15317551642747   158.98245636953007 
   73.869424954958092   174.59954026433275 
    89.48650884976081   232.88329082580216 
   233.10359274456349   69.464538018455229 
   248.72067663936622   127.74828857992462 
   190.43692607789686   143.36537247472734 
   206.05400997269956    201.6491230361967 
   147.77025941123017   217.26620693099937 
