   89.383518813996545   20.532866039331704 
   89.383518813996545   80.872644700583749 
    29.04374015274448   80.872644700583763 
    29.04374015274448   141.21242336183582 
   149.72329747524861   20.532866039331665 
   149.72329747524859   80.872644700583749 
   149.72329747524861   141.21242336183582 
   89.383518813996545   141.21242336183582 
   89.383518813996545   201.55220202308786 
    29.04374015274448   201.55220202308786 
   210.06307613650065    80.87264470058372 
   210.06307613650063   141.21242336183579 
   210.06307613650065   201.55220202308783 
   149.72329747524859   201.55220202308783 
