   152.28640584232534   51.048901926907313 
   94.002655280855947   35.431818032104609 
   78.385571386053229   93.715568593574005 
   20.101820824583875   78.098484698771273 
   4.4847369297811435   136.38223526024066 
   210.57015640379473   66.665985821710024 
   194.95307250899199    124.9497363831794 
   136.66932194752263   109.33265248837671 
    121.0522380527199   167.61640304984607 
   62.768487491250553   151.99931915504337 
   47.151403596447835   210.28306971651276 
   253.23682307046141   140.56682027798212 
   237.61973917565868   198.85057083945151 
   179.33598861418932    183.2334869446488 
   163.71890471938659   241.51723750611819 
   105.43515415791721   225.90015361131546 
