   179.94148705398337   61.345731938330687 
    149.7715977233573   113.60151311770515 
   97.515816543982837   83.431623787079133 
   67.345927213356845   135.68740496645358 
   15.090146033982366   105.51751563582755 
   232.19726823335779   91.515621268956707 
   202.02737890273181   143.77140244833117 
   171.85748957210575   196.02718362770568 
   119.60170839273128   165.85729429707962 
   89.431819062105276   218.11307547645407 
   37.176037882730789   187.94318614582804 
   254.28316008210624   173.94129177895724 
    224.1132707514802   226.19707295833169 
   127.68570587460887   31.175842607704645 
   141.68760024147971   248.28296480708013 
   45.260035364608399    53.26173445645307 
   210.11137638460937    9.089950758956201 
