   232.20754186067714   13.497082575668511 
   189.54087519401051   56.163749242335172 
   146.87420852734382   13.497082575668511 
   104.20754186067717   56.163749242335172 
   61.540875194010496   13.497082575668511 
   18.874208527343825   56.163749242335179 
   232.20754186067714   98.830415909001829 
   189.54087519401051   141.49708257566851 
   146.87420852734382   98.830415909001829 
   104.20754186067717   141.49708257566851 
   61.540875194010503   98.830415909001829 
   18.874208527343825   141.49708257566851 
   232.20754186067714   184.16374924233514 
   189.54087519401051   226.83041590900183 
   146.87420852734382   184.16374924233514 
   104.20754186067717   226.83041590900183 
   61.540875194010503   184.16374924233514 
   18.874208527343825   226.83041590900183 
