   25.485985268627722   56.611566171254943 
   94.812681754471342    31.01581481105741 
   83.769735830097119   72.228650066057654 
   36.528931193001945   15.398730916254699 
   3.4000934198792985   139.03723668125545 
   72.726789905722896    113.4414853210579 
    61.68384398134868   154.65432057605815 
   14.443039344253501   97.824401426255179 
   50.640898056974464    195.8671558310584 
   39.597952132600241   237.07999108605861 
   142.05348639156651   87.845733960860372 
   211.38018287741011    62.24998260066284 
   200.33723695303587   103.46281785566308 
   153.09643231594072   46.632898705860129 
   119.96759454281808   170.27140447086086 
   189.29429102866166   144.67565311066332 
   178.25134510428748   185.88848836566359 
    131.0105404671923   129.05856921586062 
   97.881702694069659   252.69707498086134 
   167.20839917991321   227.10132362066383 
   108.92464861844385    211.4842397258611 
