   92.941250307847966   97.931382758287427 
   153.28102896910002   55.264716091620755 
   153.28102896910002   97.931382758287427 
   92.941250307847966   55.264716091620755 
   92.941250307847966   183.26471609162076 
   153.28102896910002    140.5980494249541 
   153.28102896910002   183.26471609162076 
   92.941250307847966    140.5980494249541 
   92.941250307847966   12.598049424954066 
   153.28102896910002   225.93138275828741 
   153.28102896910002   12.598049424954066 
   92.941250307847966   225.93138275828741 
   213.62080763035212   97.931382758287427 
   32.601471646595861   55.264716091620755 
   32.601471646595861   97.931382758287427 
   213.62080763035212   55.264716091620755 
   213.62080763035212   183.26471609162076 
   32.601471646595861    140.5980494249541 
   32.601471646595861   183.26471609162076 
   213.62080763035212    140.5980494249541 
   213.62080763035212   12.598049424954066 
   32.601471646595861   225.93138275828741 
   32.601471646595861   12.598049424954066 
   213.62080763035212   225.93138275828741 
