   150.88920783367161    63.29363376962754 
    224.4783223463794   56.513105872117514 
   203.14498901304609   93.463523100253568 
   172.22254116700492   26.343216541491493 
   108.22254116700493   137.19446822589964 
   181.81165567971274    130.4139403283896 
   160.47832234637943   167.36435755652568 
   129.55587450033826   100.24405099776358 
   65.555874500338277   211.09530268217173 
   139.14498901304609   204.31477478466175 
   117.81165567971276    241.2651920127978 
   86.889207833671591   174.14488545403572 
   255.40077019242054   123.63341243087959 
   98.633426654297111   33.123744439001499 
   212.73410352575385   197.53424688715168 
   77.300093320963782   70.074161667137545 
   55.966759987630446   107.02457889527361 
   234.06743685908719   160.58382965901563 
   34.633426654297111   143.97499612340968 
   13.300093320963787    180.9254133515457 
   191.40077019242051   234.48466411528776 
