    141.5667796093405   80.964727513215806 
   214.40333560663316   93.461504849256457 
   184.23344627600716   123.63139417988248 
   171.73666893996653   50.794838182589778 
   81.227000948088445   141.30450617446786 
   154.06355694538115   153.80128351050851 
    123.8936676147551   183.97117284113455 
   111.39689027871448   111.13461684384183 
   20.887222286836423   201.64428483571993 
   93.723778284129082   214.14106217176055 
   63.553888953503083   244.31095150238656 
   51.057111617462425    171.4743955050939 
   226.90011294267384   166.29806084654916 
   129.07000227329982   8.1281715159230927 
   98.900112942673786   38.298060846549113 
    166.5603342814218   226.63783950780123 
    68.73022361204778    68.46795017717514 
   38.560334281421746   98.637839507801175 
   196.73022361204784   196.46795017717514 
   8.3904449507957253   128.80772883842718 
    136.3904449507958   256.80772883842724 
