   133.32399921270434    78.48736789030896 
   200.44430577146639    109.4098157363501 
   163.49388854333034   130.74314906968343 
   170.27441644084038   57.154034556975624 
   59.423164756432229   121.15403455697565 
   126.54347131519431   152.07648240301674 
   89.593054087058263   173.40981573635011 
   96.373581984568276   99.820701223642288 
    207.2248336689764   35.820701223642288 
   52.642636858922238   194.74314906968343 
   237.39472299960249    88.07648240301674 
   22.472747528296196   142.48736789030897 
   193.66377787395643   182.99893024905791 
   140.10452711021435   4.8982533776011614 
   103.15410988207829   26.231586710934483 
   230.61419510209245   161.66559691572456 
   119.76294341768431   225.66559691572459 
   66.203692653942241   47.564920044267822 
   29.253275425806187   68.898253377601165 
   156.71336064582036   204.33226358239125 
   82.812526189548279   246.99893024905793 
