   192.39521988957935   74.082554381122435 
   249.22513903938233   121.32335901821762 
   208.01230378438208   132.36630494259185 
   233.60805514457959   63.039608456748205 
   109.96954937957888   96.168446229870881 
   166.79946852938184   143.40925086696603 
   125.58663327438161   154.45219679134027 
   151.18238463457911   85.125500305496658 
   27.543878869578393    118.2543380786193 
    84.37379801938134   165.49514271571448 
   43.160962764381118   176.53808864008869 
   68.756714124578622   107.21139215424509 
   223.62938767918482   190.65005550406121 
   217.99097124977692   4.7558578952787993 
   176.77813599477665    15.79880381965302 
   141.20371716918433    212.7359473528096 
    135.5653007397764   26.841749744027243 
   94.352465484776161   37.884695668401463 
   182.41655242418454   201.69300142843542 
   58.778046659183829   234.82183920155805 
   53.139630229775896   48.927641592775679 
   11.926794974775682   59.970587517149887 
   99.990881914184058   223.77889327718387 
