   138.16694235557787   112.92459779032107 
   180.83360902224453   173.26437645157313 
   138.16694235557787   173.26437645157313 
   180.83360902224453   112.92459779032107 
   52.833609022244566   112.92459779032107 
   95.500275688911202   173.26437645157313 
   52.833609022244566   173.26437645157313 
   95.500275688911202   112.92459779032107 
   223.50027568891122   112.92459779032107 
   10.166942355577886   173.26437645157313 
   223.50027568891122   173.26437645157313 
   10.166942355577886   112.92459779032107 
   138.16694235557787    233.6041551128252 
   180.83360902224453   52.584819129068968 
   138.16694235557787   52.584819129068968 
   180.83360902224456    233.6041551128252 
   52.833609022244573    233.6041551128252 
   95.500275688911202   52.584819129068968 
   52.833609022244566   52.584819129068968 
   95.500275688911202    233.6041551128252 
   223.50027568891122    233.6041551128252 
   10.166942355577886   52.584819129068975 
   223.50027568891122   52.584819129068961 
   10.166942355577886    233.6041551128252 
