   114.46290143779416   31.629693306114159 
   129.32212191560987   74.297213306114173 
   52.600005656224191   116.96473330611416 
   82.320278256906789   202.30233330611418 
   67.460141956565479   159.63481330611418 
   97.180414557248071    244.9698533061142 
   206.04515399752114   31.629693306114159 
   37.739869355882909   74.297213306114173 
   144.18225821595115   116.96473330611416 
   173.90253081663374   202.30233330611418 
   159.04239451629243   159.63481330611418 
   188.76266711697502    244.9698533061142 
