    167.8940439096462   124.93001816029329 
   125.22652390964622     139.789238638109 
   82.559003909646208   63.067122378723319 
    253.2214039096462   92.787394979405917 
   39.888923909646202   77.927258679064636 
   210.55388390964617   107.64753127974721 
   167.89404390964623   216.51227072002027 
   125.22652390964622   48.206986078382037 
   82.559003909646208   154.64937493845028 
    253.2214039096462   184.36964753913287 
   39.888923909646202   169.50951123879159 
   210.55388390964617   199.22978383947415 
