   31.872668431113251   80.223838182326887 
   62.042557761739275   122.89050484899354 
   31.872668431113251   165.55717151566023 
   62.042557761739275   208.22383818232689 
   31.872668431113251   250.89050484899357 
   62.042557761739275   37.557171515660251 
   92.212447092365295   80.223838182326887 
   122.38233642299134   122.89050484899354 
   92.212447092365295   165.55717151566023 
   122.38233642299134   208.22383818232689 
   92.212447092365295   250.89050484899357 
   122.38233642299134   37.557171515660251 
   152.55222575361736   80.223838182326887 
   182.72211508424337   122.89050484899354 
   152.55222575361736   165.55717151566023 
   182.72211508424337   208.22383818232689 
   152.55222575361736   250.89050484899357 
   182.72211508424337   37.557171515660251 
   212.89200441486943   80.223838182326887 
   243.06189374549544   122.89050484899354 
   212.89200441486943   165.55717151566023 
   243.06189374549544   208.22383818232689 
   212.89200441486943   250.89050484899357 
   243.06189374549544   37.557171515660251 
