   88.821169340607582   39.790901080522445 
   106.92009869696805   88.812278282924055 
   66.735277491859151   122.21657159052293 
   84.834206848219608   171.23794879292456 
   44.649385643110719   204.64224210052342 
   129.00599054571649   6.3866077729235657 
   147.10491990207697   55.407984975325164 
   165.20384925843746   104.42936217772677 
   125.01902805332854   137.83365548532566 
   143.11795740968901   186.85503268772726 
   102.93313620458011   220.25932599532615 
   187.28974110718588   22.003691667726276 
   205.38867046354636   71.025068870127868 
   223.48759981990685   120.04644607252949 
   183.30277861479792   153.45073938012837 
   201.40170797115837   202.47211658252999 
   161.21688676604947   235.87640989012885 
   245.57349166865524   37.620775562528983 
   48.636348135498693   73.195194388121351 
   241.58652917626731   169.06782327493107 
   26.550456286750258   155.62086489812185 
   219.50063732751883   251.49349378493156 
