   75.448589129592449   23.950302139063655 
   80.243146385946346   75.985664032512716 
   32.781922462925792    97.85113659533576 
   37.576479719279682   149.88649848878481 
   122.90981305261302   2.0848295762406144 
   127.70437030896692   54.120191469689679 
   132.49892756532083   106.15555336313875 
   85.037703642300258   128.02102592596179 
   89.832260898654155   180.05638781941084 
   42.371036975633608   201.92186038223389 
   175.16559423198751   32.254718906866643 
   179.96015148834141   84.290080800315707 
   184.75470874469528   136.32544269376476 
   137.29348482167472    158.1909152565878 
   142.08804207802862   210.22627715003685 
   94.626818155008067   232.09174971285989 
   227.42137541136196   62.424608237492663 
   232.21593266771586   114.45997013094173 
   237.01048992406976   166.49533202439079 
    189.5492660010492   188.36080458721381 
    194.3438232574031   240.39616648066288 
