   105.26233215172319   32.026010090250892 
   96.425776154430508    83.52923275421027 
   44.922553490471138   92.365788751502933 
   36.085997493178439   143.86901141546232 
   156.76555481568255   23.189454092958215 
   147.92899881838986   74.692676756917564 
   139.09244282109717   126.19589942087693 
   87.589220157137817   135.03245541816963 
   78.752664159845111   186.53567808212898 
   27.249441495885762   195.37223407942167 
   199.43222148234921   65.856120759624872 
   190.59566548505651   117.35934342358422 
   181.75910948776379    168.8625660875436 
   130.25588682380447   177.69912208483626 
   121.41933082651177   229.20234474879564 
   69.916108162552433   238.03890074608836 
   242.09888814901583   108.52278742629153 
    233.2623321517232   160.02601009025091 
    53.75910948776383   40.862566087543613 
   172.92255349047116   220.36578875150295 
