   143.61613721331233   48.938079391020864 
   121.75066465048931   96.399303314041433 
   69.715302757040249   91.604746057687549 
   47.849830194217219    139.0659699807081 
   195.65149910676138   53.732636647374768 
   173.78602654393839   101.19386057039532 
   151.92055398111535   148.65508449341593 
   99.885192087666283     143.860527237062 
   78.019719524843254   191.32175116008256 
   25.984357631394168   186.52719390372869 
   225.82138843738741   105.98841782674924 
    203.9559158745644    153.4496417497698 
   182.09044331174135   200.91086567279032 
   130.05508141829233   196.11630841643648 
   108.18960885546927   243.57753233945701 
    56.15424696202021   238.78297508310317 
   255.99127776801342   158.24419900612369 
   234.12580520519046   205.70542292914425 
   91.580775319863278   44.143522134666973 
   160.22497074891837   248.37208959581091 
   17.679940863591188   86.810188801333652 
   165.48160977613534   1.4768554680003094 
