   171.23577218367203   19.141620025095911 
   137.83147887607316   59.326441230204821 
   88.810101673671525    41.22751187384435 
   55.405808366072655   81.412333078953253 
   6.3844311636710271   63.313403722592795 
   220.25714938607362   37.240549381456404 
   186.85285607847473   77.425370586565293 
   153.44856277087587    117.6101917916742 
   104.42718556847424   99.511262435313739 
   71.022892260875366   139.69608364042264 
   22.001515058473739   121.59715428406219 
    235.8742332808763   95.524299942925779 
   202.46993997327746   135.70912114803468 
   169.06564666567857   175.89394235314361 
   120.04426946327695   157.79501299678313 
   86.639976155678085   197.97983420189206 
   37.618598953276468   179.88090484553155 
   251.49131717567903   153.80805050439517 
   218.08702386808019   193.99287170950407 
   184.68273056048128   234.17769291461298 
   135.66135335807968   216.07876355825249 
    102.2570600504808   256.26358476336139 
   53.235682848079179   238.16465540700094 
