   246.52341990755278   54.223303688425851 
   203.85675324088612   84.393193019051893 
   161.19008657421944   54.223303688425858 
   118.52341990755278   84.393193019051893 
   75.856753240886107   54.223303688425858 
   33.190086574219428   84.393193019051893 
   246.52341990755278   114.56308234967791 
   203.85675324088612   144.73297168030393 
   161.19008657421944   114.56308234967791 
   118.52341990755278   144.73297168030393 
   75.856753240886107   114.56308234967791 
   33.190086574219428   144.73297168030393 
   246.52341990755278   174.90286101092997 
   203.85675324088612   205.07275034155597 
   161.19008657421944   174.90286101092997 
   118.52341990755278   205.07275034155597 
   75.856753240886107   174.90286101092997 
   33.190086574219428   205.07275034155597 
   246.52341990755278   235.24263967218204 
   203.85675324088609   24.053414357799845 
   161.19008657421944   235.24263967218204 
   118.52341990755278   24.053414357799845 
   75.856753240886121   235.24263967218204 
   33.190086574219428   24.053414357799845 
