   157.77197741747005    163.4689051066415 
   115.10445741747006   42.797511685460435 
   200.43821741747007   103.13773368643652 
   136.43821741747004   103.13773368643652 
   93.771977417470055    163.4689051066415 
   179.10445741747006   42.797511685460435 
    29.77197741747008    163.4689051066415 
   243.10445741747006   42.797511685460435 
   72.438217417470057   103.13773368643652 
   8.4382174174700673   103.13773368643652 
   221.77197741747005    163.4689051066415 
   51.104457417470094   42.797511685460435 
