   110.39512906703717   175.60066533204352 
   100.41352437179251   47.997883148943259 
   167.22240837057885   128.36806422190961 
   105.40315548807844   111.80364533534825 
   48.575876184536817   159.03624644548216 
    162.2327772542929   64.562302035504587 
   234.03363483203793    208.7295031051662 
   224.05203013679326     81.1267209220659 
   43.583902605578068   95.239226448786923 
   229.04166125307918    144.9324831084709 
    172.2143819495376   192.16508421860482 
   38.594271489292183   31.433464262381932 
