   128.67269117056009   224.54700876483537 
      152.05723164467   98.708756552026173 
   195.78832460462633   193.63180167486419 
   140.36269876242224   161.63180167486419 
   73.247065328356001    192.5470087648354 
   207.48285748687408   130.70875655202619 
   17.821439486151935   160.54700876483537 
   41.205979960261814    34.70875655202618 
   84.937072920218185   129.63180167486422 
   29.511447078014079   97.631801674864207 
   184.09831701276414   256.54700876483537 
   96.631605802465927   66.708756552026188 
