   178.11529605477799    177.8825169476614 
   108.78795047672664   152.28605607552279 
   72.589773960175648   250.32933735344253 
   56.025355073614321   188.51008447094222 
   161.55087716821666   116.06326406516104 
   125.35236936328796   214.10530895802319 
   144.98645828165533   54.244011182660664 
   75.659112703603981   28.647550310522046 
   39.460936187053001   126.69083158844182 
   22.896517300491677   64.871578705941474 
   194.67971494133931   239.70176983016174 
   92.223531590165308   90.466803193022443 
