   48.566057897169259   194.06762251611519 
   169.23745131835034    151.4001025161152 
   108.89722931737424   236.73386251611518 
   108.89722931737424   172.73386251611518 
   48.566057897169259   130.06762251611522 
   169.23745131835034    215.4001025161152 
   48.566057897169259   66.067622516115222 
   169.23745131835034   23.400102516115201 
   108.89722931737424    108.7338625161152 
   108.89722931737424   44.733862516115209 
   48.566057897169244    2.067622516115188 
   169.23745131835034   87.400102516115226 
