   68.768944352519028    248.8860504877139 
   109.99140843610631    184.8860504877139 
   68.768944352519028   120.88605048771393 
   109.99140843610631   56.886050487713923 
   151.21387251969361    248.8860504877139 
   192.43633660328089    184.8860504877139 
   151.21387251969361   120.88605048771393 
   192.43633660328089   56.886050487713923 
   233.65880068686818    248.8860504877139 
   27.546480268931724    184.8860504877139 
   233.65880068686818   120.88605048771393 
   27.546480268931724   56.886050487713923 
