   75.780142485496881   18.719780424200145 
   139.78014248549687   59.942244507787429 
   203.78014248549687   18.719780424200145 
   11.780142485496874   59.942244507787436 
   75.780142485496881   101.16470859137472 
   139.78014248549687   142.38717267496202 
   203.78014248549687   101.16470859137472 
   11.780142485496874   142.38717267496202 
   75.780142485496881    183.6096367585493 
   139.78014248549687   224.83210084213658 
   203.78014248549687    183.6096367585493 
   11.780142485496874   224.83210084213658 
