   80.651781465388467   65.981708109433427 
   123.31844813205512    108.6483747761001 
   80.651781465388467   151.31504144276678 
   123.31844813205512   193.98170810943344 
   80.651781465388467    236.6483747761001 
   123.31844813205512   23.315041442766734 
   165.98511479872181   65.981708109433427 
   208.65178146538844    108.6483747761001 
   165.98511479872181   151.31504144276678 
   208.65178146538844   193.98170810943344 
   165.98511479872181    236.6483747761001 
   208.65178146538844   23.315041442766734 
   251.31844813205512   65.981708109433427 
    37.98511479872181    108.6483747761001 
   251.31844813205512   151.31504144276678 
    37.98511479872181   193.98170810943344 
   251.31844813205512    236.6483747761001 
    37.98511479872181   23.315041442766734 
