   104.87990423230042   2.4349096779933594 
   135.04979356292642   54.690690857367827 
   82.794012383551973   84.860580187993847 
   112.96390171417799   137.11636136736834 
   60.708120534803548   167.28625069799432 
   90.878009865429561   219.54203187736883 
   187.30557474230091   24.520801526741803 
   217.47546407292694   76.776582706116272 
   165.21968289355249   106.94647203674229 
   195.38957222417849   159.20225321611679 
   143.13379104480404   189.37214254674277 
   173.30368037543008   241.62792372611725 
    52.62412305292591   32.604799008619381 
   247.64535340355295   129.03236388549072 
   30.538231204177485   115.03046951861988 
   225.55946155480453   211.45803439549121 
   8.4523393554290411   197.45614002862038 
