   132.27392713556037   5.1718380011799052 
   147.89101103036307   63.455588562649282 
   89.607260468893728   79.072672457452001 
   105.22434436369642   137.35642301892139 
   46.940593802227042   152.97350691372409 
   62.557677697029774   211.25725747519348 
   206.17476159183246   47.838504667846578 
    221.7918454866352   106.12225522931594 
   163.50809492516584   121.73933912411867 
   179.12517881996851   180.02308968558805 
   120.84142825849915   195.64017358039078 
   136.45851215330185   253.92392414186011 
   73.990176574090995   20.788921895982636 
   237.40892938143787   164.40600579078531 
   31.323509907424331   94.689756352254733 
   194.74226271477124   238.30684024705744 
