   95.097630521378292    9.984583280276814 
   95.097630521378292   70.324361941528849 
   34.757851860126252   70.324361941528849 
   34.757851860126252   130.66414060278092 
   155.43740918263035   9.9845832802767944 
   155.43740918263035   70.324361941528849 
   155.43740918263038   130.66414060278092 
   95.097630521378321   130.66414060278089 
   95.097630521378321   191.00391926403296 
   34.757851860126273   191.00391926403296 
   215.77718784388242   70.324361941528849 
   215.77718784388242   130.66414060278089 
   215.77718784388242   191.00391926403296 
   155.43740918263038   191.00391926403296 
   155.43740918263035     251.343697925285 
   95.097630521378335     251.343697925285 
