   202.84134233958198   59.110649071713297 
   172.67145300895592   111.36643025108776 
   120.41567182958147   81.196540920461729 
   90.245782498955421   133.45232209983621 
   37.990001319580983   103.28243276921016 
   7.8201119889549418   155.53821394858463 
   224.92723418833043   141.53631958171377 
   194.75734485770437   193.79210076108825 
   142.50156367832992   163.62221143046222 
   112.33167434770385    215.8779926098367 
   60.075893168329429   185.70810327921066 
   29.906003837703384   237.96388445858514 
   247.01312603707882   223.96199009171428 
   150.58556116020748   28.940759741087238 
   164.58745552707833   246.04788194046273 
   68.159890650206989    51.02665158983568 
