   156.59531404307316   33.715890031553705 
   140.97823014827048   91.999640593023102 
    82.69447958680108   76.382556698220384 
    67.07739569199839   134.66630725968977 
   8.7936451305289829   119.04922336488707 
   214.87906460454258   49.332973926356409 
   199.26198070973984   107.61672448782581 
   183.64489681493711   165.90047504929518 
   125.36114625346777   150.28339115449248 
   109.74406235866505   208.56714171596187 
   51.460311797195651   192.95005782115916 
   241.92864737640653   181.51755894409791 
    98.31156348160377    18.09880613675098 
   168.02781292013444    224.1842256107646 
   24.410729025331694   60.765472803417651 
