   221.28493165916589   71.192037059543495 
   178.61826499249926   113.85870372621018 
   135.95159832583261   71.192037059543509 
    93.28493165916592   113.85870372621018 
   50.618264992499256   71.192037059543509 
   7.9515983258326157   113.85870372621018 
   221.28493165916589   156.52537039287682 
   178.61826499249926   199.19203705954351 
   135.95159832583261   156.52537039287682 
    93.28493165916592   199.19203705954351 
   50.618264992499256   156.52537039287682 
   7.9515983258326157   199.19203705954351 
   221.28493165916589   241.85870372621017 
   178.61826499249926   28.525370392876816 
   135.95159832583261   241.85870372621017 
    93.28493165916592   28.525370392876816 
   50.618264992499263   241.85870372621017 
   7.9515983258326157   28.525370392876816 
