   78.298845792685142   133.98262176402005 
   120.96551245935181   91.315955097353381 
   120.96551245935181   112.64928843068672 
   99.632179126018471   112.64928843068672 
   99.632179126018471   133.98262176402005 
   120.96551245935181   133.98262176402005 
   120.96551245935181   155.31595509735337 
   99.632179126018471   155.31595509735337 
   120.96551245935181   176.64928843068674 
   142.29884579268514   69.982621764020053 
   142.29884579268514   91.315955097353381 
   163.63217912601846   91.315955097353381 
   163.63217912601846   112.64928843068672 
   142.29884579268514   112.64928843068672 
   142.29884579268514   133.98262176402005 
   163.63217912601846   133.98262176402005 
   163.63217912601846   155.31595509735337 
   142.29884579268514   155.31595509735337 
   142.29884579268514   176.64928843068674 
   163.63217912601846   176.64928843068674 
   142.29884579268514   197.98262176402008 
    184.9655124593518   112.64928843068672 
    184.9655124593518   133.98262176402005 
   206.29884579268514   133.98262176402005 
    184.9655124593518   155.31595509735337 
   78.298845792685142   91.315955097353381 
   78.298845792685142   112.64928843068672 
   56.965512459351807   112.64928843068672 
   56.965512459351807   133.98262176402005 
   78.298845792685142   155.31595509735337 
   56.965512459351807   155.31595509735337 
   78.298845792685142   176.64928843068674 
   120.96551245935181   48.649288430686724 
   120.96551245935181   69.982621764020053 
   99.632179126018471   69.982621764020053 
   99.632179126018471   91.315955097353381 
   99.632179126018471   176.64928843068674 
   120.96551245935181   197.98262176402008 
   99.632179126018471   197.98262176402008 
   120.96551245935181   219.31595509735342 
   142.29884579268514   48.649288430686724 
   163.63217912601846   48.649288430686724 
   163.63217912601846   69.982621764020053 
   163.63217912601846   197.98262176402008 
   142.29884579268514   219.31595509735342 
   163.63217912601846   219.31595509735342 
    184.9655124593518   69.982621764020053 
    184.9655124593518   91.315955097353381 
   206.29884579268514   91.315955097353381 
   206.29884579268514   112.64928843068672 
   206.29884579268514   155.31595509735337 
    184.9655124593518   176.64928843068674 
   206.29884579268514   176.64928843068674 
    184.9655124593518   197.98262176402008 
   227.63217912601849   112.64928843068672 
   227.63217912601849   133.98262176402005 
   227.63217912601849   155.31595509735337 
   78.298845792685142   69.982621764020053 
   56.965512459351807   91.315955097353381 
   56.965512459351807   176.64928843068674 
   78.298845792685142   197.98262176402008 
   99.632179126018471   48.649288430686724 
   99.632179126018471   219.31595509735342 
    184.9655124593518   48.649288430686724 
   206.29884579268514   69.982621764020053 
   206.29884579268514   197.98262176402008 
    184.9655124593518   219.31595509735342 
   227.63217912601849   91.315955097353381 
   227.63217912601849   176.64928843068674 
