   83.720165471071354   132.75642165030374 
   135.97594665044582    102.5865323196777 
    130.4544736882587   123.19294994717785 
   109.84805606075858   117.67147698499073 
   104.32658309857146   138.27789461249085 
   124.93300072607161   143.79936757467797 
   119.41152776388449   164.40578520217807 
   98.805110136384357   158.88431223999095 
   113.89005480169739   185.01220282967819 
   162.10383724013306   87.501587654364684 
   156.58236427794594   108.10800528186482 
   177.18878190544604   113.62947824405192 
   171.66730894325894   134.23589587155206 
   151.06089131575882   128.71442290936494 
   145.53941835357173   149.32084053686506 
   166.14583598107183   154.84231349905215 
   160.62436301888474    175.4487311265523 
   140.01794539138461   169.92725816436518 
    134.4964724291975   190.53367579186528 
   155.10289005669762   196.05514875405242 
   128.97499946701041   211.14009341936543 
   192.27372657075907   139.75736883373918 
   186.75225360857198   160.36378646123927 
    207.3586712360721   165.88525942342639 
   181.23078064638489   180.97020408873939 
   94.763111395445563   91.543586395303507 
   89.241638433258473   112.15000402280363 
   68.635220805758337   106.62853106061651 
   63.113747843571225   127.23494868811663 
    78.19869250888425   153.36283927780386 
   57.592274881384128   147.84136631561677 
   72.677219546697145   173.96925690530398 
   147.01889257482006   61.373697064677451 
   141.49741961263294    81.98011469217758 
   120.89100198513279   76.458641729990461 
    115.3695290229457   97.065059357490597 
   93.283637174197253    179.4907298674911 
   108.36858183951027   205.61862045717831 
   87.762164212010134   200.09714749499122 
   102.84710887732317   226.22503808467849 
   167.62531020232015   66.895170026864562 
   188.23172782982024   72.416642989051667 
   182.71025486763315   93.023060616551788 
    149.5814170945105   216.66156638155255 
   123.45352650482329   231.74651104686558 
   144.05994413232338    237.2679840090527 
   203.31667249513328   98.544533578738907 
   197.79519953294619   119.15095120623904 
   218.40161716044631   124.67242416842616 
   212.88014419825922    145.2788417959263 
   201.83719827388501   186.49167705092648 
   175.70930768419774   201.57662171623952 
   196.31572531169792   207.09809467842663 
   170.18783472201065   222.18303934373967 
   233.48656182575934   150.80031475811339 
   227.96508886357225   171.40673238561351 
   222.44361590138513   192.01315001311363 
   100.28458435763268   70.937168767803357 
   74.156693767945441   86.022113433116388 
   52.070801919197017   168.44778394311686 
   67.155746584510027   194.57567453280413 
   126.41247494731992   55.852224102490339 
    82.24069124982303   220.70356512249134 
   208.83814545732037   77.938115951238785 
    223.9230901226334   104.06600654092601 
   190.79425234951077   227.70451230592676 
   164.66636175982353   242.78945697123979 
   239.00803478794643   130.19389713061327 
   216.92214293919804   212.61956764061372 
