   78.530692325771867   124.96236428438914 
   136.81444288724126   109.34528038958641 
   126.14777622057458   127.82048900365444 
   107.67256760650655   117.15382233698777 
   97.005900939839876    135.6290309510558 
   115.48110955390791   146.29569761772245 
   104.81444288724127   164.77090623179046 
   86.339234273173233   154.10423956512381 
   94.147776220574599    183.2461148458585 
   165.95631816797592   101.53673844218504 
   155.28965150130927   120.01194705625308 
   173.76486011537727   130.67861372291972 
   163.09819344871062   149.15382233698776 
   144.62298483464261    138.4871556703211 
   133.95631816797592   156.96236428438911 
   152.43152678204396   167.62903095105577 
    141.7648601153773   186.10423956512381 
   123.28965150130928   175.43757289845712 
   112.62298483464261   193.91278151252519 
   131.09819344871062   204.57944817919181 
   101.95631816797594   212.38799012659319 
   181.57340206277865   159.82048900365444 
     170.906735396112   178.29569761772245 
   189.38194401018004   188.96236428438911 
   160.24006872944534   196.77090623179046 
   99.864025659105181   88.011947056253078 
    89.19735899243851   106.48715567032112 
     70.7221503783705   95.820489003654444 
   60.055483711703836   114.29569761772247 
   67.864025659105195   143.43757289845715 
   49.388817045037172   132.77090623179049 
   57.197358992438531   161.91278151252516 
   158.14777622057457    72.39486316145036 
   147.48110955390791   90.870071775518383 
   129.00590093983988   80.203405108851712 
   118.33923427317322   98.678613722919735 
   75.672567606506561   172.57944817919184 
   83.481109553907928   201.72132345992657 
    65.00590093983989   191.05465679325985 
   72.814442887241256   220.19653207399458 
   176.62298483464261   83.061529828117017 
   195.09819344871062   93.728196494783674 
   184.43152678204396   112.20340510885171 
   120.43152678204396   223.05465679325988 
   91.289651501309265    230.8631987406612 
   109.76486011537729   241.52986540732792 
     202.906735396112   122.87007177551838 
   192.24006872944534   141.34528038958641 
   210.71527734351338   152.01194705625309 
   200.04861067684672    170.4871556703211 
   178.71527734351338   207.43757289845715 
   149.57340206277868   215.24611484585853 
   168.04861067684672   225.91278151252516 
     138.906735396112   233.72132345992654 
   218.52381929091473   181.15382233698779 
    207.8571526242481    199.6290309510558 
   197.19048595758142   218.10423956512381 
   110.53069232577185    69.53673844218504 
   81.388817045037172   77.345280389586406 
     38.7221503783705   151.24611484585853 
   46.530692325771859   180.38799012659322 
   139.67256760650656   61.728196494783688 
   54.339234273173211   209.52986540732792 
   213.57340206277868   104.39486316145035 
   221.38194401018006   133.53673844218505 
   157.38194401018004   244.38799012659322 
   128.24006872944534   252.19653207399455 
   229.19048595758142   162.67861372291975 
   186.52381929091476   236.57944817919187 
