   85.529670158115508   92.144832630738961 
   145.86944881936759   92.144832630738961 
   130.78450415405456   107.22977729605199 
   115.69955948874154   92.144832630738989 
   100.61461482342852   107.22977729605198 
   115.69955948874156   122.31472196136501 
   100.61461482342855     137.399666626678 
   85.529670158115522   122.31472196136498 
   85.529670158115522   152.48461129199103 
    176.0393381499936   92.144832630738946 
   160.95439348468057   107.22977729605198 
    176.0393381499936   122.31472196136498 
   160.95439348468057     137.399666626678 
   145.86944881936756   122.31472196136501 
   130.78450415405456     137.399666626678 
   145.86944881936756     152.484611291991 
   130.78450415405456   167.56955595730403 
   115.69955948874156     152.484611291991 
   100.61461482342852   167.56955595730403 
   115.69955948874154   182.65450062261706 
   85.529670158115522   182.65450062261706 
    176.0393381499936     152.484611291991 
   160.95439348468057   167.56955595730403 
    176.0393381499936   182.65450062261701 
   145.86944881936756   182.65450062261701 
   115.69955948874154   61.974943300112933 
   100.61461482342851   77.059887965425958 
   85.529670158115493    61.97494330011294 
    70.44472549280249   77.059887965425958 
   70.444725492802505   107.22977729605198 
   55.359780827489494   92.144832630738961 
   55.359780827489487   122.31472196136498 
    176.0393381499936   61.974943300112933 
   160.95439348468059   77.059887965425958 
   145.86944881936759   61.974943300112933 
   130.78450415405456   77.059887965425958 
   70.444725492802505   137.39966662667803 
   70.444725492802505   167.56955595730406 
   55.359780827489487   152.48461129199103 
   55.359780827489487   182.65450062261709 
   191.12428281530663   77.059887965425943 
   206.20922748061963   92.144832630738946 
   191.12428281530663   107.22977729605195 
   100.61461482342852   197.73944528793004 
    70.44472549280249    197.7394452879301 
   85.529670158115493   212.82438995324307 
   206.20922748061963   122.31472196136497 
    191.1242828153066   137.39966662667797 
   206.20922748061963     152.484611291991 
    191.1242828153066   167.56955595730403 
   160.95439348468059   197.73944528793004 
   130.78450415405456   197.73944528793004 
   145.86944881936756   212.82438995324307 
   115.69955948874153   212.82438995324307 
   206.20922748061963   182.65450062261706 
   191.12428281530663   197.73944528793004 
    176.0393381499936   212.82438995324307 
   130.78450415405456   46.889998634799909 
   100.61461482342852   46.889998634799923 
   40.274836162176463   107.22977729605198 
   40.274836162176463   137.39966662667803 
   160.95439348468057   46.889998634799909 
   40.274836162176463   167.56955595730406 
   221.29417214593263   107.22977729605195 
   221.29417214593263   137.39966662667797 
   130.78450415405456    227.9093346185561 
   100.61461482342851    227.9093346185561 
   221.29417214593263   167.56955595730403 
   160.95439348468059    227.9093346185561 
