   106.28967081317775   93.064868315249029 
   164.57342137464713   108.68195221005176 
   146.09821276057909   119.34861887671843 
    135.4315460939124    100.8734102626504 
   116.95633747984439   111.54007692931707 
   127.62300414651109   130.01528554338509 
   109.14779553244307   140.68195221005175 
   98.481128865776398   122.20674359598372 
   90.672586918375032   151.34861887671843 
   193.71529665538182    116.4904941574531 
   175.24008804131378   127.15716082411977 
   185.90675470798047   145.63236943818777 
   167.43154609391243   156.29903610485448 
   156.76487942724575   137.82382749078644 
   138.28967081317774    148.4904941574531 
   148.95633747984442   166.96570277152111 
   130.48112886577638   177.63236943818779 
   119.81446219910973   159.15716082411979 
   101.33925358504169   169.82382749078644 
   112.00592025170836   188.29903610485445 
   82.864044970973666   180.49049415745313 
   178.09821276057909   174.77424471892249 
   159.62300414651108   185.44091138558915 
   170.28967081317776   203.91611999965718 
   141.14779553244307    196.1075780522558 
   143.24008804131378   71.731534981915701 
   124.76487942724575   82.398201648582372 
   114.09821276057909   63.922993034514349 
   95.623004146511079    74.58965970118102 
   87.814462199109713    103.7315349819157 
   77.147795532443055   85.256326367847677 
   69.339253585041689   114.39820164858237 
   201.52383860278314   87.348618876718419 
   183.04862998871513    98.01528554338509 
   172.38196332204848   79.540076929317067 
   153.90675470798044   90.206743595983724 
   80.005920251708361    132.8734102626504 
   72.197378304306994   162.01528554338509 
    61.53071163764033   143.54007692931708 
   53.722169690238971   172.68195221005178 
   212.19050526944983   105.82382749078643 
   222.85717193611649   124.29903610485445 
   204.38196332204848   134.96570277152114 
   93.530711637640323   198.96570277152114 
   64.388836356905642   191.15716082411979 
     75.0555030235723   209.63236943818779 
   215.04862998871516   153.44091138558915 
   196.57342137464713    164.1075780522558 
   207.24008804131381   182.58278666632384 
    188.7648794272458   193.24945333299053 
   151.81446219910973   214.58278666632387 
   122.67258691837503   206.77424471892249 
   133.33925358504169    225.2494533329905 
   104.19737830430699   217.44091138558917 
   199.43154609391243   211.72466194705854 
   180.95633747984442   222.39132861372522 
   162.48112886577641   233.05799528039188 
   161.71529665538179   61.064868315249036 
    132.5734213746471   53.256326367847677 
   58.672586918375018   95.922993034514363 
   50.864044970973659   125.06486831524904 
   190.85717193611649   68.873410262650381 
   43.055503023572292   154.20674359598377 
   233.52383860278317   142.77424471892249 
   225.71529665538182   171.91611999965718 
   114.86404497097368   235.91611999965721 
   85.722169690238971   228.10757805225583 
   217.90675470798047   201.05799528039188 
   144.00592025170837   243.72466194705856 
