    98.38422074873354   78.564493548252088 
   150.64000192810801   108.73438287887812 
   130.03358430060788   114.25585584106524 
   124.51211133842075   93.649438213565105 
   103.90569371092064   99.170911175752209 
   109.42716667310776   119.77732880325235 
   88.820749045607656   125.29880176543944 
   83.299276083420537   104.69238413793931 
   68.214331418107506   130.82027472762655 
   176.76789251779525   123.81932754419114 
    156.1614748902951   129.34080050637823 
   161.68294785248222   149.94721813387835 
   141.07653022498209   155.46869109606547 
   135.55505726279497   134.86227346856535 
   114.94863963529487   140.38374643075244 
   120.47011259748199   160.99016405825256 
    99.86369496998185   166.51163702043968 
   94.342222007794746   145.90521939293959 
   73.735804380294624   151.42669235512668 
   79.257277342481714   172.03310998262677 
   53.129386752794481   156.94816531731379 
   146.59800318716918   176.07510872356559 
   125.99158555966908   181.59658168575268 
   131.51305852185621   202.20299931325283 
   105.38516793216897   187.11805464793983 
    139.5970560037338   67.521547623877865 
   118.99063837623365   73.043020586064969 
   113.46916541404653   52.436602958564848 
   92.862747786546421   57.958075920751959 
   77.777803121233418   84.085966510439192 
   72.256330159046314   63.479548882939071 
    57.17138549373329   89.607439472626297 
   191.85283718310828   97.691436954503899 
   171.24641955560813     103.212909916691 
   165.72494659342101   82.606492289190882 
   145.11852896592092   88.127965251377987 
   62.692858455920401   110.21385710012643 
   47.607913790607384   136.34174768981367 
   42.086440828420258   115.73533006231355 
   27.001496163107241   141.86322065200079 
   197.37431014529537   118.29785458200402 
   202.89578310748246   138.90427220950411 
   182.28936547998234   144.42574517169123 
   58.650859714981593   177.55458294481389 
    32.52296912529436   162.46963827950091 
   38.044442087481457   183.07605590700101 
   187.81083844216943   165.03216279919138 
   167.20442081466933    170.5536357613785 
   172.72589377685645   191.16005338887862 
    152.1194761493563   196.68152635106571 
   110.90664089435609   207.72447227543995 
   84.778750304668833   192.63952761012692 
   90.300223266855951   213.24594523762707 
   64.172332677168697   198.16100057231404 
   157.64094911154342   217.28794397856586 
    137.0345314840433   222.80941694075298 
   116.42811385654319    228.3308899029401 
   160.20347363123392   62.000074661690753 
   134.07558304154668   46.915129996377743 
   51.649912531546185   69.001021845126175 
   36.564967866233154   95.128912434813415 
   186.33136422092116   77.085019327003778 
    21.48002320092014   121.25680302450064 
   208.41725606966955   159.51068983700426 
   193.33231140435657   185.63858042669148 
   69.693805639355816   218.76741819981416 
   43.565915049668568   203.68247353450113 
   178.24736673904357   211.76647101637874 
   95.821696229043056   233.85236286512719 
