                    1    67.19704320000001 
   7.1971967999999835   101.35388159999999 
   9.3072768000000003   49.758015999999998 
   11.260300799999982   82.440729599999983 
   14.277401599999985   7.8859519999999979 
   5.4227327999999941   196.06568959999998 
   9.7041663999999859          166.6928896 
   8.9514367999999873          213.6920576 
   16.485695999999983   138.88181760000001 
   22.430399999999985          110.8370176 
   17.101055999999993   182.56911360000004 
   27.651763199999984   47.395391999999994 
   24.289267199999994          155.3258496 
    30.02449919999999   127.02364159999999 
   30.139443199999981   83.149337599999996 
   33.071027199999982   14.007283199999984 
   35.148979199999985   99.519129599999999 
   36.880563199999983           31.2951552 
   27.487795199999983   216.76252160000004 
   34.298675200000005   234.75330560000003 
   31.532851199999982   254.47580160000001 
   34.830899199999998   181.80213760000001 
   42.551731199999992   58.436441600000002 
   38.579763200000002          199.8433536 
   42.778547199999977   164.03036160000002 
   46.240307199999982   75.259174400000006 
   48.998963199999977   125.17890559999998 
   50.284467199999995          107.0896896 
           51.1924992    5.883238399999982 
   54.788147199999983   33.931891199999995 
   52.330547199999998   233.74184960000002 
   58.137779199999997   50.730623999999999 
   56.340787200000001   199.70780160000004 
   59.542067199999998   217.43183360000003 
    61.58392319999998   250.09858560000004 
   64.308147199999979   81.337881599999989 
   65.897651199999999   98.846745599999991 
   68.446515199999993          158.3809536 
   67.615795200000008          127.8639616 
   70.973235200000005   26.646911999999997 
   70.903859199999985   9.5428096000000089 
   73.531955199999999   188.54786560000002 
    78.60357119999999   142.13762560000001 
   77.866291200000006   112.00591359999999 
   76.269107199999979          216.9665536 
   75.553843199999989   54.678297599999993 
   82.238387200000005   171.62050560000003 
   79.519539199999983          247.1849216 
    80.61560320000001    71.98702080000001 
    85.08510720000001   230.76060160000003 
   84.279347200000004   38.725401599999998 
   85.210931199999976   202.03471360000003 
   88.751795199999989   1.2046335999999882 
   96.848307200000022   133.84424959999998 
   95.714739200000011   115.06101759999999 
   96.615091199999981   253.44796160000001 
   101.77694720000002          208.3719936 
          102.1125632   226.20162560000003 
          104.2565632   168.14210560000001 
    99.32152320000003   73.719142399999981 
   102.28382720000002   37.975104000000002 
   108.61598719999999   3.8083967999999913 
   107.01611519999999    56.24972799999999 
          110.7516672   241.51016960000001 
          116.6108672   181.72085759999999 
   116.00491519999999          199.3744896 
   115.45502719999998   136.59804159999999 
   112.46302720000001   105.79522560000001 
   113.98494720000001   22.450457599999982 
   120.18565120000001   153.98133760000002 
          114.5222912   86.838220800000002 
   125.97419520000001          119.9090176 
   128.60753919999999   241.19541760000001 
   124.44152320000001   58.725337600000003 
   131.44414719999997   207.81058560000002 
   135.33099519999999   178.89743360000003 
   132.18117119999999   26.641843199999993 
   130.68574719999998   76.082419200000004 
   138.53445119999998          161.3057536 
   137.15038720000001   224.92316160000001 
   135.98251520000002   44.949913599999988 
   144.43256319999998   194.81013760000002 
   144.88235520000001   119.68156159999998 
          146.4381952   13.883148800000004 
   156.64670719999998          154.9907456 
   149.98123519999996   73.154880000000006 
   155.99365119999999          136.2223616 
   151.83237120000001   53.878156799999999 
          155.4929152   222.41320960000002 
   155.27710719999999   253.66722560000002 
   160.15057919999998   204.23848960000001 
   158.70046719999999   104.81116159999999 
          163.2852992   23.132723200000008 
   163.39256319999998   86.256268800000001 
   164.65937919999999   237.54754560000001 
   165.55576319999997   42.217881599999998 
   172.92830720000001   130.49500159999999 
   175.92478719999997   164.24732159999999 
          174.9778432          112.9497856 
          177.2151552   198.92072960000002 
   183.86437119999999   181.32290560000001 
   179.10865919999998   13.431744000000004 
   181.54565120000001   50.679987199999992 
          182.7863552          240.9917696 
   183.13489920000001   83.214822400000003 
   189.00446719999997   137.47893759999999 
          189.9620352   66.984153599999985 
          192.6516992   154.35317760000001 
   191.19621119999999   210.77416959999999 
          193.3837312   110.41973759999999 
          195.1128832   39.919820799999989 
   194.66680319999998   22.704243199999997 
   196.17233920000001          228.5302016 
   199.32792320000001   94.169843199999988 
   203.17560320000001   182.89935360000004 
   203.10430719999997   125.91772160000001 
   206.21918720000002   200.68508160000002 
   212.36485119999998   154.01103359999999 
   209.15025919999999   64.519296000000011 
   211.57637119999998   47.111052799999996 
   212.47301120000003           19.3332224 
   216.06520319999998   2.3815423999999892 
   218.52753919999995          171.5023616 
   215.67211520000001   228.68060159999999 
   219.53387519999995          134.8608256 
          218.4052992   92.864716799999997 
   221.49009919999997   210.37468160000003 
   223.78014720000002   75.161958400000003 
   223.91057920000003   33.954598399999995 
   225.32369920000002   244.61493760000002 
   234.37227519999996                    1 
   235.98917119999996   179.34210560000002 
   234.17848320000002          104.1477376 
   236.32235519999995   199.15010560000002 
   236.71685120000001   124.09858560000001 
   242.57144319999998   71.255001599999986 
   242.46072320000002   34.447513599999994 
   247.50021120000002   15.669465600000013 
   248.65771519999998   90.170329599999988 
   245.09944319999994          244.0330496 
   251.74136319999997   52.979609599999989 
   254.13931519999997   171.94101759999998 
   253.20568320000001   206.30338560000001 
