   109.77057061162074   79.736362518532417 
    152.4372372782874   122.40302918519909 
   131.10390394495406   122.40302918519909 
   131.10390394495406   101.06969585186575 
   109.77057061162074   101.06969585186575 
   109.77057061162074   122.40302918519909 
   88.437237278287412   122.40302918519909 
   88.437237278287412   101.06969585186575 
    67.10390394495407   122.40302918519909 
   173.77057061162074   143.73636251853242 
    152.4372372782874   143.73636251853242 
    152.4372372782874   165.06969585186573 
   131.10390394495406   165.06969585186573 
   131.10390394495406   143.73636251853242 
   109.77057061162074   143.73636251853242 
   109.77057061162074   165.06969585186573 
   88.437237278287412   165.06969585186573 
   88.437237278287412   143.73636251853242 
    67.10390394495407   143.73636251853242 
    67.10390394495407   165.06969585186573 
   45.770570611620727   143.73636251853242 
   131.10390394495406   186.40302918519907 
   109.77057061162074   186.40302918519907 
   109.77057061162074   207.73636251853242 
   88.437237278287412   186.40302918519907 
    152.4372372782874   79.736362518532417 
   131.10390394495406   79.736362518532417 
   131.10390394495406   58.403029185199081 
   109.77057061162074   58.403029185199081 
   88.437237278287412   79.736362518532417 
   88.437237278287412   58.403029185199081 
    67.10390394495407   79.736362518532417 
   195.10390394495408   122.40302918519909 
   173.77057061162074   122.40302918519909 
   173.77057061162074   101.06969585186575 
    152.4372372782874   101.06969585186575 
    67.10390394495407   101.06969585186575 
   45.770570611620727   122.40302918519909 
   45.770570611620727   101.06969585186575 
   24.437237278287384   122.40302918519909 
   195.10390394495408   143.73636251853242 
   195.10390394495408   165.06969585186573 
   173.77057061162074   165.06969585186573 
   45.770570611620727   165.06969585186573 
   24.437237278287384   143.73636251853242 
   24.437237278287384   165.06969585186573 
   173.77057061162074   186.40302918519907 
    152.4372372782874   186.40302918519907 
    152.4372372782874   207.73636251853242 
   131.10390394495406   207.73636251853242 
   88.437237278287412   207.73636251853242 
    67.10390394495407   186.40302918519907 
    67.10390394495407   207.73636251853242 
   45.770570611620727   186.40302918519907 
   131.10390394495406   229.06969585186576 
   109.77057061162074   229.06969585186576 
   88.437237278287412   229.06969585186576 
   173.77057061162074   79.736362518532417 
    152.4372372782874   58.403029185199081 
    67.10390394495407   58.403029185199081 
   45.770570611620727   79.736362518532431 
   195.10390394495408   101.06969585186575 
   24.437237278287384   101.06969585186575 
   195.10390394495408   186.40302918519907 
   173.77057061162074   207.73636251853242 
   45.770570611620727   207.73636251853242 
   24.437237278287384   186.40302918519907 
    152.4372372782874   229.06969585186576 
   67.103903944954084   229.06969585186576 
