   25.653301604206376   20.141106147595792 
   19.811935791770317   53.518889825037618 
   32.174037409753019   3.7241878357988298 
   12.084197219377211   87.344801911286481 
   23.061498681913918   72.067552958997297 
   6.5767767835289304   129.42423865020208 
   39.374104089184513    31.04788667926109 
   1.8778170873117688   147.09749188956738 
   38.529684988821714   48.291123997768509 
   22.520964266590909   102.41290930109923 
   50.607584592160642   6.0441434872717767 
   22.731935569661299   120.85183587958231 
   41.306701642160036   78.588399421992307 
   55.985766577072148   23.529916686453021 
   5.4782243541336584   177.58836103210658 
   13.181722424595501   160.01147932610587 
    39.64329289482707   96.555830941114223 
   57.659681006551274   53.062777448459499 
   59.085291694577997   71.553123923177367 
   41.528346430529595   126.04402452788922 
   69.540864985512073   36.420576908449029 
   21.708173037664391    186.9067533717278 
   51.886008167189331   109.86766868920942 
    32.16327038124448   157.00737507263491 
   10.302811966465265   216.65725652258033 
   35.985889930176562   174.38668752557788 
   46.726951052865232   143.93342494966367 
   27.150645395875312   204.19759604741657 
   73.922857956605398   83.645138044443769 
   91.635602176901259   10.544315462620897 
   69.118001341720969   102.86443117630107 
   88.923817956381455   30.472332784067305 
   52.561994969541367     180.745076038082 
   65.979456613062922   148.48970348072785 
   48.945309005895623   199.53495441019419 
   93.370093325950705   81.193838941158887 
   83.574638791679405    114.1436959020908 
   105.34340692308403   42.221912336091215 
   82.079886651590712   134.54199268864011 
   67.653169730936256   168.36121359935194 
   107.46162899615884   64.014074468392337 
    98.50338707603251   100.72310886356975 
   124.05207443642935   11.873043984907373 
   121.67307570783582   30.935444554011703 
   64.928144501615066   208.60200902522601 
   61.180878442935423   227.17893044980906 
   83.159016107645513   178.74699693767224 
   100.46136704989161    140.2357520380387 
   81.752255084820831   197.80356521072764 
   126.53525640632502    68.21074663784249 
   114.74564187879045   109.04603041671574 
   142.81093737011156   6.5076653323809523 
    114.1383991566136   127.43030127395484 
   139.85140907280328   36.782024828992462 
   75.203938630510777   238.35725776366235 
   101.69815863791125   173.26345701241098 
   109.97978952870793   156.64810647083686 
   141.28668498343237   54.871319332873597 
   136.65109991620704   85.299989422716806 
   132.94244459096822   103.49938412949675 
   154.19429484154125   22.912922630133174 
   99.994703618966511   203.56714348808637 
   93.159526749079845   237.73650634302652 
   112.95551403934917   188.04205137945695 
   131.27107959010254   134.25798080208102 
   103.01602796123953   221.97355089259381 
   129.67184060241109   153.07493547668935 
   158.35112653064687   62.623295998851049 
    154.6871952279181   80.449054799665674 
   143.86595413784565   120.01153845439615 
   174.13483617427306   25.768369903099618 
   132.36371937507482   183.54949645469068 
   120.18244401441601   226.88256904042902 
   143.08748962691917    166.3979972684987 
   188.66141383328031   12.470876563435832 
    170.3284657861665   89.274049926698325 
   177.56288874770152   59.688298330203111 
   162.66895791526505   123.11930449711966 
   134.38838185482462   215.60614135114594 
   126.56201347611977   244.12859934923873 
   142.01547380775912   198.85396959692488 
   185.11995707168163   42.224175999587814 
   173.60349389673129   107.18564435494652 
   185.72901576013297   77.401241425714829 
   164.75408295634779   161.27168956547763 
   171.06036951081217    141.5893781307887 
   207.72037778369818   20.701455179222148 
   148.16352376949004   226.90952384631274 
   144.22964717321867   243.48608219066963 
   160.49779345469227   201.70950182023802 
   204.24596419440508   39.403486226398812 
   192.30503277224184   105.99459061667696 
    202.1650302570828    89.16370316777369 
   189.97325382528766   139.03094426937395 
   180.00136555401522   175.16544285075349 
   163.62057435646076   219.62747719682824 
   176.03175232766199     193.231439245498 
   198.85430009175627   122.10829488893432 
   242.91057250072382   60.361419486013439 
   177.02633316991245   230.98401141138135 
   222.79940094280718   90.805593335741932 
   205.14518576026074   149.60951320051691 
   199.91100419819071   178.88299710232303 
    190.8625684670447   205.17654036740666 
   216.90504582605681   122.51419435209118 
   180.08501088673671   248.76832939772322 
   239.38763098421228   79.202522131195309 
   253.90334174081357     44.7702650180712 
   192.73687508471843   222.93000526325432 
   229.18667524068192   109.26766128053984 
   211.90895962674199   166.31632137792104 
    220.3440366235055   139.84849048395714 
   206.46840437567471   196.83329057247883 
   197.93970986199292   251.97806668291406 
   206.43283034651085   235.27322017493012 
   235.59650700765943   148.99494622603319 
   246.54441847014246   117.99522430695887 
   230.76860183958183   167.39720208334074 
   221.57509421188743   208.73940874953524 
   249.72813144929069   137.33909217404698 
   223.21341814109229   228.34289891365339 
   240.95889104137223   182.50289293807447 
   237.66065825369841   200.99102324097427 
