   43.555118273434914   27.316284397124218 
   37.180475576644199   45.874417428063637 
   61.307974757846821   23.264906986644245 
   72.486594969427969   4.7132088216693546 
    43.63425869236049   64.631497170612903 
   31.249108021731047   79.718279391538829 
   73.843809180211409   38.197324851837905 
   15.700119928125037   115.22079677594797 
   90.409849626209621   12.315493119128087 
    62.58778104937555   69.344921465870144 
   11.843581011174455   133.00272612147305 
   41.375718592771875   96.532651374032042 
   89.700612673342491    30.39615155609922 
   76.236275893824896    56.83002694844204 
   33.631553960548807   113.02766597922036 
   109.33421830156826   11.888245072241967 
   70.743926868411293   86.227854513359802 
   59.898541563395142   100.45069288930863 
   27.852888494314563   141.27686416668172 
   105.96368101677604   37.895402898307324 
   13.577765775538319   170.93752599988301 
   42.436648185513661   129.68770741614995 
   93.719339546670213   64.406520429753186 
   119.78823889984059   26.954854252662663 
   26.808266157750733   158.80665112833162 
   108.72673619067534    54.59982695299766 
   7.9209974273817805   200.96317618553752 
   88.488000153020394   93.430346051191279 
   151.70428573788217   2.9132955524266206 
    70.81609697653964   116.40480421929377 
   20.296665198430652   187.85633882848825 
   101.44657436769118   81.194205117729467 
   61.201244806196726   132.24618468559157 
   137.35231764058665    32.74212948555013 
   41.897356958031011   167.86005922222603 
   151.78466338206567   21.077821388908113 
   37.747207125010696   186.17792959204075 
   90.061481919005331   112.13219568772215 
   125.28123513771875   61.952961682873003 
   59.403381890354254    163.9187666008747 
   140.68288875367625   51.570147099457664 
   70.839458087966534   148.49746158738105 
   120.76741625080099   79.928437331178543 
   168.56490513383869   27.048982111548604 
   52.035403132829558    196.8143681579956 
   63.902411918663326   182.08615400706529 
   108.71715170280015   120.29169177296198 
   184.75003103105414   17.780065730672664 
   90.768867338109288   150.47612020130072 
    50.57836709925872   215.70334059659893 
   158.67766593846949    57.79645474451462 
   133.39095060962296   92.650714450607509 
   171.44826547932223   44.735687496641809 
   127.01079026362272   110.76861233031609 
   109.27408700083927   140.11655554022974 
   80.399710504098124   183.59455466945806 
   92.106883325354858   169.01748853005193 
   198.72634074084499   29.826339210996707 
   165.83126590242347   75.453544149923346 
   153.71133331696552   90.486971172246143 
   189.61331968630986   45.681210687896439 
   65.913171618000163   227.13692004600199 
   86.220956884936214   200.99602017447009 
   144.19263399312925   118.73934602310212 
   106.74790054103116   178.71719083800991 
   128.50298051373127   147.14598300256921 
   82.863507151412861   219.00431769679113 
   160.71905906040297   107.74827413910414 
   102.84932224265374   196.54505452808505 
   144.28333764624819   136.72419468746799 
   185.19942841467406   76.064982629454477 
   197.18966789272821    61.08083065854656 
   124.05563982244425    177.4507310384468 
   136.05784506051663   164.72834976323617 
   198.46457760021127   89.266478270123145 
   99.200641396450152   228.32881913431311 
   216.30195468127175    63.09187489196173 
   179.74784796656488   115.05133294712871 
   161.59641001283643   143.07422571342039 
   116.90978981525468   206.40293831416562 
   129.24796874927108   194.19200952757313 
   99.443649332527542   245.73959704238459 
   215.49622457405366   80.868368374851414 
   177.44254601383824   133.25812105603893 
   233.75317725436253   54.232766741175581 
   153.17372301688641   172.71657152665551 
   199.24640281953185   107.37676526762115 
   116.77767700354795   223.85032441637242 
   166.15708857745483   160.76389072251104 
   144.28110266145717   200.97228979468019 
    158.6855650795556   190.74226103081725 
   229.86184048765935   91.300311730466348 
   190.76920817154044    146.1121771035933 
   251.17041793710024   63.616708951018232 
    221.5052117319342   108.51387331537339 
   183.69611429454892   164.32972706524689 
   145.02328534790757   218.71501567325021 
    133.7252270895539   232.07480260359179 
   247.64397538980558   83.244302612905329 
   208.64962971935446   146.53642652203007 
     169.850971197295   205.25562634775224 
    143.1221227574309   248.34238987340495 
   234.59671889722421   121.40863775743892 
   161.80717162552853   222.14904789195256 
   196.84355465479055   178.64006037182679 
   226.16907676911404   138.38270211133386 
   210.29080272496822   165.82451949229659 
    253.6424047305477   115.33254222912804 
   186.16279280875796   210.28118655269841 
   199.68642841864977    198.6197385733181 
   170.95764681092152   237.89599195745353 
   161.94579620656768   254.36308707441475 
   236.82114876668416   152.80957220566069 
   227.03727005184041   168.25968323486163 
   187.62434650347183   230.12358929546389 
   210.11824434431111   215.41773537486642 
   254.32557734655421   156.85722054786513 
   236.68450552632612   182.43837324047166 
   204.57507117744882   235.37450493502456 
   226.68101917284798    214.2445358575178 
