    50.52992804440153   36.574242336733917 
    75.05859112820842   15.571473879218569 
   27.972927568129695   57.973624159389587 
    61.70606184803863   50.368820835376027 
   9.7591240201161096      93.195099419757 
   89.453610764308706   29.143579613936652 
   49.178980739954753   64.832989857822071 
   121.86448930452431   8.1966556215723365 
   110.37084758557168   25.114722762614178 
   80.967333783722211   47.189668747161292 
   26.920481148720135   98.232686520848944 
   141.50345808473799   4.0384604546894938 
   58.486994996239503   80.676707239800322 
   7.2076564794250775   126.18677849947646 
   45.953306682392224   94.891160088256811 
   89.202898983971153   63.936944144702466 
   23.513606735837858     117.288320490855 
   123.44279689496668    39.23640320137897 
    78.45632406462353   79.737035866708652 
   151.40820258209317   19.367449354797941 
   4.7825404352506897   146.22145554815066 
   141.69017952980528   34.985073586132515 
   52.508469386704007   111.58340560765892 
   39.059185271450858   123.97481272342297 
   108.00003734219244    68.45763053189286 
   123.47981534917537   58.209130315504481 
    182.2519062210294   9.7555036333964829 
    169.9404191421022   23.662314120348537 
   10.511259361128646   165.14702712525232 
   91.372958783744508   93.849665338674299 
   68.368840547592782   120.02361316723753 
   44.707984160492018   140.16726385617395 
   110.35989591574469   86.884946386699241 
   153.11367625606417   49.464357723133205 
   84.786298714971537   111.30074391452027 
   142.32021732869671   64.960698999358627 
   26.813317701817812   168.30056497742535 
   40.270476158186185    157.2122255517404 
   62.706555718020901   138.00191055913629 
   171.14437874573019   43.424014010359215 
   129.41417224073089   92.698382361817579 
   97.198342035037768   124.13528636477261 
   31.287120080988359   185.25076305060435 
   147.27697929627195   83.206633479509364 
   67.290236834133594   155.23685204781768 
   54.863530947852709   167.92965635799467 
   209.43033034496656   30.035823921000588 
   185.87437466306841   55.516920241086112 
   23.333764025538084    201.5549031136573 
    115.1392589340558    121.4725824421195 
   94.100196099675784    142.2605714574901 
   130.12060019940748    110.7783221108712 
   48.821558061054908    185.1731057554673 
   203.31079067269971   47.185233773429729 
   83.775577252506253   156.75515172838141 
   168.60395338453412   89.600417445791564 
   183.90651346158899   75.708179015386207 
   37.410642178646881   213.61432076722718 
   121.41719052530848   138.14916978895903 
   52.835661836494694   202.75696201425748 
   109.72207428540591   150.53795212435131 
   144.69899242285925   122.49244538105202 
    90.66318196735223   173.09540514896315 
   220.10232529788891    55.50452041657114 
    201.5647686674684   82.948952454736471 
    108.0565153750194   168.12542876986109 
   174.86161081015661    109.2564020435877 
   138.44441232594855   139.57125769244743 
   83.884822421772469   189.96722184966114 
   162.39082671556372    122.9172072529379 
   70.351997882962849   203.01853495475393 
   217.71730503663494   72.734031325173078 
   144.37587290812829   156.10918422792341 
   121.46027312727263   178.83761001537187 
   209.41476268207197   99.696227852277644 
    76.57616673142833   219.83993777038046 
   190.24508653039615   122.43071778748151 
   169.26213969017107   140.67737634497615 
   98.527748038502452   200.54083279347626 
   233.14675966821443   82.110923438799645 
   138.13260651971652   173.04019425148812 
    66.74645474883836   235.04936339907167 
   115.41983890483068   195.48595834579794 
   162.00860438763397   156.98948125881236 
   250.40622927692158    76.77990399407804 
   206.91895858719599   117.54663508330381 
   94.624066058012744   217.92411962799639 
   227.45786499625288    98.84235964444224 
       186.9488149318   141.25482802676436 
   127.98982159554271   207.25818882282951 
   79.370652730677577   248.37682150120773 
   151.99036076661702    184.7472577675656 
   167.69804211760345   174.52699656759069 
   236.09366394836192    114.3896578637471 
   222.71144749709077   127.91252633907763 
    107.0402728228066   230.49310671236054 
   194.07853300852418   159.11917374666126 
   145.73442302468635   201.67120803702687 
   124.51859480871818   225.06270765218383 
   98.239474745948343   246.61758508444956 
   254.15993673754878    111.3612043727389 
   185.69561806878443   176.91545619622832 
   223.98365139038464   146.08958296188649 
   211.88323285721449   160.45165707883774 
    153.7448001709715   217.23914246063387 
   141.76738427660237   231.00738264589035 
   193.69287131321079   194.72287133495837 
   240.52411219656432   154.42298911323468 
    220.1378050877417   177.05538414294375 
   170.28299823545149   222.86332271998117 
   186.38973671261417   212.67664060683131 
   256.59202202615853   146.27775256164165 
   148.55913925304489   247.23893395521381 
   212.61672320662063   194.29231684432096 
   238.11085291889691   173.08544908548402 
    169.7476335492795   241.96728885269485 
