   10.555893652369832   53.813333948813046 
   37.632598821645125   37.939083003560725 
    54.11141227787256   29.818953158196383 
   90.062385584663986     13.3548095071116 
   119.94676457583003   4.9058962724551751 
   40.144043689910042   55.661193115803755 
    24.65926037775057   65.074745674948929 
   67.546708767629298   44.767521293206855 
   97.118107018709097   29.710333514930472 
   114.75934516963942   22.888830300764219 
   153.83139497540401   8.9469657202102102 
   86.411790580105759   45.340145481359642 
   57.046091321863209   61.082318366295794 
   24.633203557906153   82.673901939094591 
   11.176070371943819   94.847575536786636 
   175.03716763647498   9.2279293829402143 
   128.29222450724666   32.443792886199049 
   145.71946664665276   25.673269707455756 
   55.474182887237717   79.770253092678473 
   40.863147121564239   90.851292795326003 
   93.975331130702742   62.909318000101067 
   124.63283900223466   50.424527267037114 
   20.161001199828185   110.73146823317424 
   153.54910833869479   41.393966923132076 
   188.17516417413549   24.930038895832126 
   85.626167226282988   79.516301916925883 
   112.72105347991362   64.341445533513806 
   69.717455644070967   89.723397173575265 
   38.141187548188817   109.44705651809117 
   12.840265718039314   126.63014242994366 
   141.25890864861964   54.884060624754611 
   207.05224848923672   23.794684028349117 
   169.17128013825791   48.951050204545197 
   185.92668541346853    43.93424744261754 
   96.551210981692947   93.437304776209018 
     71.2855733214612   109.17417666306206 
   45.552577341641005   126.50872819504782 
   122.20717604239162   80.585267778551028 
    19.92448057247957    144.1148264895684 
   4.8938135025718568   155.49253145283583 
   218.87079346328431   37.950508394937415 
   148.50668886253911   70.451472197355571 
   165.29732964913157   66.045587131372002 
   63.576970329778476   126.28469262609005 
   113.71223813432013   95.784947714628487 
   88.835368766764304   109.12881803676787 
   38.557037548667651   144.67049784724807 
   196.75535965004923   59.410189398987299 
    139.6685827603323   85.495295385648859 
   213.97562445419368   55.550546959555774 
   174.92626538202452   79.434049043558076 
   101.30294325276313   121.07260249366723 
   117.88690725994429   113.36960674499861 
   68.255363650069398   145.17241955462478 
   192.51591014588746   77.776815461656483 
   53.796525233945218   157.34548879946894 
    227.3819481114578   67.408164676649861 
   166.69765150345455   95.170791730008474 
   150.23335257311288   101.09167747165483 
   97.934474165098166   138.06064289010629 
   18.978177973030732   188.17664630798845 
     85.0482182514925   151.05491292840637 
   132.72841203982605   123.51565508453002 
   194.92875282895247   95.928461579395872 
   150.23750930329976   119.87826913953184 
   40.835538621302035   187.92193747015102 
   57.070053814074114   177.24414262028102 
    113.4081999559384    145.5464661422306 
   179.51590728475216   106.53669400762946 
   231.61279880487791   86.374997036891429 
   130.00374673359542    140.6408763405185 
   249.66622768440811   82.000037107069133 
   94.682329520622631   167.11397113231172 
   206.54242462400634   108.43663519085882 
   111.73628863970953   162.59507879677284 
   46.352639739729206   205.69594891776188 
   224.08496060338666   105.09934280075068 
   179.56697921925115   124.74918519302244 
   75.699879175511668   191.24557868242613 
   163.52894010228994   134.50418258866861 
   93.338994074970131   185.02404588883346 
   140.67856982401651   155.26666029493725 
   197.88696588124083   126.35143688557272 
   128.08544343030309   168.78502955488887 
   158.86452308305678   155.18523932366782 
   224.72017980183827   124.86274272641197 
   61.105012632864202   217.85286430087353 
   78.004380204083375   210.65238755000701 
   110.87785815018859   193.90157757415619 
   128.88481442678454   186.09252473489178 
   209.94126624168024   139.37422555954973 
   54.361313269187193    235.2279223720152 
   239.65056331918694   132.12810955494882 
    255.5190536425859     124.900565034491 
   163.25998119407072    175.7527640944846 
   147.68330278007227    189.4661576682779 
    111.7031785493006   212.18406643794137 
   94.592088187639476   222.12464455864205 
    209.5726639749152   160.09156370572762 
   56.390448412325554   253.65371953535424 
   239.58489049934252   149.65864889430193 
   180.58237225017697   184.31039351223734 
   130.47087023210298   217.28790997334295 
   199.61892710690921   178.07396972516966 
   148.12014984835628   207.96155098568335 
   227.68271651737342   163.34875883700704 
   96.913077057392371   241.95041120485607 
   256.54195618072538    154.1218842017395 
   180.95926999366071   203.81145555320933 
    165.7884590827843   214.90367226355102 
   131.71746854519336   235.31549758824499 
   115.49531755258445   245.79992386099258 
   238.15872971739614   178.64062596020864 
   210.23972412506481    194.8502737774912 
   255.86824580070703   172.14551159396132 
    149.7949242469295   241.28564133522772 
   229.51129877340449   195.04587621027193 
   198.79662172014596   211.30364701595818 
   167.41939460933472   233.45103145940539 
