   105.58420146909415   5.3115761766954162 
   58.737651481811291   17.804055211462288 
   77.355675384398097    16.76257900202263 
   19.867902141406852   25.726506397033653 
    2.062826278285661   32.443853584859241 
   181.33331285432456   4.1276038208847918 
    106.2717153827535   23.211555072381021 
   33.388332306501866   37.500928475578611 
   51.811385150650267   34.689290489430597 
   89.137364718217924   31.826254100996277 
   152.88646760747989   17.497673624880964 
   121.49744781062608   32.324146363006022 
   171.88135581409577    21.00833446471206 
   140.81775848138909   31.353719510985606 
   213.61302678650085   14.971818747960219 
    29.55360133084573     55.1233654640791 
   59.033663997291136   51.656672703873554 
   13.441133055699993   63.093871525394263 
   87.652285714282357   51.009092187939885 
   116.28008494009119   49.492706955092629 
   45.612865114741524   62.910588538236311 
    178.9113778064503   38.116255560864332 
   73.788283363532031   62.802791807180753 
    102.6105042814185   61.017450066887342 
   145.01957732179656   49.772971979246584 
   212.56442312095811   34.709384180547865 
   130.50413578194309   58.848626113338319 
   196.85160154438213   42.863543912020418 
   15.272855160175187   81.793313389806258 
   50.942528128126845   79.837793985235379 
   172.10293833828985   55.366153377346585 
   34.486329056766522   88.128328839689033 
   70.165748211722033   82.914958352594127 
   156.80809997611769   63.283087837287461 
   109.30333508031586   78.867922074493265 
   127.10888890979277    75.42778997611795 
   225.10182988609958   50.110724478215992 
   198.93953393584917   60.843379277768761 
   5.3018610823008432   110.18414260214317 
   183.58015263108473   68.426707317361476 
   39.214153506094569   105.24907718342729 
   22.922605484026484   112.92859325021645 
   155.61282079705353    82.30856631150796 
   139.11195077793727   88.375536737407657 
   82.266016269648162   106.24613716820097 
    111.5281608259575   97.545344536944839 
   210.16529251016809   74.591482417594335 
   226.66863092374791   70.097602896965967 
    54.44322559418471   118.96606635977621 
   100.58470582470537   111.85301723541825 
   129.49888253023644   103.34219851506768 
   27.701307972673966   128.96524985828142 
    184.2746018010096   86.271066438793184 
   73.047190205567262   122.99471073209921 
   168.86573893177896   95.640178359838018 
   16.659029462026705   141.05101427430424 
   201.94224266483138    90.57034279044197 
   44.438672211844889   133.73774402358924 
   239.34207621886253   85.179306475103616 
   113.31757703989888   127.32959527464804 
   131.16739694255938   121.37319449741406 
   42.604930233692826   151.37949547485451 
   25.469692024303889   156.31832396573969 
   82.105789886950419   143.36235941179274 
   172.03408629622999   114.15701565084869 
   207.32687681524152   107.76714370297228 
    241.9682653036146   105.04054605136541 
   190.89975178922958   117.06800363289767 
   12.918738659642713   168.62520037532678 
    72.18725180556234   158.81014033754303 
   54.978320810941213   162.79393182808278 
   115.47339172976065   146.01504048102828 
   144.45224064364402   135.15263498518277 
   225.35100642203716   115.05148355067752 
   99.906792763752236   155.08360044854567 
   163.29627791114385   132.23529738559017 
   134.31631204395171    151.8563392679288 
   17.844205485831687   185.79118447895453 
   193.01852399986228   134.54039016644046 
   50.825645094843594   179.89050706606457 
   79.759595618883665   176.16163954058058 
   226.01196814321261   133.71249667186692 
   177.86899470650172   145.06419067865301 
   97.580969081644483   174.70287860501213 
   35.773049570034935   189.83137223263265 
   209.31159033852038   142.12279031467364 
   66.744762997885971   189.07158998578581 
   139.42980958454183   170.06134939481186 
   242.02590991158604   144.18153125812714 
   108.36859520463898   190.56353010739647 
   185.69082020620252   162.94449796845961 
   126.32843869763101   185.07511122598606 
   204.78981424318309   159.74337494750347 
   42.944872611307062   206.89927036736989 
   61.705796193767924   206.69426463974099 
   157.36990354475043   179.55987791787419 
    237.4518584864667   162.84855012371773 
   176.50695751054485   179.28973498722618 
   30.698682064617323   219.67044907249957 
   219.60465041350858   169.98125241169564 
   136.24365513314564    199.9503829695488 
   104.41696364024142   211.58050362190215 
    153.7214913457891   197.38904667262051 
   71.258995181174285   221.80104174752924 
   89.978131605064263   223.66903920294152 
   250.91767176155318   175.62194403328368 
   215.56937161313948   187.61645228131403 
    32.06342377040901   238.07119411022086 
    184.5544616891919   197.57218294792412 
     133.658507361711   217.28633674768116 
   201.99907668136115    199.9658837297207 
   118.30321625021831   225.17666701457989 
   63.428014918251257     238.373600838703 
   160.92912440716404   214.51294464018102 
   229.47435226499175   197.93645606857726 
   245.98786928367593   193.04985652066586 
   47.564921734304029   247.77577063587302 
   178.16378717994019   216.04881105777713 
   93.453514394055745   242.73027169521521 
   148.47509160431576   227.91347346488084 
   77.061557884072457   250.27343322270855 
   123.73584115272902   244.12955626557431 
    209.3462241082193   217.86233276159473 
   226.78921979657216   215.70019211792811 
   253.85261108681044   209.37684831166416 
   108.43553672486068   254.60934457467101 
   144.08900158473361   246.09786314838584 
   184.36203071565359   234.13834966541827 
   202.85269527770055   234.74824313622776 
   242.68970682058244   224.20898120720648 
