   159.72486399999997   3.3351040000000012 
   115.97728000000002   5.2231040000000117 
   225.97548799999998   14.711488000000008 
   87.244864000000007   1.4060159999999997 
   133.05337599999999   10.327487999999994 
   68.718400000000059                    1 
   192.96697599999999   17.196736000000008 
   28.223935999999991    2.089280000000008 
   242.24774400000001   23.254336000000013 
   210.28473599999998   23.863360000000011 
   10.285120000000052   7.6540800000000218 
   100.56774399999999    15.93670400000001 
   161.63411200000002   21.348288000000004 
   40.390208000000015   15.279296000000022 
   178.32671999999997   29.495103999999991 
   59.463487999999998   17.472575999999982 
   143.80998399999999   26.426944000000002 
   244.75769599999998   41.596863999999997 
   213.50367999999997   41.381055999999987 
   8.2177920000000544   25.346239999999987 
   26.906304000000034   28.259263999999995 
   102.82924800000001   36.172735999999986 
   229.62335999999999   50.763327999999987 
   67.714624000000043   35.721280000000021 
   181.93196800000001    48.19219200000002 
   139.10393599999998    43.72038400000001 
   199.62822399999999   52.721471999999991 
   120.22329599999998   47.253951999999984 
   85.938880000000012   46.567488000000004 
   33.848640000000024   43.300544000000002 
    52.32633600000004             46.15072 
   226.17913600000003            68.890304 
   170.21727999999999   63.215936000000013 
   151.13798400000002   60.236479999999986 
   207.89190399999998   68.925631999999993 
   256.39673600000003   77.300159999999991 
   21.689152000000057   57.042624000000032 
   121.91136000000002   66.119232000000011 
    51.24665600000003   63.680063999999994 
   89.465664000000061    66.73491199999998 
           238.640704   82.276288000000022 
   4.4147840000000089   63.139136000000022 
   139.69311999999999   74.936000000000007 
    33.85798400000008   69.217727999999994 
           106.381376   75.190207999999984 
   179.37183999999996   80.294975999999991 
   198.34361599999997   83.186752000000027 
   60.997312000000008   78.035775999999984 
   78.016320000000036    82.06880000000001 
   238.49030400000001   101.77606399999999 
   174.57158399999997   98.383679999999998 
   4.5080960000000685   81.949760000000012 
           256.796224   107.59404800000002 
   206.15814399999999              100.744 
   142.88287999999997   95.066944000000007 
   109.53862399999998   93.358784000000014 
   32.351040000000054   86.323392000000013 
   49.095104000000035   90.903103999999985 
   190.36038399999998   108.93446400000002 
   125.96268799999999   102.17388799999999 
   222.55596799999998           111.427648 
    79.65625600000007   100.88569600000001 
   159.27852799999999           108.115904 
   17.175104000000054   94.932671999999997 
   96.499263999999997            106.15328 
   50.739776000000028            107.31232 
   66.801472000000061           114.671936 
   188.50886399999999           126.591424 
   121.49407999999998           120.142144 
           223.137856   131.20339199999998 
   169.42316799999998           127.961152 
           102.180672   123.12543999999998 
   35.745216000000028   116.82643200000003 
   18.526272000000017            113.72192 
   240.77740800000001   143.14528000000001 
   204.37664000000001             137.9632 
            130.06688   135.83916800000003 
   59.815232000000059   131.59814399999999 
    9.136576000000014           129.993664 
           164.801728   145.74611199999998 
   41.163200000000003   133.07872000000003 
   96.361280000000036   141.66662400000001 
           145.887936   146.93459200000001 
   198.35795199999998   155.62873599999998 
   114.18348799999998   146.90451200000001 
   240.03513600000002   162.37407999999999 
   179.58662399999997           159.202112 
   63.618880000000033   148.23737599999998 
   80.479808000000006   154.11846399999999 
    32.10118400000006   148.87673599999999 
   13.334336000000031   149.30579200000003 
   255.94412800000001   172.27078400000005 
   138.71993600000002   163.37299200000001 
   120.44780799999998   162.62496000000002 
   208.45292799999999   172.11692800000006 
   47.165632000000052   159.42431999999999 
           226.645568   175.81600000000003 
    71.14822400000007   171.55167999999998 
           178.740928   178.31468800000007 
   143.96678400000002   180.55609600000003 
   112.99232000000002   178.06905600000005 
            197.09152   186.81568000000001 
   253.78335999999999   190.58681600000006 
   51.093568000000005   176.72953600000005 
   161.74367999999998   185.99699200000001 
   235.19366399999998   193.91225600000001 
   80.445632000000074   185.30886400000003 
   97.801920000000024   186.98387200000002 
   127.25036799999998   189.26483200000007 
   40.415680000000023           194.486976 
   206.45420800000002   204.39980800000006 
   161.44492799999998   203.84902400000004 
   71.623488000000037   200.45792000000006 
   225.79679999999999   210.31904000000009 
           118.304576   204.69292800000008 
    3.199936000000025   200.96595200000007 
             100.5424   204.88108800000003 
   22.804288000000042   205.08332800000002 
   54.470848000000068   206.36281600000007 
   176.01388800000001   214.65235200000001 
   146.43769600000002   214.47481600000006 
   194.16927999999999   217.68377600000008 
   84.077120000000065   212.80172800000005 
   128.88787200000002   217.42342400000001 
   236.35615999999999   229.92057600000004 
   55.897408000000055   224.84396800000007 
   168.66092800000001   230.88364800000005 
   23.614016000000039   224.92243200000007 
   74.481856000000022   228.07379200000008 
   151.63103999999998   231.37414400000003 
   196.19462399999998   236.27539200000007 
   122.20383999999999    233.8480000000001 
   40.205888000000016   234.72761600000007 
   5.4773120000000288   233.44992000000008 
           138.017088   242.63264000000004 
   226.88211200000001   248.24428800000001 
           179.695424   243.92928000000006 
   105.48063999999999   240.98515200000006 
   208.40428800000001   249.08576000000008 
   86.682816000000045   240.64467200000004 
   43.272896000000095   253.30220800000001 
