   24.755712764163388   80.725792927075318 
   24.755712764163388   111.60105620025598 
   67.422379430830048   80.725792927075318 
   67.422379430830048   111.60105620025598 
    46.08904609749672    53.59878661525876 
   88.755712764163377   76.977535965711184 
   88.755712764163377   107.85279923889185 
    46.08904609749672   84.474049888439453 
   24.755712764163388   142.47631947343666 
   24.755712764163388   173.35158274661734 
   67.422379430830048   142.47631947343666 
   67.422379430830048   173.35158274661734 
    46.08904609749672   115.34931316162012 
   88.755712764163377   138.72806251207254 
   88.755712764163377   169.60332578525322 
    46.08904609749672   146.22457643480081 
   24.755712764163388   204.22684601979802 
   24.755712764163388   49.850529653894633 
   67.422379430830048   204.22684601979802 
   67.422379430830048   49.850529653894633 
    46.08904609749672   177.09983970798149 
   88.755712764163377    200.4785890584339 
   88.755712764163377   46.102272692530519 
    46.08904609749672   207.97510298116214 
   110.08904609749672   80.725792927075318 
   110.08904609749672   111.60105620025598 
   152.75571276416338   80.725792927075318 
   152.75571276416338   111.60105620025598 
   131.42237943083006    53.59878661525876 
   174.08904609749672   76.977535965711184 
   174.08904609749672   107.85279923889185 
   131.42237943083006   84.474049888439453 
   110.08904609749672   142.47631947343666 
   110.08904609749672   173.35158274661734 
   152.75571276416338   142.47631947343666 
   152.75571276416338   173.35158274661734 
   131.42237943083006   115.34931316162012 
   174.08904609749672   138.72806251207254 
   174.08904609749672   169.60332578525322 
   131.42237943083006   146.22457643480081 
   110.08904609749672   204.22684601979802 
   110.08904609749672   49.850529653894633 
   152.75571276416338   204.22684601979802 
   152.75571276416338   49.850529653894633 
   131.42237943083006   177.09983970798149 
   174.08904609749672    200.4785890584339 
   174.08904609749672   46.102272692530519 
   131.42237943083006   207.97510298116214 
   195.42237943083006   80.725792927075318 
   195.42237943083006   111.60105620025598 
   238.08904609749675   80.725792927075318 
   238.08904609749675   111.60105620025598 
   216.75571276416341    53.59878661525876 
   3.4223794308300448   76.977535965711184 
   3.4223794308300448   107.85279923889185 
   216.75571276416341   84.474049888439453 
   195.42237943083006   142.47631947343666 
   195.42237943083006   173.35158274661734 
   238.08904609749675   142.47631947343666 
   238.08904609749675   173.35158274661734 
   216.75571276416341   115.34931316162012 
   3.4223794308300448   138.72806251207254 
   3.4223794308300448   169.60332578525322 
   216.75571276416341   146.22457643480081 
   195.42237943083006   204.22684601979802 
   195.42237943083006   49.850529653894633 
   238.08904609749675   204.22684601979802 
   238.08904609749675   49.850529653894633 
   216.75571276416341   177.09983970798149 
   3.4223794308300448    200.4785890584339 
   3.4223794308300448   46.102272692530519 
   216.75571276416341   207.97510298116214 
