    28.86040134312945   73.055951870118136 
   20.869295185475909    102.8791660591577 
   70.073236598129697   84.098897794492359 
   62.082130440476149   113.92211198353192 
   56.487804840743983   52.374748845815077 
   91.649774513168964   85.999832554130066 
   83.658668355515402   115.82304674316966 
   48.496698683090436   82.197963034854652 
   12.878189027822348   132.70238024819727 
   4.8870828701687863   162.52559443723686 
   54.091024282822595   143.74532617257148 
   46.099918125169033   173.56854036161107 
   40.505592525436882   112.02117722389423 
   75.667562197861855   145.64626093220923 
   67.676456040208322   175.46947512124879 
    32.51448636778332   141.84439141293382 
   44.842613658436541   13.409523492039039 
   36.851507500782994   43.232737681078582 
   86.055448913436791   24.452469416413248 
   78.064342755783244   54.275683605452798 
   24.523380210129783   171.66760560197335 
   59.685349882554753   205.29268931028835 
   99.640880670822511   56.176618365090519 
   64.478910998397538   22.551534656775537 
   111.28607185312994   95.141843718866582 
   103.29496569547641   124.96505790790613 
    152.4989071081302   106.18478964324079 
   144.50780095047665   136.00800383228037 
   138.91347535074451   74.460640694563523 
   174.07544502316944    108.0857244028785 
   166.08433886551592   137.90893859191809 
   130.92236919309093    104.2838548836031 
   95.303859537822845   154.78827209694572 
   87.312753380169283   184.61148628598528 
    136.5166947928231   165.83121802131993 
   128.52558863516953   195.65443221035949 
   122.93126303543738   134.10706907264267 
   158.09323270786234   167.73215278095765 
   150.10212655020879   197.55536696999721 
   114.94015687778383   163.93028326168226 
   127.26828416843705   35.495415340787474 
    119.2771780107835   65.318629529827021 
   168.48111942343729    46.53836126516169 
   160.49001326578374   76.361575454201244 
    106.9490507201303    193.7534974507218 
   142.11102039255525   227.37858115903677 
   182.06655118082298   78.262510213838965 
   146.90458150839805   44.637426505523969 
   193.71174236313041   117.22773556761501 
   185.72063620547689   147.05094975665457 
   234.92457761813071   128.27068149198922 
   226.93347146047716   158.09389568102881 
   221.33914586074499   96.546532543311969 
   256.50111553316992   130.17161625162694 
   248.51000937551638    159.9948304406665 
   213.34803970309144   126.36974673235152 
   177.72953004782335   176.87416394569416 
   169.73842389016977   206.69737813473375 
   218.94236530282365   187.91710987006837 
   210.95125914517007   217.74032405910796 
    205.3569335454379   156.19296092139112 
   240.51890321786283   189.81804462970609 
   232.52779706020931   219.64125881874563 
   197.36582738778432   186.01617511043071 
   209.69395467843754   57.581307189535906 
   201.70284852078402   87.404521378575453 
   250.90678993343781   68.624253113910129 
   242.91568377578426   98.447467302949676 
   189.37472123013077   215.83938929947021 
   224.53669090255573   249.46447300778522 
   229.33025201839857   66.723318354272408 
