   93.492057264048952   63.815327265337451 
   78.054425627458599   90.554089608444613 
     130.442474492185   85.148660598670787 
   115.00484285559466   111.88742294177793 
   125.53076903402524   50.989317337350187 
    150.7918115869351   92.569241516884233 
   135.35417995034473   119.30800385999139 
    110.0931373974349   77.728079680457327 
   62.616793990868267   117.29285195155174 
   47.179162354277928   144.03161429465891 
   99.567211219004335   138.62618528488508 
   84.129579582413982   165.36494762799225 
   94.655505760844562   104.46684202356448 
    119.9165483137544   146.04676620309854 
   104.47891667716407   172.78552854620568 
   79.217874124254223   131.20560436667162 
   31.741530717687581   170.77037663776605 
   108.92968890063928   37.076564922230318 
   68.691947945823642   192.10370997109939 
   145.88010612877531    58.40989825556364 
   63.780242487663891   157.94436670977876 
    89.04128504057374   199.52429088931282 
   166.22944322352541   65.830479173777121 
   48.342610851073552   184.68312905288593 
   167.39289172032105   106.48199393200412 
   151.95526008373071   133.22075627511128 
   204.34330894845712   127.81532726533746 
   188.90567731186675   154.55408960844463 
   199.43160349029733   93.655984004016858 
   224.69264604320716   135.23590818355089 
   209.25501440661685   161.97467052665806 
   183.99397185370702   120.39474634712398 
   136.51762844714037   159.95951861821842 
   121.07999681055003   186.69828096132559 
   173.46804567527644   181.29285195155174 
    158.0304140386861   208.03161429465888 
   168.55634021711668   147.13350869023114 
   193.81738277002648    188.7134328697652 
   178.37975113343617   215.45219521287234 
   153.11870858052635   173.87227103333831 
    105.6423651739597   213.43704330443271 
   182.83052335691141   79.743231588896975 
   142.59278240209576   234.77037663776608 
   219.78094058504743    101.0765649222303 
   137.68107694393601   200.61103337644545 
   162.94211949684583   242.19095755597948 
    240.1302776797975   108.49714584044378 
   122.24344530734567   227.34979571955256 
   241.29372617659311   149.14866059867077 
    225.8560945400028   175.88742294177791 
   56.541640035912906    42.48199393200413 
   41.104008399322552   69.220756275111299 
   51.629934577753154   8.3226506706835366 
   76.890977130662989   49.902574850217576 
   61.453345494072643    76.64133719332473 
   36.192302941162822   35.061413013790677 
   210.41846290341246   202.62618528488508 
   194.98083126682209   229.36494762799222 
   25.666376762732227   95.959518618218439 
   10.228745126141884   122.69828096132559 
   20.754671304572476   61.800175356897832 
   46.015713857482297   103.38009953643189 
   30.578082220891961   130.11886187953903 
   5.3170396679821321   88.538937700004979 
   179.54319963023178   256.10370997109942 
   256.73135781318348   122.40989825556363 
   71.979271672503245   15.743231588896993 
   15.140450584301638   156.85762422264617 
     92.3286087672533    23.16381250711045 
