     61.9396920791295   38.283283889888004 
    40.10758404774348   60.115391921274025 
   92.109581409755521   68.453173220514032 
   70.277473378369507   90.285281251900045 
   96.206326860818265   34.186538438825259 
   109.84494399007879   80.887699970816769 
   88.012835958692776   102.71980800220278 
   74.374218829432252    56.01864647021128 
   18.275476016357469   81.947499952660039 
     48.4453653469835   112.11738928328607 
   26.613257315597469    133.9494973146721 
   52.542110798046231   77.850754501597294 
   66.180727927306748   124.55191603358881 
   44.348619895920741   146.38402406497485 
   30.710002766660214   99.682862532983322 
   83.771800110515528   16.451175858501973 
   135.77379747252755   24.788957157742011 
   113.94168944114155   46.621065189128004 
   8.8778947352742037   121.51497056436934 
    153.5091600528508   37.223483908044756 
   131.67705202146482   59.055591939430755 
   118.03843489220429    12.35443040743923 
   122.27947074038157   98.623062551140066 
   100.44736270899554   120.45517058252609 
   152.44936007100756    128.7929518817661 
   130.61725203962158   150.62505991315209 
   156.54610552207035   94.526317100077321 
   170.18472265133087   141.22747863206882 
   148.35261461994483   163.05958666345484 
   134.71399749068431   116.35842513146335 
   78.615254677609542   142.28727861391209 
   56.783146646223507   164.11938664529811 
   108.78514400823556    172.4571679445381 
   86.953035976849549   194.28927597592417 
   112.88188945929829   138.19053316284936 
   126.52050658855882   184.89169469484085 
   104.68839855717282   206.72380272622689 
   91.049781427912293   160.02264119423538 
   165.94368680315358   54.958846488368032 
   144.11157877176757   76.790954519754024 
   196.11357613377965   85.128735818994045 
   174.28146810239363   106.96084385038004 
   69.217673396526266   181.85474922562142 
   213.84893871410287   97.563262569296811 
   192.01683068271686   119.39537060068281 
   178.37821355345636   72.694209068691293 
   182.61924940163362   158.96284121239211 
   160.78714137024758   180.79494924377815 
   212.78913873225966   189.13273054301814 
   190.95703070087367   210.96483857440415 
   216.88588418332242   154.86609576132938 
   230.52450131258288   201.56725729332089 
   208.69239328119693   223.39936532470691 
   195.05377615193638   176.69820379271536 
    138.9550333388616   202.62705727516411 
   117.12292530747557   224.45916530655018 
   169.12492266948763    232.7969466057902 
   147.29281463810159   254.62905463717621 
   173.22166812055036    198.5303118241014 
   186.86028524981089   245.23147335609295 
   151.38956008916432   220.36241985548742 
   226.28346546440565   115.29862514962008 
   204.45135743301964   137.13073318100606 
   256.45335479503171   145.46851448024611 
   234.62124676364567   167.30062251163213 
   129.55745205777831   242.19452788687343 
   252.35660934396896   179.73514926193488 
   238.71799221470837   133.03398772994333 
