    151.8119499433939   66.188884862614501 
   125.07318760028676    81.62651649920484 
   173.14528327672724   103.13930209075055 
    146.4065209336201    118.5769337273409 
    185.9712932047145   71.100590320774259 
   187.05803569184712    119.7403822241365 
   160.31927334873996   135.17801386072685 
   159.23253086160739   86.538221957364598 
   98.334425257179632   97.064148135795179 
   71.595662914072477   112.50177977238552 
   119.66775859051297   134.01456536393121 
    92.92899624740582   149.45219700052158 
   132.49376851850022   101.97585359395495 
   133.58051100563281   150.61564549731719 
   106.84174866252569   166.05327713390753 
   105.75500617539308   117.41348523054528 
   44.856900570965323   127.93941140897587 
   178.55071228650107   50.751253226024168 
   66.190233904298665   164.88982863711192 
   199.88404561983438   87.701670454160208 
   79.016243832285951   132.85111686713563 
   80.102986319418548   181.49090877049787 
   213.79679803495424   104.30275058754617 
   52.277481489178811   148.28874850372597 
   194.47861661006058   140.08971931888658 
   167.73985426695344   155.52735095547695 
   215.81194994339393   177.04013654702266 
   189.07318760028679   192.47776818361302 
   228.63795987138118   145.00142477704634 
   229.72470235851381    193.6412166804086 
   202.98594001540664   209.07884831699891 
   201.89919752827407   160.43905641363668 
    141.0010919238463   170.96498259206726 
   114.26232958073916   186.40261422865763 
   162.33442525717967   207.91539982020333 
   135.59566291407251   223.35303145679367 
    175.1604351851669   175.87668805022705 
    176.2471776722995   224.51647995358928 
   149.50841532919236   239.95411159017962 
   148.42167284205976   191.31431968681736 
   87.523567237632008   201.84024586524794 
   221.21737895316772   124.65208768229627 
   108.85690057096535   238.79066309338404 
   242.55071228650107   161.60250491043232 
   121.68291049895262   206.75195132340772 
   122.76965298608522   255.39174322676996 
   256.46346470162092   178.20358504381826 
   94.944148155845483   222.18958295999803 
   237.14528327672724    213.9905537751587 
   210.40652093362013   229.42818541174901 
   130.47861661006058   29.238467634478472 
   103.73985426695343   44.676099271068814 
   144.39136902518044   45.839547767864396 
    117.6526066820733   61.277179404454742 
    116.5658641949407   12.637387501092508 
   183.66775859051296   244.86581704833938 
   77.001091923846303   60.113730907659146 
   50.262329580739149     75.5513625442495 
   89.827101851833547   28.075019137682851 
   90.913844338966157   76.714811041045081 
   64.175081995859017   92.152442677635435 
   63.088339508726406   43.512650774273183 
   23.523567237632001   90.988994180839853 
   157.21737895316772   13.800835997888147 
   36.349577165619273   58.950282410863529 
   37.436319652751884   107.59007431422576 
   171.13013136828755   30.401916131274071 
   9.6108148225121326   74.387914047453862 
