   124.23524013425512   70.002368202572413 
   94.412025945215561    77.99347436022596 
   135.27818605862933   111.21520345757267 
   105.45497186958977   119.20630961522622 
    155.9593890829324   83.587799959958133 
   144.42019722336585   130.85150079753362 
   114.59698303432627   138.84260695518719 
   126.13617489389281   91.578906117611695 
   64.588811756175971   85.984580517879508 
   34.765597567136396   93.975686675533069 
   75.631757680550194   127.19741577287976 
   45.808543491510619   135.18852193053331 
   96.312960704853253   99.570012275265256 
   84.773768845286682   146.83371311284074 
   54.950554656247142   154.82481927049429 
   66.489746515813664   107.56111843291879 
   183.88166851233422   54.020155887265318 
   154.05845432329468   62.011262044918858 
   194.92461443670845   95.232991142265561 
   165.10140024766892   103.22409729991911 
   36.666532326774124   115.55222459057234 
   204.06662560144497   114.86928848222654 
   174.24341141240541   122.86039463988008 
   185.78260327197196   75.596693802304586 
   146.32113198300354   152.42803871257291 
   116.49791779396399   160.41914487022646 
   157.36407790737778   193.64087396757316 
   127.54086371833823   201.63198012522673 
   178.04528093168082   166.01347046995863 
   166.50608907211426   213.27717130753413 
    136.6828748830747   221.26827746518768 
   148.22206674264126   174.00457662761218 
   86.674703604924403   168.41025102788001 
   56.851489415884835   176.40135718553358 
    97.71764952929864   209.62308628288028 
   67.894435340259051   217.61419244053383 
   118.39885255360169   181.99568278526573 
   106.85966069403511   229.25938362284123 
   77.036446504995581    237.2504897804948 
   88.575638364562096   189.98678894291928 
   205.96756036108266   136.44582639726582 
   176.14434617204313   144.43693255491937 
   217.01050628545687   177.65866165226609 
   187.18729209641734   185.64976780991964 
   58.752424175522556   197.97789510057285 
   226.15251745019339   197.29495899222701 
   196.32930326115383   205.28606514988056 
   207.86849512072038   158.02236431230509 
   168.40702383175199   234.85370922257337 
   138.58380964271242   242.84481538022698 
    113.1922942098809   28.789532947572191 
   83.369080020841352   36.780639105225731 
   133.87349723418396   1.1621294499576358 
   122.33430537461741   48.425830287533138 
   92.511091185577826     56.4169364451867 
    104.0502830451444   9.1532356076111974 
   108.76059545367285   250.83592153788049 
   53.545865831801756   44.771745262879286 
   23.722651642762187   52.762851420532847 
   74.227068856104808   17.144341765264759 
    62.68787699653825   64.408042602840254 
   32.864662807498704   72.399148760493787 
   44.403854667065232   25.135447922918299 
   228.05345220983108   218.87149690726631 
   198.23023802079155   226.86260306491985 
   172.83872258796001   12.807320632265089 
   143.01550839892047   20.798426789918633 
   14.580640478025687   33.126554080571857 
   181.98073375269655    32.44361797222605 
   152.15751956365696   40.434724129879605 
