    135.0526089627771   4.3815425128596983 
   104.17734568959642   4.3815425128596983 
    135.0526089627771   47.048209179526367 
   104.17734568959644   47.048209179526367 
   162.17961527459363   25.714875846193042 
   138.80086592414125   68.381542512859696 
   107.92560265096056   68.381542512859696 
   131.30435200141298   25.714875846193042 
   73.302082416415743   4.3815425128596983 
   42.426819143235058   4.3815425128596983 
   73.302082416415743   47.048209179526367 
   42.426819143235058   47.048209179526374 
   100.42908872823229   25.714875846193042 
   77.050339377779864   68.381542512859696 
   46.175076104599214    68.38154251285971 
    69.55382545505158   25.714875846193042 
    196.8031355091384   4.3815425128596983 
   165.92787223595775   4.3815425128596983 
    196.8031355091384   47.048209179526367 
   165.92787223595778   47.048209179526367 
   38.678562181870944   25.714875846193042 
   200.55139247050255   68.381542512859696 
    169.6761291973219   68.381542512859696 
   193.05487854777428   25.714875846193042 
    135.0526089627771   89.714875846193038 
   104.17734568959644   89.714875846193038 
    135.0526089627771   132.38154251285971 
   104.17734568959644   132.38154251285971 
   162.17961527459363   111.04820917952638 
   138.80086592414125   153.71487584619302 
   107.92560265096056   153.71487584619302 
   131.30435200141298   111.04820917952638 
   73.302082416415743   89.714875846193038 
   42.426819143235058   89.714875846193038 
   73.302082416415743   132.38154251285971 
   42.426819143235058   132.38154251285971 
   100.42908872823229   111.04820917952638 
   77.050339377779864   153.71487584619302 
   46.175076104599214   153.71487584619302 
   69.553825455051594   111.04820917952638 
   196.80313550913846   89.714875846193038 
   165.92787223595778   89.714875846193038 
   196.80313550913846   132.38154251285971 
   165.92787223595778   132.38154251285971 
   38.678562181870944   111.04820917952638 
   200.55139247050255   153.71487584619302 
    169.6761291973219   153.71487584619302 
   193.05487854777434   111.04820917952638 
    135.0526089627771    175.0482091795264 
   104.17734568959644    175.0482091795264 
    135.0526089627771   217.71487584619308 
   104.17734568959644   217.71487584619308 
   162.17961527459366   196.38154251285974 
   138.80086592414125   239.04820917952637 
   107.92560265096056   239.04820917952637 
   131.30435200141298   196.38154251285974 
   73.302082416415743    175.0482091795264 
   42.426819143235058    175.0482091795264 
   73.302082416415757   217.71487584619308 
   42.426819143235058   217.71487584619308 
   100.42908872823229   196.38154251285974 
   77.050339377779878   239.04820917952637 
   46.175076104599221   239.04820917952637 
   69.553825455051594   196.38154251285974 
   196.80313550913846    175.0482091795264 
   165.92787223595778    175.0482091795264 
   196.80313550913846   217.71487584619308 
   165.92787223595778   217.71487584619308 
   38.678562181870944   196.38154251285974 
   200.55139247050261   239.04820917952637 
    169.6761291973219   239.04820917952637 
   193.05487854777434   196.38154251285974 
