   21.145406510963522   19.630199036814194 
   21.145406510963522   53.763532370147537 
   35.925284273069785   28.163532370147525 
   35.925284273069785   45.230199036814206 
   21.145406510963522   70.830199036814193 
   21.145406510963522   104.96353237014755 
   35.925284273069785   79.363532370147539 
   35.925284273069785   96.430199036814216 
   21.145406510963522   122.03019903681421 
   21.145406510963522   156.16353237014755 
   35.925284273069785   130.56353237014753 
   35.925284273069785   147.63019903681422 
   21.145406510963522   173.23019903681421 
   21.145406510963522   207.36353237014754 
   35.925284273069785   181.76353237014754 
   35.925284273069785   198.83019903681421 
   21.145406510963522    224.4301990368142 
   21.145406510963522   2.5635323701475343 
   35.925284273069785   232.96353237014753 
   35.925284273069785    250.0301990368142 
   50.705162035176038   19.630199036814194 
   50.705162035176038   53.763532370147537 
   65.485039797282298   28.163532370147525 
   65.485039797282298   45.230199036814206 
   50.705162035176038   70.830199036814193 
   50.705162035176038   104.96353237014755 
   65.485039797282298   79.363532370147539 
   65.485039797282298   96.430199036814216 
   50.705162035176038   122.03019903681421 
   50.705162035176038   156.16353237014755 
   65.485039797282298   130.56353237014753 
   65.485039797282298   147.63019903681422 
   50.705162035176038   173.23019903681421 
   50.705162035176038   207.36353237014754 
   65.485039797282298   181.76353237014754 
   65.485039797282298   198.83019903681421 
   50.705162035176038    224.4301990368142 
   50.705162035176038   2.5635323701475343 
   65.485039797282298   232.96353237014753 
   65.485039797282298    250.0301990368142 
    80.26491755938855   19.630199036814194 
    80.26491755938855   53.763532370147537 
   95.044795321494803   28.163532370147525 
   95.044795321494803   45.230199036814206 
    80.26491755938855   70.830199036814193 
    80.26491755938855   104.96353237014755 
   95.044795321494803   79.363532370147539 
   95.044795321494803   96.430199036814216 
    80.26491755938855   122.03019903681421 
    80.26491755938855   156.16353237014755 
   95.044795321494803   130.56353237014753 
   95.044795321494803   147.63019903681422 
    80.26491755938855   173.23019903681421 
    80.26491755938855   207.36353237014754 
   95.044795321494803   181.76353237014754 
   95.044795321494803   198.83019903681421 
    80.26491755938855    224.4301990368142 
    80.26491755938855   2.5635323701475343 
   95.044795321494803   232.96353237014753 
   95.044795321494803    250.0301990368142 
   109.82467308360106   19.630199036814194 
   109.82467308360106   53.763532370147537 
   124.60455084570731   28.163532370147525 
   124.60455084570731   45.230199036814206 
   109.82467308360106   70.830199036814193 
   109.82467308360106   104.96353237014755 
   124.60455084570731   79.363532370147539 
   124.60455084570731   96.430199036814216 
   109.82467308360106   122.03019903681421 
   109.82467308360106   156.16353237014755 
   124.60455084570731   130.56353237014753 
   124.60455084570731   147.63019903681422 
   109.82467308360106   173.23019903681421 
   109.82467308360106   207.36353237014754 
   124.60455084570731   181.76353237014754 
   124.60455084570731   198.83019903681421 
   109.82467308360106    224.4301990368142 
   109.82467308360106   2.5635323701475343 
   124.60455084570731   232.96353237014753 
   124.60455084570731    250.0301990368142 
   139.38442860781356   19.630199036814194 
   139.38442860781356   53.763532370147537 
   154.16430636991981   28.163532370147525 
   154.16430636991981   45.230199036814206 
   139.38442860781356   70.830199036814193 
   139.38442860781356   104.96353237014755 
   154.16430636991981   79.363532370147539 
   154.16430636991981   96.430199036814216 
   139.38442860781356   122.03019903681421 
   139.38442860781356   156.16353237014755 
   154.16430636991981   130.56353237014753 
   154.16430636991981   147.63019903681422 
   139.38442860781356   173.23019903681421 
   139.38442860781356   207.36353237014754 
   154.16430636991981   181.76353237014754 
   154.16430636991981   198.83019903681421 
   139.38442860781356    224.4301990368142 
   139.38442860781356   2.5635323701475343 
   154.16430636991981   232.96353237014753 
   154.16430636991981    250.0301990368142 
   168.94418413202607   19.630199036814194 
   168.94418413202607   53.763532370147537 
   183.72406189413232   28.163532370147525 
   183.72406189413232   45.230199036814206 
   168.94418413202607   70.830199036814193 
   168.94418413202607   104.96353237014755 
   183.72406189413232   79.363532370147539 
   183.72406189413232   96.430199036814216 
   168.94418413202607   122.03019903681421 
   168.94418413202607   156.16353237014755 
   183.72406189413232   130.56353237014753 
   183.72406189413232   147.63019903681422 
   168.94418413202607   173.23019903681421 
   168.94418413202607   207.36353237014754 
   183.72406189413232   181.76353237014754 
   183.72406189413232   198.83019903681421 
   168.94418413202607    224.4301990368142 
   168.94418413202607   2.5635323701475343 
   183.72406189413232   232.96353237014753 
   183.72406189413232    250.0301990368142 
   198.50393965623863   19.630199036814194 
   198.50393965623863   53.763532370147537 
   213.28381741834488   28.163532370147525 
   213.28381741834488   45.230199036814206 
   198.50393965623863   70.830199036814193 
   198.50393965623863   104.96353237014755 
   213.28381741834488   79.363532370147539 
   213.28381741834488   96.430199036814216 
   198.50393965623863   122.03019903681421 
   198.50393965623863   156.16353237014755 
   213.28381741834488   130.56353237014753 
   213.28381741834488   147.63019903681422 
   198.50393965623863   173.23019903681421 
   198.50393965623863   207.36353237014754 
   213.28381741834488   181.76353237014754 
   213.28381741834488   198.83019903681421 
   198.50393965623863    224.4301990368142 
   198.50393965623863   2.5635323701475343 
   213.28381741834488   232.96353237014753 
   213.28381741834488    250.0301990368142 
   228.06369518045108   19.630199036814194 
   228.06369518045108   53.763532370147537 
   242.84357294255736   28.163532370147525 
   242.84357294255736   45.230199036814206 
   228.06369518045108   70.830199036814193 
   228.06369518045108   104.96353237014755 
   242.84357294255736   79.363532370147539 
   242.84357294255736   96.430199036814216 
   228.06369518045108   122.03019903681421 
   228.06369518045108   156.16353237014755 
   242.84357294255736   130.56353237014753 
   242.84357294255736   147.63019903681422 
   228.06369518045108   173.23019903681421 
   228.06369518045108   207.36353237014754 
   242.84357294255736   181.76353237014754 
   242.84357294255736   198.83019903681421 
   228.06369518045108    224.4301990368142 
   228.06369518045108   2.5635323701475343 
   242.84357294255736   232.96353237014753 
   242.84357294255736    250.0301990368142 
