   49.168450167754827   31.283169612787272 
   70.070483362193272   10.380782308907444 
    65.65330499244358   26.865916410907559 
   44.751271798005142   47.768303714787379 
   35.916915058505765   80.738571918787571 
    56.81894825294421   59.836184614907758 
   52.401769883194518   76.321318716907854 
   31.499736688756084   97.223706020787674 
   22.665379949256696   130.19397422478789 
   43.567413143695148   109.29158692090803 
   39.150234773945456   125.77672102290815 
   18.248201579507022   146.67910832678797 
   9.4138448400076342   179.64937653078817 
   30.315878034446076   158.74698922690834 
   25.898699664696405   175.23212332890844 
   4.9966664702579617   196.13451063278828 
   17.064342925197018   208.20239153290862 
   12.647164555447343   224.68752563490872 
   86.555338186882011   5.9635291070277114 
   77.720981447382641   38.933797311027924 
   98.623014641821101   18.031410007148096 
   94.205836272071409   34.516544109148199 
   73.303803077632963    55.41893141302802 
   64.469446338133579   88.389199617028225 
   85.371479532572025   67.486812313148405 
   80.954301162822347   83.971946415148494 
   60.052267968383894   104.87433371902833 
   51.217911228884518   137.84460192302853 
   72.119944423322977   116.94221461914869 
   67.702766053573285    133.4273487211488 
   46.800732859134826   154.32973602502864 
   37.966376119635449   187.30000422902881 
   58.868409314073915   166.39761692514898 
   54.451230944324216   182.88275102714911 
   33.549197749885764   203.78513833102892 
   45.616874204824853   215.85301923114929 
   41.199695835075161   232.33815333314939 
   115.10786946650985   13.614156805268362 
   106.27351272701047   46.584425009268571 
   127.17554592144892   25.682037705388726 
   122.75836755169921    42.16717180738884 
   101.85633435726079    63.06955911126866 
   93.021977617761408   96.039827315268866 
   113.92401081219985   75.137440011389046 
   109.50683244245015   91.622574113389149 
   88.604799248011716   112.52496141726897 
   79.770442508512346   145.49522962126917 
   100.67247570295079   124.59284231738934 
   96.255297333201099   141.07797641938944 
   75.353264138762654   161.98036372326925 
   66.518907399263284   194.95063192726948 
   87.420940593701729   174.04824462338965 
   83.003762223952037   190.53337872538972 
   62.101729029513599   211.43576602926959 
   74.169405484452668   223.50364692938993 
   69.752227114702976   239.98878103139003 
   143.66040074613767   21.264784503509013 
   134.82604400663828   54.235052707509212 
   155.72807720107673   33.332665403629377 
   151.31089883132705   49.817799505629495 
   130.40886563688861   70.720186809509315 
   121.57450889738924   103.69045501350951 
   142.47654209182767   82.788067709629701 
   138.05936372207799   99.273201811629804 
   117.15733052763956   120.17558911550961 
   108.32297378814017   153.14585731950982 
   129.22500698257861   132.24347001562998 
   124.80782861282891   148.72860411763008 
   103.90579541839047   169.63099142150992 
   95.071438678891113   202.60125962551012 
   115.97347187332956   181.69887232163026 
   111.55629350357985   198.18400642363042 
   90.654260309141421   219.08639372751023 
   148.07757911588737   4.7796504015089187 
    102.7219367640805   231.15427462763054 
    98.30475839433079   247.63940872963065 
   172.21293202576547   28.915412201749643 
   163.37857528626611   61.885680405749852 
   184.28060848070456   40.983293101870018 
   179.86343011095485   57.468427203870135 
   158.96139691651643   78.370814507749955 
   150.12704017701705   111.34108271175016 
    171.0290733714555   90.438695407870327 
   166.61189500170579   106.92382950987043 
   145.70986180726737   127.82621681375025 
   136.87550506776799   160.79648501775046 
   157.77753826220643   139.89409771387062 
   153.36035989245676   156.37923181587072 
   132.45832669801831   177.28161911975056 
   123.62396995851893   210.25188732375074 
   144.52600315295737   189.34950001987093 
   140.10882478320769   205.83463412187103 
   119.20679158876924   226.73702142575084 
   176.63011039551517   12.430278099749549 
   131.27446804370831   238.80490232587124 
   126.85728967395862   255.29003642787131 
    200.7654633053933   36.566039899990294 
   191.93110656589394   69.536308103990507 
   212.83313976033239   48.633920800110658 
   208.41596139058268   65.119054902110776 
   187.51392819614424   86.021442205990596 
   178.67957145664485   118.99171040999082 
    199.5816046510833   98.089323106110982 
   195.16442628133362   114.57445720811108 
   174.26239308689517   135.47684451199092 
   165.42803634739579    168.4471127159911 
   186.33006954183426   147.54472541211126 
   181.91289117208456   164.02985951411139 
   161.01085797764611    184.9322468179912 
   152.17650123814673   217.90251502199143 
   173.07853443258517   197.00012771811157 
   168.66135606283549   213.48526182011167 
   147.75932286839708   234.38764912399151 
   205.18264167514297   20.080905797990198 
   159.82699932333611   246.45553002411185 
   229.31799458502113   44.216667598230934 
   220.48363784552174   77.186935802231147 
   241.38567103996019   56.284548498351306 
   236.96849267021048    72.76968260035143 
   216.06645947577206   93.672069904231222 
   207.23210273627271   126.64233810823144 
   228.13413593071115   105.73995080435164 
   223.71695756096145   122.22508490635173 
     202.814924366523   143.12747221023153 
   193.98056762702362   176.09774041423174 
   214.88260082146212   155.19535311035193 
   210.46542245171241   171.68048721235203 
   189.56338925727394   192.58287451623184 
   180.72903251777453   225.55314272023205 
   201.63106571221303   204.65075541635221 
   197.21388734246332   221.13588951835234 
   176.31185414802488   242.03827682223215 
   233.73517295477077   27.731533496230849 
   188.37953060296397   254.10615772235249 
    249.0361691251496   84.837563500471788 
   41.517952082565458   2.7301546106667933 
   37.100773712815773   19.215288712666908 
   244.61899075539989   101.32269760247188 
   235.78463401590051    134.2929658064721 
   28.266416973316396   52.185556916667117 
     23.8492386035667   68.670691018667213 
    231.3674556461508   150.77809990847217 
   222.53309890665142   183.74836811247241 
   15.014881864067334   101.64095922266741 
    10.59770349431764   118.12609332466752 
   218.11592053690174   200.23350221447248 
   209.28156379740236   233.20377041847269 
   1.7633467548182735    151.0963615286677 
   204.86438542765271   249.68890452047276 
