   116.42354130155145   1.8528056670269151 
   87.870655912482277   9.5037874747089504 
   63.734744447981434   33.639698939209772 
   92.287629837050645   25.988717131527739 
    80.21967410480022   38.056672863778147 
   51.666788715731023   45.707654671460176 
   27.530877251230205   69.843566135961012 
   56.083762640299412   62.192584328278969 
   44.015806908048994   74.260540060529394 
   15.462921518979803   81.911521868211423 
    19.87989544354819   98.396451525030201 
    7.811939711297768   110.46440725728063 
   120.84051522611985   18.337735323845703 
   149.39340061518905   10.686753516163645 
   137.32544488293863   22.754709248414066 
   108.77255949386945   30.405691056096124 
   84.636648029368615   54.541602520596946 
   113.18953341843783   46.890620712914888 
   101.12157768618741   58.958576445165313 
   72.568692297118204    66.60955825284735 
   48.432780832617375   90.745469717348186 
   76.985666221686586   83.094487909666128 
   64.917710489436161   95.162443641916553 
   36.364825100366978    102.8134254495986 
   12.228913635866155   126.94933691409942 
   40.781799024935353   119.29835510641738 
   28.713843292684942   131.36631083866777 
   4.5779318281841404   155.50222230316859 
   165.87833027200784   15.103727440732031 
   141.74241880750702   39.239638905232866 
   170.29530419657624   31.588657097550819 
   158.22734846432581    43.65661282980124 
    129.6744630752566   51.307594637483277 
   105.53855161075577   75.443506101984113 
   134.09143699982499   67.792524294302069 
   122.02348126757457    79.86048002655248 
   93.470595878505378   87.511461834234524 
   69.334684414004556   111.64737329873535 
    97.88756980307376    103.9963914910533 
   85.819614070823334   116.06434722330373 
   57.266728681754138   123.71532903098574 
    33.13081721725333   147.85124049548656 
   61.683702606322527   140.20025868780456 
   49.615746874072116   152.26821442005496 
   21.062861485002927   159.91919622773696 
   177.94628600425827   3.0357717084816098 
   25.479835409571315   176.40412588455578 
   13.411879677320892   188.47208161680618 
   186.78023385339503   36.005631022119225 
   162.64432238889421   60.141542486620047 
    191.1972077779634   52.490560678938017 
     179.129252045713   64.558516411188435 
   150.57636665664378   72.209498218870465 
   126.44045519214296   96.345409683371301 
   154.99334058121218   88.694427875689257 
   142.92538484896176   100.76238360793968 
   114.37249945989257    108.4133654156217 
    90.23658799539173   132.54927688012253 
   118.78947338446096   124.89829507244048 
   106.72151765221054    136.9662508046909 
   78.168632263141333   144.61723261237293 
   54.032720798640526   168.75314407687375 
   82.585606187709715   161.10216226919172 
   70.517650455459304   173.17011800144215 
   41.964765066390115   180.82109980912415 
   198.84818958564543   23.937675289868807 
   46.381738990958496   197.30602946594294 
   34.313783258708085   209.37398519819334 
   207.68213743478222   56.907534603506392 
    183.5462259702814   81.043446068007228 
   212.09911135935059   73.392464260325184 
   200.03115562710016   85.460419992575595 
   171.47827023803097   93.111401800257639 
   147.34235877353015   117.24731326475847 
   175.89524416259934   109.59633145707643 
   163.82728843034894   121.66428718932686 
   135.27440304127975   129.31526899700887 
   111.13849157677892   153.45118046150972 
   139.69137696584812   145.80019865382766 
   127.62342123359771   157.86815438607809 
   99.070535844528493   165.51913619376012 
   74.934624380027699   189.65504765826091 
   103.48750976909689   182.00406585057891 
   91.419554036846478   194.07202158282934 
   62.866668647777288   201.72300339051131 
   219.75009316703262   44.839578871255966 
    67.28364257234567   218.20793304733013 
   55.215686840095259   230.27588877958053 
   228.58404101616938   77.809438184893565 
   204.44812955166853    101.9453496493944 
   233.00101494073775   94.294367841712358 
   220.93305920848735   106.36232357396277 
   192.38017381941813    114.0133053816448 
   168.24426235491731   138.14921684614563 
   196.79714774398656   130.49823503846358 
    184.7291920117361     142.566190770714 
   156.17630662266691   150.21717257839603 
   132.04039515816609   174.35308404289685 
   160.59328054723531   166.70210223521482 
   148.52532481498488   178.77005796746525 
   119.97243942591567   186.42103977514728 
   95.836527961414873    210.5569512396481 
   124.38941335048406   202.90596943196604 
   112.32145761823365   214.97392516421647 
   83.768572229164462    222.6249069718985 
   240.65199674841983    65.74148245264314 
   88.185546153732844   239.10983662871729 
   76.117590421482433   251.17779236096769 
   249.48594459755657   98.711341766280754 
   225.35003313305575   122.84725323078158 
   253.90291852212496   115.19627142309953 
   241.83496278987451   127.26422715534994 
   213.28207740080532     134.915208963032 
    189.1461659363045   159.05112042753282 
   217.69905132537369   151.40013861985076 
   205.63109559312329   163.46809435210119 
    177.0782102040541   171.11907615978322 
   152.94229873955328   195.25498762428407 
   181.49518412862247   187.60400581660201 
   169.42722839637204   199.67196154885244 
   140.87434300730285   207.32294335653447 
   116.73843154280205   231.45885482103526 
   145.29131693187122   223.80787301335323 
   133.22336119962083   235.87582874560368 
   104.67047581055165   243.52681055328566 
   246.25193671444288   143.74915681216874 
   234.18398098219248   155.81711254441913 
   210.04806951769169   179.95302400891998 
    238.6009549067609   172.30204220123795 
   226.53299917451051   184.36999793348838 
   197.98011378544129   192.02097974117038 
   173.84420232094044   216.15689120567123 
   202.39708771000966    208.5059093979892 
   190.32913197775926    220.5738651302396 
   161.77624658869004   228.22484693792163 
   137.64033512418922   252.36075840242248 
   166.19322051325844   244.70977659474045 
   154.12526478100801   256.77773232699087 
