   72.084120436304602   5.2215034378427116 
   55.017453769637932   34.781837220351562 
   80.617203376450675   20.001525764523063 
   72.083870043117329   34.781692655777498 
     46.4841204363046   49.562004111605987 
   29.417453769637937   79.122337894114835 
   55.017203376450666   64.342026438286325 
   46.483870043117328   79.122193329540764 
    20.88412043630461    93.90250478536926 
   3.8174537696379263   123.46283856787811 
   29.417203376450669    108.6825271120496 
   20.883870043117337   123.46269400330402 
   3.8172033764506756   153.02302778581284 
   97.683619649930037   20.001381199948966 
    80.61695298326336   49.561714982457815 
    106.2167025900761   34.781403526629312 
   97.683369256742751   49.561570417883736 
   72.083619649930043   64.341881873712239 
   55.016952983263366   93.902215656221088 
   80.616702590076102   79.121904200392578 
   72.083369256742756   93.902071091647016 
   46.483619649930034   108.68238254747551 
   29.416952983263375   138.24271632998435 
   55.016702590076093   123.46240487415584 
   46.483369256742755   138.24257176541028 
   20.883619649930043   153.02288322123877 
   3.8169529832633819   182.58321700374762 
   29.416702590076103    167.8029055479191 
   20.883369256742771   182.58307243917352 
   106.21695298326337   5.2212143086945408 
   123.28336925674276   5.2210697441204656 
   123.28311886355549   34.781258962055226 
   106.21645219688881   64.341592744564082 
   131.81620180370152   49.561281288735564 
   123.28286847036819   64.341448179989982 
   97.683118863555478   79.121759635818506 
   80.616452196888815   108.68209341832734 
   106.21620180370154   93.901781962498831 
   97.682868470368177   108.68194885375327 
   72.083118863555484   123.46226030958177 
   55.016452196888807    153.0225940920906 
   80.616201803701529   138.24228263626208 
   72.082868470368183   153.02244952751653 
   46.483118863555482   167.80276098334502 
    29.41645219688883   197.36309476585387 
   55.016201803701527   182.58278331002535 
   46.482868470368196   197.36295020127977 
   20.883118863555499   212.14326165710827 
    131.8164521968888   20.001092070800794 
   157.41620180370151   5.2207806149722948 
   148.88286847036818   20.000947506226719 
   148.88261807718092   49.561136724161479 
   131.81595141051426   79.121470506670335 
   157.41570101732694    64.34115905084181 
   148.88236768399361   79.121325942096249 
   123.28261807718093   93.901637397924759 
   106.21595141051424   123.46197118043361 
   131.81570101732694    108.6816597246051 
   123.28236768399361   123.46182661585952 
   97.682618077180905     138.242138071688 
   80.615951410514242   167.80247185419685 
   106.21570101732695   153.02216039836833 
   97.682367683993618   167.80232728962278 
   72.082618077180911   182.58263874545128 
   55.015951410514255   212.14297252796013 
   80.615701017326955    197.3626610721316 
   72.082367683993624   212.14282796338603 
   46.482618077180923   226.92313941921455 
   157.41595141051425   34.780969832907054 
   183.01570101732696   20.000658377078548 
   174.48236768399363   34.780825268332961 
   174.48211729080634   64.341014486267738 
   157.41545062413965   93.901348268776573 
   183.01520023095239   79.121036812948063 
   174.48186689761906   93.901203704202501 
   148.88211729080632     108.681515160031 
   131.81545062413966   138.24184894253983 
   157.41520023095239   123.46153748671132 
   148.88186689761903   138.24170437796576 
   123.28211729080634   153.02201583379426 
   106.21545062413968   182.58234961630311 
   131.81520023095237   167.80203816047458 
   123.28186689761904   182.58220505172901 
   97.682117290806346   197.36251650755753 
   80.615450624139669   226.92285029006635 
   106.21520023095238   212.14253883423785 
   97.681866897619045   226.92270572549225 
   72.082117290806337   241.70301718132077 
   183.01545062413967     49.5608475950133 
   208.61520023095235   34.780536139184797 
   200.08186689761902   49.560703030439214 
   200.08161650443176   79.120892248373991 
    183.0149498377651   108.68122603088283 
   208.61469944457781   93.900914575054315 
   200.08136611124451   108.68108146630875 
   174.48161650443177   123.46139292213725 
   157.41494983776508   153.02172670464608 
   183.01469944457781   138.24141524881759 
   174.48136611124445   153.02158214007201 
   148.88161650443175   167.80189359590051 
   131.81494983776511   197.36222737840939 
   157.41469944457779   182.58191592258083 
   148.88136611124446   197.36208281383529 
   123.28161650443177   212.14239426966378 
    106.2149498377651   241.70272805217263 
    131.8146994445778   226.92241659634414 
   123.28136611124448   241.70258348759853 
   97.681616504431773   256.48289494342703 
    208.6149498377651   64.340725357119553 
    234.2146994445778   49.560413901291057 
   225.68136611124447   64.340580792545467 
   225.68111571805721   93.900770010480244 
   208.61444905139055   123.46110379298908 
   234.21419865820326   108.68079233716058 
    225.6808653248699   123.46095922841501 
   200.08111571805722   138.24127068424349 
   183.01444905139053   167.80160446675234 
   208.61419865820324   153.02129301092384 
    200.0808653248699   167.80145990217827 
    174.4811157180572   182.58177135800676 
   157.41444905139053   212.14210514051561 
   183.01419865820324   197.36179368468711 
   174.48086532486991   212.14196057594157 
    148.8811157180572   226.92227203177004 
   131.81444905139057   256.48260581427888 
   157.41419865820325   241.70229435845036 
   148.88086532486992   256.48246124970478 
   234.21444905139055   79.120603119225805 
   251.28086532486992   79.120458554651734 
   251.28061493168266    108.6806477725865 
     234.213948265016   138.24098155509535 
   251.28036453849538   138.24083699052127 
   225.68061493168267   153.02114844634977 
   208.61394826501601   182.58148222885862 
   234.21369787182871   167.80117077303009 
   225.68036453849535   182.58133766428455 
   200.08061493168265   197.36164912011304 
   183.01394826501598   226.92198290262189 
   208.61369787182875   212.14167144679337 
   200.08036453849542   226.92183833804785 
   174.48061493168265   241.70214979387632 
   183.01369787182873   256.48217212055664 
