   94.160600540435311   14.214654378023475 
   123.72078975837006   14.214403984836181 
   108.94062286711564   22.747737318169534 
   79.380433649180901   22.747987711356807 
   49.820099866672052   39.814654378023477 
   79.380289084606815   39.814403984836183 
   64.600122193352377   48.347737318169521 
   35.039932975417635   48.347987711356808 
   5.4795991929087879   65.414654378023485 
   35.039788410843549   65.414403984836198 
   20.259621519589114   73.947737318169544 
   153.28097897630482   14.214153591648888 
   182.84116819423957   14.213903198461594 
   168.06100130298515   22.747236531794947 
    138.5008120850504   22.747486924982219 
   108.94047830254156   39.814153591648903 
   138.50066752047633    39.81390319846161 
   123.72050062922189   48.347236531794948 
    94.16031141128714   48.347486924982228 
   64.599977628778305   65.414153591648898 
   94.160166846713068   65.413903198461611 
   79.379999955458629   73.947236531794957 
   49.819810737523888   73.947486924982229 
   20.259476955015039    91.01415359164892 
   49.819666172949802   91.013903198461605 
   35.039499281695377   99.547236531794965 
   5.4793100637606376   99.547486924982252 
   5.4791654991865419   116.61390319846163 
   197.62119052091992   22.746986138607653 
   168.06085673841108   39.813652805274323 
   197.62104595634585   39.813402412087044 
   182.84087906509143   48.346735745420375 
   153.28068984715665   48.346986138607669 
   123.72035606464782   65.413652805274339 
   153.28054528258258   65.413402412087038 
   138.50037839132816   73.946735745420384 
   108.94018917339341    73.94698613860767 
   79.379855390884572   91.013652805274333 
   108.94004460881933   91.013402412087046 
   94.159877717564896   99.546735745420392 
   64.599688499630162   99.546986138607664 
   35.039354717121306   116.61365280527436 
   64.599543935056062   116.61340241208705 
   49.819377043801644   125.14673574542039 
   20.259187825866892   125.14698613860769 
   20.259043261292817   142.21340241208705 
   5.4788763700383916   150.74673574542041 
   212.40106828302618   48.346485352233088 
   182.84073450051733   65.413152018899765 
   212.40092371845208   65.412901625712479 
   197.62075682719768    73.94623495904581 
    168.0605676092629   73.946485352233097 
   138.50023382675408   91.013152018899774 
   168.06042304468883   91.012901625712487 
   153.28025615343441   99.546234959045805 
   123.72006693549966   99.546485352233105 
   94.159733152990825   116.61315201889978 
   123.71992237092559   116.61290162571247 
   108.93975547967116   125.14623495904583 
   79.379566261736414   125.14648535223311 
   49.819232479227566   142.21315201889979 
   79.379421697162329   142.21290162571248 
    64.59925480590789   150.74623495904584 
   35.039065587973155   150.74648535223312 
   5.4787318054643173   167.81315201889979 
    35.03892102339907    167.8129016257125 
   20.258754132144666   176.34623495904583 
   227.18094604513243    73.94598456585851 
   197.62061226262358   91.012651232525187 
   227.18080148055836     91.0124008393379 
   212.40063458930393   99.545734172671217 
   182.84044537136916   99.545984565858518 
   153.28011158886034    116.6126512325252 
   182.84030080679509   116.61240083933791 
   168.06013391554066   125.14573417267124 
   138.49994469760591   125.14598456585853 
   108.93961091509709   142.21265123252519 
   138.49980013303184    142.2124008393379 
   123.71963324177742   150.74573417267126 
   94.159444023842667   150.74598456585855 
   64.599110241333818   167.81265123252521 
   94.159299459268595    167.8124008393379 
   79.379132568014157   176.34573417267126 
   49.818943350079408   176.34598456585854 
    20.25860956757057   193.41265123252521 
   49.818798785505329   193.41240083933792 
   35.038631894250919   201.94573417267128 
   241.96082380723871   99.545483779483931 
   212.40049002472986   116.61215044615061 
   241.96067924266461   116.61190005296332 
   227.18051235141019   125.14523338629665 
   197.62032313347544   125.14548377948394 
   168.05998935096659   142.21215044615062 
   197.62017856890134   142.21190005296333 
   182.84001167764691   150.74523338629666 
   153.27982245971216   150.74548377948395 
   123.71948867720334   167.81215044615061 
   153.27967789513809   167.81190005296332 
   138.49951100388367   176.34523338629668 
   108.93932178594892   176.34548377948397 
   79.378988003440071   193.41215044615063 
   108.93917722137485   193.41190005296335 
    94.15901033012041   201.94523338629668 
   64.598821112185661   201.94548377948396 
   35.038487329676833   219.01215044615063 
   64.598676547611575   219.01190005296334 
   49.818509656357172   227.54523338629667 
   256.74070156934499   125.14498299310938 
   227.18036778683614   142.21164965977607 
   256.74055700477089   142.21139926658876 
   241.96039011351644   150.74473259992209 
   212.40020089558166    150.7449829931094 
   182.83986711307287   167.81164965977607 
   212.40005633100759   167.81139926658875 
   197.61988943975319   176.34473259992208 
   168.05970022181845   176.34498299310937 
    138.4993664393096   193.41164965977606 
   168.05955565724435   193.41139926658875 
   153.27938876598992   201.94473259992211 
    123.7191995480552   201.94498299310942 
   94.158865765546352   219.01164965977608 
    123.7190549834811   219.01139926658877 
   108.93888809222668    227.5447325999221 
   79.378698874291928   227.54498299310941 
   49.818365091783093   244.61164965977608 
   79.378554309717842   244.61139926658879 
   64.598387418463432   253.14473259992209 
   241.96024554894237   167.81114887340146 
   256.74026787562269   176.34423181354754 
   227.18007865768794   176.34448220673482 
   197.61974487517909   193.41114887340149 
   227.17993409311384   193.41089848021423 
   212.39976720185948   201.94423181354756 
   182.83957798392473   201.94448220673482 
   153.27924420141588   219.01114887340148 
   182.83943341935063   219.01089848021422 
    168.0592665280962   227.54423181354758 
   138.49907731016145   227.54448220673481 
    108.9387435276526   244.61114887340148 
   138.49893274558738   244.61089848021425 
   123.71876585433294   253.14423181354755 
    94.15857663639818   253.14448220673486 
