   183.25064845698651   3.5824893494839278 
   211.80366345910699   11.232987434673332 
   195.31852935710688   15.650165804423025 
   166.76551435498641   7.9996677192336216 
    133.7952461509862   16.834024458733012 
   162.34826115310668   24.484522543922392 
   145.86312705110655   28.901700913672087 
    117.3101120489861   21.251202828482683 
   84.339843844985893    30.08555956798207 
   112.89285884710638    37.73605765317145 
   96.407724745106279   42.153236022921149 
   67.854709742985804   34.502737937731752 
   34.884441538985591   43.337094677231129 
    63.43745654110608   50.987592762420512 
    46.95232243910597   55.404771132170204 
   18.399307436985488   47.754273046980813 
   13.982054235105778   64.239127871669581 
   223.87154435922736   23.300663889612409 
   190.90127615522715   32.135020629111779 
   219.45429115734765   39.785518714301169 
   202.96915705534752   44.202697084050847 
   174.41614205322705   36.552198998861456 
   141.44587384922684   45.386555738360833 
   169.99888885134732   53.037053823550224 
   153.51375474934721   57.454232193299923 
   124.96073974722675   49.803734108110518 
   91.990471543226533   58.638090847609895 
   120.54348654534702   66.288588932799286 
   104.05835244334691   70.705767302548978 
   75.505337441226445   63.055269217359587 
   42.535069237226246   71.889625956858964 
   71.088084239346728   79.540124042048348 
    54.60295013734661    83.95730241179804 
   26.049935135226139   76.306804326608656 
   21.632681933346429   92.791659151297424 
   5.1475478313463343   97.208837521047087 
     231.522172057468   51.853195169240223 
   198.55190385346779     60.6875519087396 
   227.10491885558827   68.338049993928976 
   210.61978475358814   72.755228363678668 
   182.06676975146772   65.104730278489285 
   149.09650154746748   73.939087017988655 
   177.64951654958796   81.589585103178038 
   161.16438244758785    86.00676347292773 
   132.61136744546741   78.356265387738347 
   99.641099241467188   87.190622127237717 
   128.19411424358765     94.8411202124271 
   111.70898014158756   99.258298582176792 
   83.155965139467099   91.607800496987409 
   50.185696935466886   100.44215723648678 
   78.738711937587368   108.09265532167616 
   62.253577835587251   112.50983369142585 
    33.70056283346679   104.85933560623647 
   29.283309631587059   121.34419043092522 
   12.798175529586963   125.76136880067492 
   239.17279975570861   80.405726448868037 
   206.20253155170843   89.240083188367407 
   234.75554655382891   96.890581273556791 
    218.2704124518288   101.30775964330648 
   189.71739744970833   93.657261558117099 
   156.74712924570812   102.49161829761648 
    185.3001442478286   110.14211638280587 
    168.8150101458285   114.55929475255554 
   140.26199514370802   106.90879666736616 
   107.29172693970781   115.74315340686555 
   135.84474194182832    123.3936514920549 
    119.3596078398282   127.81082986180461 
    90.80659283770774   120.16033177661522 
   57.836324633707527   128.99468851611459 
   86.389339635828009   136.64518660130398 
   69.904205533827906   141.06236497105368 
   41.351190531707431    133.4118668858643 
   8.3809223277072533   142.24622362536365 
   36.933937329827707   149.89672171055304 
   20.448803227827614   154.31390008030272 
   246.82342745394931   108.95825772849587 
   213.85315924994907   117.79261446799522 
   242.40617425206958    125.4431125531846 
   225.92104015006944    129.8602909229343 
     197.368025147949   122.20979283774493 
   164.39775694394876    131.0441495772443 
   192.95077194606927   138.69464766243368 
   176.46563784406914   143.11182603218336 
   147.91262284194869   135.46132794699398 
   114.94235463794847   144.29568468649336 
   143.49536964006896   151.94618277168274 
   127.01023553806884   156.36336114143242 
    98.45722053594838   148.71286305624304 
    65.48695233194816   157.54721979574242 
   94.039967334068649    165.1977178809318 
   77.554833232068546   169.61489625068148 
   49.001818229948086    161.9643981654921 
   16.031550025947883   170.79875490499148 
   44.584565028068347   178.44925299018087 
   28.099430926068266   182.86643135993054 
   254.47405515218992   137.51078900812365 
   221.50378694818974   146.34514574762306 
   250.05680195031022   153.99564383281242 
   233.57166784831008    158.4128222025621 
   205.01865284618964   150.76232411737271 
    172.0483846421894   159.59668085687213 
   200.60139964430988   167.24717894206148 
   184.11626554230978   171.66435731181116 
    155.5632505401893    164.0138592266218 
   122.59298233618912   172.84821596612116 
    151.1459973383096   180.49871405131054 
    134.6608632363095   184.91589242106025 
   106.10784823418903   177.26539433587084 
   73.137580030188815   186.09975107537022 
   101.69059503230929    193.7502491605596 
   85.205460930309187   198.16742753030928 
   56.652445928188726   190.51692944511993 
   23.682177724188534   199.35128618461931 
   52.235192726308988   207.00178426980867 
   35.750058624308906   211.41896263955837 
   229.15441464643035   174.89767702725086 
   241.22229554655075   186.96535348218993 
   212.66928054443028   179.31485539700057 
   179.69901234043007   188.14921213649995 
   208.25202734255055   195.79971022168931 
   191.76689324055042   200.21688859143902 
   163.21387823842997   192.56639050624963 
   130.24361003442976   201.40074724574899 
   158.79662503655024   209.05124533093837 
   142.31149093455014   213.46842370068805 
   113.75847593242968   205.81792561549869 
    80.78820772842947   214.65228235499808 
   109.34122273054994   222.30278044018743 
   92.856088628549827   226.71995880993714 
   64.303073626429381   219.06946072474778 
   31.332805422429185   227.90381746424711 
   59.885820424549642   235.55431554943652 
   43.400686322549547   239.97149391918623 
   236.80504234467102   203.45020830687872 
   248.87292324479142   215.51788476181781 
   220.31990824267095   207.86738667662837 
   187.34964003867071   216.70174341612775 
   215.90265504079119   224.35224150131717 
   199.41752093879109   228.76941987106687 
   170.86450593667061   221.11892178587746 
   137.89423773267043   229.95327852537685 
   166.44725273479091   237.60377661056626 
   149.96211863279078   242.02095498031593 
   121.40910363067033   234.37045689512655 
   88.438835426670124   243.20481363462594 
    116.9918504287906   250.85531171981532 
   100.50671632679048   255.27249008956503 
   71.953701324670007   247.62199200437558 
   38.983433120669837   256.45634874387497 
