   207.02244121202935   12.813481662328028 
   172.88910787869602   12.813481662328028 
   198.48910787869605   27.593359424434279 
   181.42244121202936   27.593359424434279 
   155.82244121202939   12.813481662328028 
   121.68910787869603   12.813481662328028 
   147.28910787869603   27.593359424434279 
   130.22244121202937   27.593359424434279 
   104.62244121202937   12.813481662328028 
   70.489107878696018   12.813481662328028 
   96.089107878696041   27.593359424434279 
   79.022441212029349   27.593359424434279 
   53.422441212029334   12.813481662328028 
   19.289107878696026   12.813481662328028 
   44.889107878696002   27.593359424434279 
   27.822441212029354   27.593359424434279 
   2.2224412120293637   12.813481662328028 
   224.08910787869604   12.813481662328028 
   249.68910787869603   27.593359424434279 
   232.62244121202937   27.593359424434279 
   207.02244121202938   42.373237186540536 
   172.88910787869602   42.373237186540536 
   198.48910787869605   57.153114948646795 
   181.42244121202936   57.153114948646795 
   155.82244121202939   42.373237186540536 
   121.68910787869603   42.373237186540536 
   147.28910787869603   57.153114948646795 
   130.22244121202937   57.153114948646795 
   104.62244121202937   42.373237186540536 
   70.489107878696032   42.373237186540536 
   96.089107878696041   57.153114948646795 
   79.022441212029364   57.153114948646795 
   53.422441212029348   42.373237186540536 
   19.289107878696026   42.373237186540543 
   44.889107878696016   57.153114948646795 
   27.822441212029354    57.15311494864681 
   2.2224412120293637   42.373237186540543 
   224.08910787869604   42.373237186540521 
   249.68910787869603   57.153114948646788 
   232.62244121202937   57.153114948646788 
   207.02244121202938   71.932992710753055 
   172.88910787869602   71.932992710753055 
   198.48910787869605   86.712870472859294 
   181.42244121202936   86.712870472859294 
   155.82244121202939   71.932992710753055 
   121.68910787869603   71.932992710753055 
   147.28910787869603   86.712870472859308 
   130.22244121202937   86.712870472859308 
   104.62244121202937   71.932992710753055 
   70.489107878696032   71.932992710753055 
   96.089107878696041   86.712870472859308 
   79.022441212029364   86.712870472859308 
   53.422441212029348   71.932992710753055 
   19.289107878696026   71.932992710753055 
   44.889107878696016   86.712870472859308 
   27.822441212029354   86.712870472859308 
   2.2224412120293637   71.932992710753055 
   224.08910787869604   71.932992710753041 
   249.68910787869603   86.712870472859294 
   232.62244121202937   86.712870472859294 
   207.02244121202938   101.49274823496556 
   172.88910787869602   101.49274823496556 
   198.48910787869605   116.27262599707181 
   181.42244121202936   116.27262599707181 
   155.82244121202939   101.49274823496556 
   121.68910787869603   101.49274823496556 
   147.28910787869603   116.27262599707181 
   130.22244121202937   116.27262599707181 
   104.62244121202937   101.49274823496556 
   70.489107878696032   101.49274823496556 
   96.089107878696041   116.27262599707181 
   79.022441212029364   116.27262599707181 
   53.422441212029348   101.49274823496556 
   19.289107878696026   101.49274823496556 
   44.889107878696016   116.27262599707181 
   27.822441212029354   116.27262599707181 
   2.2224412120293637   101.49274823496556 
   224.08910787869604   101.49274823496556 
   249.68910787869603   116.27262599707181 
   232.62244121202937   116.27262599707181 
   207.02244121202938   131.05250375917808 
   172.88910787869602   131.05250375917808 
   198.48910787869605   145.83238152128433 
   181.42244121202936   145.83238152128433 
   155.82244121202939   131.05250375917808 
   121.68910787869603   131.05250375917808 
   147.28910787869603   145.83238152128433 
   130.22244121202937   145.83238152128433 
   104.62244121202937   131.05250375917808 
   70.489107878696032   131.05250375917808 
   96.089107878696041   145.83238152128433 
   79.022441212029364   145.83238152128433 
   53.422441212029348   131.05250375917808 
   19.289107878696026   131.05250375917808 
   44.889107878696016   145.83238152128433 
   27.822441212029354   145.83238152128433 
   2.2224412120293637   131.05250375917808 
   224.08910787869604   131.05250375917808 
   249.68910787869603   145.83238152128433 
   232.62244121202937   145.83238152128433 
   207.02244121202938   160.61225928339059 
   172.88910787869602   160.61225928339059 
   198.48910787869605   175.39213704549684 
   181.42244121202936   175.39213704549684 
   155.82244121202939   160.61225928339059 
   121.68910787869603   160.61225928339059 
   147.28910787869603   175.39213704549684 
   130.22244121202937   175.39213704549684 
   104.62244121202937   160.61225928339059 
   70.489107878696032   160.61225928339059 
   96.089107878696041   175.39213704549684 
   79.022441212029364   175.39213704549684 
   53.422441212029348   160.61225928339059 
   19.289107878696026   160.61225928339059 
   44.889107878696016   175.39213704549684 
   27.822441212029354   175.39213704549684 
   2.2224412120293637   160.61225928339059 
   224.08910787869604   160.61225928339059 
   249.68910787869603   175.39213704549684 
   232.62244121202937   175.39213704549684 
   207.02244121202938   190.17201480760309 
   172.88910787869602   190.17201480760309 
   198.48910787869605   204.95189256970934 
   181.42244121202936   204.95189256970934 
   155.82244121202939   190.17201480760309 
   121.68910787869603   190.17201480760309 
   147.28910787869603   204.95189256970934 
   130.22244121202937   204.95189256970934 
   104.62244121202937   190.17201480760309 
   70.489107878696032   190.17201480760309 
   96.089107878696041   204.95189256970934 
   79.022441212029364   204.95189256970934 
   53.422441212029348   190.17201480760309 
   19.289107878696026   190.17201480760312 
   44.889107878696016   204.95189256970934 
   27.822441212029354    204.9518925697094 
   2.2224412120293637   190.17201480760312 
   224.08910787869604   190.17201480760309 
   249.68910787869603   204.95189256970934 
   232.62244121202937   204.95189256970934 
   207.02244121202938   219.73177033181562 
   172.88910787869602   219.73177033181562 
   198.48910787869605   234.51164809392191 
   181.42244121202938   234.51164809392191 
   155.82244121202939   219.73177033181562 
   121.68910787869603   219.73177033181562 
   147.28910787869603   234.51164809392191 
   130.22244121202937   234.51164809392191 
   104.62244121202937   219.73177033181562 
   70.489107878696046   219.73177033181562 
   96.089107878696041   234.51164809392191 
   79.022441212029364   234.51164809392191 
   53.422441212029355   219.73177033181562 
   19.289107878696026   219.73177033181562 
   44.889107878696024   234.51164809392191 
   27.822441212029354   234.51164809392191 
   2.2224412120293637   219.73177033181562 
   224.08910787869604    219.7317703318156 
   249.68910787869603   234.51164809392191 
   232.62244121202937   234.51164809392191 
