   47.959398768589445   34.363140482064885 
   47.959398768589445    77.02980714873155 
   66.434607382657461    45.02980714873155 
   66.434607382657461   66.363140482064892 
   47.959398768589445   98.363140482064878 
   47.959398768589445   141.02980714873155 
   66.434607382657461   109.02980714873155 
   66.434607382657461   130.36314048206489 
   47.959398768589445   162.36314048206489 
   47.959398768589445   205.02980714873155 
   66.434607382657461   173.02980714873155 
   66.434607382657461   194.36314048206492 
   47.959398768589445   226.36314048206486 
   47.959398768589445   13.029807148731553 
   66.434607382657461   237.02980714873152 
   66.434607382657461   2.3631404820648787 
   84.909815996725484   34.363140482064885 
   84.909815996725484    77.02980714873155 
   103.38502461079349    45.02980714873155 
   103.38502461079349   66.363140482064892 
   84.909815996725484   98.363140482064878 
   84.909815996725484   141.02980714873155 
   103.38502461079349   109.02980714873155 
   103.38502461079349   130.36314048206489 
   84.909815996725484   162.36314048206489 
   84.909815996725484   205.02980714873155 
   103.38502461079349   173.02980714873155 
   103.38502461079349   194.36314048206492 
   84.909815996725484   226.36314048206486 
   84.909815996725484   13.029807148731553 
   103.38502461079349   237.02980714873152 
   103.38502461079349   2.3631404820648787 
   121.86023322486153   34.363140482064885 
   121.86023322486153    77.02980714873155 
   140.33544183892957    45.02980714873155 
   140.33544183892957   66.363140482064892 
   121.86023322486153   98.363140482064878 
   121.86023322486153   141.02980714873155 
   140.33544183892957   109.02980714873155 
   140.33544183892957   130.36314048206489 
   121.86023322486153   162.36314048206489 
   121.86023322486153   205.02980714873155 
   140.33544183892957   173.02980714873155 
   140.33544183892957   194.36314048206492 
   121.86023322486153   226.36314048206486 
   121.86023322486153   13.029807148731553 
   140.33544183892957   237.02980714873152 
   140.33544183892957   2.3631404820648787 
   158.81065045299758   34.363140482064885 
   158.81065045299758    77.02980714873155 
   177.28585906706559    45.02980714873155 
   177.28585906706559   66.363140482064892 
   158.81065045299758   98.363140482064878 
   158.81065045299758   141.02980714873155 
   177.28585906706559   109.02980714873155 
   177.28585906706559   130.36314048206489 
   158.81065045299758   162.36314048206489 
   158.81065045299758   205.02980714873155 
   177.28585906706559   173.02980714873155 
   177.28585906706559   194.36314048206492 
   158.81065045299758   226.36314048206486 
   158.81065045299758   13.029807148731553 
   177.28585906706559   237.02980714873152 
   177.28585906706559   2.3631404820648787 
   195.76106768113368   34.363140482064885 
   195.76106768113368    77.02980714873155 
   214.23627629520163    45.02980714873155 
   214.23627629520163   66.363140482064892 
   195.76106768113368   98.363140482064878 
   195.76106768113368   141.02980714873155 
   214.23627629520163   109.02980714873155 
   214.23627629520163   130.36314048206489 
   195.76106768113368   162.36314048206489 
   195.76106768113368   205.02980714873155 
   214.23627629520163   173.02980714873155 
   214.23627629520163   194.36314048206492 
   195.76106768113368   226.36314048206486 
   195.76106768113368   13.029807148731553 
   214.23627629520163   237.02980714873152 
   214.23627629520163   2.3631404820648787 
   232.71148490926967   34.363140482064885 
   232.71148490926967    77.02980714873155 
   29.484190154521446    45.02980714873155 
   29.484190154521446   66.363140482064892 
   232.71148490926967   98.363140482064878 
   232.71148490926967   141.02980714873155 
   29.484190154521446   109.02980714873155 
   29.484190154521446   130.36314048206489 
   232.71148490926967   162.36314048206489 
   232.71148490926967   205.02980714873155 
   29.484190154521446   173.02980714873155 
   29.484190154521446   194.36314048206492 
   232.71148490926967   226.36314048206486 
   232.71148490926967   13.029807148731553 
   29.484190154521446   237.02980714873152 
   29.484190154521446   2.3631404820648787 
