    51.13017472345328   23.154863100285549 
   71.736592350953401   17.633390138098441 
   45.608701761266175   43.761280727785675 
   34.565755836891952   84.974115982785918 
   60.693646426579178   58.846225393098678 
   55.172173464392074   79.452643020598799 
   29.044282874704837   105.58053361028604 
   18.001336950330625   146.79336886528628 
   44.129227540017858   120.66547827559907 
   38.607754577830747   141.27189590309919 
   12.479863988143521    167.3997864927864 
     1.43691806376929   208.61262174778662 
   27.564808653456531   182.48473115809944 
   22.043335691269423   203.09114878559953 
   86.821537016266419   32.718334803411452 
   112.94942760595364   6.5904442137242327 
   107.42795464376653   27.196861841224347 
   81.300064054079314   53.324752430911573 
   70.257118129705091   94.537587685911831 
   96.385008719392317   68.409697096224576 
   90.863535757205213   89.016114723724712 
   64.735645167517987   115.14400531341195 
   53.692699243143771    156.3568405684122 
    79.82058983283099   130.22894997872498 
   74.299116870643886   150.83536760622508 
   48.171226280956667   176.96325819591232 
   37.128280356582444   218.17609345091256 
    63.25617094626967   192.04820286122535 
   57.734697984082565   212.65462048872541 
   133.55584523345377   1.0689712515371068 
   122.51289930907956   42.281806506537357 
   148.64078989876677   16.153915916850135 
   143.11931693657968   36.760333544350246 
   116.99142634689244   62.888224134037479 
   105.94848042251823   104.10105938903773 
   132.07637101220547   77.973168799350489 
   126.55489805001837   98.579586426850611 
   100.42700746033113   124.70747701653785 
   89.384061535956917   165.92031227153811 
   115.51195212564413   139.79242168185087 
   109.99047916345702   160.39883930935099 
   83.862588573769798    186.5267298990382 
   72.819642649395576   227.73956515403847 
   98.947533239082787   201.61167456435123 
   93.426060276895711   222.21809219185133 
   169.24720752626689   10.632442954663009 
   158.20426160189268   51.845278209663249 
   184.33215219157995   25.717387619976037 
   178.81067922939283   46.323805247476152 
   152.68278863970556   72.451695837163385 
   141.63984271533135   113.66453109216364 
    167.7677333050186   87.536640502476402 
    162.2462603428315   108.14305812997651 
   136.11836975314424   134.27094871966375 
   125.07542382877003   175.48378397466399 
   151.20331441845727   149.35589338497678 
   145.68184145627018    169.9623110124769 
   119.55395086658291   196.09020160216414 
    108.5110049422087   237.30303685716436 
   134.63889553189597   211.17514626747712 
   129.11742256970885   231.78156389497727 
   204.93856981908004   20.195914657788911 
   193.89562389470584   61.408749912789148 
   220.02351448439308   35.280859323101943 
   214.50204152220596   55.887276950602065 
   188.37415093251872   82.015167540289283 
   177.33120500814451   123.22800279528954 
   203.45909559783175   97.100112205602301 
   197.93762263564466   117.70652983310241 
   171.80973204595739   143.83442042278966 
   160.76678612158318   185.04725567778991 
   186.89467671127042   158.91936508810269 
   181.37320374908333   179.52578271560282 
   155.24531315939606   205.65367330529003 
   144.20236723502182   246.86650856029024 
   170.33025782470909   220.73861797060303 
     164.808784862522   241.34503559810318 
   240.62993211189317   29.759386360914817 
   229.58698618751896   70.972221615915061 
   255.71487677720617   44.844331026227835 
   250.19340381501908   65.450748653727956 
   224.06551322533187   91.578639243415182 
   213.02256730095763   132.79147449841545 
   239.15045789064487    106.6635839087282 
   233.62898492845775   127.27000153622832 
   207.50109433877051   153.39789212591555 
   196.45814841439631   194.61072738091579 
   222.58603900408352   168.48283679122858 
   217.06456604189646    189.0892544187287 
   190.93667545220922   215.21714500841588 
   179.89372952783501   256.42998026341616 
   206.02162011752219   230.30208967372897 
    200.5001471553351   250.90850730122901 
