   62.997776854036182     36.7406249555671 
   94.997776854036175   18.265416341499069 
   84.331110187369518     36.7406249555671 
   52.331110187369518    55.21583356963513 
   30.997776854036189   92.166250797771184 
   62.997776854036182   73.691042183703161 
   52.331110187369518   92.166250797771184 
   20.331110187369514   110.64145941183922 
   30.997776854036189   129.11666802590725 
   20.331110187369536   147.59187663997525 
    116.3311101873695    18.26541634149909 
   94.997776854036189    55.21583356963513 
   126.99777685403619     36.7406249555671 
    116.3311101873695    55.21583356963513 
   84.331110187369518   73.691042183703146 
   62.997776854036182   110.64145941183922 
   94.997776854036175   92.166250797771184 
   84.331110187369518   110.64145941183919 
   52.331110187369518   129.11666802590725 
   30.997776854036189   166.06708525404329 
   62.997776854036182   147.59187663997528 
   52.331110187369532   166.06708525404329 
   20.331110187369536    184.5422938681113 
   30.997776854036211   203.01750248217931 
   148.33111018736952   36.740624955567107 
   126.99777685403619   73.691042183703146 
    158.9977768540362    55.21583356963513 
   148.33111018736952   73.691042183703146 
   116.33111018736953    92.16625079777117 
   94.997776854036189   129.11666802590725 
   126.99777685403619   110.64145941183919 
   116.33111018736953   129.11666802590722 
   84.331110187369518   147.59187663997525 
   62.997776854036196    184.5422938681113 
   94.997776854036175   166.06708525404329 
   84.331110187369518    184.5422938681113 
   52.331110187369553   203.01750248217931 
    158.9977768540362   18.265416341499048 
   62.997776854036204   221.49271109624735 
   180.33111018736955   18.265416341499026 
   180.33111018736949   55.215833569635116 
    158.9977768540362    92.16625079777117 
   190.99777685403618   73.691042183703132 
   180.33111018736949    92.16625079777117 
   148.33111018736952   110.64145941183918 
   126.99777685403619   147.59187663997525 
    158.9977768540362   129.11666802590722 
   148.33111018736952   147.59187663997523 
    116.3311101873695   166.06708525404326 
   94.997776854036175   203.01750248217931 
   126.99777685403619    184.5422938681113 
   116.33111018736953   203.01750248217931 
   84.331110187369518   221.49271109624732 
   190.99777685403618   36.740624955567057 
   94.997776854036204   239.96791971031536 
   212.33111018736952    36.74062495556705 
   212.33111018736952   73.691042183703146 
   190.99777685403618   110.64145941183919 
    222.9977768540362    92.16625079777117 
   212.33111018736952   110.64145941183919 
   180.33111018736952   129.11666802590722 
    158.9977768540362   166.06708525404329 
    190.9977768540362   147.59187663997523 
   180.33111018736955   166.06708525404326 
   148.33111018736952    184.5422938681113 
   126.99777685403619   221.49271109624735 
    158.9977768540362   203.01750248217934 
   148.33111018736955   221.49271109624735 
   116.33111018736953   239.96791971031533 
    222.9977768540362   55.215833569635087 
   244.33111018736955   55.215833569635073 
   244.33111018736955   92.166250797771184 
   222.99777685403623   129.11666802590722 
   254.99777685403618   110.64145941183919 
   244.33111018736952   129.11666802590722 
   212.33111018736957   147.59187663997525 
    190.9977768540362    184.5422938681113 
    222.9977768540362   166.06708525404326 
   212.33111018736952    184.5422938681113 
   180.33111018736955   203.01750248217934 
   158.99777685403623   239.96791971031541 
    190.9977768540362   221.49271109624735 
   180.33111018736955   239.96791971031536 
   254.99777685403623   73.691042183703118 
