   123.28058437209174    12.42443544864958 
   93.110695041465732    42.59432477927561 
   128.80205733427886   33.030853076149697 
   113.71711266896584     48.1157977414627 
   78.025750376152715   57.679269444588627 
   47.855861045526673   87.849158775214661 
   83.547223338339819   78.285687072088734 
   68.462278673026788   93.370631737401752 
   32.770916380213677   102.93410344052766 
   2.6010270495876573   133.10399277115368 
   38.292389342400782   123.54052106802779 
    23.20744467708775    138.6254657333408 
   158.97194666490489   2.8609637455236574 
   149.40847496177898   38.552326038336808 
   119.23858563115294   68.722215368962836 
    154.9299479239661   59.158743665836923 
   139.84500325865307   74.243688331149926 
   104.15364096583994   83.807160034275853 
   73.983751635213906   113.97704936490189 
   109.67511392802706   104.41357766177596 
   94.590169262714028   119.49852232708899 
    58.89880696990091   129.06199403021489 
   28.728917639274897   159.23188336084092 
   64.420279932088008   149.66841165771501 
    49.33533526677499   164.75335632302804 
   13.643972973961867   174.31682802615393 
   164.49341962709198   23.467381373023791 
   19.165445936148974   194.92324565365408 
   185.09983725459213   28.988854335210874 
   175.53636555146619   64.680216628024027 
   145.36647622084018   94.850105958650062 
   181.05783851365334   85.286634255524177 
   165.97289384834031   100.37157892083718 
   130.28153155552718   109.93505062396306 
   100.11164222490113   140.10493995458913 
    135.8030045177143   130.54146825146319 
   120.71805985240127   145.62641291677622 
   85.026697559588129    155.1898846199021 
   54.856808228962116   185.35977395052814 
   90.548170521775262   175.79630224740225 
   75.463225856462245   190.88124691271528 
   39.771863563649099   200.44471861584114 
   190.62131021677922    49.59527196271101 
    45.29333652583621   221.05113624334129 
   211.22772784427937   55.116744924898128 
   201.66425614115343   90.808107217711267 
   171.49436681052742   120.97799654833729 
   207.18572910334055   111.41452484521137 
   192.10078443802752   126.49946951052438 
   156.40942214521442    136.0629412136503 
   126.23953281458837   166.23283054427637 
   161.93089510740151   156.66935884115043 
   146.84595044208848   171.75430350646346 
   111.15458814927537   181.31777520958934 
   80.984698818649349   211.48766454021538 
   116.67606111146247   201.92419283708944 
   101.59111644614944   217.00913750240252 
   65.899754153336332   226.57260920552838 
   216.74920080646646    75.72316255239825 
   71.421227115523436   247.17902683302853 
   237.35561843396655   81.244635514585326 
   227.79214673084067   116.93599780739849 
   197.62225740021466   147.10588713802454 
   233.31361969302779    137.5424154348986 
   218.22867502771479    152.6273601002116 
   182.53731273490166   162.19083180333755 
   152.36742340427563   192.36072113396361 
   188.05878569708875   182.79724943083764 
   172.97384103177572   197.88219409615067 
   137.28247873896262   207.44566579927658 
   107.11258940833659   237.61555512990259 
   142.80395170114971   228.05208342677673 
   127.71900703583668   243.13702809208971 
   92.027644743023572   252.70049979521562 
    242.8770913961537   101.85105314208549 
   253.92003732052791   143.06388839708575 
    223.7501479899019   173.23377772771178 
   102.67416674459164   6.9029624864624974 
   87.589222079278628   21.987907151775506 
   208.66520332458887   188.31872239302479 
   178.49531399396287   218.48861172365085 
   57.419332748652614   52.157796482401523 
    42.33438808333959   67.242741147714554 
   163.41036932864986   233.57355638896382 
   12.164498752713561    97.41263047834056 
