   144.06939176920952    2.737968938012203 
   107.11897454107344   24.071302271345534 
   144.06939176920952   24.071302271345534 
   125.59418315514149   34.737968938012209 
   88.643765927005433   34.737968938012209 
   51.693348698869393   56.071302271345537 
   88.643765927005433   56.071302271345552 
   70.168557312937438   66.737968938012202 
   33.218140084801348    66.73796893801223 
   33.218140084801348   88.071302271345559 
   14.742931470733343   98.737968938012216 
   181.01980899734559   2.7379689380121821 
   162.54460038327753   34.737968938012209 
   125.59418315514149   56.071302271345552 
   162.54460038327753    56.07130227134553 
   144.06939176920952   66.737968938012202 
   107.11897454107347   66.737968938012216 
   70.168557312937438   88.071302271345544 
   107.11897454107344   88.071302271345544 
   88.643765927005447   98.737968938012202 
   51.693348698869393   98.737968938012216 
   14.742931470733343   120.07130227134557 
   51.693348698869372   120.07130227134554 
   33.218140084801369   130.73796893801222 
   181.01980899734559   24.071302271345512 
   199.49501761141363   34.737968938012173 
   181.01980899734556   66.737968938012202 
   144.06939176920952   88.071302271345544 
   181.01980899734556   88.071302271345544 
   162.54460038327755   98.737968938012202 
   125.59418315514149   98.737968938012216 
   88.643765927005447   120.07130227134554 
   125.59418315514148   120.07130227134554 
   107.11897454107348   130.73796893801222 
   70.168557312937409   130.73796893801222 
   33.218140084801369   152.07130227134556 
   70.168557312937409   152.07130227134556 
     51.6933486988694   162.73796893801222 
   14.742931470733364   162.73796893801222 
   199.49501761141363   56.071302271345516 
   14.742931470733364   184.07130227134553 
   217.97022622548164   66.737968938012187 
   199.49501761141357   98.737968938012173 
   162.54460038327753   120.07130227134553 
   199.49501761141357   120.07130227134553 
   181.01980899734556   130.73796893801222 
   144.06939176920952   130.73796893801222 
   107.11897454107347   152.07130227134553 
   144.06939176920952   152.07130227134553 
   125.59418315514149   162.73796893801219 
   88.643765927005433   162.73796893801222 
   51.693348698869393   184.07130227134553 
   88.643765927005433   184.07130227134553 
   70.168557312937438   194.73796893801222 
   33.218140084801391   194.73796893801222 
   217.97022622548164   88.071302271345502 
   33.218140084801391   216.07130227134556 
   236.44543483954968   98.737968938012173 
   217.97022622548164   130.73796893801222 
   181.01980899734556   152.07130227134553 
   217.97022622548164   152.07130227134553 
   199.49501761141363   162.73796893801222 
   162.54460038327755   162.73796893801222 
   125.59418315514149   184.07130227134553 
   162.54460038327753   184.07130227134553 
   144.06939176920955   194.73796893801222 
   107.11897454107347   194.73796893801222 
   70.168557312937438   216.07130227134556 
   107.11897454107347   216.07130227134556 
   88.643765927005461   226.73796893801224 
   51.693348698869421   226.73796893801219 
   236.44543483954968    120.0713022713455 
   51.693348698869421   248.07130227134556 
   254.92064345361771   130.73796893801219 
   236.44543483954968   162.73796893801222 
   199.49501761141363   184.07130227134556 
   236.44543483954968   184.07130227134553 
   217.97022622548164   194.73796893801222 
   181.01980899734559   194.73796893801222 
   144.06939176920955   216.07130227134556 
   181.01980899734556   216.07130227134556 
   162.54460038327758   226.73796893801224 
   125.59418315514152   226.73796893801224 
   88.643765927005475   248.07130227134559 
   125.59418315514149   248.07130227134559 
   254.92064345361771   152.07130227134553 
