    243.7103148501653   38.359240168060403 
   201.04364818349865    38.35924016806041 
   233.04364818349868   56.834448782128419 
    211.7103148501653   56.834448782128433 
   179.71031485016528    38.35924016806041 
   137.04364818349862    38.35924016806041 
   169.04364818349865   56.834448782128433 
    147.7103148501653   56.834448782128433 
    115.7103148501653    38.35924016806041 
   73.043648183498632    38.35924016806041 
   105.04364818349862   56.834448782128433 
    83.71031485016529   56.834448782128433 
   51.710314850165297    38.35924016806041 
   9.0436481834986502   38.359240168060424 
   41.043648183498632    56.83444878212844 
   19.710314850165325    56.83444878212844 
    243.7103148501653   75.309657396196442 
   201.04364818349865   75.309657396196457 
   233.04364818349868   93.784866010264466 
    211.7103148501653   93.784866010264466 
   179.71031485016528   75.309657396196457 
   137.04364818349862   75.309657396196457 
   169.04364818349865    93.78486601026448 
    147.7103148501653    93.78486601026448 
    115.7103148501653   75.309657396196457 
   73.043648183498647   75.309657396196457 
   105.04364818349862    93.78486601026448 
    83.71031485016529   93.784866010264494 
   51.710314850165311   75.309657396196457 
   9.0436481834986502   75.309657396196471 
   41.043648183498632   93.784866010264494 
   19.710314850165325   93.784866010264494 
    243.7103148501653    112.2600746243325 
   201.04364818349865    112.2600746243325 
   233.04364818349868   130.73528323840051 
    211.7103148501653   130.73528323840051 
   179.71031485016528    112.2600746243325 
   137.04364818349862   112.26007462433252 
   169.04364818349865   130.73528323840051 
    147.7103148501653   130.73528323840051 
    115.7103148501653   112.26007462433252 
   73.043648183498647   112.26007462433252 
   105.04364818349862   130.73528323840051 
    83.71031485016529   130.73528323840051 
   51.710314850165311   112.26007462433252 
   9.0436481834986502   112.26007462433252 
   41.043648183498632   130.73528323840051 
   19.710314850165325   130.73528323840051 
    243.7103148501653   149.21049185246852 
   201.04364818349865   149.21049185246852 
   233.04364818349868   167.68570046653656 
    211.7103148501653   167.68570046653656 
   179.71031485016528   149.21049185246852 
   137.04364818349862   149.21049185246852 
   169.04364818349865   167.68570046653656 
    147.7103148501653   167.68570046653656 
    115.7103148501653   149.21049185246852 
   73.043648183498647   149.21049185246852 
   105.04364818349862   167.68570046653656 
    83.71031485016529   167.68570046653656 
   51.710314850165311   149.21049185246852 
   9.0436481834986502   149.21049185246852 
   41.043648183498632   167.68570046653656 
   19.710314850165325   167.68570046653656 
    243.7103148501653    186.1609090806046 
   201.04364818349865    186.1609090806046 
   233.04364818349868   204.63611769467261 
    211.7103148501653   204.63611769467263 
   179.71031485016528    186.1609090806046 
   137.04364818349862    186.1609090806046 
   169.04364818349865   204.63611769467263 
    147.7103148501653   204.63611769467263 
    115.7103148501653    186.1609090806046 
   73.043648183498647    186.1609090806046 
   105.04364818349862   204.63611769467263 
    83.71031485016529   204.63611769467263 
   51.710314850165311    186.1609090806046 
   9.0436481834986502    186.1609090806046 
   41.043648183498632   204.63611769467263 
   19.710314850165325   204.63611769467263 
    243.7103148501653   223.11132630874064 
   201.04364818349865    223.1113263087407 
   233.04364818349868   19.884031553992411 
    211.7103148501653   19.884031553992411 
    179.7103148501653    223.1113263087407 
   137.04364818349862    223.1113263087407 
   169.04364818349865   19.884031553992411 
    147.7103148501653   19.884031553992411 
    115.7103148501653    223.1113263087407 
   73.043648183498647    223.1113263087407 
   105.04364818349862   19.884031553992411 
    83.71031485016529   19.884031553992411 
   51.710314850165318    223.1113263087407 
   9.0436481834986502    223.1113263087407 
   41.043648183498625   19.884031553992411 
   19.710314850165325   19.884031553992411 
