    199.1415557597839   21.701781428373781 
   157.92872050478366   32.744727352747994 
   193.62008279759684   42.308199055873907 
   173.01366517009666   47.829672018061018 
   137.32230287728353   38.266200314935105 
   96.109467622283276   49.309146239309328 
   131.80082991509641   58.872617942435234 
   111.19441228759629   64.394090904622345 
   75.503049994783154   54.830619201496432 
   34.290214739782932   65.873565125870655 
   69.981577032596036   75.437036828996568 
   49.375159405095914   80.958509791183673 
   13.683797112282786    71.39503808805776 
   219.74797338728402   16.180308466186677 
   8.1623241500956816   92.001455715557896 
   234.83291805259708   31.265253131499684 
   208.70502746290981   57.393143721186924 
   167.49219220790957    68.43608964556114 
   203.18355450072269   77.999561348687038 
   182.57713687322257   83.521034310874143 
   146.88577458040942   73.957562607748244 
   105.67293932540919   85.000508532122467 
   141.36430161822233    94.56398023524838 
   120.75788399072219   100.08545319743548 
   85.066521697909053   90.521981494309571 
   43.853686442908831   101.56492741868378 
   79.545048735721934   111.12839912180971 
    58.93863110822182   116.64987208399681 
   23.247268815408688   107.08640038087088 
   229.31144509040993   51.871670758999805 
   17.725795853221584   127.69281800837102 
   244.39638975572294   66.956615424312815 
    218.2684991660357    93.08450601400007 
   177.05566391103548   104.12745193837428 
   212.74702620384858   113.69092364150018 
   192.14060857634846   119.21239660368731 
   156.44924628353533   109.64892490056138 
   115.23641102853509   120.69187082493561 
   150.92777332134824    130.2553425280615 
   130.32135569384809   135.77681549024862 
   94.629993401034966   126.21334378712272 
   53.417158146034737   137.25628971149692 
   89.108520438847847   146.81976141462286 
   68.502102811347726   152.34123437680995 
   32.810740518534587   142.77776267368404 
   238.87491679353587   87.563033051812937 
   27.289267556347486   163.38418030118416 
   253.95986145884885   102.64797771712597 
   227.83197086916158   128.77586830681321 
   186.61913561416134   139.81881423118739 
   222.31049790697452   149.38228593431333 
   201.70408027947437   154.90375889650042 
   166.01271798666124   145.34028719337451 
   124.79988273166099   156.38323311774874 
   160.49124502447413   165.94670482087463 
     139.884827396974   171.46817778306175 
   104.19346510416085   161.90470607993583 
   62.980629849160636   172.94765200431004 
   98.671992141973746   182.51112370743598 
   78.065574514473624   188.03259666962308 
   42.374212221660493   178.46912496649716 
   248.43838849666176   123.25439534462606 
   36.852739259473381   199.07554259399731 
   237.39544257228749   164.46723059962633 
   196.18260731728728   175.51017652400057 
   231.87396961010043   185.07364822712645 
   211.26755198260031    190.5951211893136 
   175.57618968978713   181.03164948618766 
   134.36335443478688   192.07459541056187 
   170.05471672760004   201.63806711368781 
   149.44829910009989    207.1595400758749 
   113.75693680728678   197.59606837274899 
   72.544101552286548    208.6390142971232 
   108.23546384509966   218.20248600024911 
   87.629046217599523   223.72395896243623 
   51.937683924786405   214.16048725931029 
    46.41621096259928   234.76690488681044 
   246.95891427541343   200.15859289243943 
   205.74607902041316    211.2015388168137 
    184.0566110944709   6.6168367630607952 
   163.45019346697077     12.1383097252479 
   185.13966139291307   216.72301177900079 
    143.9268261379128   227.76595770337499 
   122.23735821197052    23.18125564962213 
   101.63094058447041   28.702728611809235 
   123.32040851041266   233.28743066556211 
   82.107573255412447   244.33037658993632 
   60.418105329470137   39.745674536183458 
   39.811687701970023   45.267147498370562 
   61.501155627912297   249.85184955212341 
