   49.702800909416993   181.49594782638184 
   60.086800909417001   211.31309256432232 
   6.4714409094169802   62.230946860428688 
   27.240720909416982    121.8670253292141 
   16.856080909416992   92.049880591273606 
    37.62536090941699   151.68417006715461 
   113.70280090941699   181.49594782638184 
   124.08680090941699   211.31309256432232 
   70.471440909416998   62.230946860428688 
   91.240720909416993    121.8670253292141 
   80.856080909416988   92.049880591273606 
     101.625360909417   151.68417006715461 
   177.70280090941699   181.49594782638184 
   188.08680090941698   211.31309256432232 
   134.47144090941697   62.230946860428688 
   155.24072090941698    121.8670253292141 
   144.85608090941699   92.049880591273606 
     165.625360909417   151.68417006715461 
   241.70280090941696   181.49594782638184 
   252.08680090941698   211.31309256432232 
   198.47144090941697   62.230946860428688 
   219.24072090941701    121.8670253292141 
   208.85608090941699   92.049880591273606 
   229.62536090941697   151.68417006715461 
