   54.417402755146831   111.44289593388035 
   56.730331606575106   142.93162306680085 
   48.153800352184824   48.032165603460385 
   45.840253308227744   16.543272826351028 
   50.467347396141925   79.521058380569741 
   116.23665563764719   128.00731482044165 
   118.54958448907547   159.49604195336218 
   59.043878650532193   174.42051584391018 
   109.97305323468521   64.596584490021712 
   107.65950619072811   33.107691712912349 
   112.28660027864231   96.085477267131083 
   178.05590852014757   144.57173370700301 
   180.36883737157586   176.06046083992351 
   120.86313153303259   190.98493473047151 
   171.79230611718555   81.161003376583054 
   169.47875907322847   49.672110599473676 
   174.10585316114268    112.6498961536924 
   239.87516140264793   161.13615259356433 
    242.1880902540762   192.62487972648483 
   182.68238441553297   207.54935361703286 
   233.61155899968597   97.725422263144395 
   231.29801195572884    66.23652948603501 
   235.92510604364307   129.21431504025372 
