   49.657355291272509   171.48299551993716 
   162.41694828817774   73.408596154714175 
   103.42125841660126   56.580716762774706 
   75.938281656312185   113.43589097978806 
   89.679137531949635    85.00893637578848 
   62.197425780674749   141.86284558378765 
   94.912189287211547    216.7378295158762 
    207.6717822841168   118.66343015065323 
    148.6760924125403   101.83555075871375 
   121.19311565225122   158.69072497572708 
   134.93397152788867   130.26377037172753 
   107.45225977661379   187.11767957972668 
   252.92661628005581   163.91826414659224 
   193.93092640847934   147.09038475465277 
   166.44794964819027   203.94555897166614 
   180.18880552382771   175.51860436766654 
   152.70709377255287   232.37251357566572 
   4.4025212953334663   126.22816152399814 
    117.1621142922387   28.153762158775137 
    239.1857604044184   192.34521875059181 
   30.683447660373165   68.181056983849047 
   44.424303536010591   39.754102379849442 
   16.942591784735704   96.608011587848608 
