   136.45182702774619   43.425033818591857 
   130.53606245167356   74.439438629965807 
   69.195226289655267   73.454163441339773 
   57.363911153574648   135.48516237739011 
   63.279121473388869   104.47043756601614 
   51.448700833760448   166.49988718876409 
   191.87745286995028   75.425033818591842 
   185.96168829387764   106.43943862996579 
   124.62085213185935   105.45416344133977 
   112.78953699577872   167.48516237739011 
   118.70474731559297   136.47043756601613 
   106.87432667596453   198.49988718876409 
   247.30307871215436   107.42503381859186 
   241.38731413608173   138.43943862996579 
   180.04647797406344   137.45416344133977 
    168.2151628379828   199.48516237739011 
   174.13037315779701   168.47043756601613 
   162.29995251816862   230.49988718876412 
   81.026201185542106   11.425033818591844 
   75.110436609469517   42.439438629965814 
   235.47210381626752   169.45416344133977 
   1.9382853113706038   103.48516237739015 
   229.55599900000109   200.47043756601613 
