    100.5154467488947   90.683767031174071 
   79.885041937520754   114.58514719304193 
    27.25495712614677   83.061455768964137 
   140.92456843173539   41.416573880751827 
   161.55465324310936   17.514639462625556 
   120.29448362036143   65.318508298878115 
    132.5154467488947   146.10939287337817 
   111.88504193752075   170.01077303524599 
   59.254957126146785   138.48708161116821 
   172.92456843173539   96.842199722955925 
   193.55465324310936   72.940265304829623 
   152.29448362036143   120.74413414108218 
   164.51544674889473   201.53501871558223 
   143.88504193752078   225.43639887745005 
   91.254957126146792   193.91270745337229 
   204.92456843173542   152.26782556515997 
   225.55465324310939   128.36589114703372 
   184.29448362036143   176.16975998328627 
   68.515446748894675   35.258141188969979 
   47.885041937520739   59.159521350837856 
   123.25495712614679   249.33833329557635 
   236.92456843173542   207.69345140736402 
   88.294483620361419   9.8928824566740374 
