   100.70088937577589   113.17147121948756 
   74.587316171544543   130.91888992843064 
   31.909489724940723     86.8476739474022 
   152.48439151296301   76.041667254107239 
   178.59779907300549   58.293630352635304 
   126.37098395292053   93.789704155579159 
   117.26530826233721   174.99072410198792 
   91.151735058105871   192.73814281093107 
   48.473908611502054   148.66692682990256 
   169.04881039952431    137.8609201366076 
   195.16221795956682   120.11288323513568 
   142.93540283948187   155.60895703807952 
   133.82972714889854   236.80997698448832 
   107.71615394466718   254.55739569343143 
   65.038327498063381    210.4861797124029 
   185.61322928608567   199.68017301910797 
   211.72663684612812   181.93213611763605 
   159.49982172604319   217.42820992057992 
   84.136470489214545   51.352218336987185 
   58.022897284983209   69.099637045930294 
   135.91997262640169   14.222414371606895 
    109.8065650663592    31.97045127307879 
