   119.21629903728439   66.933301884107536 
   89.399154299343891   77.317301884107536 
   59.582009561403403   23.701941884107541 
   178.84522153445212   44.471221884107528 
   208.66236627239263   34.086581884107531 
   149.02807679651161   54.855861884107533 
   119.21629903728439   130.93330188410755 
   89.399154299343891   141.31730188410756 
   59.582009561403417   87.701941884107541 
   178.84522153445212   108.47122188410754 
   208.66236627239263   98.086581884107531 
   149.02807679651161   118.85586188410753 
   119.21629903728439   194.93330188410755 
   89.399154299343891   205.31730188410754 
   59.582009561403417   151.70194188410753 
   178.84522153445212   172.47122188410754 
   208.66236627239263   162.08658188410755 
   149.02807679651161   182.85586188410755 
   119.21629903728439   2.9333018841075273 
   89.399154299343891    13.31730188410755 
   59.582009561403417   215.70194188410753 
   178.84522153445212   236.47122188410756 
   208.66236627239263   226.08658188410755 
   149.02807679651161   246.85586188410753 
