   47.064585629330615   20.067946526212523 
   72.664585629330617   45.667946526212525 
   72.664585629330617   20.067946526212523 
   47.064585629330615   45.667946526212525 
   47.064585629330615   71.267946526212512 
   72.664585629330617   96.867946526212521 
   72.664585629330617   71.267946526212512 
   47.064585629330615   96.867946526212521 
   47.064585629330615   122.46794652621251 
   72.664585629330617   148.06794652621252 
   72.664585629330617   122.46794652621251 
   47.064585629330615   148.06794652621252 
   47.064585629330615   173.66794652621252 
   72.664585629330617   199.26794652621248 
   72.664585629330617   173.66794652621252 
   47.064585629330615   199.26794652621248 
   47.064585629330615   224.86794652621253 
   72.664585629330617   250.46794652621253 
   72.664585629330617   224.86794652621253 
   47.064585629330615   250.46794652621253 
   98.264585629330611   20.067946526212523 
   123.86458562933062   45.667946526212525 
   123.86458562933062   20.067946526212523 
   98.264585629330611   45.667946526212525 
   98.264585629330611   71.267946526212512 
   123.86458562933062   96.867946526212521 
   123.86458562933062   71.267946526212512 
   98.264585629330611   96.867946526212521 
   98.264585629330611   122.46794652621251 
   123.86458562933062   148.06794652621252 
   123.86458562933062   122.46794652621251 
   98.264585629330611   148.06794652621252 
   98.264585629330611   173.66794652621252 
   123.86458562933062   199.26794652621248 
   123.86458562933062   173.66794652621252 
   98.264585629330611   199.26794652621248 
   98.264585629330611   224.86794652621253 
   123.86458562933062   250.46794652621253 
   123.86458562933062   224.86794652621253 
   98.264585629330611   250.46794652621253 
    149.4645856293306   20.067946526212523 
   175.06458562933062   45.667946526212525 
   175.06458562933062   20.067946526212523 
    149.4645856293306   45.667946526212525 
    149.4645856293306   71.267946526212512 
   175.06458562933062   96.867946526212521 
   175.06458562933062   71.267946526212512 
    149.4645856293306   96.867946526212521 
    149.4645856293306   122.46794652621251 
   175.06458562933062   148.06794652621252 
   175.06458562933062   122.46794652621251 
    149.4645856293306   148.06794652621252 
    149.4645856293306   173.66794652621252 
   175.06458562933062   199.26794652621248 
   175.06458562933062   173.66794652621252 
    149.4645856293306   199.26794652621248 
    149.4645856293306   224.86794652621253 
   175.06458562933062   250.46794652621253 
   175.06458562933062   224.86794652621253 
    149.4645856293306   250.46794652621253 
   200.66458562933059   20.067946526212523 
   226.26458562933058   45.667946526212525 
   226.26458562933058   20.067946526212523 
   200.66458562933059   45.667946526212525 
   200.66458562933059   71.267946526212512 
   226.26458562933058   96.867946526212521 
   226.26458562933058   71.267946526212512 
   200.66458562933059   96.867946526212521 
   200.66458562933059   122.46794652621251 
   226.26458562933058   148.06794652621252 
   226.26458562933058   122.46794652621251 
   200.66458562933059   148.06794652621252 
   200.66458562933059   173.66794652621252 
   226.26458562933058   199.26794652621248 
   226.26458562933058   173.66794652621252 
   200.66458562933059   199.26794652621248 
   200.66458562933059   224.86794652621253 
   226.26458562933058   250.46794652621253 
   226.26458562933058   224.86794652621253 
   200.66458562933059   250.46794652621253 
   251.86458562933061   20.067946526212523 
   21.464585629330607   45.667946526212525 
   21.464585629330607   20.067946526212523 
   251.86458562933061   45.667946526212525 
   251.86458562933061   71.267946526212512 
   21.464585629330607   96.867946526212521 
   21.464585629330607   71.267946526212512 
   251.86458562933061   96.867946526212521 
   251.86458562933061   122.46794652621251 
   21.464585629330607   148.06794652621252 
   21.464585629330607   122.46794652621251 
   251.86458562933061   148.06794652621252 
   251.86458562933061   173.66794652621252 
   21.464585629330607   199.26794652621248 
   21.464585629330607   173.66794652621252 
   251.86458562933061   199.26794652621248 
   251.86458562933061   224.86794652621253 
   21.464585629330607   250.46794652621253 
   21.464585629330607   224.86794652621253 
   251.86458562933061   250.46794652621253 
