   74.586645751175595   13.746280891964052 
   92.688579349551233   45.099749599588712 
   99.314346904175764   20.372048446588572 
   67.960878196551064   38.473982044964181 
   61.335110641926534   63.201683197964336 
   79.437044240302185   94.555151905589014 
   86.062811794926702   69.827450752588874 
   54.709343087302003   87.929384350964469 
   48.083575532677472   112.65708550396462 
   66.185509131053109   144.01055421158932 
    72.81127668567764   119.28285305858917 
   41.457807978052941   137.38478665696479 
    34.83204042342841   162.11248780996493 
   52.933974021804055   193.46595651758955 
   59.559741576428578   168.73825536458943 
   28.206272868803893   186.84018896296504 
   21.580505314179362   211.56789011596518 
   46.308206467179524   218.19365767058974 
   124.04204805717589   26.997816001213113 
   142.14398165555153   58.351284708837774 
   148.76974921017603   33.623583555837641 
   117.41628050255137   51.725517154213243 
   110.79051294792683    76.45321830721339 
   128.89244654630247   107.80668701483808 
     135.518214100927   83.078985861837936 
    104.1647453933023   101.18091946021354 
   97.538977838677766    125.9086206132137 
   115.64091143705338   157.26208932083838 
   122.26667899167792   132.53438816783822 
   90.913210284053235   150.63632176621385 
   84.287442729428705   175.36402291921399 
   102.38937632780434   206.71749162683864 
   109.01514388242886   181.98979047383853 
   77.661675174804188   200.09172407221411 
   71.035907620179657   224.81942522521427 
   155.39551676480059   8.8958824028374544 
   95.763608773179811   231.44519277983881 
   130.66781561180042    2.270114848212935 
   173.49745036317617   40.249351110462172 
   191.59938396155181   71.602819818086829 
   198.22515151617634   46.875118665086703 
   166.87168280855167   64.977052263462298 
   160.24591525392714   89.704753416462452 
   178.34784885230275   121.05822212408714 
   184.97361640692728   96.330520971086997 
   153.62014769930261   114.43245456946259 
   146.99438014467805   139.16015572246275 
   165.09631374305368   170.51362443008745 
   171.72208129767822   145.78592327708728 
   140.36861259005354   163.88785687546292 
   133.74284503542899   188.61555802846306 
   151.84477863380465   219.96902673608767 
   158.47054618842918   195.24132558308756 
   127.11707748080447   213.34325918146317 
   120.49130992617995   238.07096033446331 
    204.8509190708009   22.147417512086516 
   145.21901107918012   244.69672788908784 
   180.12321791780073   15.521649957461996 
   222.95285266917648   53.500886219711234 
   241.05478626755212   84.854354927335891 
   247.68055382217665   60.126653774335765 
   216.32708511455198    78.22858737271136 
   209.70131755992739   102.95628852571151 
   227.80325115830303    134.3097572333362 
   234.42901871292759   109.58205608033606 
   203.07555000530289   127.68398967871165 
   196.44978245067836   152.41169083171184 
   214.55171604905399   183.76515953933651 
   221.17748360367852   159.03745838633634 
   189.82401489605382   177.13939198471198 
   183.19824734142927   201.86709313771212 
   201.30018093980493   233.22056184533676 
   207.92594849442946   208.49286069233665 
   176.57247978680476    226.5947942907122 
   169.94671223218023   251.32249544371234 
   254.30632137680115   35.398952621335589 
   229.57862022380101   28.773185066711044 
   43.233177043550931    31.84821449033965 
   49.858944598175462   7.1205133373395322 
   29.981641934301869   81.303616796339952 
     36.6074094889264   56.575915643339819 
    252.5309523113032   140.93552478796073 
   245.90518475667866    165.6632259409609 
   16.730106825052808   130.75901910234026 
   23.355874379677353   106.03131794934011 
   239.27941720205411   190.39092709396104 
   232.65364964742957   215.11862824696118 
   3.4785717158037492   180.21442140834051 
   10.104339270428291    155.4867202553404 
   226.02788209280507   239.84632939996129 
