    82.24631862303454   6.4279111436663898 
   91.616568959916179   41.398161480548026 
   104.41656895991618   19.227911143666393 
   69.446318623034529   28.598161480548018 
   56.646318623034539   50.768411817429637 
   66.016568959916185   85.738662154311271 
   78.816568959916182   63.568411817429642 
   43.846318623034534   72.938662154311274 
   31.046318623034544   95.108912491192882 
   40.416568959916184   130.07916282807454 
   53.216568959916188   107.90891249119289 
    18.24631862303454   117.27916282807453 
    5.446318623034557   139.44941316495616 
   14.816568959916195   174.41966350183779 
   27.616568959916187   152.24941316495614 
   2.0165689599161896   196.58991383871944 
    126.5868192967978   32.027911143666373 
   135.95706963367942   66.998161480548006 
   148.75706963367944   44.827911143666384 
   113.78681929679779   54.198161480548016 
   100.98681929679782   76.368411817429632 
   110.35706963367943   111.33866215431128 
   123.15706963367943   89.168411817429643 
   88.186819296797808   98.538662154311282 
    75.38681929679781   120.70891249119289 
   84.757069633679436   155.67916282807454 
   97.557069633679447   133.50891249119289 
   62.586819296797813   142.87916282807453 
   49.786819296797816   165.04941316495615 
   59.157069633679441   200.01966350183778 
   71.957069633679453   177.84941316495616 
   36.986819296797812   187.21966350183777 
   24.186819296797808   209.38991383871945 
   161.55706963367942   22.657660806784762 
   46.357069633679451   222.18991383871943 
   139.38681929679777   9.8576608067847573 
   170.92731997056106   57.627911143666374 
    180.2975703074427   92.598161480548015 
   193.09757030744268   70.427911143666364 
   158.12731997056105   79.798161480548004 
   145.32731997056106   101.96841181742963 
   154.69757030744267   136.93866215431126 
   167.49757030744269   114.76841181742962 
   132.52731997056108   124.13866215431126 
   119.72731997056107   146.30891249119287 
   129.09757030744271   181.27916282807453 
   141.89757030744269   159.10891249119288 
   106.92731997056106   168.47916282807452 
   94.127319970561075   190.64941316495614 
    103.4975703074427   225.61966350183778 
   116.29757030744273   203.44941316495616 
   81.327319970561078   212.81966350183779 
   68.527319970561066   234.98991383871945 
   205.89757030744269   48.257660806784749 
   90.697570307442703    247.7899138387194 
   183.72731997056107   35.457660806784752 
    215.2678206443243   83.227911143666375 
   224.63807098120594   118.19816148054799 
   237.43807098120593   96.027911143666358 
   202.46782064432432     105.398161480548 
   189.66782064432434   127.56841181742963 
   199.03807098120595   162.53866215431125 
   211.83807098120596    140.3684118174296 
   176.86782064432433   149.73866215431124 
   164.06782064432431   171.90891249119289 
   173.43807098120593   206.87916282807453 
   186.23807098120594   184.70891249119288 
   151.26782064432433   194.07916282807452 
   138.46782064432435   216.24941316495614 
   147.83807098120596    251.2196635018378 
   160.63807098120594   229.04941316495612 
   125.66782064432434   238.41966350183776 
   250.23807098120591   73.857660806784736 
   228.06782064432431   61.057660806784739 
   47.276068286152928   15.798161480548027 
   246.80832131808756   130.99816148054799 
   234.00832131808761   153.16841181742961 
    21.67606828615293   60.138662154311284 
   34.476068286152938   37.968411817429647 
   221.20832131808757   175.33866215431127 
   208.40832131808762   197.50891249119289 
   8.8760682861529485   82.308912491192899 
    195.6083213180876   219.67916282807451 
   182.80832131808759   241.84941316495613 
