    119.1585728674721   28.655437585141037 
   137.26050646584773   10.553503986765426 
   101.05663926909649   10.553503986765426 
   82.954705670720884   28.655437585141037 
   82.954705670720884   64.859304781892263 
   101.05663926909649   46.757371183516646 
   64.852772072345275   46.757371183516646 
   46.750838473969651   64.859304781892263 
   46.750838473969644   101.06317197864351 
    64.85277207234526   82.961238380267886 
   28.648904875594027   82.961238380267901 
   10.546971277218429   101.06317197864351 
   10.546971277218429   137.26703917539473 
   28.648904875594042   119.16510557701912 
   155.36244006422334   28.655437585141037 
   155.36244006422334   64.859304781892263 
   173.46437366259897   46.757371183516646 
   137.26050646584773   46.757371183516646 
    119.1585728674721   64.859304781892263 
   119.15857286747213   101.06317197864348 
   137.26050646584773   82.961238380267872 
   101.05663926909651   82.961238380267872 
   82.954705670720884    101.0631719786435 
   82.954705670720884   137.26703917539473 
   101.05663926909651   119.16510557701912 
    64.85277207234526   119.16510557701912 
   46.750838473969651   137.26703917539473 
   46.750838473969665   173.47090637214595 
   64.852772072345275   155.36897277377034 
   28.648904875594052   155.36897277377034 
   10.546971277218429   173.47090637214595 
   191.56630726097458   28.655437585141026 
   28.648904875594042   191.57283997052158 
   173.46437366259897   10.553503986765403 
   191.56630726097458   64.859304781892263 
   191.56630726097458   101.06317197864351 
   209.66824085935019   82.961238380267886 
   173.46437366259897   82.961238380267872 
   155.36244006422334    101.0631719786435 
   155.36244006422336   137.26703917539473 
   173.46437366259897   119.16510557701912 
   137.26050646584773   119.16510557701909 
   119.15857286747213   137.26703917539473 
   119.15857286747213   173.47090637214598 
   137.26050646584773   155.36897277377034 
   101.05663926909651   155.36897277377037 
   82.954705670720898   173.47090637214595 
   82.954705670720912   209.67477356889719 
   101.05663926909651   191.57283997052158 
   64.852772072345289   191.57283997052156 
   46.750838473969665   209.67477356889719 
   227.77017445772583   64.859304781892263 
   64.852772072345289    227.7767071672728 
   209.66824085935019   46.757371183516639 
   227.77017445772583   101.06317197864348 
   227.77017445772583    137.2670391753947 
   245.87210805610141   119.16510557701909 
   209.66824085935019   119.16510557701909 
   191.56630726097458   137.26703917539473 
   191.56630726097458   173.47090637214595 
   209.66824085935019   155.36897277377031 
   173.46437366259897   155.36897277377031 
   155.36244006422334   173.47090637214595 
   155.36244006422334   209.67477356889719 
   173.46437366259897   191.57283997052156 
   137.26050646584773   191.57283997052158 
   119.15857286747213   209.67477356889719 
   119.15857286747213   245.87864076564841 
   137.26050646584773   227.77670716727278 
   101.05663926909652   227.77670716727278 
   82.954705670720898   245.87864076564841 
   245.87210805610147   82.961238380267872 
   245.87210805610141   155.36897277377031 
   227.77017445772583   173.47090637214595 
   227.77017445772583   209.67477356889719 
   245.87210805610147   191.57283997052156 
   209.66824085935019   191.57283997052156 
   191.56630726097458   209.67477356889719 
   191.56630726097458   245.87864076564841 
   209.66824085935019   227.77670716727278 
   173.46437366259897   227.77670716727278 
   155.36244006422334   245.87864076564841 
