   167.32685404916469   8.7223879856659998 
   122.98635337540144   34.322387985666005 
   145.15660371228304   21.522387985666004 
   110.18635337540145   12.152137648784366 
   88.016103038519816   24.952137648784383 
   78.645852701638177    59.92238798566602 
   100.81610303851981   47.122387985666016 
   65.845852701638165   37.752137648784391 
    43.67560236475655   50.552137648784381 
   34.305352027874939   85.522387985666001 
   56.475602364756554   72.722387985666018 
   21.505352027874935   63.352137648784385 
   12.135101690993297   98.322387985666026 
   202.29710438604633   18.092638322547614 
   192.92685404916472   53.062888659429262 
   215.09710438604631   40.262888659429251 
   180.12685404916471   30.892638322547619 
   157.95660371228306   43.692638322547623 
   148.58635337540144   78.662888659429257 
   170.75660371228307    65.86288865942926 
   135.78635337540143   56.492638322547627 
    113.6161030385198   69.292638322547631 
   104.24585270163819   104.26288865942928 
   126.41610303851982   91.462888659429268 
   91.445852701638174   82.092638322547643 
   69.275602364756566    94.89263832254764 
   59.905352027874947   129.86288865942927 
   82.075602364756563   117.06288865942926 
   47.105352027874943   107.69263832254762 
   24.935101690993303   120.49263832254762 
   15.564851354111688   155.46288865942927 
   37.735101690993318   142.66288865942926 
   2.7648513541116606   133.29263832254765 
   227.89710438604632   62.433138996310873 
   218.52685404916471   97.403389333192507 
   240.69710438604633    84.60338933319251 
    205.7268540491647   75.233138996310871 
   183.55660371228308   88.033138996310882 
   174.18635337540147    123.0033893331925 
   196.35660371228306   110.20338933319252 
   161.38635337540146   100.83313899631088 
    139.2161030385198   113.63313899631089 
   129.84585270163819   148.60338933319252 
   152.01610303851982   135.80338933319251 
   117.04585270163817    126.4331389963109 
    94.87560236475656   139.23313899631088 
   85.505352027874963   174.20338933319252 
   107.67560236475657   161.40338933319251 
   72.705352027874937    152.0331389963109 
   50.535101690993308   164.83313899631088 
   41.164851354111676   199.80338933319254 
   63.335101690993319   187.00338933319253 
   28.364851354111671   177.63313899631089 
   253.49710438604629   106.77363967007413 
   244.12685404916473   141.74389000695575 
   231.32685404916472   119.57363967007414 
   209.15660371228304   132.37363967007414 
   199.78635337540143   167.34389000695575 
   221.95660371228306   154.54389000695576 
   186.98635337540145   145.17363967007412 
   164.81610303851983   157.97363967007416 
   155.44585270163819   192.94389000695577 
   177.61610303851981   180.14389000695576 
   142.64585270163818   170.77363967007415 
   120.47560236475655   183.57363967007413 
   111.10535202787494   218.54389000695573 
   133.27560236475657   205.74389000695575 
   98.305352027874946   196.37363967007414 
   76.135101690993309   209.17363967007415 
    66.76485135411167   244.14389000695576 
   88.935101690993307   231.34389000695577 
    53.96485135411168   221.97363967007414 
   256.92685404916472   163.91414034383737 
   234.75660371228307   176.71414034383739 
   225.38635337540146   211.68439068071905 
   247.55660371228308   198.88439068071901 
   212.58635337540144    189.5141403438374 
   190.41610303851982   202.31414034383738 
   181.04585270163818   237.28439068071907 
   203.21610303851983     224.484390680719 
    168.2458527016382   215.11414034383739 
   146.07560236475658    227.9141403438374 
   158.87560236475656   250.08439068071903 
   123.90535202787495   240.71414034383736 
   101.73510169099332    253.5141403438374 
