   213.65516884056254   23.923235336190594 
    195.5532352421869   55.276704043815279 
   220.28093639518704   48.650936489190748 
   188.92746768756234   30.549002890815125 
   164.19976653456223   37.174770445439655 
   146.09783293618659   68.528239153064334 
   170.82553408918673    61.90247159843981 
   139.47206538156206   43.800538000064186 
   114.74436422856192   50.426305554688717 
   96.642430630186297   81.779774262313396 
   121.37013178318645   75.154006707688865 
   90.016663075561766   57.052073109313248 
   65.288961922561626   63.677840663937779 
   47.187028324186031   95.031309371562443 
   71.914729477186157   88.405541816937927 
   40.561260769561486   70.303608218562303 
   15.833559616561322   76.929375773186834 
   22.459327171185841   101.65707692618699 
   226.90670394981157   73.378637642190881 
   208.80477035143596   104.73210634981557 
   233.53247150443607   98.106338795191036 
    202.1790027968114   80.004405196815412 
   177.45130164381126   86.630172751439943 
   159.34936804543568   117.98364145906464 
   184.07706919843579    111.3578739044401 
   152.72360049081112   93.255940306064474 
   127.99589933781098   99.881707860689005 
   109.89396573943536    131.2351765683137 
   134.62166689243551   124.60940901368916 
   103.26819818481083   106.50747541531355 
   78.540497031810688   113.13324296993807 
   60.438563433435093   144.48671167756274 
   85.166264586435219   137.86094412293821 
   53.812795878810547   119.75901052456258 
   29.085094725810372   126.38477807918713 
   10.983161127434748   157.73824678681183 
   35.710862280434903   151.11247923218727 
   4.3573935728102056   133.01054563381166 
   240.15823905906061   122.83403994819116 
   222.05630546068502   154.18750865581586 
   246.78400661368516   147.56174110119133 
   215.43053790606047   129.45980750281569 
   190.70283675306035   136.08557505744022 
   172.60090315468472   167.43904376506492 
   197.32860430768486   160.81327621044039 
   165.97513560006018   142.71134261206475 
   141.24743444706004   149.33711016668929 
   123.14550084868442   180.69057887431399 
   147.87320200168458   174.06481131968945 
   116.51973329405989   155.96287772131382 
    91.79203214105975   162.58864527593835 
   73.690098542684154   193.94211398356305 
    98.41779969568428   187.31634642893852 
   67.064330988059609   169.21441283056288 
   42.336629835059433   175.84018038518741 
    24.23469623668381   207.19364909281214 
   48.962397389683964   200.56788153818758 
   17.608928682059265   182.46594793981194 
    253.4097741683097   172.28944225419147 
   235.30784056993411   203.64291096181614 
   228.68207301530953     178.915209808816 
   203.95437186230939   185.54097736344053 
   185.85243826393381   216.89444607106518 
   210.58013941693395   210.26867851644067 
   179.22667070930925   192.16674491806506 
   154.49896955630911   198.79251247268959 
   136.39703595793347   230.14598118031427 
   161.12473711093364   223.52021362568973 
   129.77126840330894   205.41828002731413 
   105.04356725030881   212.04404758193863 
   86.941633651933202    243.3975162895633 
   111.66933480493333    236.7717487349388 
   80.315866097308685   218.66981513656316 
   55.588164944308495   225.29558269118772 
   37.486231345932872   256.64905139881239 
   62.213932498933026   250.02328384418783 
   30.860463791308337   231.92135024581225 
   182.30170013293781   5.8213017378149594 
   241.93360812455862   228.37061211481631 
   217.20590697155848   234.99637966944081 
   132.84629782693753   19.072836847064021 
   157.57399897993767   12.447069292439478 
   192.47820581855831   241.62214722406537 
   167.75050466555817    248.2479147786899 
   83.390895520937235    32.32437195631308 
   108.11859667393739   25.698604401688552 
     143.022803512558   254.87368233331443 
   33.935493214936955   45.575907065562127 
   58.663194367937102   38.950139510937611 
   9.2077920619367806   52.201674620186672 
