    21.39859901484505   37.763425929399155 
   39.500532613220678   63.363425929399142 
    21.39859901484505   88.963425929399151 
   39.500532613220678   114.56342592939913 
    21.39859901484505   140.16342592939915 
   39.500532613220678   165.76342592939915 
    21.39859901484505   191.36342592939914 
   39.500532613220678   216.96342592939914 
    21.39859901484505   242.56342592939913 
   39.500532613220678   12.163425929399144 
   57.602466211596287   37.763425929399155 
   75.704399809971918   63.363425929399142 
   57.602466211596287   88.963425929399151 
   75.704399809971918   114.56342592939913 
   57.602466211596287   140.16342592939915 
   75.704399809971918   165.76342592939915 
   57.602466211596287   191.36342592939914 
   75.704399809971918   216.96342592939914 
   57.602466211596287   242.56342592939913 
   75.704399809971918   12.163425929399144 
   93.806333408347527   37.763425929399155 
   111.90826700672314   63.363425929399142 
   93.806333408347527   88.963425929399151 
   111.90826700672314   114.56342592939913 
   93.806333408347527   140.16342592939915 
   111.90826700672314   165.76342592939915 
   93.806333408347527   191.36342592939914 
   111.90826700672314   216.96342592939914 
   93.806333408347527   242.56342592939913 
   111.90826700672314   12.163425929399144 
   130.01020060509876   37.763425929399155 
   148.11213420347437   63.363425929399142 
   130.01020060509876   88.963425929399151 
   148.11213420347437   114.56342592939913 
   130.01020060509876   140.16342592939915 
   148.11213420347437   165.76342592939915 
   130.01020060509876   191.36342592939914 
   148.11213420347437   216.96342592939914 
   130.01020060509876   242.56342592939913 
   148.11213420347437   12.163425929399144 
   166.21406780184998   37.763425929399155 
   184.31600140022559   63.363425929399142 
   166.21406780184998   88.963425929399151 
   184.31600140022559   114.56342592939913 
   166.21406780184998   140.16342592939915 
   184.31600140022559   165.76342592939915 
   166.21406780184998   191.36342592939914 
   184.31600140022559   216.96342592939914 
   166.21406780184998   242.56342592939913 
   184.31600140022559   12.163425929399144 
    202.4179349986012   37.763425929399155 
   220.51986859697681   63.363425929399142 
    202.4179349986012   88.963425929399151 
   220.51986859697681   114.56342592939913 
    202.4179349986012   140.16342592939915 
   220.51986859697681   165.76342592939915 
    202.4179349986012   191.36342592939914 
   220.51986859697681   216.96342592939914 
    202.4179349986012   242.56342592939913 
   220.51986859697681   12.163425929399144 
   238.62180219535244   37.763425929399155 
   3.2966654164694624   63.363425929399142 
   238.62180219535244   88.963425929399151 
   3.2966654164694624   114.56342592939913 
   238.62180219535244   140.16342592939915 
   3.2966654164694624   165.76342592939915 
   238.62180219535244   191.36342592939914 
   3.2966654164694624   216.96342592939914 
   238.62180219535244   242.56342592939913 
   3.2966654164694624   12.163425929399144 
