   243.19413236531426   28.618588751706596 
   217.59413236531429   54.218588751706605 
   243.19413236531426   54.218588751706598 
   217.59413236531424   28.618588751706611 
   191.99413236531427   28.618588751706611 
   166.39413236531428   54.218588751706605 
   191.99413236531427   54.218588751706605 
   166.39413236531428   28.618588751706611 
   140.79413236531425   28.618588751706611 
   115.19413236531426   54.218588751706605 
   140.79413236531425   54.218588751706605 
   115.19413236531426   28.618588751706611 
   89.594132365314266   28.618588751706611 
   63.994132365314286   54.218588751706605 
   89.594132365314266   54.218588751706605 
   63.994132365314272   28.618588751706611 
   38.394132365314263   28.618588751706611 
   12.794132365314267   54.218588751706619 
   38.394132365314277   54.218588751706605 
   12.794132365314267   28.618588751706621 
   243.19413236531426   79.818588751706599 
   217.59413236531429   105.41858875170661 
   243.19413236531426   105.41858875170661 
   217.59413236531429   79.818588751706599 
   191.99413236531427   79.818588751706599 
   166.39413236531428   105.41858875170661 
   191.99413236531427   105.41858875170661 
   166.39413236531428   79.818588751706599 
   140.79413236531425   79.818588751706599 
   115.19413236531426   105.41858875170661 
   140.79413236531425   105.41858875170661 
   115.19413236531426   79.818588751706599 
   89.594132365314266   79.818588751706599 
   63.994132365314286   105.41858875170661 
   89.594132365314266   105.41858875170661 
   63.994132365314286   79.818588751706613 
   38.394132365314277   79.818588751706613 
   12.794132365314267   105.41858875170661 
   38.394132365314277   105.41858875170661 
   12.794132365314267   79.818588751706613 
   243.19413236531426    131.0185887517066 
   217.59413236531429    156.6185887517066 
   243.19413236531426    156.6185887517066 
   217.59413236531429    131.0185887517066 
   191.99413236531427    131.0185887517066 
   166.39413236531428    156.6185887517066 
   191.99413236531427    156.6185887517066 
   166.39413236531428    131.0185887517066 
   140.79413236531425    131.0185887517066 
   115.19413236531426    156.6185887517066 
   140.79413236531425    156.6185887517066 
   115.19413236531426    131.0185887517066 
   89.594132365314266    131.0185887517066 
   63.994132365314286    156.6185887517066 
   89.594132365314266    156.6185887517066 
   63.994132365314286    131.0185887517066 
   38.394132365314277    131.0185887517066 
   12.794132365314267    156.6185887517066 
   38.394132365314277    156.6185887517066 
   12.794132365314267    131.0185887517066 
   243.19413236531426   182.21858875170662 
   217.59413236531429   207.81858875170656 
   243.19413236531426   207.81858875170656 
   217.59413236531429   182.21858875170662 
   191.99413236531427   182.21858875170662 
   166.39413236531428   207.81858875170656 
   191.99413236531427   207.81858875170656 
   166.39413236531428   182.21858875170662 
   140.79413236531425   182.21858875170662 
   115.19413236531426   207.81858875170656 
   140.79413236531425   207.81858875170656 
   115.19413236531426   182.21858875170662 
   89.594132365314266   182.21858875170662 
   63.994132365314286   207.81858875170656 
   89.594132365314266   207.81858875170656 
   63.994132365314286   182.21858875170662 
   38.394132365314277   182.21858875170662 
   12.794132365314267   207.81858875170656 
   38.394132365314277   207.81858875170656 
   12.794132365314267   182.21858875170662 
   243.19413236531426   233.41858875170658 
   217.59413236531424   3.0185887517065879 
   243.19413236531426   3.0185887517065879 
   217.59413236531429   233.41858875170658 
   191.99413236531427   233.41858875170658 
   166.39413236531428   3.0185887517065879 
   191.99413236531427   3.0185887517065879 
   166.39413236531428   233.41858875170658 
   140.79413236531425   233.41858875170658 
   115.19413236531426   3.0185887517065879 
   140.79413236531425   3.0185887517065879 
   115.19413236531426   233.41858875170658 
   89.594132365314266   233.41858875170658 
   63.994132365314272   3.0185887517065879 
   89.594132365314266   3.0185887517065879 
     63.9941323653143   233.41858875170658 
   38.394132365314285   233.41858875170658 
   12.794132365314267   3.0185887517065879 
   38.394132365314263   3.0185887517065879 
   12.794132365314267   233.41858875170658 
