   55.410942589249558   30.221749368933679 
   31.300049866184217      50.264325353493 
   42.159407480000496   79.677151674933981 
   18.048514756935166   99.719727659493316 
   28.907872370751438   129.13255398093429 
    4.796979647686106    149.1751299654936 
   15.656337261502376   178.58795628693457 
   79.521835312314906   10.179173384374353 
   90.381192926131206   39.591999705815304 
   66.270300203065858   59.634575690374639 
   77.129657816882144   89.047402011815606 
   53.018765093816789   109.08997799637494 
   63.878122707633068    138.5028043178159 
   39.767229984567727   158.54538030237524 
   50.626587598384013   187.95820662381618 
   26.515694875318669   208.00078260837554 
   114.49208564919654   19.549423721255966 
   125.35144326301283    48.96225004269693 
   101.24055053994748   69.004826027256271 
   112.09990815376375   98.417652348697231 
   87.989015430698416   118.46022833325657 
   98.848373044514688   147.87305465469754 
   74.737480321449354   167.91563063925688 
    85.59683793526564   197.32845696069782 
   61.485945212200292   217.37103294525716 
   149.46233598607816   28.919674058137605 
   160.32169359989445   58.332500379578555 
    136.2108008768291   78.375076364137897 
   147.07015849064535   107.78790268557886 
   122.95926576758004   127.83047867013819 
   133.81862338139629   157.24330499157915 
   109.70773065833097   177.28588097613849 
   120.56708827214725   206.69870729757943 
   96.456195549081912   226.74128328213877 
   173.57322870914348   8.8770980735782565 
   184.43258632295979   38.289924395019227 
   195.29194393677608   67.702750716460173 
   171.18105121371073   87.745326701019522 
   182.04040882752699   117.15815302246048 
   157.92951610446167   137.20072900701982 
   168.78887371827793   166.61355532846079 
   144.67798099521261   186.65613131302013 
   155.53733860902886   216.06895763446107 
   131.42644588596355   236.11153361902043 
   208.54347904602511   18.247348410459896 
   219.40283665984137   47.660174731900852 
   230.26219427365768   77.073001053341812 
   206.15130155059234   97.115577037901147 
   217.01065916440865   126.52840335934211 
   192.89976644134325   146.57097934390146 
   203.75912405515959   175.98380566534243 
   179.64823133209421   196.02638164990174 
   190.50758894591053   225.43920797134271 
   166.39669622284515   245.48178395590205 
   243.51372938290675   27.617598747341521 
   254.37308699672306   57.030425068782492 
   241.12155188747403   106.48582737478277 
   251.98090950129034   135.89865369622373 
   227.87001677822494    155.9412296807831 
   238.72937439204125   185.35405600222407 
    214.6184816689759    205.3966319867834 
   225.47783928279216   234.80945830822432 
   201.36694655972681   254.85203429278366 
