     81.0469928974738   12.704854581596347 
   83.923727251286152   43.926071717665785 
   55.446992897473812    57.04535525535961 
   58.323727251286144   88.266572391429037 
   29.846992897473815   101.38585592912287 
   32.723727251286157   132.60707306519228 
   4.2469928974738158   145.72635660288614 
   7.1237272512861471   176.94757373895555 
   140.87719595891082   17.687504642278135 
    112.4004616050985    30.80678817997196 
   115.27719595891082   62.028005316041394 
   86.800461605098491   75.147288853735219 
   89.677195958910815   106.36850598980466 
   61.200461605098496   119.48778952749848 
   64.077195958910835   150.70900666356789 
   35.600461605098502   163.82829020126175 
   38.477195958910833   195.04950733733116 
   169.35393031272315   4.5682211045843122 
   172.23066466653552   35.789438240653745 
   143.75393031272316   48.908721778347569 
   146.63066466653549   80.129938914417011 
   118.15393031272316   93.249222452110828 
   121.03066466653549   124.47043958818027 
   92.553930312723168   137.58972312587409 
    95.43066466653552    168.8109402619435 
   66.953930312723173   181.93022379963736 
   69.830664666535512    213.1514409357068 
   200.70739902034782   22.670154702959923 
   203.58413337416019   53.891371839029368 
   175.10739902034783   67.010655376723179 
   177.98413337416019    98.23187251279262 
   149.50739902034783   111.35115605048644 
   152.38413337416017   142.57237318655589 
   123.90739902034784    155.6916567242497 
   126.78413337416021   186.91287386031914 
   98.307399020347844   200.03215739801294 
    101.1841333741602   231.25337453408241 
   232.06086772797246   40.772088301335536 
   234.93760208178486   71.993305437404985 
    206.4608677279725   85.112588975098802 
   209.33760208178487   116.33380611116823 
    180.8608677279725   129.45308964886206 
   183.73760208178487    160.6743067849315 
   155.26086772797251   173.79359032262531 
   158.13760208178488   205.01480745869472 
   129.66086772797254   218.13409099638858 
   132.53760208178488   249.35530813245802 
    237.8143364355972   103.21452257347441 
   240.69107078940951   134.43573970954384 
   212.21433643559718   147.55502324723767 
   215.09107078940954   178.77624038330714 
   186.61433643559718   191.89552392100092 
   189.49107078940955   223.11674105707036 
   161.01433643559722   236.23602459476416 
   52.570258543661488   25.824138119290193 
    243.5678051432219   165.65695684561328 
   26.970258543661494    70.16463879305347 
   217.96780514322188   209.99745751937655 
   1.3702585436615069   114.50513946681669 
   192.36780514322191    254.3379581931398 
