   144.28039386885797    4.896772770873973 
   113.37846027048235   10.198706369249582 
   108.07652667210674   41.100639967625206 
   77.174593073731117   46.402573566000818 
   71.872659475355505   77.304507164376446 
   40.970725876979898   82.606440762752058 
   35.668792278604286   113.50837436112766 
   4.7668586802286725   118.81030795950328 
   169.88039386885796    30.49677277087396 
   138.97846027048234   35.798706369249594 
   133.67652667210675   66.700639967625193 
   102.77459307373113   72.002573566000819 
   97.472659475355499   102.90450716437643 
   66.570725876979907   108.20644076275207 
   61.268792278604295   139.10837436112766 
    30.36685868022867   144.41030795950329 
   25.064925081853051   175.31224155787891 
   200.78232746723356   25.194839172498352 
   195.48039386885796   56.096772770873955 
   164.57846027048234   61.398706369249574 
   159.27652667210674   92.300639967625187 
   128.37459307373112   97.602573566000814 
   123.07265947535551   128.50450716437643 
   92.170725876979887   133.80644076275206 
   86.868792278604289   164.70837436112765 
   55.966858680228668   170.01030795950328 
   50.664925081853049    200.9122415578789 
   226.38232746723358   50.794839172498335 
   221.08039386885795   81.696772770873963 
   190.17846027048236   86.998706369249561 
   184.87652667210673    117.9006399676252 
   153.97459307373111   123.20257356600081 
   148.67265947535552   154.10450716437646 
    117.7707258769799   159.40644076275203 
    112.4687922786043   190.30837436112765 
   81.566858680228663   195.61030795950325 
   76.264925081853065   226.51224155787889 
   251.98232746723355   76.394839172498337 
   246.68039386885795   107.29677277087396 
   215.77846027048236   112.59870636924957 
   210.47652667210673   143.50063996762518 
   179.57459307373111    148.8025735660008 
   174.27265947535551   179.70450716437642 
   143.37072587697989   185.00644076275205 
   138.06879227860429   215.90837436112764 
   107.16685868022866   221.21030795950327 
   101.86492508185306   252.11224155787892 
   241.37846027048232   138.19870636924955 
   236.07652667210672   169.10063996762517 
    205.1745930737311   174.40257356600077 
    199.8726594753555   205.30450716437642 
   168.97072587697988   210.60644076275202 
   163.66879227860429   241.50837436112764 
   132.76685868022864   246.81030795950323 
   82.476526672106758   15.500639967625235 
   230.77459307373115   200.00257356600082 
   46.272659475355525   51.704507164376473 
   194.57072587697994   236.20644076275207 
   10.068792278604326   87.908374361127684 
