   142.03512616161655   24.977963718772529 
   110.81390902554715   22.101229364960197 
   97.694625487853315   50.577963718772537 
   66.473408351783874   47.701229364960206 
   53.354124814090042   76.177963718772546 
   22.132907678020644   73.301229364960207 
   9.0136241403268205   101.77796371877254 
   173.25634329768602   27.854698072584881 
   160.13705975999218   56.331432426397214 
   128.91584262392274   53.454698072584883 
   115.79655908622892   81.931432426397222 
   84.575341950159498   79.054698072584884 
   71.456058412465666   107.53143242639725 
   40.234841276396267   104.65469807258489 
   27.115557738702432   133.13143242639723 
   204.47756043375543   30.731432426397216 
   191.35827689606162   59.208166780209545 
   178.23899335836779   87.684901134021885 
   147.01777622229835   84.808166780209547 
   133.89849268460458   113.28490113402188 
   102.67727554853511   110.40816678020957 
   89.557992010841275    138.8849011340219 
   58.336774874771876   136.00816678020956 
   45.217491337078059    164.4849011340219 
   13.996274201008609   161.60816678020956 
   222.57949403213107   62.084901134021891 
   209.46021049443723   90.561635487834224 
   196.34092695674343   119.03836984164657 
   165.11970982067399   116.16163548783422 
   152.00042628298019   144.63836984164658 
   120.77920914691072   141.76163548783421 
   107.65992560921691    170.2383698416466 
   76.438708473147486   167.36163548783421 
   63.319424935453682    195.8383698416466 
    32.09820779938422   192.96163548783423 
    240.6814276305067   93.438369841646576 
   227.56214409281284   121.91510419545889 
   214.44286055511904   150.39183854927126 
    183.2216434190496   147.51510419545889 
    170.1023598813558   175.99183854927125 
   138.88114274528635   173.11510419545888 
   125.76185920759252   201.59183854927127 
   94.540642071523109   198.71510419545888 
   81.421358533829292   227.19183854927127 
   50.200141397759843   224.31510419545893 
   245.66407769118848   153.26857290308354 
   232.54479415349468   181.74530725689593 
   201.32357701742524   178.86857290308356 
    188.2042934797314   207.34530725689592 
   156.98307634366196   204.46857290308358 
   143.86379280596813   232.94530725689594 
   112.64257566989873   230.06857290308355 
    68.30207499613546    255.6685729030836 
   219.42551061580085   210.22204161070826 
    79.59269188947772   19.224495011147887 
    175.0850099420376   235.82204161070825 
   35.252191215714447    44.82449501114791 
