   177.91093371676246    9.930021408878714 
   157.86835773220315   34.040914131944042 
   128.45553141076215   23.181556518127774 
   108.41295542620284   47.292449241193104 
   79.000129104761882   36.433091627376825 
   58.957553120202533    60.54398435044218 
   29.544726798761587   49.684626736625887 
    9.502150814202297   73.795519459691235 
   207.32376003820346   20.789379022694984 
    187.2811840536441   44.900271745760328 
   167.23860806908476   69.011164468825683 
   137.82578174764382    58.15180685500939 
   117.78320576308448   82.262699578074745 
   88.370379441643507   71.403341964258445 
   68.327803457084158   95.514234687323807 
   38.914977135643213   84.654877073507521 
    18.87240115108391   108.76576979657285 
    216.6940103750851   55.759629359576621 
   196.65143439052574   79.870522082641955 
    176.6088584059664   103.98141480570729 
   147.19603208452543   93.122057191891017 
   127.15345609996609   117.23294991495635 
   97.740629778525133   106.37359230114008 
   77.698053793965784   130.48448502420541 
   48.285227472524838   119.62512741038914 
   28.242651487965535   143.73602013345447 
   226.06426071196671   90.729879696458212 
   206.02168472740735   114.84077241952359 
   185.97910874284801   138.95166514258895 
   156.56628242140707   128.09230752877266 
   136.52370643684773   152.20320025183801 
   107.11088011540677    141.3438426380217 
   87.068304130847423   165.45473536108705 
   57.655477809406477   154.59537774727076 
   37.612901824847171   178.70627047033611 
   8.2000755034062003   167.84691285651982 
   235.43451104884832   125.70013003333987 
   215.39193506428896   149.81102275640521 
   195.34935907972965   173.92191547947056 
   165.93653275828871    163.0625578656543 
   145.89395677372937   187.17345058871959 
   116.48113045228838   176.31409297490333 
   96.438554467729048   200.42498569796868 
   67.025728146288102   189.56562808415242 
   46.983152161728796   213.67652080721771 
   17.570325840287836   202.81716319340146 
   244.80476138572999   160.67038037022147 
   224.76218540117063   184.78127309328684 
   204.71960941661129   208.89216581635219 
   175.30678309517032    198.0328082025359 
   155.26420711061098   222.14370092560122 
   125.85138078917002   211.28434331178497 
   105.80880480461067   235.39523603485031 
   76.395978483169728   224.53587842103403 
   56.353402498610421   248.64677114409935 
   26.940576177169451   237.78741353028306 
    254.1750117226116    195.6406307071031 
   234.13243573805224    219.7515234301685 
   184.67703343205196   233.00305853941754 
   99.042705089321231   12.322198904311529 
   135.22163112605165   246.25459364866657 
   49.587302783320908   25.573734013560589 
