   244.05825891492339   32.581736329077501 
   218.45825891492345   50.683669927453124 
    192.8582589149234   32.581736329077515 
    167.2582589149234   50.683669927453124 
   141.65825891492341   32.581736329077515 
    116.0582589149234   50.683669927453124 
   90.458258914923434   32.581736329077515 
   64.858258914923425   50.683669927453124 
   39.258258914923402   32.581736329077515 
   13.658258914923406   50.683669927453138 
   244.05825891492339   68.785603525828719 
   218.45825891492345   86.887537124204343 
   192.85825891492343   68.785603525828733 
    167.2582589149234   86.887537124204357 
   141.65825891492341   68.785603525828733 
    116.0582589149234   86.887537124204357 
   90.458258914923434   68.785603525828733 
   64.858258914923425   86.887537124204371 
   39.258258914923417   68.785603525828733 
   13.658258914923406   86.887537124204371 
   244.05825891492339   104.98947072257997 
   218.45825891492345   123.09140432095558 
   192.85825891492343   104.98947072257997 
    167.2582589149234   123.09140432095558 
   141.65825891492341   104.98947072257997 
    116.0582589149234   123.09140432095558 
   90.458258914923434   104.98947072257997 
   64.858258914923425   123.09140432095558 
   39.258258914923417   104.98947072257998 
   13.658258914923406   123.09140432095558 
   244.05825891492339   141.19333791933121 
   218.45825891492345   159.29527151770682 
   192.85825891492343   141.19333791933121 
    167.2582589149234   159.29527151770682 
   141.65825891492341   141.19333791933121 
    116.0582589149234   159.29527151770682 
   90.458258914923434   141.19333791933121 
   64.858258914923425   159.29527151770682 
   39.258258914923417   141.19333791933121 
   13.658258914923406   159.29527151770682 
   244.05825891492339   177.39720511608243 
   218.45825891492345   195.49913871445804 
   192.85825891492343   177.39720511608243 
    167.2582589149234   195.49913871445804 
   141.65825891492341   177.39720511608243 
    116.0582589149234   195.49913871445804 
   90.458258914923434   177.39720511608243 
   64.858258914923425   195.49913871445804 
   39.258258914923417   177.39720511608243 
   13.658258914923406   195.49913871445807 
   244.05825891492339   213.60107231283365 
   218.45825891492345   231.70300591120929 
   192.85825891492343   213.60107231283365 
    167.2582589149234   231.70300591120929 
   141.65825891492341   213.60107231283365 
    116.0582589149234   231.70300591120929 
   90.458258914923434   213.60107231283365 
   64.858258914923439   231.70300591120929 
   39.258258914923417   213.60107231283365 
   13.658258914923406   231.70300591120929 
   244.05825891492339   249.80493950958493 
   218.45825891492339   14.479802730701948 
   192.85825891492343   249.80493950958493 
    167.2582589149234   14.479802730701948 
   141.65825891492341   249.80493950958493 
    116.0582589149234   14.479802730701948 
   90.458258914923434   249.80493950958493 
   64.858258914923411   14.479802730701948 
   39.258258914923431   249.80493950958493 
   13.658258914923406   14.479802730701948 
