    1.508020714885018   22.059145588339202 
   27.108020714885019   22.059145588339202 
   27.108020714885019     47.6591455883392 
    1.508020714885018     47.6591455883392 
    1.508020714885018   73.259145588339194 
   27.108020714885019   73.259145588339194 
   27.108020714885019   98.859145588339203 
    1.508020714885018   98.859145588339203 
    1.508020714885018    124.4591455883392 
   27.108020714885019    124.4591455883392 
   27.108020714885019   150.05914558833919 
    1.508020714885018   150.05914558833919 
    1.508020714885018   175.65914558833921 
   27.108020714885019   175.65914558833921 
   27.108020714885019   201.25914558833921 
    1.508020714885018   201.25914558833921 
    1.508020714885018    226.8591455883392 
   27.108020714885019    226.8591455883392 
   27.108020714885019    252.4591455883392 
    1.508020714885018    252.4591455883392 
   52.708020714885016   22.059145588339202 
   78.308020714885018   22.059145588339202 
   78.308020714885018     47.6591455883392 
   52.708020714885016     47.6591455883392 
   52.708020714885016   73.259145588339194 
   78.308020714885018   73.259145588339194 
   78.308020714885018   98.859145588339203 
   52.708020714885016   98.859145588339203 
   52.708020714885016    124.4591455883392 
   78.308020714885018    124.4591455883392 
   78.308020714885018   150.05914558833919 
   52.708020714885016   150.05914558833919 
   52.708020714885016   175.65914558833921 
   78.308020714885018   175.65914558833921 
   78.308020714885018   201.25914558833921 
   52.708020714885016   201.25914558833921 
   52.708020714885016    226.8591455883392 
   78.308020714885018    226.8591455883392 
   78.308020714885018    252.4591455883392 
   52.708020714885016    252.4591455883392 
   103.90802071488501   22.059145588339202 
   129.50802071488502   22.059145588339202 
   129.50802071488502     47.6591455883392 
   103.90802071488501     47.6591455883392 
   103.90802071488501   73.259145588339194 
   129.50802071488502   73.259145588339194 
   129.50802071488502   98.859145588339203 
   103.90802071488501   98.859145588339203 
   103.90802071488501    124.4591455883392 
   129.50802071488502    124.4591455883392 
   129.50802071488502   150.05914558833919 
   103.90802071488501   150.05914558833919 
   103.90802071488501   175.65914558833921 
   129.50802071488502   175.65914558833921 
   129.50802071488502   201.25914558833921 
   103.90802071488501   201.25914558833921 
   103.90802071488501    226.8591455883392 
   129.50802071488502    226.8591455883392 
   129.50802071488502    252.4591455883392 
   103.90802071488501    252.4591455883392 
   155.10802071488501   22.059145588339202 
   180.70802071488501   22.059145588339202 
   180.70802071488501     47.6591455883392 
   155.10802071488501     47.6591455883392 
   155.10802071488501   73.259145588339194 
   180.70802071488501   73.259145588339194 
   180.70802071488501   98.859145588339203 
   155.10802071488501   98.859145588339203 
   155.10802071488501    124.4591455883392 
   180.70802071488501    124.4591455883392 
   180.70802071488501   150.05914558833919 
   155.10802071488501   150.05914558833919 
   155.10802071488501   175.65914558833921 
   180.70802071488501   175.65914558833921 
   180.70802071488501   201.25914558833921 
   155.10802071488501   201.25914558833921 
   155.10802071488501    226.8591455883392 
   180.70802071488501    226.8591455883392 
   180.70802071488501    252.4591455883392 
   155.10802071488501    252.4591455883392 
     206.308020714885   22.059145588339202 
     231.908020714885   22.059145588339202 
     231.908020714885     47.6591455883392 
     206.308020714885     47.6591455883392 
     206.308020714885   73.259145588339194 
     231.908020714885   73.259145588339194 
     231.908020714885   98.859145588339203 
     206.308020714885   98.859145588339203 
     206.308020714885    124.4591455883392 
     231.908020714885    124.4591455883392 
     231.908020714885   150.05914558833919 
     206.308020714885   150.05914558833919 
     206.308020714885   175.65914558833921 
     231.908020714885   175.65914558833921 
     231.908020714885   201.25914558833921 
     206.308020714885   201.25914558833921 
     206.308020714885    226.8591455883392 
     231.908020714885    226.8591455883392 
     231.908020714885    252.4591455883392 
     206.308020714885    252.4591455883392 
