   46.600153986388307   26.449428005749596 
   71.327855139388461   33.075195560374134 
   64.702087584763945   57.802896713374281 
   39.974386431763776    51.17712915874975 
   33.348618877139252    75.90483031174989 
   58.076320030139406   82.530597866374436 
   51.450552475514876   107.25829901937458 
    26.72285132251471   100.63253146475006 
   20.097083767890183    125.3602326177502 
   44.824784920890338   131.98600017237473 
   38.199017366265807   156.71370132537487 
   13.471316213265654   150.08793377075034 
   6.8455486586411247   174.81563492375048 
   31.573249811641283   181.44140247837504 
   24.947482257016741   206.16910363137515 
   18.321714702392214   230.89680478437532 
   77.953622694013006   8.3474944073739774 
   53.225921541012845   1.7217268527494491 
   96.055556292388616   39.700963114998665 
   120.78325744538876   46.326730669623188 
   114.15748989076423   71.054431822623343 
   89.429788737764085   64.428664267998812 
   82.804021183139554   89.156365420998966 
   107.53172233613969   95.782132975623497 
   100.90595478151516   120.50983412862364 
   76.178253628515023   113.88406657399911 
   69.552486073890478   138.61176772699926 
   94.280187226890646   145.23753528162379 
   87.654419672266116   169.96523643462393 
   62.926718519265954    163.3394688799994 
    56.30095096464143   188.06717003299957 
   81.028652117641585    194.6929375876241 
   74.402884563017039   219.42063874062421 
   49.675183410016899   212.79487118599968 
   43.049415855392368   237.52257233899985 
   67.777117008392509   244.14833989362438 
    127.4090250000133   21.599029516623055 
   102.68132384701313   14.973261961998507 
   145.51095859838892   52.952498224247734 
   170.23865975138906   59.578265778872257 
   163.61289219676451   84.305966931872405 
   138.88519104376437   77.680199377247874 
   132.25942348913983   102.40790053024803 
      156.98712464214   109.03366808487255 
   150.36135708751547   133.76136923787269 
   125.63365593451532   127.13560168324817 
   119.00788837989079   151.86330283624832 
   143.73558953289094   158.48907039087285 
   137.10982197826641   183.21677154387299 
   112.38212082526626   176.59100398924846 
   105.75635327064172   201.31870514224863 
   130.48405442364188   207.94447269687316 
   123.85828686901735   232.67217384987333 
   99.130585716017194    226.0464062952488 
   92.504818161392677   250.77410744824891 
    176.8644273060136   34.850564625872117 
   152.13672615301346   28.224797071247586 
   194.96636090438921   66.204033333496795 
   219.69406205738937   72.829800888121312 
   213.06829450276484   97.557502041121467 
   188.34059334976467   90.931734486496936 
   181.71482579514014   115.65943563949708 
   206.44252694814031   122.28520319412161 
   199.81675939351578   147.01290434712178 
   175.08905824051564   140.38713679249722 
   168.46329068589111   165.11483794549738 
   193.19099183889122   171.74060550012192 
   186.56522428426669   196.46830665312206 
   161.83752313126658   189.84253909849753 
   155.21175557664202   214.57024025149769 
   179.93945672964216   221.19600780612222 
   173.31368917501763   245.92370895912239 
   148.58598802201749   239.29794140449786 
    226.3198296120139   48.102099735121172 
   201.59212845901374   41.476332180496641 
   244.42176321038951   79.455568442745843 
   237.79599565576498     104.183269595746 
   231.17022810114045   128.91097074874614 
   255.89792925414056    135.5367383033707 
   249.27216169951603   160.26443945637084 
   224.54446054651592   153.63867190174628 
   217.91869299189139   178.36637305474645 
    242.6463941448915   184.99214060937098 
     236.020626590267   209.71984176237109 
   211.29292543726686   203.09407420774659 
   204.66715788264233   227.82177536074673 
   229.39485903564247   234.44754291537126 
    198.0413903280178    252.5494765137469 
   251.04753076501405   54.727867289745703 
