    112.3023106757325   7.4338256376777503 
   77.332060338850866   16.804075974559396 
   99.502310675732474   29.604075974559375 
   86.702310675732491   51.774326311441015 
   64.532060338850869   38.974326311441018 
   51.732060338850857   61.144576648322662 
    73.90231067573248   73.944576648322652 
   61.102310675732483   96.114826985204289 
    38.93206033885086   83.314826985204292 
    26.13206033885087   105.48507732208591 
   48.302310675732485   118.28507732208591 
   35.502310675732481   140.45532765896755 
   13.332060338850871   127.65532765896755 
   22.702310675732495   162.62557799584917 
   9.9023106757324939   184.79582833273079 
   169.44281134949574   10.863575300796127 
   156.64281134949573   33.033825637677751 
   134.47256101261411    20.23382563767775 
   121.67256101261411   42.404075974559383 
   143.84281134949578   55.204075974559387 
   131.04281134949576    77.37432631144101 
   108.87256101261411   64.574326311441013 
   96.072561012614116   86.744576648322649 
   118.24281134949574   99.544576648322646 
   105.44281134949574   121.71482698520428 
   83.272561012614119   108.91482698520429 
   70.472561012614122   131.08507732208591 
   92.642811349495759   143.88507732208592 
   79.842811349495747   166.05532765896754 
   57.672561012614118   153.25532765896756 
   44.872561012614121   175.42557799584918 
    67.04281134949575   188.22557799584919 
   54.242811349495753   210.39582833273082 
   32.072561012614131   197.59582833273083 
   191.61306168637739   23.663575300796126 
   213.78331202325901    36.46357530079613 
   200.98331202325897   58.633825637677738 
   178.81306168637735   45.833825637677748 
    166.0130616863774    68.00407597455937 
   188.18331202325902   80.804075974559368 
   175.38331202325901   102.97432631144102 
   153.21306168637739   90.174326311441007 
   140.41306168637738   112.34457664832264 
     162.583312023259   125.14457664832264 
   149.78331202325901   147.31482698520429 
   127.61306168637739   134.51482698520428 
   114.81306168637738    156.6850773220859 
     136.983312023259   169.48507732208591 
   124.18331202325901   191.65532765896756 
   102.01306168637738   178.85532765896752 
   89.213061686377387   201.02557799584915 
   111.38331202325901   213.82557799584919 
   98.583312023259026   235.99582833273081 
   76.413061686377389   223.19582833273083 
   235.95356236014064   49.263575300796113 
   245.32381269702225   84.233825637677725 
   223.15356236014065   71.433825637677742 
   210.35356236014064   93.604075974559379 
   232.52381269702227   106.40407597455935 
   219.72381269702228   128.57432631144098 
   197.55356236014066     115.774326311441 
   184.75356236014062   137.94457664832265 
   206.92381269702224   150.74457664832264 
   194.12381269702226   172.91482698520426 
   171.95356236014067   160.11482698520427 
   159.15356236014063    182.2850773220859 
   181.32381269702225   195.08507732208588 
   168.52381269702227    217.2553276589675 
   146.35356236014064   204.45532765896755 
   133.55356236014066   226.62557799584917 
   155.72381269702225   239.42557799584918 
   120.75356236014065   248.79582833273079 
   254.69406303390389   119.20407597455934 
   55.161810001969201   4.0040759745593739 
   42.361810001969204   26.174326311441018 
    241.8940630339039     141.374326311441 
   229.09406303390389   163.54457664832262 
   29.561810001969203   48.344576648322651 
   16.761810001969202    70.51482698520428 
   216.29406303390385   185.71482698520424 
   203.49406303390387   207.88507732208586 
   3.9618100019692042   92.685077322085917 
   190.69406303390389   230.05532765896749 
   177.89406303390388   252.22557799584916 
