   119.60349826850687    17.09997918962911 
   83.399631071755636    17.09997918962911 
   101.50156467013127   35.201912788004719 
   83.399631071755636   53.303846386380343 
   65.297697473380026   35.201912788004726 
    47.19576387500441   53.303846386380343 
   65.297697473380026   71.405779984755966 
    47.19576387500441   89.507713583131576 
   29.093830276628779   71.405779984755966 
   10.991896678253184   89.507713583131576 
     29.0938302766288    107.6096471815072 
   10.991896678253184   125.71158077988281 
    155.8073654652581    17.09997918962911 
   173.90929906363371   35.201912788004719 
    155.8073654652581   53.303846386380336 
   137.70543186688249   35.201912788004719 
   119.60349826850688   53.303846386380336 
   137.70543186688249   71.405779984755952 
   119.60349826850687   89.507713583131576 
   101.50156467013124   71.405779984755966 
   83.399631071755636   89.507713583131576 
   101.50156467013124    107.6096471815072 
   83.399631071755636   125.71158077988281 
   65.297697473380026    107.6096471815072 
    47.19576387500441   125.71158077988281 
   65.297697473380026   143.81351437825842 
    47.19576387500441   161.91544797663406 
     29.0938302766288   143.81351437825842 
   10.991896678253184   161.91544797663406 
     29.0938302766288   180.01738157500967 
   192.01123266200932    17.09997918962911 
   192.01123266200932   53.303846386380336 
   210.11316626038496   71.405779984755952 
   192.01123266200932   89.507713583131562 
   173.90929906363374   71.405779984755938 
    155.8073654652581   89.507713583131562 
   173.90929906363374   107.60964718150717 
    155.8073654652581   125.71158077988281 
   137.70543186688249    107.6096471815072 
   119.60349826850687   125.71158077988281 
   137.70543186688249   143.81351437825842 
   119.60349826850687   161.91544797663403 
   101.50156467013127   143.81351437825842 
   83.399631071755636   161.91544797663406 
   101.50156467013127   180.01738157500967 
    83.39963107175565   198.11931517338525 
   65.297697473380026   180.01738157500967 
    47.19576387500441    198.1193151733853 
   65.297697473380026   216.22124877176088 
   228.21509985876057   53.303846386380336 
   210.11316626038496   35.201912788004719 
   228.21509985876057   89.507713583131562 
   246.31703345713615   107.60964718150717 
   228.21509985876057   125.71158077988279 
   210.11316626038496   107.60964718150717 
   192.01123266200932   125.71158077988279 
   210.11316626038496   143.81351437825842 
   192.01123266200932   161.91544797663403 
   173.90929906363371   143.81351437825842 
    155.8073654652581   161.91544797663403 
   173.90929906363374   180.01738157500967 
    155.8073654652581   198.11931517338525 
   137.70543186688249   180.01738157500967 
   119.60349826850688   198.11931517338525 
   137.70543186688249   216.22124877176088 
   119.60349826850688   234.32318237013649 
   101.50156467013127   216.22124877176088 
    83.39963107175565   234.32318237013649 
   101.50156467013127   252.42511596851213 
   246.31703345713615   71.405779984755938 
   246.31703345713615   143.81351437825842 
   228.21509985876062   161.91544797663403 
    246.3170334571362   180.01738157500961 
   228.21509985876057   198.11931517338525 
   210.11316626038496   180.01738157500964 
   192.01123266200932   198.11931517338525 
   210.11316626038496   216.22124877176086 
   192.01123266200932   234.32318237013649 
   173.90929906363374   216.22124877176086 
    155.8073654652581   234.32318237013649 
   173.90929906363374   252.42511596851213 
   137.70543186688249   252.42511596851213 
