   172.73287286596297   16.603411575436951 
   150.56262252908135   29.403411575436948 
   137.76262252908134   7.2331612385553266 
   115.59237219219973   20.033161238555326 
   128.39237219219973   42.203411575436952 
   106.22212185531809   55.003411575436949 
   93.422121855318082   32.833161238555327 
   71.251871518436459   45.633161238555324 
   84.051871518436457   67.803411575436954 
   61.881621181554841   80.603411575436951 
   49.081621181554837   58.433161238555329 
   26.911370844673218    71.23316123855534 
   39.711370844673205   93.403411575436948 
   17.541120507791572   106.20341157543695 
    4.741120507791571   84.033161238555337 
    194.9031232028446   3.8034115754369275 
   185.53287286596299   38.773661912318573 
     198.332872865963   60.943912249200196 
   176.16262252908135   73.743912249200193 
   163.36262252908136    51.57366191231857 
   141.19237219219974   64.373661912318568 
   153.99237219219972    86.54391224920019 
    131.8221218553181   99.343912249200201 
    119.0221218553181   77.173661912318579 
   96.851871518436468   89.973661912318576 
   109.65187151843647    112.1439122492002 
   87.481621181554843   124.94391224920022 
   74.681621181554846    102.7736619123186 
   52.511370844673216   115.57366191231857 
    65.31137084467322   137.74391224920021 
   43.141120507791591   150.54391224920022 
   30.341120507791594    128.3736619123186 
   8.1708701709099483   141.17366191231861 
   20.970870170909969   163.34391224920023 
   220.50312320284462   48.143912249200199 
   207.70312320284461   25.973661912318573 
   211.13287286596298   83.114162586081818 
   223.93287286596299   105.28441292296344 
   201.76262252908137   118.08441292296347 
   188.96262252908136   95.914162586081815 
   166.79237219219974   108.71416258608183 
   179.59237219219972   130.88441292296346 
    157.4221218553181   143.68441292296347 
   144.62212185531811   121.51416258608184 
   122.45187151843649   134.31416258608184 
   135.25187151843647   156.48441292296346 
   113.08162118155484   169.28441292296347 
   100.28162118155487   147.11416258608185 
   78.111370844673218   159.91416258608183 
   90.911370844673215   182.08441292296345 
   68.741120507791592   194.88441292296346 
   55.941120507791595   172.71416258608184 
   33.770870170909959   185.51416258608185 
    46.57087017090997   207.68441292296347 
   246.10312320284461   92.484412922963443 
    233.3031232028446   70.314162586081821 
   236.73287286596303   127.45466325984509 
   249.53287286596299   149.62491359672674 
   227.36262252908136   162.42491359672673 
   214.56262252908135   140.25466325984507 
   192.39237219219973   153.05466325984509 
   205.19237219219974   175.22491359672674 
   183.02212185531812   188.02491359672672 
   170.22212185531811    165.8546632598451 
   148.05187151843649   178.65466325984508 
    160.8518715184365   200.82491359672673 
   138.68162118155487   213.62491359672671 
   125.88162118155486   191.45466325984509 
   103.71137084467324    204.2546632598451 
   116.51137084467324   226.42491359672673 
   94.341120507791615   239.22491359672676 
   81.541120507791589   217.05466325984509 
   59.370870170909967    229.8546632598451 
   72.170870170909978   252.02491359672678 
   240.16262252908135   184.59516393360835 
   217.99237219219972   197.39516393360836 
   80.622121855318113   10.662910901673703 
   195.82212185531813   210.19516393360837 
   173.65187151843648   222.99516393360835 
   58.451871518436477   23.462910901673702 
   36.281621181554854   36.262910901673706 
   151.48162118155486   235.79516393360836 
   129.31137084467323   248.59516393360835 
   14.111370844673216    49.06291090167371 
