   203.71620820692516   24.389236570183524 
   210.34197576154969   49.116937723183689 
   185.61427460854952    55.74270527780822 
   178.98850705392499   31.015004124808062 
   154.26080590092485   37.640771679432603 
   160.88657345554938   62.368472832432758 
   136.15887230254924   68.994240387057289 
   129.53310474792471   44.266539234057127 
   104.80540359492457   50.892306788681658 
    111.4311711495491    75.62000794168182 
   86.703469996548947   82.245775496306351 
   80.077702441924416   57.518074343306189 
   55.350001288924261   64.143841897930713 
   61.975768843548792   88.871543050930867 
   37.248067690548645   95.497310605555413 
   30.622300135924107   70.769609452555244 
   5.8945989829239611   77.395377007179789 
    12.52036653754849   102.12307816017994 
   235.06967691454983   42.491170168559158 
   228.44390935992533   17.763469015558993 
   216.96774331617419   73.844638876183836 
   223.59351087079872   98.572340029183977 
   198.86580971779861   105.19810758380851 
   192.24004216317405   80.470406430808367 
   167.51234101017391   87.096173985432898 
   174.13810856479844   111.82387513843304 
    149.4104074117983   118.44964269305757 
   142.78463985717377   93.721941540057415 
   118.05693870417362   100.34770909468197 
   124.68270625879815    125.0754102476821 
   99.955005105798008   131.70117780230666 
   93.329237551173478   106.97347664930651 
   68.601536398173323   113.59924420393104 
   75.227303952797854   138.32694535693116 
   50.499602799797707   144.95271291155569 
   43.873835245173176   120.22501175855555 
   19.146134092173018   126.85077931318008 
    25.77190164679757   151.57848046618022 
   248.32121202379889   91.946572474559446 
   241.69544446917436   67.218871321559305 
   230.21927842542331   123.30004118218413 
   236.84504598004784   148.02774233518429 
   212.11734482704767   154.65350988980882 
   205.49157727242314   129.92580873680865 
   180.76387611942297   136.55157629143321 
   187.38964367404751   161.27927744443335 
   162.66194252104737   167.90504499905788 
   156.03617496642283   143.17734384605774 
   131.30847381342269   149.80311140068227 
    137.9342413680472   174.53081255368241 
   113.20654021504707   181.15658010830694 
   106.58077266042254    156.4288789553068 
   81.853071507422385   163.05464650993133 
   88.478839062046916   187.78234766293147 
   63.751137909046776     194.408115217556 
   57.125370354422245   169.68041406455586 
    32.39766920142209   176.30618161918036 
   39.023436756046614   201.03388277218053 
   254.94697957842342    116.6742736275596 
   243.47081353467237    172.7554434881844 
    250.0965810892969   197.48314464118459 
   225.36887993629674   204.10891219580913 
    218.7431123816722   179.38121104280893 
   194.01541122867204   186.00697859743349 
   200.64117878329657   210.73467975043366 
   175.91347763029643   217.36044730505819 
    169.2877100756719   192.63274615205799 
   144.56000892267173   199.25851370668252 
   151.18577647729629   223.98621485968272 
   126.45807532429615   230.61198241430725 
   119.83230776967159   205.88428126130705 
   95.104606616671447   212.51004881593155 
   101.73037417129598   237.23774996893178 
   77.002673018295837   243.86351752355631 
   70.376905463671307   219.13581637055609 
   45.649204310671145   225.76158392518067 
   52.274971865295683   250.48928507818084 
   256.72234864392141   222.21084579418468 
   172.36273949930046   6.2873029718079492 
   231.99464749092127   228.83661334880927 
    207.2669463379211    235.4623809034338 
   147.63503834630032   12.913070526432477 
   122.90733719330018   19.538838081057008 
   182.53924518492096   242.08814845805833 
   157.81154403192079   248.71391601268286 
   98.179636040300039   26.164605635681536 
   73.451934887299885   32.790373190306063 
   133.08384287892065   255.33968356730736 
   48.724233734299744   39.416140744930594 
   23.996532581299601   46.041908299555118 
