   217.27592726377202   8.9987355037878825 
   217.27592726377202   34.598735503787886 
   191.67592726377202   34.598735503787886 
   191.67592726377202   8.9987355037878825 
   166.07592726377203   8.9987355037878825 
   166.07592726377203   34.598735503787886 
   140.47592726377201   34.598735503787886 
   140.47592726377201   8.9987355037878825 
   114.87592726377201   8.9987355037878825 
   114.87592726377201   34.598735503787886 
   89.275927263772019   34.598735503787886 
   89.275927263772019   8.9987355037878825 
   63.675927263772003   8.9987355037878825 
   63.675927263772003   34.598735503787886 
   38.075927263772009   34.598735503787893 
   38.075927263772009   8.9987355037878825 
   12.475927263772016   8.9987355037878825 
   12.475927263772016   34.598735503787893 
   242.87592726377201   34.598735503787871 
   242.87592726377201   8.9987355037878825 
   217.27592726377202    60.19873550378788 
   217.27592726377202   85.798735503787881 
   191.67592726377202   85.798735503787881 
   191.67592726377202    60.19873550378788 
   166.07592726377203    60.19873550378788 
   166.07592726377203   85.798735503787881 
   140.47592726377201   85.798735503787881 
   140.47592726377201    60.19873550378788 
   114.87592726377201    60.19873550378788 
   114.87592726377201   85.798735503787881 
   89.275927263772019   85.798735503787881 
   89.275927263772019    60.19873550378788 
   63.675927263772017    60.19873550378788 
   63.675927263772017   85.798735503787881 
   38.075927263772016   85.798735503787881 
   38.075927263772016   60.198735503787894 
   12.475927263772016   60.198735503787894 
   12.475927263772016   85.798735503787881 
   242.87592726377201   85.798735503787881 
   242.87592726377201   60.198735503787873 
   217.27592726377202   111.39873550378788 
   217.27592726377202   136.99873550378788 
   191.67592726377202   136.99873550378788 
   191.67592726377202   111.39873550378788 
   166.07592726377203   111.39873550378788 
   166.07592726377203   136.99873550378788 
   140.47592726377201   136.99873550378788 
   140.47592726377201   111.39873550378788 
   114.87592726377201   111.39873550378788 
   114.87592726377201   136.99873550378788 
   89.275927263772019   136.99873550378788 
   89.275927263772019   111.39873550378788 
   63.675927263772017   111.39873550378788 
   63.675927263772017   136.99873550378788 
   38.075927263772016   136.99873550378788 
   38.075927263772016   111.39873550378788 
   12.475927263772016   111.39873550378788 
   12.475927263772016   136.99873550378788 
   242.87592726377201   136.99873550378788 
   242.87592726377201   111.39873550378788 
   217.27592726377202   162.59873550378788 
   217.27592726377202   188.19873550378787 
   191.67592726377202   188.19873550378787 
   191.67592726377202   162.59873550378788 
   166.07592726377203   162.59873550378788 
   166.07592726377203   188.19873550378787 
   140.47592726377201   188.19873550378787 
   140.47592726377201   162.59873550378788 
   114.87592726377201   162.59873550378788 
   114.87592726377201   188.19873550378787 
   89.275927263772019   188.19873550378787 
   89.275927263772019   162.59873550378788 
   63.675927263772017   162.59873550378788 
   63.675927263772017   188.19873550378787 
   38.075927263772016    188.1987355037879 
   38.075927263772016   162.59873550378788 
   12.475927263772016   162.59873550378788 
   12.475927263772016    188.1987355037879 
   242.87592726377201   188.19873550378787 
   242.87592726377201   162.59873550378788 
   217.27592726377202    213.7987355037879 
   217.27592726377202   239.39873550378792 
   191.67592726377202   239.39873550378792 
   191.67592726377202    213.7987355037879 
   166.07592726377203    213.7987355037879 
   166.07592726377203   239.39873550378792 
   140.47592726377201   239.39873550378792 
   140.47592726377201    213.7987355037879 
   114.87592726377201    213.7987355037879 
   114.87592726377201   239.39873550378792 
   89.275927263772019   239.39873550378792 
   89.275927263772019    213.7987355037879 
   63.675927263772017    213.7987355037879 
   63.675927263772031   239.39873550378792 
    38.07592726377203   239.39873550378792 
   38.075927263772016    213.7987355037879 
   12.475927263772016    213.7987355037879 
   12.475927263772016   239.39873550378792 
   242.87592726377201   239.39873550378792 
   242.87592726377201    213.7987355037879 
