   49.855646883809769   38.513285881408947 
   29.741127170943962   66.959152548075622 
   69.969563173152679   95.405019214742296 
   39.798387027376869   95.405019214742296 
   19.684470738033962   38.513285881408947 
   59.912303316719779   66.959152548075622 
   49.855646883809769    123.8466192147423 
   29.741127170943962   152.29248588140896 
   69.969563173152679   180.73835254807562 
   39.798387027376869   180.73835254807562 
   19.684470738033962    123.8466192147423 
   59.912303316719779   152.29248588140896 
   49.855646883809769   209.17995254807565 
   29.741127170943962   237.62581921474228 
   69.969563173152679   10.071685881408968 
   39.798387027376869   10.071685881408968 
   19.684470738033962   209.17995254807565 
   59.912303316719779   237.62581921474228 
    110.1979991753614   38.513285881408947 
   90.083479462495589   66.959152548075622 
    130.3119154647043   95.405019214742296 
    100.1407393189285   95.405019214742296 
     80.0268230295856   38.513285881408947 
   120.25465560827141   66.959152548075622 
    110.1979991753614    123.8466192147423 
   90.083479462495589   152.29248588140896 
    130.3119154647043   180.73835254807562 
    100.1407393189285   180.73835254807562 
     80.0268230295856    123.8466192147423 
   120.25465560827141   152.29248588140896 
    110.1979991753614   209.17995254807565 
   90.083479462495589   237.62581921474228 
    130.3119154647043   10.071685881408968 
    100.1407393189285   10.071685881408968 
     80.0268230295856   209.17995254807565 
   120.25465560827141   237.62581921474228 
   170.54035146691302   38.513285881408947 
   150.42583175404718   66.959152548075622 
   190.65426775625593   95.405019214742296 
    160.4830916104801   95.405019214742296 
   140.36917532113722   38.513285881408947 
   180.59700789982301   66.959152548075622 
   170.54035146691302    123.8466192147423 
   150.42583175404718   152.29248588140896 
   190.65426775625593   180.73835254807562 
    160.4830916104801   180.73835254807562 
   140.36917532113722    123.8466192147423 
   180.59700789982301   152.29248588140896 
   170.54035146691302   209.17995254807565 
   150.42583175404718   237.62581921474228 
   190.65426775625593   10.071685881408968 
    160.4830916104801   10.071685881408968 
   140.36917532113722   209.17995254807565 
   180.59700789982301   237.62581921474228 
   230.88270375846469   38.513285881408947 
   210.76818404559884   66.959152548075622 
   9.6272108816010693   95.405019214742296 
   220.82544390203176   95.405019214742296 
   200.71152761268885   38.513285881408947 
   240.93936019137467   66.959152548075622 
   230.88270375846469    123.8466192147423 
   210.76818404559884   152.29248588140896 
   9.6272108816010693   180.73835254807562 
   220.82544390203176   180.73835254807562 
   200.71152761268885    123.8466192147423 
   240.93936019137467   152.29248588140896 
   230.88270375846469   209.17995254807565 
   210.76818404559884   237.62581921474228 
   9.6272108816010693   10.071685881408968 
   220.82544390203176   10.071685881408968 
   200.71152761268885   209.17995254807565 
   240.93936019137467   237.62581921474228 
