   98.021084744218257   76.588770493934007 
   66.378466354620272   91.166353803499419 
   86.994380553716184   135.91541497060209 
   60.865375549419255   120.82982689771417 
   71.892079739921343   61.503182421046105 
   92.507471358917172   106.25194187638731 
   55.354418077551593   150.48960495020611 
   23.711799687953601   165.06718825977154 
   44.327713887049534   209.81624942687418 
   18.198708882752602   194.73066135398631 
   29.225413073254682   135.40401687731821 
   49.840804692250508   180.15277633265941 
   140.68775141088491   2.6879360376619088 
   109.04513302128692   17.265519347227325 
   129.66104722038281   62.014580514330007 
    103.5320422160859   46.928992441442105 
   135.17413802558383    32.35110742011522 
   150.27909475281211   106.75994663970982 
    118.6364763632141   121.33752994927522 
   139.25239056231001   166.08659111637789 
   113.12338555801311   151.00100304348996 
   124.15008974851519   91.674358566821923 
   144.76548136751103   136.42311802216312 
   107.61242808614546   180.66078109598192 
   75.969809696547429   195.23836440554734 
   96.585723895643369   239.98742557264995 
   70.456718891346441   224.90183749976208 
   81.483423081848528   165.57519302309402 
   102.09881470084436   210.32395247843525 
   192.94576141947877   32.859112183437716 
   161.30314302988074   47.436695493003135 
   181.91905722897667   92.185756660105824 
   155.79005222467975   77.100168587217908 
   166.81675641518186   17.773524110549822 
   187.43214803417769   62.522283565891037 
   202.53710476140597   136.93112278548563 
   170.89448637180791   151.50870609505102 
    191.5104005709039   196.25776726215369 
   165.38139556660695   181.17217918926579 
   176.40809975710903   121.84553471259773 
   197.02349137610489   166.59429416793895 
   159.87043809473928   210.83195724175775 
   128.22781970514126   225.40954055132318 
   122.71472889994028   255.07301364553786 
   133.74143309044237   195.74636916886982 
    154.3568247094382   240.49512862421108 
   245.20377142807263   63.030288329213526 
    213.5611530384746   77.607871638778931 
   234.17706723757053   122.35693280588164 
   208.04806223327358   107.27134473299371 
   219.07476642377569   47.944700256325618 
   239.69015804277154   92.693459711666861 
   45.763074735624457   46.417594348158232 
   223.15249638040183   181.67988224082686 
   34.736370545122355   105.74423882482627 
   217.63940557520087   211.34335533504162 
   228.66610976570288   152.01671085837356 
   40.249461350323379   76.080765730611532 
   3.0964080689577926   120.31842880443034 
   180.48582971373517   255.58071669709898 
   185.99944309903626   225.91754531464565 
   77.403037211788998     31.8434043685542 
   82.916128016990015   2.1799312743394541 
