   89.763063141369017   15.549033144943627 
   62.971597019531053   37.819609624672523 
   94.466950257501139   75.708092281240724 
   65.323832008779604   67.899217281571083 
   60.619944892647482   7.7401581452739832 
   92.114715268252581   45.628484624342178 
   67.677171292620585   97.974703654944122 
   40.885705170782622   120.24528013467302 
   72.381058408752693   158.13376279124122 
   43.237940160031165   150.32488779157157 
    38.53405304389905   90.165828655274481 
    70.02882341950415   128.05415513434269 
   45.591279443872132   180.40037416494462 
   18.799813322034193    202.6709506446735 
   16.448161195150611   172.59149916527497 
   47.942931570755718   210.47982564434315 
   148.04929963881207   31.166783144282935 
    121.2578335169741   53.437359624011819 
   152.75318675494421   91.325842280580034 
   123.61006850622265   83.516967280910379 
   118.90618139009055    23.35790814461329 
   150.40095176569565   61.246234623681474 
   125.96340779006363   113.59245365428343 
   99.171941668225685   135.86303013401235 
   130.66729490619574   173.75151279058053 
   101.52417665747421   165.94263779091088 
    96.82028954134212   105.78357865461378 
   128.31505991694723   143.67190513368197 
   103.87751594131521   196.01812416428393 
   77.086049819477253   218.28870064401283 
   174.83907860369263    8.900171770579524 
   145.69596035497108   1.0912967709098809 
   74.734397692593674   188.20924916461428 
   106.22916806819879   226.09757564368246 
   206.33553613625512    46.78453314362222 
   179.54407001441717   69.055109623351115 
   211.03942325238725   106.94359227991933 
    181.8963050036657    99.13471728024966 
   177.19241788753362   38.975658143952586 
   208.68718826313869   76.863984623020755 
    184.2496442875067    129.2102036536227 
    157.4581781656687   151.48078013335163 
   188.95353140363881   189.36926278991982 
   159.81041315491726   181.56038779025016 
   155.10652603878518   121.40132865395307 
   186.60129641439025   159.28965513302126 
   162.16375243875825   211.63587416362321 
   135.37228631692028   233.90645064335206 
    233.1253151011357   24.517921769918832 
   203.98219685241412   16.709046770249167 
   133.02063419003673   203.82699916395356 
   164.51540456564183   241.71532564302174 
   237.83030651186024    84.67285962269041 
   36.180713760058048   60.090342281901435 
    240.1825415011088   114.75246727958897 
   235.47865438497666   54.593408143291875 
   33.828478770809554   30.010734625002893 
   242.53588078494977   144.82795365296201 
    215.7444146631118   167.09853013269094 
   14.094821911309603   142.51601279190191 
   218.09664965236036   197.17813778958947 
   213.39276253622825   137.01907865329238 
   11.742586922061109   112.43640513500338 
   220.44998893620132   227.25362416296252 
   193.65852281436338    249.5242006426914 
   191.30687068747977   219.44474916329284 
