   102.80764793543453   50.698725434882391 
   68.470269429428257   56.589877362332849 
   76.801804106390719   105.14994247275204 
   55.467560857338839   83.815699223700179 
   81.473404686382651   29.364482185830493 
   89.804512678480123   77.924120611384737 
   42.467869274182476   111.03850409613445 
   8.1304907681761946   116.92965602358491 
   16.462025445138671   165.48972113400413 
   21.133626025130599   89.704260847082566 
   29.464734017228082   138.26389927263682 
   137.14158276764275   44.810163811500011 
   115.80733951859088   23.475920562448135 
   150.14429133973218   17.584341950132671 
   145.47613443353831   93.367211932986152 
   111.13875592753202   99.258363860436603 
   119.47029060449448   147.81842897085582 
   98.136047355442614   126.48418572180395 
   124.14189118448643   72.032968683934271 
    132.4729991765839   120.59260710948851 
   85.136355772286251   153.70699059423822 
   50.798977266279962   159.59814252168869 
   59.130511943242439   208.15820763210786 
   37.796268694190573   186.82396438305599 
   63.802112523234364   132.37274734518633 
   72.133220515331857   180.93238577074055 
   205.81591309479035   33.027433271734111 
   171.47853458878407   38.918585199184562 
   179.81006926574651   87.478650309603765 
   158.47582601669464   66.144407060551913 
   184.48166984573845   11.693190022682224 
   192.81277783783594    60.25282844823645 
   188.14462093164207   136.03569843108988 
   153.80724242563576   141.92685035854038 
   162.13877710259825   190.48691546895961 
   140.80453385354636   169.15267221990769 
   166.81037768259017     114.701455182038 
   175.14148567468766   163.26109360759227 
   127.80484227039003   196.37547709234195 
   93.467463764383723   202.26662901979245 
   101.79899844134623   250.82669413021162 
   80.464755192294334   229.49245088115973 
   106.47059902133812   175.04123384329006 
   114.80170701343562   223.60087226884434 
   248.48439959289408   75.695919769837872 
   214.14702108688783   81.587071697288309 
   222.47855576385032   130.14713680770754 
    201.1443125147984   108.81289355865565 
   227.15015634384221   54.361676520785977 
   235.48126433593973    102.9213149463402 
   230.81310742974586    178.7041849291937 
   196.47572892373955   184.59533685664417 
   34.133317608286966   62.481455974648313 
   183.47302035165015    211.8211587180115 
   209.47886418069396   157.36994168014181 
   217.80997217279145   205.92958010569606 
   170.47332876849379   239.04396359044577 
   136.13595026248751   244.93511551789624 
   149.13908551944192   217.70972034139385 
   256.81550758499162    124.2555581953921 
   94.473096269538985    2.141677313396269 
   243.81279901290222   151.48138005675943 
