   226.92790241140995   64.376911044380904 
   194.24528436212151   52.310109018103525 
   177.18057248967236   98.530126351634181 
    169.3716974900027   69.387008102912645 
   219.11902741174029   35.233792795659376 
   202.05415936179114   81.453227266825067 
   144.50223190140943    86.46280289312935 
   111.81961385212099   74.396000866851963 
   94.754901979671857   120.61601820038263 
   86.946026980002216   91.472899951661077 
   136.69335690173978   57.319684644407815 
   119.62848885179066    103.5391191155735 
    62.07656139140893    108.5486947418778 
   29.393943342120501   96.481892715600409 
   12.329231469671347   142.70191004913107 
   4.5203564700017047   113.55879180040952 
   54.267686391739289   79.405576493156246 
   37.202818341790156   125.62501096432194 
    242.5456524107492   122.66314754182397 
   209.86303436146079   110.59634551554657 
   192.79832248901167   156.81636284907725 
   184.98944748934198   127.67324460035572 
   234.73677741107957   93.520029293102453 
   217.67190936113045   139.73946376426812 
   160.11998190074871   144.74903939057242 
    127.4373638514603   132.68223736429502 
   110.37265197901117   178.90225469782567 
    102.5637769793415   149.75913644910418 
   152.31110690107909    115.6059211418509 
   135.24623885112993   161.82535561301657 
   77.694311390748226   166.83493123932087 
   45.011693341459797   154.76812921304347 
   27.946981469010655   200.98814654657411 
    20.13810646934099   171.84502829785259 
   69.885436391078585   137.69181299059932 
   52.820568341129452   183.91124746176502 
   225.48078436080007   168.88258201298964 
   208.41607248835095   215.10259934652032 
   200.60719748868129   185.95948109779877 
   250.35452741041885    151.8062657905455 
   233.28965936046976   198.02570026171114 
   175.73773190008799   203.03527588801543 
   143.05511385079959   190.96847386173806 
   125.99040197835045   237.18849119526874 
   118.18152697868081   208.04537294654719 
   167.92885690041837   173.89215763929394 
   150.86398885046924   220.11159211045958 
   93.312061390087507   225.12116773676391 
   60.629443340799092   213.05436571048648 
   35.755856468680285   230.13126479529566 
   85.503186390417866   195.97804948804239 
    68.43831834046874   242.19748395920806 
   211.31015241207061   6.0906745469378558 
   161.56282249033305   40.243889854191146 
   153.75394749066339   11.100771605469593 
   186.43640936245185   23.166990769382004 
   128.88448190207012   28.176566395686301 
   96.201863852781713     16.1097643694089 
   79.137151980332575   62.329781702939584 
    71.32827698066292   33.186663454218042 
   183.54660689975768   232.17839413673698 
   104.01073885245135    45.25288261813045 
   46.458811392069634   50.262458244434725 
   13.776193342781216   38.195656218157332 
   101.12093638975718   254.26428598548546 
    21.58506834245086   67.338774466878888 
