     126.216897204826   64.237196271324706 
   91.524794182394785    61.04044454839336 
   87.004169017500843   110.10222541415595 
   71.918580944612941   83.973220409859039 
   111.13130913193808   38.108191267027777 
   106.61038225528269   87.169449552690281 
   52.316062748553897   106.90386293799136 
   17.623959726122678   103.70711121506004 
    13.10333456122876   152.76889208082261 
   37.230474675665988   80.774857933694463 
   32.709547799010593   129.83611621935697 
   200.11773166109808   21.570529604658034 
   165.42562863866686   18.373777881726685 
   160.90500347377292   67.435558747489281 
   145.81941540088499   41.306553743192367 
   180.51121671155477   44.502782886023617 
   156.38807335060181   116.49520627991855 
    121.6959703281706   113.29845455698721 
   117.17534516327666   162.36023542274978 
   102.08975709038876    136.2312304184529 
   141.30248527771391    90.36620127562162 
    136.7815584010585   139.42745956128414 
   82.487238894329721   159.16187294658522 
   47.795135871898509   155.96512122365388 
   43.274510707004588   205.02690208941647 
   28.188922634116675   178.89789708511955 
   67.401650821441805   133.03286794228831 
   62.880723944786425   182.09412622795082 
   230.28890780687388   73.828539613251891 
    195.5968047844427   70.631787890320524 
   191.07617961954872   119.69356875608312 
   175.99059154666082    93.56456375178621 
   215.20331973398598   47.699534608954956 
    210.6823928573306   96.760792894617452 
   186.55924949637762   168.75321628851239 
   151.86714647394641   165.55646456558102 
   147.34652130905249   214.61824543134367 
   132.26093323616456    188.4892404270467 
   171.47366142348972   142.62421128421548 
   166.95273454683434   191.68546956987799 
   112.65841504010554   211.41988295517905 
   77.966312017674312   208.22313123224771 
   58.360098779892496   231.15590709371338 
   97.572826967217622   185.29087795088213 
   93.051900090562242   234.35213623654465 
   225.76798093021853   122.88979789891437 
   221.24735576532456   171.95157876467698 
   206.16176769243665   145.82257376038004 
   245.37449587976181   99.957544617548805 
   240.85356900310643   149.01880290321128 
    96.04572105905018   11.979186262730881 
   182.03832261972227   217.81447457417491 
   56.832992871725018    57.84421540556211 
   162.43210938194039   240.74725043564061 
   201.64483756926555   194.88222129280933 
   76.439206109506884   34.911439544096474 
   22.144886602778097    54.64585292939757 
   127.74400311299345   237.54888795947599 
   2.5383716532347851   77.578106210763153 
   255.93915707599433   175.14780790750822 
   130.73382732799709   15.177548738895444 
   236.33294383821246    198.0805837689739 
