   13.032394252283442   60.511300716944255 
   45.032394252283446   92.511300716944248 
   13.032394252283442   124.51130071694425 
   45.032394252283446   156.51130071694425 
   13.032394252283442   188.51130071694425 
   45.032394252283446   220.51130071694425 
   13.032394252283442   252.51130071694425 
   45.032394252283446   28.511300716944259 
   77.032394252283439   60.511300716944255 
   109.03239425228344   92.511300716944248 
   77.032394252283439   124.51130071694425 
   109.03239425228344   156.51130071694425 
   77.032394252283439   188.51130071694425 
   109.03239425228344   220.51130071694425 
   77.032394252283439   252.51130071694425 
   109.03239425228344   28.511300716944259 
   141.03239425228344   60.511300716944255 
   173.03239425228344   92.511300716944248 
   141.03239425228344   124.51130071694425 
   173.03239425228344   156.51130071694425 
   141.03239425228344   188.51130071694425 
   173.03239425228344   220.51130071694425 
   141.03239425228344   252.51130071694425 
   173.03239425228344   28.511300716944259 
   205.03239425228344   60.511300716944255 
   237.03239425228344   92.511300716944248 
   205.03239425228344   124.51130071694425 
   237.03239425228344   156.51130071694425 
   205.03239425228344   188.51130071694425 
   237.03239425228344   220.51130071694425 
   205.03239425228344   252.51130071694425 
   237.03239425228344   28.511300716944259 
