   229.41079718236162   84.641664543532073 
   200.96493051569493   64.527144830666259 
    172.5190638490283   104.75558083287497 
    172.5190638490283   74.584404687099166 
   229.41079718236162   54.470488397756256 
   200.96493051569493   94.698320976442076 
   144.07746384902828   84.641664543532073 
   115.63159718236163   64.527144830666259 
   87.185730515694956   104.75558083287497 
   87.185730515694956   74.584404687099166 
   144.07746384902828   54.470488397756263 
   115.63159718236163   94.698320976442076 
   58.744130515694955   84.641664543532073 
    30.29826384902827   64.527144830666259 
   1.8523971823615837   104.75558083287497 
   1.8523971823615837   74.584404687099166 
   58.744130515694955   54.470488397756263 
    30.29826384902827   94.698320976442076 
   229.41079718236162   144.98401683508371 
   200.96493051569493   124.86949712221788 
    172.5190638490283   165.09793312442662 
    172.5190638490283   134.92675697865079 
   229.41079718236162   114.81284068930788 
   200.96493051569493    155.0406732679937 
   144.07746384902828   144.98401683508371 
   115.63159718236163   124.86949712221788 
   87.185730515694956   165.09793312442662 
   87.185730515694956   134.92675697865079 
   144.07746384902828   114.81284068930788 
   115.63159718236163    155.0406732679937 
   58.744130515694955   144.98401683508371 
    30.29826384902827   124.86949712221788 
   1.8523971823615837   165.09793312442662 
   1.8523971823615837   134.92675697865079 
   58.744130515694955   114.81284068930788 
    30.29826384902827    155.0406732679937 
   229.41079718236162   205.32636912663531 
   200.96493051569493    185.2118494137695 
    172.5190638490283   225.44028541597825 
    172.5190638490283   195.26910927020242 
   229.41079718236162   175.15519298085951 
   200.96493051569499   215.38302555954536 
   144.07746384902828   205.32636912663534 
   115.63159718236163    185.2118494137695 
   87.185730515694956   225.44028541597825 
   87.185730515694956   195.26910927020242 
   144.07746384902828   175.15519298085951 
   115.63159718236163   215.38302555954536 
   58.744130515694955   205.32636912663534 
    30.29826384902827   185.21184941376953 
   1.8523971823615837   225.44028541597825 
   1.8523971823615837   195.26910927020242 
   58.744130515694955   175.15519298085951 
    30.29826384902827   215.38302555954536 
   229.41079718236162   24.299312251980478 
   200.96493051569499   245.55420170532116 
    172.5190638490283   44.413228541323349 
    172.5190638490283   14.242052395547566 
   229.41079718236162   235.49754527241117 
   200.96493051569493   34.355968684890478 
   144.07746384902828   24.299312251980478 
   115.63159718236163   245.55420170532116 
   87.185730515694956   44.413228541323349 
   87.185730515694956   14.242052395547566 
   144.07746384902828   235.49754527241117 
   115.63159718236163   34.355968684890478 
   58.744130515694948   24.299312251980478 
    30.29826384902827   245.55420170532116 
   1.8523971823615837   44.413228541323363 
   1.8523971823615837   14.242052395547566 
    58.74413051569497   235.49754527241117 
    30.29826384902827   34.355968684890478 
