   89.182855568747655   27.307180440228237 
   49.991019684216781   49.934597438197748 
   72.618436682186328   89.126433322728602 
   33.426600797655453   111.75385032069813 
   56.054017795624979   150.94568620522901 
    16.86218191109414   173.57310320319849 
   39.489598909063666   212.76493908772932 
    128.3746914532785   4.6797634422587215 
   151.00210845124801   43.871599326789564 
   111.81027256671716   66.499016324759083 
   134.43768956468668   105.69085220928991 
   95.245853680155832   128.31826920725945 
   117.87327067812534   167.51010509179031 
   78.681434793594505   190.13752208975981 
   101.30885179156402   229.32935797429064 
   190.19394433577887   21.244182328820049 
    212.8213613337484   60.436018213350891 
   173.62952544921754    83.06343521132041 
   196.25694244718707   122.25527109585126 
   157.06510656265618    144.8826880938208 
   179.69252356062572   184.07452397835166 
   140.50068767609488   206.70194097632117 
   163.12810467406442     245.893776860852 
   252.01319721827923    37.80860121538138 
    235.4487783317179   99.627854097881738 
   218.88435944515658    161.4471069803821 
   241.51177644312614   200.63894286491296 
   202.31994055859528    223.2663598628825 
