   93.081382480944939   7.9276657547365774 
   49.368569559842911   19.640478675838615 
   61.081382480944953    63.35329159694065 
   17.368569559842907   75.066104518042692 
   29.081382480944946   118.77891743914475 
   148.50700832314905   39.927665754736573 
     104.794195402047   51.640478675838622 
   116.50700832314904   95.353291596940636 
   72.794195402046995   107.06610451804271 
   84.507008323149023   150.77891743914475 
   40.794195402047009   162.49173036024678 
    52.50700832314903    206.2045432813488 
   192.21982124425105   28.214852833634534 
   203.93263416535314   71.927665754736566 
   160.21982124425105   83.640478675838608 
   171.93263416535311   127.35329159694065 
   128.21982124425108   139.06610451804269 
   139.93263416535311   182.77891743914472 
   96.219821244251065   194.49173036024675 
   107.93263416535312    238.2045432813488 
   247.64544708645514   60.214852833634524 
   215.64544708645514   115.64047867583858 
   227.35826000755719   159.35329159694066 
   183.64544708645514   171.06610451804266 
   195.35826000755719   214.77891743914475 
   151.64544708645514   226.49173036024675 
