    155.7665274021264   43.235299129867286 
   112.05371448102433   31.522486208765262 
   100.34090155992232   75.235299129867286 
   56.628088638820273   63.522486208765251 
   44.915275717718231    107.2352991298673 
   1.2024627966162014   95.522486208765258 
    199.4793403232284   54.948112050969314 
    187.7665274021264   98.660924972071342 
   144.05371448102431   86.948112050969314 
   132.34090155992232   130.66092497207134 
   88.628088638820273   118.94811205096933 
   76.915275717718231   162.66092497207137 
   33.202462796616217   150.94811205096934 
   21.489649875514182   194.66092497207137 
    231.4793403232284   110.37373789317337 
    219.7665274021264   154.08655081427543 
   176.05371448102434    142.3737378931734 
   164.34090155992232   186.08655081427545 
   120.62808863882027   174.37373789317337 
   108.91527571771825   218.08655081427545 
   65.202462796616231    206.3737378931734 
   53.489649875514189   250.08655081427545 
   208.05371448102437   197.79936373537745 
   68.340901559922301   19.809673287663184 
   152.62808863882032   229.79936373537745 
   12.915275717718215   51.809673287663202 
