   142.99343487120723   12.844001387027379 
   97.738600875268176   12.844001387027379 
   97.738600875268176   58.098835382966435 
   52.483766879329131   58.098835382966442 
   52.483766879329131   103.35366937890549 
   7.2289328833901019   103.35366937890548 
   7.2289328833901267    148.6085033748445 
   188.24826886714627   12.844001387027404 
   188.24826886714627   58.098835382966421 
   142.99343487120723   58.098835382966435 
   142.99343487120723   103.35366937890547 
   97.738600875268176   103.35366937890548 
   97.738600875268176   148.60850337484453 
   52.483766879329153    148.6085033748445 
   52.483766879329167   193.86333737078354 
    233.5031028630853   58.098835382966435 
    233.5031028630853   103.35366937890547 
   188.24826886714627   103.35366937890547 
   188.24826886714629    148.6085033748445 
   142.99343487120723    148.6085033748445 
   142.99343487120723   193.86333737078357 
    97.73860087526819   193.86333737078357 
   97.738600875268205   239.11817136672258 
    233.5031028630853   148.60850337484447 
   233.50310286308533   193.86333737078354 
   188.24826886714627   193.86333737078357 
   188.24826886714627   239.11817136672258 
   142.99343487120723   239.11817136672258 
