   224.57159559343376   2.5849967935823845 
   201.94417859546425   41.776832678113223 
   162.75234271093339   19.149415680143701 
   140.12492571296389   58.341251564674558 
   100.93308982843301   35.713834566705032 
   78.305672830463493   74.905670451235878 
   39.113836945932661   52.278253453266359 
   16.486419947963149   91.470089337797205 
   241.13601447999505   64.404249676082742 
   218.50859748202558   103.59608556061359 
   179.31676159749472   80.968668562644069 
   156.68934459952519   120.16050444717493 
   117.49750871499434   97.533087449205397 
    94.87009171702482   136.72492333373623 
   55.678255832493988   114.09750633576672 
   33.050838834524477   153.28934222029756 
   235.07301636858691   165.41533844311397 
   195.88118048405602   142.78792144514443 
   173.25376348608654   181.97975732967529 
   134.06192760155568   159.35234033170579 
   111.43451060358615   198.54417621623662 
   72.242674719055316   175.91675921826709 
   49.615257721085818   215.10859510279795 
   251.63743525514826   227.23459132561433 
   212.44559937061737    204.6071743276448 
   189.81818237264787   243.79901021217566 
   150.62634648811701   221.17159321420613 
   88.807093605616629   237.73601210076745 
