   231.75063513396688   52.698274028192344 
   199.75063513396691   84.698274028192358 
   167.75063513396691   52.698274028192358 
   135.75063513396691   84.698274028192358 
   103.75063513396691   52.698274028192358 
   71.750635133966895   84.698274028192358 
   39.750635133966917   52.698274028192358 
   7.7506351339669353   84.698274028192358 
   231.75063513396688   116.69827402819237 
   199.75063513396691   148.69827402819234 
   167.75063513396691   116.69827402819237 
   135.75063513396691   148.69827402819234 
   103.75063513396691   116.69827402819237 
   71.750635133966895   148.69827402819234 
   39.750635133966917   116.69827402819237 
   7.7506351339669353   148.69827402819234 
   231.75063513396688   180.69827402819234 
   199.75063513396691   212.69827402819237 
   167.75063513396691   180.69827402819234 
   135.75063513396691   212.69827402819237 
   103.75063513396691   180.69827402819234 
   71.750635133966895   212.69827402819237 
   39.750635133966917   180.69827402819234 
   7.7506351339669353    212.6982740281924 
   231.75063513396694   244.69827402819234 
   199.75063513396691   20.698274028192351 
   167.75063513396691   244.69827402819234 
   135.75063513396691   20.698274028192351 
   103.75063513396691   244.69827402819234 
   71.750635133966881   20.698274028192351 
   39.750635133966931   244.69827402819234 
   7.7506351339669353   20.698274028192362 
