   14.839264145265492   114.92099450114608 
   33.124978430979773   86.531480669253071 
   14.839264145265492   171.70002216493211 
   33.124978430979773   143.31050833303908 
   14.839264145265492   228.47904982871816 
   33.124978430979773   200.08953599682513 
   14.839264145265492   58.141966837360052 
   33.124978430979773   29.752453005467029 
   51.410692716694058   114.92099450114608 
    69.69640700240835   86.531480669253071 
   51.410692716694058   171.70002216493211 
    69.69640700240835   143.31050833303908 
   51.410692716694058   228.47904982871816 
    69.69640700240835   200.08953599682513 
   51.410692716694058   58.141966837360052 
    69.69640700240835   29.752453005467029 
   87.982121288122627   114.92099450114608 
    106.2678355738369   86.531480669253071 
   87.982121288122627   171.70002216493211 
    106.2678355738369   143.31050833303908 
   87.982121288122627   228.47904982871816 
    106.2678355738369   200.08953599682513 
   87.982121288122627   58.141966837360052 
    106.2678355738369   29.752453005467029 
   124.55354985955121   114.92099450114608 
    142.8392641452655   86.531480669253071 
   124.55354985955121   171.70002216493211 
    142.8392641452655   143.31050833303908 
   124.55354985955121   228.47904982871816 
    142.8392641452655   200.08953599682513 
   124.55354985955121   58.141966837360052 
    142.8392641452655   29.752453005467029 
   161.12497843097978   114.92099450114608 
   179.41069271669406   86.531480669253071 
   161.12497843097978   171.70002216493211 
   179.41069271669406   143.31050833303908 
   161.12497843097978   228.47904982871816 
   179.41069271669406   200.08953599682513 
   161.12497843097978   58.141966837360052 
   179.41069271669406   29.752453005467029 
   197.69640700240834   114.92099450114608 
   215.98212128812261   86.531480669253071 
   197.69640700240834   171.70002216493211 
   215.98212128812261   143.31050833303908 
   197.69640700240834   228.47904982871816 
   215.98212128812261   200.08953599682513 
   197.69640700240834   58.141966837360052 
   215.98212128812261   29.752453005467029 
   234.26783557383689   114.92099450114608 
    252.5535498595512   86.531480669253071 
   234.26783557383689   171.70002216493211 
    252.5535498595512   143.31050833303908 
   234.26783557383689   228.47904982871816 
    252.5535498595512   200.08953599682513 
   234.26783557383689   58.141966837360052 
    252.5535498595512   29.752453005467029 
