   31.796171384842541   58.568431369359999 
   56.806561926452282   35.878957873789901 
    17.10067766305183   113.41276058139239 
   42.111068204661578   90.723287085822292 
   2.4051839412611318   168.25708979342477 
    27.41557448287087   145.56761629785467 
   46.491665106633242   3.7241021573276383 
   12.720080761080149   200.41194550988709 
   67.121458746271315   68.033813590252194 
   92.131849287881067   45.344340094682089 
   52.425965024480611   122.87814280228457 
   77.436355566090356   100.18866930671444 
   37.730471302689899   177.72247201431696 
   62.740861844299637   155.03299851874687 
   81.816952468062027   13.189484378219825 
   48.045368122508933   209.87732773077926 
   102.44674610770009   77.499195811144375 
   127.45713664930983   54.809722315574277 
   87.751252385909396   132.34352502317677 
   112.76164292751913   109.65405152760664 
   73.055758664118684   187.18785423520913 
   98.066149205728422   164.49838073963903 
   117.14223982949079   22.654866599112012 
   83.370655483937711   219.34270995167145 
    137.7720334691289    86.96457803203657 
   162.78242401073862   64.275104536466472 
   123.07653974733819   141.80890724406893 
   148.08693028894794   119.11943374849885 
   108.38104602554748   196.65323645610133 
    133.3914365671572   173.96376296053123 
   152.46752719091958   32.120248820004193 
   118.69594284536652   228.80809217256365 
   173.09732083055766   96.429960252928751 
   198.10771137216742   73.740486757358653 
   158.40182710876698   151.27428946496113 
    183.4122176503767   128.58481596939103 
   143.70633338697624   206.11861867699352 
   168.71672392858599   183.42914518142345 
    187.7928145523484   41.585631040896374 
   154.02123020679528   238.27347439345581 
   208.42260819198643   105.89534247382093 
   233.43299873359618   83.205868978250834 
   193.72711447019572   160.73967168585332 
   218.73750501180552   138.05019819028323 
     179.031620748405   215.58400089788572 
   204.04201129001478   192.89452740231562 
   223.11810191377711   51.051013261788562 
   189.34651756822407   247.73885661434801 
   243.74789555341522   115.36072469471313 
   229.05240183162456   170.20505390674552 
   254.06279237323432   147.51558041117542 
   214.35690810983382   225.04938311877788 
    239.3672986514436   202.35990962320781 
