   33.649022812031745   63.871942363051168 
   63.679672825750849   48.428759326399252 
   5.2595089801387385   113.04402272206926 
   35.290158993857844   97.600839685417355 
   6.9006451619648317   146.77292004443547 
   62.038536643924765   14.699862004033054 
   65.320809007576926   82.157656648765453 
   95.351459021296023   66.714473612113537 
   36.931295175683914   131.32973700778354 
   66.961945189403011   115.88655397113165 
   8.5417813437909036   180.50181736680165 
   38.572431357509998   165.05863433014974 
   93.710322839469939   32.985576289747335 
   123.74097285318904   17.542393253095408 
   96.992595203122107   100.44337093447973 
    127.0232452168412   85.000187897827814 
   68.603081371229095   149.61545129349784 
   98.633731384948206   134.17226825684591 
   40.213567539336097   198.78753165251595 
   70.244217553055179   183.34434861586405 
   125.38210903501513   51.271290575461606 
   155.41275904873422   35.828107538809689 
   128.66438139866733   118.72908522019402 
   158.69503141238641   103.28590218354211 
   100.27486756677429   167.90116557921215 
   130.30551758049342   152.45798254256022 
   71.885353734881292    217.0732459382302 
   101.91600374860039    201.6300629015783 
   157.05389523056033   69.557004861175898 
   187.08454524427941   54.113821824523981 
    160.3361675942125   137.01479950590831 
   190.36681760793158   121.57161646925637 
   131.94665376231947    186.1868798649264 
   161.97730377603858   170.74369682827449 
   103.55713993042647   235.35896022394451 
   133.58778994414558    219.9157771872926 
    188.7256814261055    87.84271914689019 
   218.75633143982461   72.399536110238273 
   192.00795378975769   155.30051379162259 
    222.0386038034768   139.85733075497066 
   163.61843995786467    204.4725941506407 
   193.64908997158378   189.02941111398874 
   135.22892612597167   253.64467450965881 
   165.25957613969075   238.20149147300691 
   220.39746762165069   106.12843343260447 
   250.42811763536977   90.685250395952536 
   223.67973998530289   173.58622807733687 
   253.71038999902197   158.14304504068497 
   195.29022615340986   222.75830843635495 
   225.32087616712897   207.31512539970305 
   196.93136233523597   256.48720575872119 
   252.06925381719586   124.41414771831874 
