   65.050971367488032   33.065579474996099 
    98.05534168287717   25.921114300143532 
   24.902135877246369   73.214414965237765 
   57.906506192635511   66.069949790385209 
   17.757670702393821    106.2187852806269 
   90.910876508024629   58.925484615532682 
   123.91524682341377   51.781019440680133 
   50.762041017782963   99.074320105774362 
   83.766411333172101   91.929854930921806 
   10.613205527541297   139.22315559601603 
   43.617575842930428   132.07869042116349 
   131.05971199826632   18.776649125290987 
   164.06408231365546   11.632183950438439 
   116.77078164856121   84.785389756069279 
   149.77515196395035   77.640924581216723 
    76.62194615831956   124.93422524631094 
    109.6263164737087   117.78976007145837 
   36.473110668077886   165.08306073655262 
   69.477480983467004   157.93859556170008 
   156.91961713880289   44.636554265827591 
   189.92398745419203   37.492089090975028 
   142.63068678909784   110.64529489660588 
   175.63505710448698   103.50082972175333 
   102.48185129885617   150.79413038684754 
    135.4862216142453     143.649665211995 
   62.333015808614505   190.94296587708919 
   95.337386124003615   183.79850070223668 
   182.77952227933949   70.496459406364195 
   215.78389259472866   63.351994231511632 
   168.49059192963443   136.50520003714246 
   201.49496224502357   129.36073486228992 
   128.34175643939278   176.65403552738414 
   161.34612675478189    169.5095703525316 
   88.192920949151102   216.80287101762582 
   121.19729126454021   209.65840584277328 
   208.63942741987611   96.356364546900778 
   241.64379773526528   89.211899372048222 
   194.35049707017103   162.36510517767906 
   227.35486738556014   155.22064000282649 
   154.20166157992935   202.51394066792074 
   187.20603189531846   195.36947549306814 
   114.05282608968768   242.66277615816239 
   147.05719640507678   235.51831098330985 
   234.49933256041268   122.21626968743736 
    220.2104022107076   188.22501031821562 
   253.21477252609674   181.08054514336311 
   180.06156672046595    228.3738458084573 
   213.06593703585509   221.22938063360479 
