   117.12270242279132   13.070933653849647 
    150.8515997451575    14.71206983567574 
   67.950622063773196   41.460447485742677 
    101.6795193861394   43.101583667568761 
   18.778541704755103   69.849961317635703 
   52.507439027121293   71.491097499461787 
   3.3353586681032192   99.880611331354785 
    135.4084167085056   44.742719849394845 
   169.13731403087181   46.383856031220922 
   86.236336349487487   73.132233681287858 
    119.9652336718537   74.773369863113942 
   37.064255990469398   101.52174751318087 
   70.793153312835585   103.16288369500697 
   184.58049706752374   16.353206017501812 
   21.621072953817503   131.55239752689997 
    153.6941309942199   76.414506044940026 
   187.42302831658608   78.055642226766096 
   104.52205063520178   104.80401987683305 
   138.25094795756797   106.44515605865914 
    55.34997027618369   133.19353370872605 
   89.078867598549863   134.83466989055216 
   202.86621135323799      48.024992213047 
   39.906787239531795   163.22418372244516 
   171.97984527993418   108.08629224048521 
   205.70874260230039   109.72742842231128 
   122.80776492091607   136.47580607237822 
   156.53666224328228    138.1169422542043 
   73.635684561897975   164.86531990427125 
   107.36458188426415   166.50645608609733 
   221.15192563895229   79.696778408592166 
    58.19250152524608   194.89596991799033 
   190.26555956564846   139.75807843603036 
   223.99445688801467   141.39921461785644 
   141.09347920663035   168.14759226792341 
   174.82237652899656   169.78872844974947 
   91.921398847612252   196.53710609981641 
   125.65029616997845    198.1782422816425 
    239.4376399246666   111.36856460413735 
   76.478215810960364   226.56775611353552 
   208.55127385136279   171.42986463157558 
   242.28017117372892   173.07100081340164 
   159.37919349234465   199.81937846346858 
   193.10809081471083   201.46051464529464 
   110.20711313332656   228.20889229536161 
   143.93601045569272   229.85002847718769 
   226.83698813707704   203.10165082712072 
   177.66490777805893    231.4911646590138 
   83.393805100425126   11.429797472023576 
   34.221724741407009   39.819311303916606 
