   133.71556729464811   19.437725026790226 
   165.87042301111038   29.752621846609266 
   78.871238082615704   34.133218748580937 
     111.026093799078   44.448115568399977 
   24.026908870583334   48.828712470371634 
   56.181764587045599   59.143609290190689 
    188.5598965066805   4.7422313049995051 
   1.3374353750132353   73.839103011981379 
   143.18094951554028   54.763012388218996 
   175.33580523200257   65.077909208038051 
     88.3366203035079   69.458506110009722 
   120.49147601997019   79.773402929828762 
   33.492291091475522   84.153999831800419 
   65.647146807937787    94.46889665161946 
    198.0252787275727   40.067518666428285 
   10.802817595905422   109.16439037341016 
   152.64633173643247   90.088299749647803 
   184.80118745289477   100.40319656946683 
   97.802002524400081    104.7837934714385 
   129.95685824086237   115.09869029125754 
    42.95767331236771    119.4792871932292 
   75.112529028829968   129.79418401304824 
   207.49066094846489   75.392806027857091 
   20.268199816797608   144.48967773483895 
   162.11171395732467   125.41358711107657 
   194.26656967378696   135.72848393089561 
   107.26738474529226   140.10908083286728 
   139.42224046175457   150.42397765268629 
   52.423055533259898   154.80457455465799 
   84.577911249722163   165.11947137447703 
   216.95604316935706   110.71809338928587 
   29.733582037689796   179.81496509626771 
   171.57709617821686   160.73887447250533 
   203.73195189467913   171.05377129232437 
   116.73276696618444   175.43436819429607 
   148.88762268264676   185.74926501411511 
   61.888437754152072   190.12986191608675 
   94.043293470614344   200.44475873590582 
   226.42142539024925   146.04338075071465 
   39.198964258581995    215.1402524576965 
   181.04247839910903   196.06416183393412 
   213.19733411557132   206.37905865375319 
   126.19814918707664   210.75965555572486 
   158.35300490353893    221.0745523755439 
    71.35381997504426   225.45514927751555 
   103.50867569150654   235.77004609733461 
   235.88680761114145   181.36866811214341 
   48.664346479474183    250.4655398191253 
   190.50786062000125   231.38944919536294 
   135.66353140796883   246.08494291715365 
   101.56071157818582   9.1228282069712083 
   46.716382366153425   23.818321928761929 
   245.35218983203364   216.69395547357223 
