   27.524152246002785   76.109056219530032 
   27.524152246002785   116.25789105755446 
   45.809866531717063   116.25789105755446 
   45.809866531717063   76.109056219530032 
   27.524152246002785   156.40672589557889 
   27.524152246002785    196.5555607336033 
   45.809866531717063    196.5555607336033 
   45.809866531717063   156.40672589557889 
   27.524152246002785   236.70439557162771 
   27.524152246002785   35.960221381505619 
   45.809866531717063   35.960221381505619 
   45.809866531717063   236.70439557162771 
    64.09558081743134   76.109056219530032 
    64.09558081743134   116.25789105755446 
   82.381295103145646   116.25789105755446 
   82.381295103145646   76.109056219530032 
    64.09558081743134   156.40672589557889 
    64.09558081743134    196.5555607336033 
   82.381295103145646    196.5555607336033 
   82.381295103145646   156.40672589557889 
    64.09558081743134   236.70439557162771 
    64.09558081743134   35.960221381505619 
   82.381295103145646   35.960221381505619 
   82.381295103145646   236.70439557162771 
   100.66700938885991   76.109056219530032 
   100.66700938885991   116.25789105755446 
   118.95272367457422   116.25789105755446 
   118.95272367457422   76.109056219530032 
   100.66700938885991   156.40672589557889 
   100.66700938885991    196.5555607336033 
   118.95272367457422    196.5555607336033 
   118.95272367457422   156.40672589557889 
   100.66700938885991   236.70439557162771 
   100.66700938885991   35.960221381505619 
   118.95272367457422   35.960221381505619 
   118.95272367457422   236.70439557162771 
   137.23843796028851   76.109056219530032 
   137.23843796028851   116.25789105755446 
   155.52415224600279   116.25789105755446 
   155.52415224600279   76.109056219530032 
   137.23843796028851   156.40672589557889 
   137.23843796028851    196.5555607336033 
   155.52415224600279    196.5555607336033 
   155.52415224600279   156.40672589557889 
   137.23843796028851   236.70439557162771 
   137.23843796028851   35.960221381505619 
   155.52415224600279   35.960221381505619 
   155.52415224600279   236.70439557162771 
   173.80986653171706   76.109056219530032 
   173.80986653171706   116.25789105755446 
   192.09558081743134   116.25789105755446 
   192.09558081743134   76.109056219530032 
   173.80986653171706   156.40672589557889 
   173.80986653171706    196.5555607336033 
   192.09558081743134    196.5555607336033 
   192.09558081743134   156.40672589557889 
   173.80986653171706   236.70439557162771 
   173.80986653171706   35.960221381505619 
   192.09558081743134   35.960221381505619 
   192.09558081743134   236.70439557162771 
   210.38129510314565   76.109056219530032 
   210.38129510314565   116.25789105755446 
   228.66700938885992   116.25789105755446 
   228.66700938885992   76.109056219530032 
   210.38129510314565   156.40672589557889 
   210.38129510314565    196.5555607336033 
   228.66700938885992    196.5555607336033 
   228.66700938885992   156.40672589557889 
   210.38129510314565   236.70439557162771 
   210.38129510314565   35.960221381505619 
   228.66700938885992   35.960221381505619 
   228.66700938885992   236.70439557162771 
   246.95272367457423   76.109056219530032 
   246.95272367457423   116.25789105755446 
   9.2384379602885236   116.25789105755446 
   9.2384379602885236   76.109056219530032 
   246.95272367457423   156.40672589557889 
   246.95272367457423    196.5555607336033 
   9.2384379602885236    196.5555607336033 
   9.2384379602885236   156.40672589557889 
   246.95272367457423   236.70439557162771 
   246.95272367457423   35.960221381505619 
   9.2384379602885236   35.960221381505619 
   9.2384379602885236   236.70439557162771 
