   183.40644846035244    12.09284867809227 
   211.79596229224543   30.378562963806552 
   126.62742079656643    12.09284867809227 
   155.01693462845944   30.378562963806552 
   69.848393132780387    12.09284867809227 
     98.2379069646734   30.378562963806552 
   240.18547612413852    12.09284867809227 
   41.458879300887375   30.378562963806552 
   183.40644846035246   48.664277249520836 
   211.79596229224543   66.949991535235114 
   126.62742079656643   48.664277249520836 
   155.01693462845944   66.949991535235114 
   69.848393132780402   48.664277249520836 
     98.2379069646734   66.949991535235114 
   240.18547612413852   48.664277249520822 
   41.458879300887382   66.949991535235114 
   183.40644846035246   85.235705820949406 
   211.79596229224543   103.52142010666368 
   126.62742079656643   85.235705820949406 
   155.01693462845944   103.52142010666368 
   69.848393132780402   85.235705820949406 
     98.2379069646734   103.52142010666368 
   240.18547612413852   85.235705820949406 
   41.458879300887382   103.52142010666368 
   183.40644846035246   121.80713439237799 
   211.79596229224543   140.09284867809228 
   126.62742079656643   121.80713439237799 
   155.01693462845944   140.09284867809228 
   69.848393132780402   121.80713439237799 
     98.2379069646734   140.09284867809228 
   240.18547612413852   121.80713439237799 
   41.458879300887382   140.09284867809228 
   183.40644846035246   158.37856296380656 
   211.79596229224543   176.66427724952084 
   126.62742079656643   158.37856296380656 
   155.01693462845944   176.66427724952084 
   69.848393132780402   158.37856296380656 
     98.2379069646734   176.66427724952084 
   240.18547612413852   158.37856296380656 
   41.458879300887382   176.66427724952084 
   183.40644846035246   194.94999153523511 
   211.79596229224543   213.23570582094939 
   126.62742079656643   194.94999153523511 
   155.01693462845944   213.23570582094939 
   69.848393132780402   194.94999153523511 
     98.2379069646734   213.23570582094939 
   240.18547612413852   194.94999153523511 
   41.458879300887382   213.23570582094939 
   183.40644846035246    231.5214201066637 
   211.79596229224549   249.80713439237798 
   126.62742079656643    231.5214201066637 
   155.01693462845944   249.80713439237798 
   69.848393132780416    231.5214201066637 
     98.2379069646734   249.80713439237798 
   240.18547612413852    231.5214201066637 
   41.458879300887396   249.80713439237798 
