   61.186483575233083   12.765161757079563 
   50.795200480476794   51.545958222541643 
   68.457844161191176   56.278649332987726 
   78.849127255947479   17.497852867525655 
   40.403917385720497   90.326754688003703 
   30.012634290964193   129.10755115346578 
   47.675277971678582   133.84024226391188 
   58.066561066434886   95.059445798449786 
    19.62135119620789   167.88834761892787 
   9.2300681014515842   206.66914408438998 
   26.892711782165986   211.40183519483605 
   37.283994876922279   172.62103872937394 
   96.511770936661861   22.230543977971749 
   86.120487841905572   61.011340443433824 
   103.78313152261997   65.744031553879921 
   114.17441461737624   26.963235088417843 
   75.729204747149282   99.792136908895884 
   65.337921652392978   138.57293337435797 
   83.000565333107346   143.30562448480407 
    93.39184842786365   104.52482801934197 
   54.946638557636668   177.35372983982003 
   44.555355462880364   216.13452630528215 
   62.217999143594753   220.86721741572825 
   72.609282238351057   182.08642095026613 
   131.83705829809065   31.695926198863937 
   121.44577520333434   70.476722664326005 
   139.10841888404875   75.209413774772102 
   149.49970197880504    36.42861730931002 
   111.05449210857806   109.25751912978807 
   100.66320901382176   148.03831559525017 
   118.32585269453614   152.77100670569624 
   128.71713578929246   113.99021024023415 
   90.271925919065453   186.81911206071223 
   79.880642824309149   225.59990852617435 
   97.543286505023516   230.33259963662044 
   107.93456959977982   191.55180317115833 
   167.16234565951945   41.161308419756125 
   156.77106256476316     79.9421048852182 
   174.43370624547754   84.674795995664283 
   184.82498934023383   45.893999530202215 
   146.37977947000684   118.72290135068027 
   135.98849637525055   157.50369781614233 
   153.65114005596493   162.23638892658843 
   164.04242315072125   123.45559246112636 
   125.59721328049424   196.28449428160442 
   115.20593018573794   235.06529074706654 
   132.86857386645232   239.79798185751264 
   143.25985696120864   201.01718539205052 
   202.48763302094821   50.626690640648313 
   192.09634992619192   89.407487106110381 
    209.7589936069063   94.140178216556478 
   220.15027670166262   55.359381751094404 
   181.70506683143563   128.18828357157247 
   171.31378373667934   166.96908003703453 
   188.97642741739372   171.70177114748063 
   199.36771051215004   132.92097468201854 
   160.92250064192302   205.74987650249662 
   150.53121754716673   244.53067296795871 
   168.19386122788111   249.26336407840481 
    178.5851443226374   210.48256761294266 
     237.812920382377   60.092072861540487 
   227.42163728762065   98.872869327002576 
   245.08428096833509   103.60556043744866 
   255.47556406309135   64.824763971986584 
   217.03035419286439   137.65366579246461 
    206.6390710981081   176.43446225792673 
   224.30171477882249   181.16715336837282 
    234.6929978735788   142.38635690291071 
   196.24778800335179   215.21525872338881 
   185.85650490859547   253.99605518885087 
    213.9104316840662   219.94794983383485 
   33.132556799762412   46.813267112095552 
   43.523839894518709   8.0324706466334685 
   252.35564155429319   147.11904801335683 
    241.9643584595369   185.89984447881889 
   12.349990610249815   124.37486004301969 
   22.741273705006119    85.59406357755762 
   231.57307536478058   224.68064094428101 
   1.9587075154935096   163.15565650848177 
