   50.256677692166839   29.584526553595293 
   30.182260273154636   64.354437455670137 
   46.018153370927202   73.497294598527276 
   66.092570789939415   38.727383696452435 
   10.107842854142429   99.124348357744992 
   5.8693185329027848   143.03711640267696 
   25.943735951914988   108.26720550060212 
   86.166988208951608   3.9574727943776091 
   81.928463887712027   47.870240839309574 
   61.854046468699821   82.640151741384415 
   77.689939566472418   91.783008884241553 
   97.764356985484625    57.01309798216672 
   41.779629049687607   117.41006264345927 
    21.70521163067539    152.1799735455341 
   37.541104728447984   161.32283068839126 
   57.615522147460197   126.55291978631639 
   1.6307942116631842   186.94988444760895 
   102.00288130672423   13.100329937234761 
    117.8387744044968   22.243187080091893 
   17.466687309435788   196.09274159046609 
   113.60025008325721   66.155955125023851 
   93.525832664245002   100.92586602709869 
   109.36172576201758   110.06872316995585 
   129.43614318102979   75.298812267881004 
   73.451415245232795   135.69577692917352 
   53.376997826220574    170.4656878312484 
   69.212890923993172   179.60854497410551 
   89.287308343005378   144.83863407203069 
   33.302580407208367    205.2355987333232 
   133.67466750226941   31.386044222949032 
     149.510560600042   40.528901365806178 
   49.138473504980965   214.37845587618037 
    145.2720362788024   84.441669410738143 
   125.19761885979018   119.21158031281298 
   141.03351195756278   128.35443745567011 
   161.10792937657499   93.584526553595296 
   105.12320144077796   153.98149121488782 
   85.048784021765755   188.75140211696268 
   100.88467711953837   197.89425925981982 
   120.95909453855056   163.12434835774496 
   64.974366602753548   223.52131301903751 
   165.34645369781458   49.671758508663316 
   181.18234679558719   58.814615651520469 
    80.81025970052616   232.66417016189462 
   176.94382247434757   102.72738369645242 
   156.86940505533536   137.49729459852725 
   172.70529815310798   146.64015174138441 
   192.77971557212018   111.87024083930957 
   136.79498763632316    172.2672055006021 
   116.72057021731095   207.03711640267693 
   132.55646331508353    216.1799735455341 
   152.63088073409574   181.41006264345924 
   96.646152798298743   241.80702730475176 
   197.01823989335975   67.957472794377594 
   212.85413299113236   77.100329937234747 
   112.48204589607134   250.94988444760892 
   208.61560866989277   121.01309798216671 
   188.54119125088053   155.78300888424153 
   204.37708434865317   164.92586602709866 
   224.45150176766535   130.15595512502387 
   168.46677383186832   190.55291978631638 
   148.39235641285612   225.32283068839124 
   164.22824951062873    234.4656878312484 
   184.30266692964094   199.69577692917355 
   228.69002608890494   86.243187080091872 
   244.52591918667753   95.386044222949025 
   240.28739486543796   139.29881226788098 
   220.21297744642575   174.06872316995583 
   236.04887054419837   183.21158031281297 
    256.1232879632106   148.44166941073814 
   200.13856002741355   208.83863407203071 
   180.06414260840134   243.60854497410548 
   195.90003570617395   252.75140211696265 
   215.97445312518613   217.98149121488785 
