   94.160272883323216   20.372039068044185 
   65.770759512617445   48.761552438749959 
   78.700712082885744   61.691505009018258 
   107.09022545359151   33.301991638312465 
   37.381246141911681   77.151065809455716 
   8.9917327712059034   105.54057918016152 
   21.921685341474213    118.4705317504298 
    50.31119871217998   90.081018379724014 
   135.47973882429727   4.9124782676067227 
    120.0201780238598   46.231944208580764 
   91.630664653154028   74.621457579286542 
   104.56061722342234   87.551410149554826 
    132.9501305941281   59.161896778849048 
   63.241151282448278   103.01097094999231 
   34.851637911742507   131.40048432069807 
   47.781590482010806   144.33043689096638 
    76.17110385271657    115.9409235202606 
   6.4621245410367294   159.78999769140387 
   148.40969139456556   17.842430837875007 
   161.33964396483384   30.772383408143305 
   19.392077111305014   172.71995026167215 
   145.88008316439638   72.091849349117354 
   117.49056979369063   100.48136271982314 
   130.42052236395892   113.41131529009142 
   158.81003573466469   85.021801919385652 
   89.101056422984868    128.8708760905289 
    60.71154305227909   157.26038946123467 
   73.641495622547382   170.19034203150295 
   102.03100899325317   141.80082866079718 
   32.322029681573326   185.64990283194044 
   174.26959653510215   43.702335978411604 
   187.19954910537044   56.632288548679895 
   45.251982251841618   198.57985540220875 
   171.73998830493301   97.951754489653965 
   143.35047493422724   126.34126786035974 
   156.28042750449552   139.27122043062803 
   184.66994087520129   110.88170705992225 
   114.96096156352147   154.73078123106549 
   86.571448192815708   183.12029460177126 
   99.501400763084007   196.05024717203958 
   127.89091413378978   167.66073380133378 
   58.181934822109923   211.50980797247706 
   200.12950167563872   69.562241118948208 
   213.05945424590703   82.492193689216506 
   71.111887392378222   224.43976054274538 
    197.5998934454696   123.81165963019053 
   169.21038007476383   152.20117300089632 
   182.14033264503212    165.1311255711646 
   210.52984601573792   136.74161220045883 
   140.82086670405806   180.59068637160209 
   112.43135333335229   208.98019974230789 
   125.36130590362058   221.91015231257614 
   153.75081927432637    193.5206389418704 
    84.04183996264652   237.36971311301363 
   225.98940681617535   95.422146259484791 
   238.91935938644366   108.35209882975309 
   96.971792532914819   250.29966568328194 
   223.45979858600617   149.67156477072712 
    195.0702852153004   178.06107814143289 
   208.00023778556869   190.99103071170123 
   236.38975115627449   162.60151734099543 
   166.68077184459463   206.45059151213866 
   138.29125847388886   234.84010488284446 
   151.22121104415717   247.77005745311277 
   179.61072441486294   219.38054408240697 
   251.84931195671192   121.28205140002137 
    249.3197037265428   175.53146991126374 
   220.93019035583703   203.92098328196954 
   52.840806942349154   35.831599868481675 
   81.230320313054932   7.4420864977758976 
   192.54067698513128   232.31049665267528 
   24.451293571643408   64.221113239187432 
