   135.68910684571409   12.519176436725559 
    144.8319639885712   28.355069534498142 
   179.60187489064606   8.2806521154859354 
   100.91919594363925    32.59359385573778 
   66.149285041564411   52.668011274749993 
    75.29214218442155   68.503904372522584 
   110.06205308649641    48.42948695351037 
   31.379374139489563   72.742428693762221 
   5.7523203802718674   108.65273921054703 
   40.522231282346702   88.578321791534805 
    188.7447320335032   24.116545213258519 
   153.97482113142837   44.190962632270747 
   163.11767827428551   60.026855730043323 
   197.88758917636036   39.952438311031109 
   119.20491022935353    64.26538005128296 
   84.434999327278689   84.339797470295181 
   93.577856470135828   100.17569056806775 
   128.34776737221068   80.101273149055558 
   49.665088425203855    104.4142148893074 
   14.895177523128998   124.48863230831962 
   24.038034665986149   140.32452540609222 
   58.807945568061001   120.25010798707999 
    207.0304463192175     55.7883314088037 
   172.26053541714268   75.862748827815921 
   181.40339255999979   91.698641925588504 
   216.17330346207467   71.624224506576297 
   137.49062451506782   95.937166246828127 
   102.72071361299298   116.01158366584036 
   111.86357075585013   131.84747676361295 
   146.63348165792496   111.77305934460071 
    67.95080271091814   136.08600108485257 
   33.180891808843292    156.1604185038648 
   42.323748951700431   171.99631160163736 
   77.093659853775279   151.92189418262518 
   225.31616060493181   87.460117604348895 
   190.54624970285695   107.53453502336112 
   199.68910684571409    123.3704281211337 
   234.45901774778898   103.29601070212149 
   155.77633880078213   127.60895244237332 
   121.00642789870729   147.68336986138556 
   130.14928504156441   163.51926295915811 
   164.91919594363927   143.44484554014593 
   86.236516996632432   167.75778728039776 
   51.466606094557598      187.83220469941 
   60.609463237414737   203.66809779718258 
    95.37937413948957   183.59368037817035 
   243.60187489064606   119.13190379989408 
   208.83196398857123   139.20632121890631 
    217.9748211314284   155.04221431667889 
   252.74473203350323   134.96779689766666 
   174.06205308649641   159.28073863791849 
   139.29214218442155   179.35515605693072 
   148.43499932727872   195.19104915470331 
   183.20491022935354    175.1166317356911 
   104.52223128234672   199.42957347594293 
   69.752320380271883   219.50399089495517 
   78.895177523129021   235.33988399272775 
   113.66508842520386   215.26546657371557 
   227.11767827428554   170.87810741445145 
   236.26053541714271   186.71400051222403 
   192.34776737221071   190.95252483346368 
   157.57785647013586   211.02694225247592 
   166.72071361299297   226.86283535024845 
   201.49062451506782   206.78841793123627 
   122.80794556806102   231.10135967148815 
   88.038034665986174   251.17577709050033 
   131.95080271091814   246.93725276926071 
   245.40339255999984   202.54989360999667 
   210.63348165792496   222.62431102900885 
   175.86357075585013   242.69872844802109 
   57.006427898707273    36.83211817697741 
   91.776338800782113   16.757700757965182 
   22.236516996632421   56.906535595989638 
