   159.26791896886985   18.294890303467948 
   120.48712250340778   28.686173398224231 
   125.21981361385386    46.34881707893863 
   164.00061007931595   35.957533984182341 
   81.706326037945672   39.077456492980545 
   42.925529572483626   49.468739587736842 
   47.658220682929716   67.131383268451231 
    86.43901714839177   56.740100173694934 
    4.144733107021529   59.860022682493145 
   198.04871543433188   7.9036072087116427 
   202.78140654477798   25.566250889426044 
   8.8774242174676221   77.522666363207534 
   168.73330118976202    53.62017766489673 
   129.95250472429996   64.011460759653019 
   134.68519583474605   81.674104440367429 
   173.46599230020811   71.282821345611126 
   91.171708258837867   74.402743854409323 
   52.390911793375814   84.794026949165627 
   57.123602903821904   102.45667062988002 
   95.904399369283951   92.065387535123719 
   13.610115327913716    95.18531004392193 
   207.51409765522408   43.228894570140426 
   212.24678876567017   60.891538250854822 
   18.342806438359808   112.84795372463633 
   178.19868341065418   88.945465026325508 
   139.41788694519212   99.336748121081797 
   144.15057805563825   116.99939180179621 
   182.93137452110031    106.6081087070399 
   100.63709047973005    109.7280312158381 
   61.856294014267995    120.1193143105944 
   66.588985124714085   137.78195799130881 
   105.36978159017615   127.39067489655251 
   23.075497548805881   130.51059740535069 
   216.97947987611627   78.554181931569204 
   221.71217098656237   96.216825612283614 
   27.808188659251996    148.1732410860651 
   187.66406563154641   124.27075238775429 
   148.88326916608432   134.66203548251059 
   153.61596027653042     152.324679163225 
    192.3967567419925   141.93339606846868 
   110.10247270062223   145.05331857726691 
   71.321676235160183    155.4446016720232 
   76.054367345606281   173.10724535273758 
   114.83516381106833   162.71596225798129 
    32.54087976969808   165.83588476677951 
   226.44486209700847   113.87946929299801 
   231.17755320745454   131.54211297371239 
    37.27357088014417    183.4985284474939 
    197.1294478524386   159.59603974918309 
   158.34865138697651   169.98732284393938 
   163.08134249742258   187.64996652465376 
   201.86213896288467   177.25868342989747 
   119.56785492151442   180.37860593869567 
   80.787058456052378   190.76988903345196 
   85.519749566498461   208.43253271416637 
   124.30054603196052   198.04124961941005 
   42.006261990590268   201.16117212820828 
   235.91024431790063   149.20475665442677 
   240.64293542834673   166.86740033514116 
   46.738953101036358   218.82381580892266 
   206.59483007333077   194.92132711061188 
   167.81403360786871    205.3126102053682 
   172.54672471831478   222.97525388608256 
   211.32752118377687   212.58397079132624 
   129.03323714240662   215.70389330012446 
   90.252440676944559   226.09517639488075 
   94.985131787390657   243.75782007559516 
   133.76592825285269   233.36653698083882 
   51.471644211482463   236.48645948963707 
   245.37562653879286   184.53004401585559 
   250.10831764923893   202.19268769656995 
   56.204335321928546   254.14910317035142 
   216.06021229422296   230.24661447204065 
    177.2794158287609   240.63789756679697 
   115.75443139296168   11.023529717509874 
   138.49861936329879   251.02918066155326 
   38.192838462037528   31.806095907022485 
   76.973634927499589   21.414812812266181 
   254.84100875968502   219.85533137728439 
