   232.62932595148186   36.004031795442302 
   192.48049111345742   36.004031795442316 
   192.48049111345745   54.289746081156594 
   232.62932595148186   54.289746081156586 
   152.33165627543301   36.004031795442316 
   112.18282143740861   36.004031795442316 
   112.18282143740861   54.289746081156594 
   152.33165627543301   54.289746081156594 
   72.033986599384164   36.004031795442316 
    31.88515176135973   36.004031795442323 
    31.88515176135974   54.289746081156608 
   72.033986599384164   54.289746081156594 
   232.62932595148186   72.575460366870885 
   192.48049111345745   72.575460366870885 
   192.48049111345745   90.861174652585177 
   232.62932595148186   90.861174652585177 
   152.33165627543301   72.575460366870885 
   112.18282143740861   72.575460366870885 
   112.18282143740861   90.861174652585177 
   152.33165627543301   90.861174652585177 
   72.033986599384164   72.575460366870885 
    31.88515176135974     72.5754603668709 
    31.88515176135974   90.861174652585177 
   72.033986599384164   90.861174652585177 
   232.62932595148186   109.14688893829945 
   192.48049111345745   109.14688893829945 
   192.48049111345745   127.43260322401373 
   232.62932595148186   127.43260322401373 
   152.33165627543301   109.14688893829945 
   112.18282143740861   109.14688893829945 
   112.18282143740861   127.43260322401373 
   152.33165627543301   127.43260322401373 
   72.033986599384164   109.14688893829945 
    31.88515176135974   109.14688893829945 
    31.88515176135974   127.43260322401373 
   72.033986599384164   127.43260322401373 
   232.62932595148186   145.71831750972805 
   192.48049111345745   145.71831750972805 
   192.48049111345745    164.0040317954423 
   232.62932595148186    164.0040317954423 
   152.33165627543301   145.71831750972805 
   112.18282143740861   145.71831750972805 
   112.18282143740861    164.0040317954423 
   152.33165627543303    164.0040317954423 
   72.033986599384164   145.71831750972805 
    31.88515176135974   145.71831750972805 
    31.88515176135974    164.0040317954423 
   72.033986599384164    164.0040317954423 
   232.62932595148186   182.28974608115661 
   192.48049111345745   182.28974608115661 
   192.48049111345745   200.57546036687086 
   232.62932595148186   200.57546036687086 
   152.33165627543303   182.28974608115661 
   112.18282143740861   182.28974608115661 
   112.18282143740861   200.57546036687086 
   152.33165627543303   200.57546036687086 
   72.033986599384164   182.28974608115661 
    31.88515176135974   182.28974608115661 
    31.88515176135974   200.57546036687086 
   72.033986599384164   200.57546036687086 
   232.62932595148186   218.86117465258516 
   192.48049111345748   218.86117465258516 
   192.48049111345748   237.14688893829944 
   232.62932595148186   237.14688893829944 
   152.33165627543303   218.86117465258516 
   112.18282143740861   218.86117465258516 
   112.18282143740861   237.14688893829944 
   152.33165627543303   237.14688893829944 
   72.033986599384178   218.86117465258516 
   31.885151761359751   218.86117465258516 
   31.885151761359751   237.14688893829944 
   72.033986599384178   237.14688893829944 
   232.62932595148186   255.43260322401375 
   192.48049111345748   255.43260322401375 
   192.48049111345742   17.718317509728042 
   232.62932595148186   17.718317509728042 
   152.33165627543303   255.43260322401375 
   112.18282143740861   255.43260322401375 
   112.18282143740861   17.718317509728042 
   152.33165627543301   17.718317509728042 
   72.033986599384178   255.43260322401375 
   31.885151761359751   255.43260322401375 
    31.88515176135973   17.718317509728042 
   72.033986599384164   17.718317509728042 
