   31.411549040000242   62.382574060405325 
   54.038966037969764   110.38257406040533 
   31.411549040000242   78.382574060405332 
   54.038966037969764   94.382574060405332 
   31.411549040000242   126.38257406040533 
   54.038966037969764   174.38257406040532 
   31.411549040000242   142.38257406040532 
   54.038966037969764   158.38257406040532 
   31.411549040000242   190.38257406040532 
   54.038966037969764   238.38257406040532 
   31.411549040000242   206.38257406040532 
   54.038966037969764   222.38257406040535 
   31.411549040000242   254.38257406040532 
   54.038966037969764   46.382574060405283 
   31.411549040000242   14.382574060405327 
   54.038966037969764    30.38257406040535 
   76.666383035939276   62.382574060405325 
   99.293800033908781   110.38257406040533 
   76.666383035939276   78.382574060405332 
   99.293800033908781   94.382574060405332 
   76.666383035939276   126.38257406040533 
   99.293800033908781   174.38257406040532 
   76.666383035939276   142.38257406040532 
   99.293800033908781   158.38257406040532 
   76.666383035939276   190.38257406040532 
   99.293800033908781   238.38257406040532 
   76.666383035939276   206.38257406040532 
   99.293800033908781   222.38257406040535 
   76.666383035939276   254.38257406040532 
   99.293800033908781   46.382574060405283 
   76.666383035939276   14.382574060405327 
   99.293800033908781    30.38257406040535 
    121.9212170318783   62.382574060405325 
   144.54863402984782   110.38257406040533 
    121.9212170318783   78.382574060405332 
   144.54863402984782   94.382574060405332 
    121.9212170318783   126.38257406040533 
   144.54863402984782   174.38257406040532 
    121.9212170318783   142.38257406040532 
   144.54863402984782   158.38257406040532 
    121.9212170318783   190.38257406040532 
   144.54863402984782   238.38257406040532 
    121.9212170318783   206.38257406040532 
   144.54863402984782   222.38257406040535 
    121.9212170318783   254.38257406040532 
   144.54863402984782   46.382574060405283 
    121.9212170318783   14.382574060405327 
   144.54863402984782    30.38257406040535 
   167.17605102781735   62.382574060405325 
   189.80346802578686   110.38257406040533 
   167.17605102781735   78.382574060405332 
   189.80346802578686   94.382574060405332 
   167.17605102781735   126.38257406040533 
   189.80346802578686   174.38257406040532 
   167.17605102781735   142.38257406040532 
   189.80346802578686   158.38257406040532 
   167.17605102781735   190.38257406040532 
   189.80346802578686   238.38257406040532 
   167.17605102781735   206.38257406040532 
   189.80346802578686   222.38257406040535 
   167.17605102781735   254.38257406040532 
   189.80346802578686   46.382574060405283 
   167.17605102781735   14.382574060405327 
   189.80346802578686    30.38257406040535 
   212.43088502375636   62.382574060405325 
   235.05830202172592   110.38257406040533 
   212.43088502375636   78.382574060405332 
   235.05830202172592   94.382574060405332 
   212.43088502375636   126.38257406040533 
   235.05830202172592   174.38257406040532 
   212.43088502375636   142.38257406040532 
   235.05830202172592   158.38257406040532 
   212.43088502375636   190.38257406040532 
   235.05830202172592   238.38257406040532 
   212.43088502375636   206.38257406040532 
   235.05830202172592   222.38257406040535 
   212.43088502375636   254.38257406040532 
   235.05830202172592   46.382574060405283 
   212.43088502375636   14.382574060405327 
   235.05830202172592    30.38257406040535 
