   65.391354106228604   17.021748961974449 
   74.824446401858623   69.242595084400762 
   61.250249384588273   32.476562182599544 
   78.965551123498955   53.787781863775663 
   48.826935219667284   78.841001844474832 
   58.260027515297303   131.06184796690113 
   44.685830498026952    94.29581506509993 
   62.401132236937634   115.60703474627603 
    32.26251633310595   140.66025472697518 
   41.695608628735968   192.88110084940155 
   28.121411611465607   156.11506794760029 
   45.836713350376307   177.42628762877644 
   15.698097446544621    202.4795076094756 
    91.38886528841995   7.4233422019003745 
   11.556992724904276   217.93432083010066 
   109.10416702733065   28.734561883076488 
   118.53725932296067   80.955408005502804 
    104.9630623056903   44.189375103701593 
   122.67836404460101   65.500594784877705 
   92.539748140769319    90.55381476557686 
   101.97284043639932   142.77466088800315 
   88.398643419128973   106.00862798620196 
   106.11394515803967   127.31984766737807 
   75.975329254207992   152.37306764807724 
   85.408421549837996   204.59391377050352 
    71.83422453256766   167.82788086870232 
   89.549526271478342   189.13910054987844 
   59.410910367646657   214.19232053057763 
   135.10167820952199   19.136155123002393 
   55.269805646006326   229.64713375120269 
   139.24278293116231   3.6813419023773197 
   152.81697994843267   40.447374804178537 
   162.25007224406266   92.668220926604818 
   148.67587522679236   55.902188024803628 
   166.39117696570301   77.213407705979733 
   136.25256106187135    102.2666276866789 
   145.68565335750134   154.48747380910521 
     132.111456340231   117.72144090730399 
   149.82675807914168    139.0326605884801 
   119.68814217531002   164.08588056917927 
   129.12123447094001   216.30672669160558 
    115.5470374536697   179.54069378980438 
   133.26233919258036   200.85191347098049 
   103.12372328874869   225.90513345167966 
   178.81449113062402   30.848968044104431 
   98.982618567108346   241.35994667230474 
   182.95559585226434   15.394154823479358 
   196.52979286953467   52.160187725280565 
   205.96288516516472   104.38103384770686 
   192.38868814789436   67.615000945905663 
   210.10398988680504   88.926220627081776 
   179.96537398297338   113.97944060778093 
   189.39846627860339   166.20028673020724 
   175.82426926133303   129.43425382840604 
   193.53957100024374   150.74547350958215 
   163.40095509641205   175.79869349028132 
   172.83404739204207    228.0195396127076 
    159.2598503747717   191.25350671090641 
   176.97515211368238   212.56472639208249 
   146.83653620985072   237.61794637278172 
   222.52730405172605   42.561780965206466 
   142.69543148821037   253.07275959340677 
   226.66840877336642   27.106967744581397 
   240.24260579063676     63.8730006463826 
   31.111633480756627   57.529782163298734 
   236.10150106899641   79.327813867007691 
   35.252738202396948   42.074968942673635 
    223.6781869040754   125.69225352888297 
   14.547214594195296    119.3490350457991 
   219.53708218243506   141.14706674950807 
   18.688319315835617   103.89422182517401 
    207.1137680175141   187.51150641138332 
   202.97266329587373   202.96631963200844 
    2.123900429274308   165.71347470767438 
   190.54934913095272   249.33075929388374 
