    83.65686190321253   20.214612009915541 
   79.252779845477946   73.097539890553364 
    75.65686190321253   34.071018470466569 
   87.252779845477946   59.241133430002343 
   51.656861903212537   75.640237852119611 
   47.252779845477953   128.52316573275746 
   43.656861903212523   89.496644312670654 
    55.25277984547796   114.66675927220641 
   19.656861903212537    131.0658636943237 
   15.252779845477962   183.94879157496152 
   11.656861903212524   144.92227015487472 
   23.252779845477971   170.09238511441049 
   111.25277984547796   17.671914048349262 
   119.25277984547795   3.8155075877982534 
   122.84869778774336   42.842029007885053 
   118.44461573000879   95.724956888522883 
   114.84869778774338   56.698435468436081 
   126.44461573000881   81.868550427971854 
   90.848697787743376   98.267654850089116 
   86.444615730008792   151.15058273072697 
   82.848697787743362   112.12406131064017 
   94.444615730008806   137.29417627017594 
   58.848697787743376   153.69328069229323 
   54.444615730008806   206.57620857293105 
   50.848697787743369   167.54968715284426 
   62.444615730008806   192.71980211237999 
   26.848697787743387   209.11890653449728 
   150.44461573000882    40.29933104631877 
   146.84869778774336   1.2728096262320159 
   158.44461573000879   26.442924585767773 
   162.04053367227422   65.469446005854579 
   157.63645161453962    118.3523738864924 
   154.04053367227422   79.325852466405593 
   165.63645161453962   104.49596742594137 
   130.04053367227422   120.89507184805863 
   125.63645161453964   173.77799972869647 
   122.04053367227421   134.75147830860968 
   133.63645161453965   159.92159326814541 
   98.040533672274222    176.3206976902627 
   93.636451614539638   229.20362557090056 
   90.040533672274208   190.17710415081373 
   101.63645161453965   215.34721911034953 
   66.040533672274236   231.74632353246679 
   189.63645161453965   62.926748044288281 
   186.04053367227422   23.900226624201515 
   197.63645161453962   49.070341583737275 
   201.23236955680508   88.096863003824083 
   196.82828749907048   140.97979088446189 
   193.23236955680508   101.95326946437511 
   204.82828749907051   127.12338442391089 
   169.23236955680508   143.52248884602815 
   164.82828749907048   196.40541672666598 
   161.23236955680505   157.37889530657918 
   172.82828749907051   182.54901026611495 
   137.23236955680508   198.94811468823221 
   132.82828749907048   251.83104256887006 
   129.23236955680505   212.80452114878329 
   140.82828749907051   237.97463610831903 
    105.2323695568051   254.37374053043632 
   228.82828749907048   85.554165042257807 
   225.23236955680503   46.527643622171034 
   236.82828749907046   71.697758581706793 
   240.42420544133591    110.7242800017936 
   236.02012338360132   163.60720788243142 
   232.42420544133591   124.58068646234463 
   244.02012338360134    149.7508014218804 
   208.42420544133591   166.14990584399769 
   204.02012338360132   219.03283372463551 
   200.42420544133591   180.00631230454871 
   212.02012338360134   205.17642726408445 
   176.42420544133591   221.57553168620177 
   168.42420544133591    235.4319381467528 
