   138.16199360197129   37.631396782347544 
   149.47570210095603    26.31768828336277 
   110.84828510298652   32.945105281332289 
   92.907159606032252   82.886230778286588 
   99.534576604001771   44.258813780317062 
     104.220868105017   71.572522279301822 
   65.593451107047471   78.199939277271341 
   47.652325610093207   128.14106477422564 
   54.279742608062712   89.513647776256107 
   58.966034109077967   116.82735627524086 
   20.338617111108434   123.45477327321038 
   2.3974916141541827   173.39589877016465 
   9.0249086121236619   134.76848177219517 
   13.711200113138933   162.08219027117991 
   188.10311909892556   19.690271285393248 
   170.16199360197129   69.631396782347537 
   176.78941059994082   31.003979784378021 
   181.47570210095603    58.31768828336277 
   142.84828510298652   64.945105281332303 
   124.90715960603225   114.88623077828659 
   131.53457660400176    76.25881378031707 
   136.22086810501699   103.57252227930181 
   97.593451107047471   110.19993927727134 
     79.6523256100932   160.14106477422564 
   86.279742608062719   121.51364777625611 
   90.966034109077967   148.82735627524085 
   52.338617111108441   155.45477327321038 
   34.397491614154184   205.39589877016465 
   41.024908612123674   166.76848177219517 
   45.711200113138936   194.08219027117991 
   220.10311909892556   51.690271285393251 
   202.16199360197126   101.63139678234752 
   208.78941059994082   63.003979784378011 
   213.47570210095603   90.317688283362756 
   174.84828510298652   96.945105281332289 
   156.90715960603222   146.88623077828657 
   163.53457660400176   108.25881378031707 
   168.22086810501699   135.57252227930181 
   129.59345110704749   142.19993927727134 
    111.6523256100932   192.14106477422561 
   118.27974260806272   153.51364777625611 
   122.96603410907795   180.82735627524085 
   84.338617111108448   187.45477327321038 
   66.397491614154177   237.39589877016465 
   73.024908612123667   198.76848177219517 
   77.711200113138929   226.08219027117991 
   252.10311909892556   83.690271285393223 
   234.16199360197129   133.63139678234751 
   240.78941059994077   95.003979784378004 
   245.47570210095603   122.31768828336277 
   206.84828510298652   128.94510528133227 
   188.90715960603225   178.88623077828657 
   195.53457660400176   140.25881378031704 
   200.22086810501699   167.57252227930181 
   161.59345110704749   174.19993927727134 
   143.65232561009321   224.14106477422561 
   150.27974260806272   185.51364777625608 
   154.96603410907798   212.82735627524085 
   116.33861711110843   219.45477327321038 
   105.02490861212367   230.76848177219517 
    106.1619936019713   5.6313967823475624 
   238.84828510298652   160.94510528133227 
   60.907159606032266   50.886230778286617 
   227.53457660400173   172.25881378031704 
   72.220868105017033   39.572522279301857 
   193.59345110704749   206.19993927727134 
   15.652325610093225   96.141064774225654 
   182.27974260806272   217.51364777625608 
   26.966034109077995   84.827356275240902 
   148.33861711110842   251.45477327321038 
