   147.22719721840804   26.051712443627025 
   116.97168633573973   69.647630385892455 
   133.37079075785701   34.051712443627032 
   130.82809279629075   61.647630385892462 
   91.801571376203952   58.051712443627032 
   61.546060493535649   101.64763038589247 
   77.945164915652924   66.051712443627039 
   75.402466954086677   93.647630385892455 
   36.375945533999854   90.051712443627039 
    6.120434651331597   133.64763038589248 
   22.519539073448865   98.051712443627054 
   19.976841111882624   125.64763038589246 
    172.3973121779438   37.647630385892448 
   188.79641660006104   2.0517124436270353 
   186.25371863849483   29.647630385892441 
   169.85461421637754   65.243548328157871 
   139.59910333370925   108.83946627042329 
   155.99820775582654   73.243548328157871 
   153.45550979426025   100.83946627042329 
   114.42898837417347   97.243548328157871 
   84.173477491505167   140.83946627042332 
   100.57258191362246   105.24354832815789 
   98.029883952056181   132.83946627042329 
    59.00336253196938   129.24354832815789 
   28.747851649301097   172.83946627042332 
   45.146956071418387   137.24354832815789 
    42.60425810985214   164.83946627042329 
   3.5777366897653171   161.24354832815791 
   195.02472917591331   76.839466270423287 
   211.42383359803057   41.243548328157885 
   208.88113563646434   68.839466270423259 
   192.48203121434707   104.43538421268873 
   162.22652033167878   148.03130215495415 
   178.62562475379605   112.43538421268872 
   176.08292679222978   140.03130215495412 
   137.05640537214299   136.43538421268872 
    106.8008944894747   180.03130215495415 
   123.19999891159198   144.43538421268875 
   120.65730095002573   172.03130215495415 
    81.63077952993892   168.43538421268875 
    51.37526864727063   212.03130215495415 
   67.774373069387906   176.43538421268875 
   65.231675107821658   204.03130215495412 
   26.205153687734839   200.43538421268875 
   217.65214617388284   116.03130215495413 
   234.05125059600007   80.435384212688746 
   231.50855263443387   108.03130215495412 
   215.10944821231658   143.62722009721955 
   184.85393732964829   187.22313803948498 
   201.25304175176558   151.62722009721955 
   198.71034379019929   179.22313803948501 
   159.68382237011252   175.62722009721955 
    129.4283114874442   219.22313803948498 
   145.82741590956149   183.62722009721955 
   143.28471794799523   211.22313803948501 
   104.25819652790841   207.62722009721958 
   74.002685645240163   251.22313803948501 
   90.401790067357425   215.62722009721955 
   87.859092105791191   243.22313803948501 
   48.832570685704347   239.62722009721958 
    240.2795631718524   155.22313803948498 
   256.67866759396958   119.62722009721958 
   254.13596963240337   147.22313803948495 
   237.73686521028611   182.81905598175041 
     94.3442693377702    30.45579450136162 
   223.88045874973511   190.81905598175041 
   108.20067579832124    22.45579450136163 
   182.31123936808206   214.81905598175041 
   38.918643495566144    62.45579450136163 
   168.45483290753103   222.81905598175041 
   52.775049956117158    54.45579450136163 
   126.88561352587796   246.81905598175041 
   113.02920706532697   254.81905598175041 
