   195.19378585184893   40.707850500607705 
   154.68575265052468   74.987571126079715 
   179.73897263122387   44.848955222248037 
   170.14056587114976   70.846466404439383 
   133.37453296934856   57.272269387169032 
   92.866499768024298   91.551990012641042 
   117.91971974872347   61.413374108809364 
    108.3213129886494   87.410885291000724 
     71.5552800868482    73.83668827373036 
   31.047246885523904   108.11640889920237 
   56.100466866223101   77.977792995370692 
   46.502060106149031   103.97530417756202 
   9.7360272043478133   90.401107160291687 
   216.50500553302507   58.423152239518387 
   231.95981875365013   54.282047517878055 
   206.90659877295096   84.420663421709747 
    166.3985655716267   118.70038404718174 
    191.4517855523259   88.561768143350079 
   181.85337879225182   114.55927932554143 
   145.08734589045059   100.98508230827107 
   104.57931268912634   135.26480293374308 
   129.63253266982551   105.12618702991142 
   120.03412590975142   131.12369821210277 
   83.268093007950228    117.5495011948324 
   42.760059806625954   151.82922182030441 
   67.813279787325143   121.69060591647272 
   58.214873027251066   147.68811709866409 
   21.448840125449852   134.11392008139373 
    228.2178184541271   102.13596516062042 
   5.9940269048247368   138.25502480303405 
   243.67263167475218   97.994860438980098 
   218.61941169405301   128.13347634281178 
   178.11137849272876   162.41319696828376 
   203.16459847342793   132.27458106445212 
   193.56619171335385   158.27209224664344 
   156.80015881155265    144.6978952293731 
   116.29212561022838   178.97761585484508 
   141.34534559092754   148.83899995101342 
   131.74693883085348   174.83651113320477 
    94.98090592905227   161.26231411593443 
   54.472872727727982   195.54203474140644 
   79.526092708427171   165.40341883757478 
   69.927685948353101   191.40093001976609 
   33.161653046551891   177.82673300249576 
   239.93063137522915   145.84877808172243 
   17.706839825926775    181.9678377241361 
   255.38544459585421   141.70767336008211 
   230.33222461515504    171.8462892639138 
   189.82419141383082   206.12600988938584 
   214.87741139452999   175.98739398555412 
   205.27900463445587    201.9849051677455 
   168.51297173265468   188.41070815047513 
   128.00493853133042   222.69042877594714 
   153.05815851202959   192.55181287211545 
   143.45975175195551   218.54932405430682 
    106.6937188501543   204.97512703703646 
   66.185685648830017    239.2548476625085 
   91.238905629529214   209.11623175867678 
   81.640498869455129   235.11374294086815 
   44.874465967653926   221.53954592359779 
   251.64344429633118   189.56159100282451 
   29.419652747028813    225.6806506452381 
    242.0450375362571   215.55910218501583 
   142.97293972942265   31.274758204977715 
   226.59022431563201   219.70020690665621 
   158.42775295004776   27.133653483337394 
    180.2257846537567   232.12352107157716 
   81.153686846922284   47.839177091539042 
   164.77097143313159   236.26462579321748 
   96.608500067547382   43.698072369898711 
   118.40653177125634   248.68793995813849 
   19.334433964421887   64.403595978100384 
   102.95171855063124   252.82904467977886 
   34.789247185047003   60.262491256460045 
   204.79219261192304   14.710339318416384 
    220.2470058325481   10.569234596776061 
