   220.90054407011138    48.58044320895069 
   172.90054407011135   71.207860206920216 
   204.90054407011135   48.580443208950705 
   188.90054407011135   71.207860206920216 
   156.90054407011135   48.580443208950705 
   108.90054407011135   71.207860206920216 
   140.90054407011135   48.580443208950705 
   124.90054407011135   71.207860206920216 
   92.900544070111351   48.580443208950705 
   44.900544070111351   71.207860206920216 
   76.900544070111351   48.580443208950705 
   60.900544070111373   71.207860206920216 
   28.900544070111376   48.580443208950712 
   236.90054407011141   71.207860206920202 
   12.900544070111353   48.580443208950712 
   252.90054407011138   71.207860206920202 
   220.90054407011138   93.835277204889721 
   172.90054407011135   116.46269420285925 
   204.90054407011135   93.835277204889721 
   188.90054407011135   116.46269420285925 
   156.90054407011135   93.835277204889735 
   108.90054407011135   116.46269420285925 
   140.90054407011135   93.835277204889735 
   124.90054407011135   116.46269420285925 
   92.900544070111351   93.835277204889735 
   44.900544070111351   116.46269420285925 
   76.900544070111351   93.835277204889749 
   60.900544070111373   116.46269420285925 
   28.900544070111376   93.835277204889749 
   236.90054407011141   116.46269420285925 
   12.900544070111353   93.835277204889749 
   252.90054407011138   116.46269420285925 
   220.90054407011138   139.09011120082877 
   172.90054407011135   161.71752819879828 
   204.90054407011135   139.09011120082877 
   188.90054407011135   161.71752819879828 
   156.90054407011135   139.09011120082877 
   108.90054407011135   161.71752819879828 
   140.90054407011135   139.09011120082877 
   124.90054407011135   161.71752819879828 
   92.900544070111351   139.09011120082877 
   44.900544070111351   161.71752819879828 
   76.900544070111351   139.09011120082877 
   60.900544070111373   161.71752819879828 
   28.900544070111376   139.09011120082877 
   236.90054407011141   161.71752819879828 
   12.900544070111353   139.09011120082877 
   252.90054407011138   161.71752819879828 
   220.90054407011138   184.34494519676781 
   172.90054407011135   206.97236219473731 
   204.90054407011135   184.34494519676781 
   188.90054407011135   206.97236219473731 
   156.90054407011135   184.34494519676781 
   108.90054407011135   206.97236219473731 
   140.90054407011135   184.34494519676781 
   124.90054407011135   206.97236219473731 
   92.900544070111351   184.34494519676781 
   44.900544070111351   206.97236219473731 
   76.900544070111351   184.34494519676781 
   60.900544070111373   206.97236219473731 
   28.900544070111376   184.34494519676781 
   236.90054407011141   206.97236219473731 
   12.900544070111353   184.34494519676781 
   252.90054407011138   206.97236219473731 
   220.90054407011138   229.59977919270685 
   172.90054407011135   25.953026210981182 
   204.90054407011135   229.59977919270685 
   188.90054407011132   25.953026210981182 
   156.90054407011135   229.59977919270685 
   108.90054407011135   25.953026210981182 
   140.90054407011135   229.59977919270685 
   124.90054407011135   25.953026210981182 
   92.900544070111351   229.59977919270685 
   44.900544070111344   25.953026210981182 
   76.900544070111366   229.59977919270685 
   60.900544070111366   25.953026210981182 
   28.900544070111376   229.59977919270685 
   236.90054407011141   25.953026210981182 
   12.900544070111353   229.59977919270685 
   252.90054407011138   25.953026210981182 
