   39.880463710740841   43.095542237340901 
   65.480463710740835   68.695542237340902 
   39.880463710740841   94.295542237340911 
   65.480463710740835   119.89554223734092 
   39.880463710740841   145.49554223734091 
   65.480463710740835   171.09554223734088 
   39.880463710740841    196.6955422373409 
   65.480463710740835    222.2955422373409 
   39.880463710740841   247.89554223734092 
   65.480463710740835   17.495542237340878 
    91.08046371074083   43.095542237340901 
   116.68046371074085   68.695542237340902 
    91.08046371074083   94.295542237340911 
   116.68046371074085   119.89554223734092 
    91.08046371074083   145.49554223734091 
   116.68046371074085   171.09554223734088 
    91.08046371074083    196.6955422373409 
   116.68046371074085    222.2955422373409 
    91.08046371074083   247.89554223734092 
   116.68046371074085   17.495542237340878 
   142.28046371074083   43.095542237340901 
   167.88046371074083   68.695542237340902 
   142.28046371074083   94.295542237340911 
   167.88046371074083   119.89554223734092 
   142.28046371074083   145.49554223734091 
   167.88046371074083   171.09554223734088 
   142.28046371074083    196.6955422373409 
   167.88046371074083    222.2955422373409 
   142.28046371074083   247.89554223734092 
   167.88046371074083   17.495542237340878 
   193.48046371074085   43.095542237340901 
   219.08046371074087   68.695542237340902 
   193.48046371074085   94.295542237340911 
   219.08046371074087   119.89554223734092 
   193.48046371074085   145.49554223734091 
   219.08046371074087   171.09554223734088 
   193.48046371074085    196.6955422373409 
   219.08046371074087    222.2955422373409 
   193.48046371074085   247.89554223734092 
   219.08046371074087   17.495542237340878 
   244.68046371074081   43.095542237340901 
   14.280463710740831   68.695542237340902 
   244.68046371074081   94.295542237340911 
   14.280463710740831   119.89554223734092 
   244.68046371074081   145.49554223734091 
   14.280463710740831   171.09554223734088 
   244.68046371074081    196.6955422373409 
   14.280463710740831    222.2955422373409 
   244.68046371074081   247.89554223734092 
   14.280463710740831   17.495542237340878 
