   72.424988663359869   31.076116558656597 
   90.526922261735479   62.429585266281279 
   59.173453554110814   80.531518864656888 
   77.275387152486417   111.88498757228159 
   45.921918444861745   129.98692117065718 
   64.023852043237355   161.34038987828188 
   32.670383335612684   179.44232347665749 
   50.772316933988307   210.79579218428213 
   19.418848226363611    228.8977257826578 
   103.77845737098455   12.974182960280947 
   121.88039096936018   44.327651667905663 
   139.98232456773579   75.681120375530341 
    108.6288558601111   93.783053973905965 
   126.73078945848674   125.13652268153065 
   95.377320750862054   143.23845627990625 
   113.47925434923766   174.59192498753094 
   82.125785641612993   192.69385858590655 
   100.22771923998862   224.04732729353123 
   68.874250532363931   242.14926089190686 
   153.23385967698488   26.225718069530014 
   171.33579327536046   57.579186777154717 
   189.43772687373607   88.932655484779403 
    158.0842581661114   107.03458908315503 
   176.18619176448701    138.3880577907797 
   144.83272305686233   156.48999138915531 
   162.93465665523794   187.84346009677998 
   131.58118794761327   205.94539369515562 
   149.68312154598888   237.29886240278029 
   118.32965283836423    255.4007960011559 
   202.68926198298513   39.477253178779073 
    220.7911955813608   70.830721886403779 
   238.89312917973638   102.18419059402846 
   207.53966047211171   120.28612419240407 
   225.64159407048732   151.63959290002876 
   194.28812536286264   169.74152649840437 
   212.39005896123825   201.09499520602907 
   181.03659025361358   219.19692880440468 
   199.13852385198922   250.55039751202935 
   252.14466428898547   52.728788288028134 
   41.071519955735162   49.178050157032196 
   256.99506277811201   133.53765930165315 
   27.819984846486108   98.633452463032512 
   243.74352766886298   182.99306160765343 
   14.568449737237053   148.08885476903282 
   230.49199255961389   232.44846391365374 
   1.3169146279879862   197.54425707503307 
