   78.057021110967625   22.849603070257757 
   43.086770774086013   32.219853407139396 
   52.457021110967631   67.190103744021002 
   17.486770774086015   76.560354080902655 
   26.857021110967619   111.53060441778429 
   1.2570211109676204   155.87110509154758 
   113.02727144784927   13.479352733376118 
   122.39752178473088   48.449603070257744 
   87.427271447849265   57.819853407139391 
   96.797521784730904    92.79010374402101 
   61.827271447849263   102.16035408090265 
   71.197521784730895    137.1306044177843 
   36.227271447849255   146.50085475466594 
    45.59752178473088   181.47110509154754 
   10.627271447849282   190.84135542842918 
   147.99752178473091   4.1091023964944799 
   157.36777212161252   39.079352733376119 
   166.73802245849416   74.049603070257746 
   131.76777212161252   83.419853407139385 
   141.13802245849416   118.39010374402102 
   106.16777212161251   127.76035408090263 
   115.53802245849415   162.73060441778426 
   80.567772121612506    172.1008547546659 
   89.938022458494146   207.07110509154757 
   54.967772121612533   216.44135542842912 
   192.33802245849412    29.70910239649449 
   201.70827279537579   64.679352733376135 
   211.07852313225746   99.649603070257754 
    176.1082727953758   109.01985340713938 
   185.47852313225746   143.99010374402101 
    150.5082727953758   153.36035408090265 
   159.87852313225744   188.33060441778429 
   124.90827279537579   197.70085475466593 
   134.27852313225742   232.67110509154756 
   99.308272795375814   242.04135542842914 
   236.67852313225742   55.309102396494495 
   246.04877346913909   90.279352733376129 
   255.41902380602065   125.24960307025772 
   220.44877346913907   134.61985340713937 
   229.81902380602065   169.59010374402095 
   194.84877346913908   178.96035408090265 
   204.21902380602063   213.93060441778425 
   169.24877346913905   223.30085475466592 
