   94.593583968446083   35.424050506363038 
    58.38971677169485   35.424050506363038 
   58.389716771694836   71.627917703114278 
     22.1858495749436   71.627917703114292 
     22.1858495749436   107.83178489986553 
   167.00131836194856   35.424050506363024 
   130.79745116519732   35.424050506363038 
   130.79745116519732   71.627917703114264 
   94.593583968446083   71.627917703114264 
   94.593583968446083    107.8317848998655 
   58.389716771694829   107.83178489986553 
   58.389716771694836   144.03565209661676 
   22.185849574943624   144.03565209661673 
   22.185849574943624   180.23951929336798 
   203.20518555869975   35.424050506363024 
   203.20518555869978    71.62791770311425 
   167.00131836194853    71.62791770311425 
   167.00131836194856    107.8317848998655 
   130.79745116519732   107.83178489986548 
   130.79745116519732   144.03565209661673 
   94.593583968446069   144.03565209661673 
   94.593583968446069   180.23951929336798 
    58.38971677169485   180.23951929336795 
   58.389716771694864    216.4433864901192 
   239.40905275545103   71.627917703114264 
   239.40905275545103    107.8317848998655 
   203.20518555869978    107.8317848998655 
   203.20518555869978   144.03565209661673 
   167.00131836194856   144.03565209661673 
   167.00131836194856   180.23951929336798 
   130.79745116519732   180.23951929336798 
   130.79745116519732   216.44338649011922 
   94.593583968446097    216.4433864901192 
   94.593583968446097   252.64725368687044 
   239.40905275545103   144.03565209661676 
   239.40905275545103   180.23951929336792 
   203.20518555869981   180.23951929336798 
   203.20518555869978    216.4433864901192 
   167.00131836194856   216.44338649011922 
   167.00131836194853   252.64725368687044 
   130.79745116519734   252.64725368687044 
