    156.8425892440107   23.872578632583956 
   121.87233890712906   14.502328295702318 
   112.50208857024745   49.472578632583968 
   77.531838233365818   40.102328295702314 
   68.161587896484193   75.072578632583969 
   33.191337559602545    65.70232829570233 
   23.821087222720926   100.67257863258398 
   191.81283958089233    33.24282896946557 
   182.44258924401069   68.213079306347211 
   147.47233890712909   58.842828969465579 
   138.10208857024745   93.813079306347205 
   103.13183823336583    84.44282896946558 
   93.761587896484201   119.41307930634721 
   58.791337559602553    110.0428289694656 
   49.421087222720914   145.01307930634724 
   14.450836885839312    135.6428289694656 
   226.78308991777399   42.613079306347188 
   217.41283958089232   77.583329643228836 
   208.04258924401071   112.55357998011046 
   173.07233890712908   103.18332964322884 
   163.70208857024744   138.15357998011046 
   128.73183823336581   128.78332964322885 
   119.36158789648418   163.75357998011046 
   84.391337559602562   154.38332964322885 
   75.021087222720922   189.35357998011045 
    40.05083688583931   179.98332964322884 
   252.38308991777399   86.953579980110419 
   243.01283958089235    121.9238303169921 
   233.64258924401071   156.89408065387371 
    198.6723389071291   147.52383031699208 
   189.30208857024746   182.49408065387374 
   154.33183823336583    173.1238303169921 
   144.96158789648419   208.09408065387373 
   109.99133755960257   198.72383031699209 
   100.62108722272093   233.69408065387375 
   65.650836885839311   224.32383031699214 
    224.2723389071291   191.86433099075538 
   214.90208857024743   226.83458132763698 
   179.93183823336585   217.46433099075534 
   170.56158789648421   252.43458132763698 
   135.59133755960258   243.06433099075537 
