   227.25236358852362   8.5807296747358048 
   209.15042999014801   39.934198382360485 
   177.79696128252334   21.832264783984851 
    159.6950276841477   53.185733491609554 
     128.341558976523    35.08379989323393 
   110.23962537814742   66.437268600858616 
   78.886156670522723   48.335335002482985 
     60.7842230721471   79.688803710107678 
   29.430754364522432   61.586870111732054 
   11.328820766146828   92.940338819356739 
   240.50389869777271   58.036131980736101 
    222.4019650993971   89.389600688360787 
   191.04849639177237   71.287667089985149 
   172.94656279339679   102.64113579760983 
   141.59309408577209   84.539202199234225 
   123.49116048739648    115.8926709068589 
   92.137691779771799   97.790737308483287 
   74.035758181396162   129.14420601610797 
   42.682289473771498   111.04227241773235 
   24.580355875395885   142.39574112535701 
   253.75543380702177   107.49153428673642 
   235.65350020864611   138.84500299436107 
   204.30003150102144   120.74306939598546 
   186.19809790264583   152.09653810361013 
   154.84462919502116   133.99460450523452 
   136.74269559664552   165.34807321285919 
   105.38922688902085   147.24613961448358 
   87.287293290645223   178.59960832210825 
   55.933824583020552   160.49767472373264 
    37.83189098464495   191.85114343135731 
   248.90503531789523    188.3004053003614 
   217.55156661027053   170.19847170198577 
   199.44963301189492   201.55194040961047 
   168.09616430427022   183.45000681123483 
   149.99423070589461   214.80347551885953 
   118.64076199826991   196.70154192048389 
    100.5388283998943   228.05501062810862 
   69.185359692269614   209.95307702973295 
   51.083426093894019   241.30654573735768 
   230.80310171951959   219.65387400798608 
   146.44349257489864   3.7303311856092471 
   181.34769941351928   232.90540911723514 
   96.988090268898347   16.981866294858314 
   131.89229710751897    246.1569442264842 
   47.532687962898031   30.233401404107383 
