   231.62365303301084   20.369671846738022 
   206.02365303301087   45.969671846738017 
   180.42365303301085   20.369671846738022 
   154.82365303301086   45.969671846738017 
   129.22365303301083   20.369671846738022 
   103.62365303301085   45.969671846738017 
   78.023653033010845   20.369671846738022 
   52.423653033010837   45.969671846738017 
   26.823653033010842   20.369671846738022 
   1.2236530330108428   45.969671846738031 
   231.62365303301084   71.569671846738004 
   206.02365303301087   97.169671846738026 
   180.42365303301085   71.569671846738018 
   154.82365303301086   97.169671846738026 
   129.22365303301083   71.569671846738018 
   103.62365303301085   97.169671846738026 
   78.023653033010845   71.569671846738018 
   52.423653033010837   97.169671846738026 
   26.823653033010853   71.569671846738032 
   1.2236530330108428   97.169671846738026 
   231.62365303301084   122.76967184673801 
   206.02365303301087   148.36967184673802 
   180.42365303301085   122.76967184673801 
   154.82365303301086   148.36967184673802 
   129.22365303301083   122.76967184673801 
   103.62365303301085   148.36967184673802 
   78.023653033010845   122.76967184673801 
   52.423653033010837   148.36967184673802 
   26.823653033010853   122.76967184673801 
   1.2236530330108428   148.36967184673802 
   231.62365303301084   173.96967184673804 
   206.02365303301087   199.56967184673803 
   180.42365303301085   173.96967184673804 
   154.82365303301086   199.56967184673803 
   129.22365303301083   173.96967184673804 
   103.62365303301085   199.56967184673803 
   78.023653033010845   173.96967184673804 
   52.423653033010837   199.56967184673803 
   26.823653033010853   173.96967184673804 
   1.2236530330108428   199.56967184673803 
   231.62365303301087     225.169671846738 
   206.02365303301087   250.76967184673802 
   180.42365303301085     225.169671846738 
   154.82365303301086   250.76967184673802 
   129.22365303301083     225.169671846738 
   103.62365303301087   250.76967184673802 
   78.023653033010845     225.169671846738 
   52.423653033010851   250.76967184673802 
   26.823653033010864     225.169671846738 
   1.2236530330108428   250.76967184673802 
