   16.379786869687788   71.389035775707598 
   48.379786869687798   48.761618777738079 
   48.379786869687798   71.389035775707598 
   16.379786869687788   48.761618777738079 
   16.379786869687788   116.64386977164662 
   48.379786869687798   94.016452773677116 
   48.379786869687798   116.64386977164662 
   16.379786869687788   94.016452773677116 
   16.379786869687788   161.89870376758569 
   48.379786869687798   139.27128676961615 
   48.379786869687798   161.89870376758569 
   16.379786869687788   139.27128676961615 
   16.379786869687788   207.15353776352472 
   48.379786869687798   184.52612076555519 
   48.379786869687798   207.15353776352472 
   16.379786869687788   184.52612076555519 
   16.379786869687788   26.134201779768564 
   48.379786869687798    229.7809547614942 
   48.379786869687798   26.134201779768564 
   16.379786869687788    229.7809547614942 
   80.379786869687791   71.389035775707598 
   112.37978686968778   48.761618777738079 
   112.37978686968778   71.389035775707598 
   80.379786869687791   48.761618777738079 
   80.379786869687791   116.64386977164662 
   112.37978686968778   94.016452773677116 
   112.37978686968778   116.64386977164662 
   80.379786869687791   94.016452773677116 
   80.379786869687791   161.89870376758569 
   112.37978686968778   139.27128676961615 
   112.37978686968778   161.89870376758569 
   80.379786869687791   139.27128676961615 
   80.379786869687791   207.15353776352472 
   112.37978686968778   184.52612076555519 
   112.37978686968778   207.15353776352472 
   80.379786869687791   184.52612076555519 
   80.379786869687791   26.134201779768564 
   112.37978686968778    229.7809547614942 
   112.37978686968778   26.134201779768564 
   80.379786869687791    229.7809547614942 
   144.37978686968779   71.389035775707598 
   176.37978686968779   48.761618777738079 
   176.37978686968779   71.389035775707598 
   144.37978686968779   48.761618777738079 
   144.37978686968779   116.64386977164662 
   176.37978686968779   94.016452773677116 
   176.37978686968779   116.64386977164662 
   144.37978686968779   94.016452773677116 
   144.37978686968779   161.89870376758569 
   176.37978686968779   139.27128676961615 
   176.37978686968779   161.89870376758569 
   144.37978686968779   139.27128676961615 
   144.37978686968779   207.15353776352472 
   176.37978686968779   184.52612076555519 
   176.37978686968779   207.15353776352472 
   144.37978686968779   184.52612076555519 
   144.37978686968779   26.134201779768564 
   176.37978686968779    229.7809547614942 
   176.37978686968779   26.134201779768564 
   144.37978686968779    229.7809547614942 
   208.37978686968779   71.389035775707598 
   240.37978686968779   48.761618777738079 
   240.37978686968779   71.389035775707598 
   208.37978686968779   48.761618777738079 
   208.37978686968779   116.64386977164662 
   240.37978686968779   94.016452773677116 
   240.37978686968779   116.64386977164662 
   208.37978686968779   94.016452773677116 
   208.37978686968779   161.89870376758569 
   240.37978686968779   139.27128676961615 
   240.37978686968779   161.89870376758569 
   208.37978686968779   139.27128676961615 
   208.37978686968779   207.15353776352472 
   240.37978686968779   184.52612076555519 
   240.37978686968779   207.15353776352472 
   208.37978686968779   184.52612076555519 
   208.37978686968779   26.134201779768564 
   240.37978686968779    229.7809547614942 
   240.37978686968779   26.134201779768564 
   208.37978686968779    229.7809547614942 
