   33.046273445197968   12.674514649338962 
   63.955899886448179   20.956724092619634 
   21.333460524095955   56.387327570441002 
   58.099493425897158   42.813130553170659 
   52.243086965346137   64.669537013721651 
   27.189866984646951   34.530921109889988 
   9.6206476029939143   100.10014049154302 
   46.386680504795123    86.52594347427268 
   40.530274044244109   108.38234993482369 
   15.477054063544934   78.243734030992016 
   34.673867583693095   130.23875639537471 
   28.817461123142074   152.09516285592574 
   3.7642411424428954   121.95654695209404 
   22.961054662591053   173.95156931647674 
   17.104648202040053   195.80797577702774 
   94.865526327698362   29.238933535900305 
   131.63155922949954    15.66473651862993 
   125.77515276894852   37.521142979180958 
   100.72193278824939   7.3825270753492793 
    83.15271340659632   72.951746457002329 
    119.9187463083975   59.377549439731979 
   114.06233984784649   81.233955900282993 
   89.009119867147348   51.095339996451315 
   71.439900485494292   116.66455937810434 
   108.20593338729546   103.09036236083401 
   102.34952692674446   124.94676882138501 
   77.296306946045306   94.808152917553329 
   59.727087564392257    160.3773722992064 
   96.493120466193446   146.80317528193603 
   90.636714005642432   168.65958174248706 
   65.583494024943278   138.52096583865537 
   48.014274643290229   204.09018522030843 
   84.780307545091404   190.51598820303809 
    78.92390108454039   212.37239466358906 
   53.870681103841243   182.23377875975743 
   156.68477921019871   45.803352422461614 
   193.45081211199991   32.229155405191271 
   187.59440565144891   54.085561865742285 
   162.54118567074974     23.9469459619106 
   144.97196628909668   89.516165343563657 
   181.73799919089788   75.941968326293306 
   175.88159273034688    97.79837478684432 
   150.82837274964768   67.659758883012643 
   133.25915336799466   133.22897826466567 
   170.02518626979588   119.65478124739533 
   164.16877980924485   141.51118770794633 
   139.11555982854566   111.37257180411468 
   121.54634044689261    176.9417911857677 
   158.31237334869382   163.36759416849736 
   152.45596688814283   185.22400062904839 
   127.40274690744364    155.0853847252167 
   109.83352752579059   220.65460410686973 
    146.5995604275918   207.08040708959939 
   140.74315396704077   228.93681355015042 
    115.6899339863416   198.79819764631873 
   218.50403209269908   62.367771309022935 
   255.27006499450027   48.793574291752584 
   249.41365853394927   70.649980752303605 
   224.36043855325008   40.511364848471914 
   206.79121917159705   106.08058423012497 
   243.55725207339827   92.506387212854634 
   237.70084561284727   114.36279367340565 
   212.64762563214805    84.22417776957397 
   195.07840625049502     149.793397151227 
   231.84443915229622   136.21920013395666 
   225.98803269174519   158.07560659450766 
   200.93481271104602     127.936990690676 
   183.36559332939296   193.50621007232905 
   220.13162623119419   179.93201305505869 
   214.27521977064319   201.78841951560969 
   189.22199978994402   171.64980361177803 
   171.65278040829094   237.21902299343105 
   208.41881331009216   223.64482597616072 
   202.56240684954116   245.50123243671172 
   177.50918686884197   215.36261653288008 
