   99.815929095524396   31.845677873753569 
   138.84245051561118   28.249759931488121 
   127.52874201662644   47.845677873753566 
   111.12963759450916   12.249759931488137 
   77.188512097554877   71.037513758284405 
   116.21503351764167   67.441595816018975 
   104.90132501865691   87.037513758284405 
    88.50222059653963   51.441595816018982 
   54.561095099585366   110.22934964281525 
   93.587616519672153   106.63343170054983 
   82.273908020687401   126.22934964281525 
   65.874803598570111   90.633431700549835 
    31.93367810161584   149.42118552734613 
   70.960199521702648    145.8252675850807 
   59.646491022717882   165.42118552734613 
   43.247386600600599   129.82526758508067 
   9.3062611036463334   188.61302141187696 
    48.33278252373313   185.01710346961153 
   37.019074024748363   204.61302141187696 
   20.619969602631095   169.01710346961153 
   155.24155493772847   63.845677873753552 
   194.26807635781526   60.249759931488128 
   182.95436785883049   79.845677873753559 
   166.55526343671323   44.249759931488128 
   132.61413793975896    103.0375137582844 
   171.64065935984573   99.441595816018975 
   160.32695086086099   119.03751375828439 
    143.9278464387437   83.441595816018975 
   109.98672094178943   142.22934964281524 
   149.01324236187622   138.63343170054983 
   137.69953386289149   158.22934964281524 
    121.3004294407742   122.63343170054982 
    87.35930394381991    181.4211855273461 
   126.38582536390673   177.82526758508067 
   115.07211686492197    197.4211855273461 
   98.673012442804662   161.82526758508067 
   64.731886945850391   220.61302141187693 
    103.7584083659372    217.0171034696115 
   92.444699866952448   236.61302141187696 
   76.045595444835158   201.01710346961153 
   210.66718077993258   95.845677873753544 
   249.69370220001935   92.249759931488128 
   238.37999370103458   111.84567787375356 
   221.98088927891732   76.249759931488128 
   188.03976378196305    135.0375137582844 
   227.06628520204984     131.441595816019 
   215.75257670306507    151.0375137582844 
   199.35347228094781   115.44159581601899 
   165.41234678399351   174.22934964281524 
   204.43886820408031   170.63343170054983 
   193.12515970509557   190.22934964281524 
   176.72605528297828   154.63343170054983 
   142.78492978602401   213.42118552734613 
   181.81145120611083    209.8252675850807 
   170.49774270712606   229.42118552734613 
   154.09863828500875    193.8252675850807 
   120.15751278805449   252.61302141187693 
    159.1840342081413   249.01710346961156 
   131.47122128703924   233.01710346961153 
   72.103116174422354   15.845677873753566 
    243.4653896241671   167.03751375828438 
   60.789407675437594   35.441595816018996 
   49.475699176452842   55.037513758284412 
   254.77909812315184   147.44159581601897 
    220.8379726261976   206.22934964281527 
   38.161990677468083   74.633431700549849 
   26.848282178483341   94.229349642815265 
   232.15168112518234   186.63343170054983 
   198.21055562822809   245.42118552734607 
   15.534573679498578    113.8252675850807 
   4.2208651805138153    133.4211855273461 
   209.52426412721283   225.82526758508067 
