   162.57374906573224   4.6689876283098712 
   146.57374906573224   20.668987628309875 
   91.946332067762739    30.04157063034036 
   130.57374906573224   36.668987628309871 
   114.57374906573227   52.668987628309864 
   107.94633206776275   14.041570630340356 
   59.946332067762754    62.04157063034036 
   98.573749065732272   68.668987628309864 
   82.573749065732272    84.66898762830985 
   75.946332067762754   46.041570630340352 
   27.946332067762768    94.04157063034036 
   66.573749065732272   100.66898762830986 
   50.573749065732272   116.66898762830986 
   43.946332067762761    78.04157063034036 
   34.573749065732287   132.66898762830985 
   18.573749065732283   148.66898762830985 
   11.946332067762762   110.04157063034036 
   169.20116606370178   43.296404626279404 
   207.82858306167128   49.923821624248909 
   191.82858306167128   65.923821624248916 
   185.20116606370181   27.296404626279397 
   137.20116606370181   75.296404626279397 
   175.82858306167131   81.923821624248916 
   159.82858306167131   97.923821624248902 
   153.20116606370178   59.296404626279397 
   105.20116606370181   107.29640462627938 
   143.82858306167131    113.9238216242489 
   127.82858306167131   129.92382162424892 
   121.20116606370179   91.296404626279397 
   73.201166063701791   139.29640462627938 
   111.82858306167131   145.92382162424892 
   95.828583061671296   161.92382162424892 
   89.201166063701805   123.29640462627938 
   41.201166063701805   171.29640462627941 
   79.828583061671324   177.92382162424889 
   63.828583061671324   193.92382162424889 
   57.201166063701812   155.29640462627938 
   214.45600005964081   88.551238622218435 
   253.08341705761032   95.178655620187953 
   237.08341705761035   111.17865562018795 
   230.45600005964081   72.551238622218435 
   182.45600005964084   120.55123862221845 
   221.08341705761035   127.17865562018797 
   205.08341705761038   143.17865562018795 
   198.45600005964084   104.55123862221843 
   150.45600005964084   152.55123862221842 
   189.08341705761038   159.17865562018795 
   173.08341705761038   175.17865562018795 
   166.45600005964084   136.55123862221842 
   118.45600005964084   184.55123862221845 
   157.08341705761038   191.17865562018795 
   141.08341705761038   207.17865562018795 
   134.45600005964084   168.55123862221845 
   86.456000059640857   216.55123862221842 
   125.08341705761039   223.17865562018795 
   109.08341705761039   239.17865562018793 
   102.45600005964084   200.55123862221842 
   227.71083405557985   165.80607261815746 
   250.33825105354939   188.43348961612699 
   243.71083405557988   149.80607261815746 
   195.71083405557988   197.80607261815743 
   234.33825105354939   204.43348961612699 
   218.33825105354941   220.43348961612696 
   211.71083405557988   181.80607261815746 
   163.71083405557988   229.80607261815746 
   202.33825105354939   236.43348961612699 
   186.33825105354941   252.43348961612699 
   179.71083405557985   213.80607261815746 
   147.71083405557988   245.80607261815743 
