   140.72372118458077   6.9685467028802464 
    176.3196391268462   23.367651124997526 
   156.72372118458077    34.68135962398231 
   101.53188530004991   29.595963700849772 
   137.12780324231534   45.995068122967062 
   117.53188530004992   57.308776621951829 
   121.12780324231534   18.282255201865009 
   62.340049415519083   52.223380698819284 
    97.93596735778452   68.622485120936588 
    78.34004941551909    79.93619361992134 
   81.935967357784492   40.909672199834532 
    23.14821353098823   74.850797696788817 
   58.744131473253667   91.249902118906107 
   39.148213530988244   102.56361061789086 
   42.744131473253653    63.53708919780405 
   19.552295588722821   113.87731911687563 
   3.5522955887227941   86.164506195773583 
   172.72372118458077   62.394172545084324 
   208.31963912684617   78.793276967201578 
   188.72372118458077   90.106985466186359 
    192.3196391268462   51.080464046099557 
   133.53188530004991    85.02158954305385 
   169.12780324231534    101.4206939651711 
   149.53188530004991   112.73440246415588 
   153.12780324231534   73.707881044069083 
    94.34004941551909   107.64900654102337 
   129.93596735778451   124.04811096314064 
   110.34004941551909    135.3618194621254 
   113.93596735778449   96.335298042038602 
   55.148213530988237    130.2764235389929 
    90.74413147325366   146.67552796111016 
    71.14821353098823    157.9892364600949 
    74.74413147325366   118.96271504000812 
   15.956377646457412   152.90384053696241 
   51.552295588722806   169.30294495907967 
   31.956377646457415   180.61665345806443 
   35.552295588722806   141.59013203797764 
    204.7237211845808    117.8197983872884 
   240.31963912684623   134.21890280940565 
   220.72372118458077   145.53261130839044 
    224.3196391268462   106.50608988830363 
   165.53188530004994   140.44721538525792 
   201.12780324231537   156.84631980737518 
   181.53188530004994   168.16002830635995 
   185.12780324231537   129.13350688627315 
   126.34004941551909   163.07463238322742 
   161.93596735778451   179.47373680534471 
    142.3400494155191   190.78744530432948 
   145.93596735778451   151.76092388424269 
   87.148213530988244   185.70204938119699 
   122.74413147325366   202.10115380331425 
   103.14821353098826   213.41486230229899 
   106.74413147325366   174.38834088221219 
   47.956377646457419   208.32946637916646 
   83.552295588722814   224.72857080128375 
   63.956377646457426   236.04227930026852 
   67.552295588722814   197.01575788018175 
   236.72372118458077   173.24542422949244 
    252.7237211845808   200.95823715059447 
   256.31963912684614   161.93171573050768 
   197.53188530004994   195.87284122746198 
   233.12780324231537   212.27194564957924 
   213.53188530004991     223.585654148564 
   217.12780324231534   184.55913272847721 
    158.3400494155191   218.50025822543151 
   193.93596735778451   234.89936264754877 
    174.3400494155191   246.21307114653351 
   177.93596735778451   207.18654972644674 
   119.14821353098824   241.12767522340101 
   138.74413147325367   229.81396672441625 
   99.552295588722799   252.44138372238578 
