   158.58665385120534   4.8317144531774208 
   188.72526975503703   29.884934433876598 
     166.868863294486   35.741340894427616 
   114.87384093010331   16.544527374279461 
     145.012456833935    41.59774735497863 
   123.15605037338399   47.454153815529644 
   136.73024739065431    10.68812091372844 
   71.161028009001285   28.257340295381496 
   101.29964391283295   53.310560276080665 
   79.443237452281949   59.166966736631672 
   93.017434469552299   22.400933834830479 
   27.448215087899218   39.970153216483538 
   57.586830991730928   65.023373197182693 
   35.730424531179892   70.879779657733721 
   49.304621548450264   34.113746755932517 
   13.874018070628907   76.736186118284735 
   210.58167621558803   24.028527973325577 
   5.5918086273482359   45.826559677034545 
   175.15107273776667   66.650967335677791 
   205.28968864159833   91.704187316376945 
    183.4332821810473   97.560593776927973 
    197.0074791983177   60.794560875126777 
   131.43825981666464   78.363780256779833 
    161.5768757204963   103.41700023747899 
    139.7204692599453      109.27340669803 
   153.29466627721567   72.507373796228819 
   87.725446895562612   90.076593177881861 
   117.86406279939429   115.12981315858103 
   96.007656338843262   120.98621961913203 
   109.58185335611361   84.220186717330847 
   44.012633974460549    101.7894060989839 
   74.151249878292248   126.84262607968304 
   52.294843417741212   132.69903254023407 
   65.869040435011598   95.932999638432875 
   218.86388565886872   54.938154414575763 
   30.438436957190227   138.55543900078507 
   227.14609510214936   85.847780855825931 
   22.156227513909556    107.6458125595349 
     191.715491624328   128.47022021817816 
   221.85410752815969   153.52344019887735 
   199.99770106760866   159.37984665942835 
     213.571898084879   122.61381375762714 
   148.00267870322597   140.18303313928021 
   178.14129460705763   165.23625311997938 
   156.28488814650663   171.09265958053041 
     169.859085163777   134.32662667872918 
   104.28986578212395   151.89584606038221 
    134.4284816859556   176.94906604108141 
    112.5720752254046   182.80547250163244 
   126.14627224267494   146.03943959983121 
   60.577052861021869   163.60865898148427 
   90.715668764853575   188.66187896218344 
   68.859262304302547   194.51828542273446 
   82.433459321572911   157.75225252093324 
   235.42830454543002   116.75740729707613 
   47.002855843751547   200.37469188328546 
   243.71051398871066   147.66703373832632 
   38.720646400470891   169.46506544203527 
   208.27991051088932   190.28947310067849 
   238.41852641472101   215.34269308137772 
   216.56211995417002   221.19909954192872 
   230.13631697144032   184.43306664012749 
   164.56709758978729   202.00228602178055 
   194.70571349361899   227.05550600247972 
   172.84930703306796   232.91191246303075 
   186.42350405033832   196.14587956122955 
   120.85428466868525   213.71509894288258 
   150.99290057251693    238.7683189235818 
   129.13649411196593    244.6247253841328 
   142.71069112923627   207.85869248233158 
   77.141471747583196    225.4279118639846 
    107.2800876514149    250.4811318446838 
    85.42368119086386   256.33753830523483 
   98.997878208134225    219.5715054034336 
   251.99272343199132   178.57666017957649 
   55.285065287032211    231.2843183245356 
