   207.39693289156619   41.933984279323106 
   230.02434988953573   73.933984279323099 
   207.39693289156619   73.933984279323113 
   230.02434988953573   41.933984279323099 
   162.14209889562716   41.933984279323106 
   184.76951589359672   73.933984279323113 
   162.14209889562716   73.933984279323113 
   184.76951589359669   41.933984279323106 
   116.88726489968816   41.933984279323106 
   139.51468189765765   73.933984279323113 
   116.88726489968816   73.933984279323113 
   139.51468189765765   41.933984279323106 
   71.632430903749096   41.933984279323106 
   94.259847901718629   73.933984279323113 
    71.63243090374911   73.933984279323113 
   94.259847901718629   41.933984279323106 
   26.377596907810076    41.93398427932312 
   49.005013905779599   73.933984279323113 
   26.377596907810076   73.933984279323113 
   49.005013905779592   41.933984279323106 
   207.39693289156619   105.93398427932311 
   230.02434988953573   137.93398427932308 
   207.39693289156619   137.93398427932308 
   230.02434988953573   105.93398427932311 
   162.14209889562719   105.93398427932311 
   184.76951589359672   137.93398427932308 
   162.14209889562719   137.93398427932308 
   184.76951589359672   105.93398427932311 
   116.88726489968816   105.93398427932311 
   139.51468189765765   137.93398427932308 
   116.88726489968816   137.93398427932308 
   139.51468189765765   105.93398427932311 
    71.63243090374911   105.93398427932311 
   94.259847901718629   137.93398427932308 
    71.63243090374911   137.93398427932308 
   94.259847901718629   105.93398427932311 
   26.377596907810076   105.93398427932311 
   49.005013905779599   137.93398427932308 
   26.377596907810076   137.93398427932308 
   49.005013905779599   105.93398427932311 
   207.39693289156619   169.93398427932308 
   230.02434988953573   201.93398427932311 
   207.39693289156619   201.93398427932311 
   230.02434988953573   169.93398427932308 
   162.14209889562719   169.93398427932308 
   184.76951589359672   201.93398427932311 
   162.14209889562719   201.93398427932311 
   184.76951589359672   169.93398427932308 
   116.88726489968816   169.93398427932308 
   139.51468189765765   201.93398427932311 
   116.88726489968816   201.93398427932311 
   139.51468189765765   169.93398427932308 
    71.63243090374911   169.93398427932308 
   94.259847901718629   201.93398427932311 
    71.63243090374911   201.93398427932311 
   94.259847901718629   169.93398427932308 
   26.377596907810076   169.93398427932308 
   49.005013905779599   201.93398427932311 
   26.377596907810076   201.93398427932311 
   49.005013905779599   169.93398427932308 
   207.39693289156622   233.93398427932308 
   230.02434988953573   9.9339842793230879 
   207.39693289156619   9.9339842793230879 
   230.02434988953573   233.93398427932308 
   162.14209889562719   233.93398427932308 
   184.76951589359669   9.9339842793230879 
   162.14209889562716   9.9339842793230879 
   184.76951589359672   233.93398427932308 
   116.88726489968816   233.93398427932308 
   139.51468189765765   9.9339842793230879 
   116.88726489968816   9.9339842793230879 
   139.51468189765765   233.93398427932308 
    71.63243090374911   233.93398427932308 
   94.259847901718629   9.9339842793230879 
   71.632430903749096   9.9339842793230879 
   94.259847901718629   233.93398427932308 
   26.377596907810076   233.93398427932308 
   49.005013905779592   9.9339842793230879 
   26.377596907810076   9.9339842793230879 
   49.005013905779613   233.93398427932308 
