   85.748179246874415   132.87066862617269 
   128.41484591354111   90.204001959506016 
   128.41484591354111   111.53733529283936 
   107.08151258020774   111.53733529283936 
   107.08151258020774   132.87066862617269 
   128.41484591354111   132.87066862617269 
   128.41484591354111     154.204001959506 
   107.08151258020774     154.204001959506 
   128.41484591354111   175.53733529283937 
   149.74817924687443   68.870668626172687 
   149.74817924687443   90.204001959506016 
   171.08151258020774   90.204001959506016 
   171.08151258020774   111.53733529283936 
   149.74817924687443   111.53733529283936 
   149.74817924687443   132.87066862617269 
   171.08151258020774   132.87066862617269 
   171.08151258020774     154.204001959506 
   149.74817924687443     154.204001959506 
   149.74817924687443   175.53733529283937 
   171.08151258020774   175.53733529283937 
   149.74817924687443   196.87066862617272 
   192.41484591354111   111.53733529283936 
   192.41484591354111   132.87066862617269 
   213.74817924687446   132.87066862617269 
   192.41484591354111     154.204001959506 
   85.748179246874415   90.204001959506016 
   85.748179246874415   111.53733529283936 
   64.414845913541086   111.53733529283936 
   64.414845913541086   132.87066862617269 
   85.748179246874415     154.204001959506 
   64.414845913541086     154.204001959506 
   85.748179246874415   175.53733529283937 
   128.41484591354111   47.537335292839352 
   128.41484591354111   68.870668626172687 
   107.08151258020774   68.870668626172687 
   107.08151258020774   90.204001959506016 
   107.08151258020774   175.53733529283937 
   128.41484591354111   196.87066862617272 
   107.08151258020774   196.87066862617272 
   128.41484591354111   218.20400195950606 
   149.74817924687443   47.537335292839352 
   171.08151258020774   47.537335292839352 
   171.08151258020774   68.870668626172687 
   171.08151258020774   196.87066862617272 
   149.74817924687443   218.20400195950606 
   171.08151258020774   218.20400195950606 
   192.41484591354111   68.870668626172687 
   192.41484591354111   90.204001959506016 
   213.74817924687446   90.204001959506016 
   213.74817924687446   111.53733529283936 
   213.74817924687446     154.204001959506 
   192.41484591354111   175.53733529283937 
   213.74817924687446   175.53733529283937 
   192.41484591354111   196.87066862617272 
    235.0815125802078   111.53733529283936 
    235.0815125802078   132.87066862617269 
    235.0815125802078     154.204001959506 
   85.748179246874415   68.870668626172687 
   64.414845913541086   90.204001959506016 
   64.414845913541086   175.53733529283937 
   85.748179246874415   196.87066862617272 
   107.08151258020774   47.537335292839352 
   107.08151258020774   218.20400195950606 
   192.41484591354111   47.537335292839352 
   213.74817924687446   68.870668626172687 
   213.74817924687446   196.87066862617272 
   192.41484591354111   218.20400195950606 
    235.0815125802078   90.204001959506016 
    235.0815125802078   175.53733529283937 
