   67.280118682391148   115.53665459848192 
   119.53589986176561   85.366765267855897 
    114.0144268995785   105.97318289535602 
   93.408009272078374    100.4517099331689 
   87.886536309891255   121.05812756066904 
   108.49295393739138   126.57960052285614 
   102.97148097520429   147.18601815035626 
   82.365063347704151   141.66454518816914 
   97.450008013017182   167.79243577785638 
   145.66379045145283   70.281820602542865 
   140.14231748926574   90.888238230042987 
   160.74873511676583   96.409711192230105 
   155.22726215457871   117.01612881973024 
   134.62084452707862   111.49465585754314 
   129.09937156489153   132.10107348504326 
   149.70578919239162   137.62254644723035 
    144.1843162302045   158.22896407473047 
   123.57789860270439   152.70749111254335 
   118.05642564051729    173.3139087400435 
   138.66284326801741   178.83538170223059 
   112.53495267833017   193.92032636754359 
   175.83367978207886   122.53760178191735 
   170.31220681989174   143.14401940941747 
   190.91862444739186   148.66549237160456 
   164.79073385770465   163.75043703691759 
   78.323064606765357   74.323819343481674 
   72.801591644578252   94.930236970981809 
   52.195174017078124   89.408764008794705 
   46.673701054891012   110.01518163629481 
   61.758645720204029   136.14307222598202 
   41.152228092703915   130.62159926379493 
   56.237172758016925   156.74948985348215 
   130.57884578613985   44.153930012855632 
   125.05737282395272   64.760347640355761 
    104.4509551964526   59.238874678168642 
   98.929482234265492   79.845292305668778 
   76.843590385517047   162.27096281566926 
   91.928535050830064   188.39885340535648 
   71.322117423329928   182.87738044316939 
   86.407062088642959   209.00527103285663 
   151.18526341363994   49.675402975042743 
   171.79168104114007   55.196875937229848 
   166.27020807895295   75.803293564729969 
   133.14137030583029   199.44179932973071 
   107.01347971614308   214.52674399504374 
   127.61989734364319   220.04821695723086 
   186.87662570645307   81.324766526917074 
   181.35515274426598   101.93118415441721 
    201.9615703717661   107.45265711660433 
   196.44009740957901   128.05907474410446 
   185.39715148520477   169.27190999910468 
   159.26926089551753   184.35685466441774 
   179.87567852301765   189.87832762660483 
   153.74778793333044   204.96327229191783 
   217.04651503707913   133.58054770629158 
   211.52504207489199   154.18696533379168 
   206.00356911270489    174.7933829612918 
   83.844537568952475   53.717401715981531 
   57.716646979265228   68.802346381294569 
   35.630755130516796   151.22801689129506 
   50.715699795829813    177.3559074809823 
   109.97242815863969   38.632457050668513 
   65.800644461142824   203.48379807066951 
   192.39809866864022   60.718348899416959 
   207.48304333395319   86.846239489104192 
   174.35420556083054   210.48474525410492 
   148.22631497114332   225.56968991941795 
   222.56798799926622   112.97413007879143 
    200.4820961505178   195.39980058879192 
