   74.164538683338478   111.00450744927623 
   132.44828924480785     95.3874235544735 
    121.7816225781412   113.86263216854154 
   103.30641396407316   103.19596550187487 
   92.639747297406501   121.67117411594289 
   111.11495591147454   132.33784078260956 
   100.44828924480787   150.81304939667757 
   81.973080630739844   140.14638273001091 
   89.781622578141196   169.28825801074561 
   161.59016452554255   87.578881607072148 
   150.92349785887589   106.05409022114016 
    169.3987064729439   116.72075688780683 
   158.73203980627721   135.19596550187487 
   140.25683119220921   124.52929883520819 
   129.59016452554255   143.00450744927622 
   148.06537313961059   153.67117411594288 
    137.3987064729439   172.14638273001091 
   118.92349785887589   161.47971606334426 
   108.25683119220922   179.95492467741227 
   126.73203980627723   190.62159134407892 
   97.590164525542548   198.43013329148033 
   177.20724842034528   145.86263216854152 
   166.54058175367862   164.33784078260956 
   185.01579036774666   175.00450744927625 
   155.87391508701197    182.8130493966776 
   95.497872016671806   74.054090221140186 
   84.831205350005135   92.529298835208223 
   66.355996735937111   81.862632168541552 
   55.689330069270454   100.33784078260956 
   63.497872016671813   129.47971606334426 
    45.02266340260379   118.81304939667758 
   52.831205350005142   147.95492467741229 
    153.7816225781412    58.43700632633746 
   143.11495591147454   76.912214940405491 
    124.6397472974065   66.245548273738819 
   113.97308063073983   84.720756887806843 
   71.306413964073172   158.62159134407895 
   79.114955911474539   187.76346662481365 
   60.639747297406501   177.09679995814699 
   68.448289244807867   206.23867523888165 
   172.25683119220921   69.103672993004125 
   190.73203980627724   79.770339659670782 
   180.06537313961056   98.245548273738805 
   116.06537313961059   209.09679995814696 
   86.923497858875876   216.90534190554834 
   105.39870647294391     227.572008572215 
   198.54058175367862   108.91221494040548 
   187.87391508701197    127.3874235544735 
      206.34912370108   138.05409022114017 
   195.68245703441329   156.52929883520821 
      174.34912370108   193.47971606334426 
   145.20724842034528   201.28825801074561 
   163.68245703441332   211.95492467741227 
   134.54058175367862   219.76346662481362 
   214.15766564848136   167.19596550187487 
    203.4909989818147    185.6711741159429 
   192.82433231514801   204.14638273001094 
   106.16453868333846   55.578881607072162 
   77.022663402603783   63.387423554473507 
   34.355996735937126   137.28825801074561 
   42.164538683338471    166.4301332914803 
   135.30641396407316   47.770339659670803 
    49.97308063073983   195.57200857221503 
   209.20724842034525   90.437006326337467 
   217.01579036774663   119.57888160707215 
   153.01579036774666   230.43013329148033 
   123.87391508701195   238.23867523888168 
   224.82433231514804   148.72075688780686 
   182.15766564848136   222.62159134407895 
