   92.113471899369529   89.404160990288844 
   150.39722246083892   105.02124488509156 
   131.92201384677088   115.68791155175823 
   121.25534718010421   97.212702937690224 
    102.7801385660362   107.87936960435688 
   113.44680523270287    126.3545782184249 
   94.971596618634848   137.02124488509159 
   84.304929951968177   118.54603627102355 
   76.496388004566825   147.68791155175825 
   179.53909774157361   112.82978683249291 
   161.06388912750558   123.49645349915959 
   171.73055579417223   141.97166211322761 
    153.2553471801042   152.63832877989427 
   142.58868051343754   134.16312016582626 
   124.11347189936954   144.82978683249291 
   134.78013856603619   163.30499544656095 
   116.30492995196818   173.97166211322761 
   105.63826328530152    155.4964534991596 
   87.163054671233482   166.16312016582629 
   97.829721337900153   184.63832877989429 
   68.687846057165444   176.82978683249294 
   163.92201384677088    171.1135373939623 
   145.44680523270287   181.78020406062896 
   156.11347189936953   200.25541267469697 
   126.97159661863485   192.44687072729559 
   129.06388912750555   68.070827656955515 
   110.58868051343754   78.737494323622187 
   99.922013846770867    60.26228570955417 
   81.446805232702857   70.928952376220835 
   73.638263285301505   100.07082765695552 
   62.971596618634834   81.595619042887492 
   55.163054671233468   110.73749432362219 
   187.34763968897497   83.687911551758233 
   168.87243107490693   94.354578218424891 
   158.20576440824027   75.879369604356867 
   139.73055579417226   86.546036271023539 
   65.829721337900139   129.21270293769021 
   58.021179390498787   158.35457821842493 
   47.354512723832116    139.8793696043569 
   39.545970776430764   169.02124488509159 
   198.01430635564162   102.16312016582624 
   208.68097302230831   120.63832877989427 
   190.20576440824027   131.30499544656092 
   79.354512723832116   195.30499544656095 
   50.212637443097421   187.49645349915963 
   60.879304109764085   205.97166211322764 
   200.87243107490693   149.78020406062896 
   182.39722246083889   160.44687072729562 
   193.06388912750558   178.92207934136363 
   174.58868051343754   189.58874600803034 
   137.63826328530152   210.92207934136366 
   108.49638800456681    203.1135373939623 
   119.16305467123348   221.58874600803031 
   90.021179390498773   213.78020406062899 
   185.25534718010422   208.06395462209835 
   166.78013856603621   218.73062128876501 
   148.30492995196818   229.39728795543169 
   147.53909774157358   57.404160990288844 
    118.3972224608389   49.595619042887499 
   44.496388004566811   92.262285709554163 
   36.687846057165437   121.40416099028886 
   176.68097302230828   65.212702937690196 
   28.879304109764089   150.54603627102355 
   219.34763968897494   139.11353739396228 
   211.53909774157361     168.255412674697 
   100.68784605716544     232.255412674697 
    71.54597077643075   224.44687072729565 
   203.73055579417223   197.39728795543169 
   129.82972133790014   240.06395462209835 
