   87.714815586340677   95.244315867009817 
   148.05459424759275   95.244315867009846 
   132.96964958227974   110.32926053232285 
   117.88470491696671   95.244315867009846 
   102.79976025165371   110.32926053232285 
   117.88470491696673   125.41420519763587 
   102.79976025165374   140.49914986294888 
   87.714815586340706   125.41420519763584 
   87.714815586340706   155.58409452826191 
   178.22448357821878   95.244315867009817 
   163.13953891290575   110.32926053232283 
   178.22448357821878   125.41420519763584 
   163.13953891290575   140.49914986294888 
   148.05459424759272   125.41420519763584 
   132.96964958227971   140.49914986294885 
   148.05459424759275   155.58409452826186 
   132.96964958227974   170.66903919357489 
   117.88470491696673   155.58409452826186 
   102.79976025165369   170.66903919357489 
   117.88470491696673   185.75398385888789 
   87.714815586340677   185.75398385888789 
   178.22448357821878   155.58409452826189 
   163.13953891290578   170.66903919357489 
   178.22448357821878   185.75398385888792 
   148.05459424759277   185.75398385888789 
   117.88470491696671   65.074426536383797 
   102.79976025165369   80.159371201696814 
   87.714815586340677   65.074426536383811 
   72.629870921027674   80.159371201696814 
   72.629870921027688   110.32926053232283 
   57.544926255714671   95.244315867009817 
   57.544926255714664   125.41420519763584 
   178.22448357821878   65.074426536383811 
   163.13953891290578   80.159371201696814 
   148.05459424759275   65.074426536383797 
   132.96964958227974   80.159371201696814 
   72.629870921027688   140.49914986294888 
   72.629870921027688   170.66903919357492 
   57.544926255714664   155.58409452826191 
   57.544926255714671   185.75398385888792 
   193.30942824353176     80.1593712016968 
   208.39437290884479   95.244315867009817 
   193.30942824353181   110.32926053232283 
   102.79976025165369   200.83892852420092 
    72.62987092102766   200.83892852420092 
   87.714815586340677   215.92387318951396 
   208.39437290884479   125.41420519763584 
   193.30942824353181   140.49914986294888 
   208.39437290884484   155.58409452826189 
   193.30942824353181   170.66903919357489 
   163.13953891290578   200.83892852420092 
   132.96964958227974   200.83892852420092 
   148.05459424759277   215.92387318951396 
   117.88470491696673   215.92387318951396 
   208.39437290884484   185.75398385888792 
   193.30942824353181   200.83892852420092 
   178.22448357821881   215.92387318951396 
   132.96964958227971    49.98948187107078 
   102.79976025165369   49.989481871070787 
   42.459981590401647   110.32926053232285 
    42.45998159040164   140.49914986294888 
   163.13953891290575   49.989481871070787 
    42.45998159040164   170.66903919357492 
   223.47931757415782   110.32926053232283 
   223.47931757415782   140.49914986294888 
   132.96964958227974   231.00881785482699 
   102.79976025165369   231.00881785482699 
   223.47931757415788   170.66903919357489 
   163.13953891290578   231.00881785482699 
