   101.95044001258196   78.348887629704649 
   154.20622119195644    108.5187769603307 
   133.59980356445629   114.04024992251782 
    128.0783306022692    93.43383229501768 
   107.47191297476908   98.955305257204785 
   112.99338593695619   119.56172288470491 
   92.386968309456066   125.08319584689202 
   86.865495347268947    104.4767782193919 
    71.78055068195593   130.60466880907913 
   180.33411178164368   123.60372162564369 
   159.72769415414353    129.1251945878308 
   165.24916711633065   149.73161221533093 
    144.6427494888305   155.25308517751805 
   139.12127652664341    134.6466675500179 
   118.51485889914328   140.16814051220501 
    124.0363318613304   160.77455813970516 
   103.42991423383029   166.29603110189225 
    97.90844127164317   145.68961347439213 
    77.30202364414302   151.21108643657925 
   82.823496606330139   171.81750406407937 
   56.695606016642891   156.73255939876637 
   150.16422245101762   175.85950280501814 
   129.55780482351753   181.38097576720529 
   135.07927778570462   201.98739339470541 
   108.95138719601739   186.90244872939238 
   143.16327526758221   67.305941705330426 
   122.55685764008207   72.827414667517544 
   117.03538467789498   52.220997040017409 
   96.428967050394846    57.74247000220452 
   81.344022385081843   83.870360591891753 
   75.822549422894738   63.263942964391632 
   60.737604757581693   89.391833554078872 
   195.41905644695666   97.475831035956475 
   174.81263881945657   102.99730399814359 
   169.29116585726945   82.390886370643457 
   148.68474822976933   87.912359332830562 
   66.259077719768797   109.99825118157899 
    51.17413305445578   136.12614177126625 
   45.652660092268675   115.51972414376611 
   30.567715426955662   141.64761473345337 
   200.94052940914378   118.08224866345658 
    206.4620023713309   138.68866629095672 
   185.85558474383078   144.21013925314381 
   62.217078978830003   177.33897702626649 
   36.089188389142763   162.25403236095346 
    41.61066135132986   182.86044998845358 
   191.37705770601787   164.81655688064396 
   170.77064007851777   170.33802984283105 
   176.29211304070489   190.94444747033117 
   155.68569541320474   196.46592043251832 
   114.47286015820451   207.50886635689253 
   88.344969568517243   192.42392169157952 
   93.866442530704362   213.03033931907964 
   67.738551941017107   197.94539465376661 
   161.20716837539186   217.07233806001844 
   140.60075074789174   222.59381102220556 
   119.99433312039163   228.11528398439265 
   163.76969289508233   61.784468743143321 
   137.64180230539512   46.699524077830304 
   55.216131795394588    68.78541592657875 
   40.131187130081557    94.91330651626599 
   189.89758348476957   76.869413408456339 
   25.046242464768543   121.04119710595323 
   211.98347533351802   159.29508391845684 
   196.89853066820501   185.42297450814408 
   73.260024903204226   218.55181228126676 
   47.132134313516978   203.46686761595373 
   181.81358600289198   211.55086509783129 
   99.387915492891466   233.63675694657979 
