   109.67076703180132   65.297086064956119 
   152.33743369846798    107.9637527316228 
   131.00410036513463    107.9637527316228 
   131.00410036513463   86.630419398289462 
   109.67076703180132   86.630419398289462 
   109.67076703180132    107.9637527316228 
    88.33743369846799    107.9637527316228 
    88.33743369846799   86.630419398289462 
   67.004100365134633    107.9637527316228 
   173.67076703180132   129.29708606495612 
   152.33743369846798   129.29708606495612 
   152.33743369846798   150.63041939828943 
   131.00410036513463   150.63041939828943 
   131.00410036513463   129.29708606495612 
   109.67076703180132   129.29708606495612 
   109.67076703180132   150.63041939828943 
    88.33743369846799   150.63041939828943 
    88.33743369846799   129.29708606495612 
   67.004100365134633   129.29708606495612 
   67.004100365134633   150.63041939828943 
    45.67076703180129   129.29708606495612 
   131.00410036513463   171.96375273162278 
   109.67076703180132   171.96375273162278 
   109.67076703180132   193.29708606495612 
    88.33743369846799   171.96375273162278 
   152.33743369846798   65.297086064956119 
   131.00410036513463   65.297086064956119 
   131.00410036513463    43.96375273162279 
   109.67076703180132    43.96375273162279 
    88.33743369846799   65.297086064956119 
    88.33743369846799    43.96375273162279 
   67.004100365134633   65.297086064956119 
   195.00410036513466    107.9637527316228 
   173.67076703180132    107.9637527316228 
   173.67076703180132   86.630419398289462 
   152.33743369846798   86.630419398289462 
   67.004100365134633   86.630419398289462 
    45.67076703180129    107.9637527316228 
    45.67076703180129   86.630419398289462 
   24.337433698467944    107.9637527316228 
   195.00410036513466   129.29708606495612 
   195.00410036513466   150.63041939828943 
   173.67076703180132   150.63041939828943 
    45.67076703180129   150.63041939828943 
   24.337433698467944   129.29708606495612 
   24.337433698467944   150.63041939828943 
   173.67076703180132   171.96375273162278 
   152.33743369846798   171.96375273162278 
   152.33743369846798   193.29708606495612 
   131.00410036513463   193.29708606495612 
    88.33743369846799   193.29708606495612 
   67.004100365134633   171.96375273162278 
   67.004100365134633   193.29708606495612 
    45.67076703180129   171.96375273162278 
   131.00410036513463   214.63041939828946 
   109.67076703180132   214.63041939828946 
    88.33743369846799   214.63041939828946 
   173.67076703180132   65.297086064956119 
   152.33743369846798    43.96375273162279 
   67.004100365134619    43.96375273162279 
    45.67076703180129   65.297086064956133 
   195.00410036513466   86.630419398289462 
   24.337433698467944   86.630419398289462 
   195.00410036513466   171.96375273162278 
   173.67076703180132   193.29708606495612 
    45.67076703180129   193.29708606495612 
   24.337433698467944   171.96375273162278 
   152.33743369846798   214.63041939828946 
   67.004100365134633   214.63041939828946 
