   3.4002324095999938   107.14899199999999 
                    1   59.146560000000044 
    7.530863359999989   136.73542400000005 
   10.128131839999991   155.59302400000007 
   6.3190707199999903   76.364224000000007 
   10.275842560000001   26.599488000000019 
   14.918469120000008   213.88012800000007 
   16.276224000000003   195.03519999999997 
   11.966209279999998   44.535104000000047 
   21.283752959999994   109.82099200000002 
    23.70745856000001   127.88345600000002 
   25.869391360000009   229.69043200000004 
   27.267752959999996   17.218879999999992 
   23.923496960000012   78.495936000000071 
   30.540597760000004            157.23808 
   37.072271360000002   189.63744000000005 
   37.521832959999998   1.0536320000000159 
   29.159810559999993   46.584767999999983 
   31.379023359999998    94.91820800000005 
   37.889077759999999   139.40166400000007 
   33.476776959999995            63.319488 
   39.033615359999999   31.157184000000051 
   43.708392960000005           234.022336 
   43.507471359999997           171.285056 
   53.066408960000004   201.26124800000008 
          49.18834176   95.707200000000014 
   55.702888959999996   220.19014400000006 
   57.910402560000001                    1 
   50.553410559999996   63.002688000000035 
   55.316674560000003   132.49964800000006 
   57.465794560000006   31.209024000000046 
   57.958248960000006   112.58720000000002 
   57.505064960000006   78.888640000000038 
   62.848207360000004   165.97356800000006 
   62.064488960000006   48.577856000000068 
   67.830850560000002   147.66406400000005 
   69.891061759999999    17.03200000000006 
   71.822517760000011   195.35289600000004 
   73.500559359999997   225.29580800000002 
          74.25505536            104.79456 
   78.616092160000008   178.18464000000003 
          74.81125376   72.839616000000021 
   79.092700160000007   54.459456000000046 
   84.294543359999992   209.70592000000005 
   81.748136959999997   88.019264000000021 
   86.299458559999991           146.121792 
          88.65733376   113.86156799999999 
    90.04070655999999   21.920064000000004 
    93.52009215999999   130.02041600000001 
   93.772892159999998   42.322112000000018 
   99.683855359999981   174.70073600000006 
   99.158786559999996   86.853952000000021 
   101.72827135999998   156.78764799999999 
         103.36286976   211.01574399999998 
   105.70870015999999   7.8037119999999955 
   107.09810175999999   228.92844800000003 
         103.05496576   103.52889599999999 
   109.49464575999998    54.12345599999999 
   109.65994495999999   72.973887999999988 
   111.37152255999999           129.049024 
   119.12676095999998   181.95705600000002 
         117.46740736   145.37209600000006 
   120.09276415999997   200.37203200000005 
   117.95081215999998   111.99584000000004 
   124.89454335999999   13.317568000000028 
   126.37071615999999   80.894144000000054 
   127.62087935999998   50.414400000000022 
         130.46718976   99.093568000000047 
   132.50242815999999   32.364992000000072 
   135.25634815999999   141.51737600000007 
         138.06044416   174.00928000000005 
   137.92822015999997   207.72179199999999 
   139.44514815999997   225.37081600000002 
   142.42972415999998   2.0368000000000395 
         138.65500416   67.633728000000062 
   144.69455615999999   156.76870400000007 
   146.62530815999997           107.162176 
         146.58012416   125.83148799999999 
   150.84738815999998   32.507456000000005 
   154.85660415999999   183.66368000000003 
         155.82377216   14.587840000000051 
   155.52540415999999   201.35276800000003 
         155.55919616   76.106688000000034 
   161.71126015999999   150.78060800000003 
   160.66153215999998   95.531584000000024 
   163.66505215999999           132.684224 
   165.86639615999999   44.781248000000048 
   172.91458815999999   226.34656000000004 
   169.10262015999999   63.753535999999983 
   172.58857215999998   178.70470400000005 
   173.83721215999998   14.648000000000048 
   173.70511615999999   209.08179200000004 
   175.18620415999999   161.37376000000003 
   179.38831615999999   31.975872000000074 
   177.81404415999998   104.68486400000002 
   180.06377215999998   124.19027200000001 
   188.26972416000001   3.7829760000000534 
   185.00943616000001   73.387071999999989 
   190.02191615999999           186.289984 
   192.74294016000002   204.64390400000002 
   191.96495615999999   155.95347200000006 
   190.82895615999999   91.907648000000066 
         194.55350016   137.58841600000005 
   197.38985215999998   31.136832000000048 
         201.74786816   171.97203200000004 
   199.85756416000001   63.961279999999988 
   204.22518016000001   13.808448000000045 
   205.25007615999999   46.840383999999993 
   209.28169216000001   217.96793600000001 
   209.97148415999999   92.792640000000034 
   212.83958016000003   137.79923200000002 
   214.13570816000001   75.253952000000027 
   220.02959616000004           173.191104 
         221.75503616   6.6418560000000069 
         223.69398016            154.15904 
   222.84431616000001   47.136320000000069 
   223.48482816000001             122.7728 
   227.65225216000005   210.33798400000006 
         224.69199616   104.44166400000003 
         230.54454016   190.45177600000005 
   228.40911616000002   65.075136000000015 
   236.03433216000002   34.970048000000041 
   238.22761215999998   15.896768000000066 
   240.08834816000004   129.45888000000005 
   240.49833216000002   147.57587200000006 
   248.81142016000004   219.87692800000005 
         244.35548416   100.28064000000003 
         246.10127616   67.142464000000018 
   249.35836416000001   188.82579200000001 
         249.01430016   48.453952000000029 
   254.28393216000001   84.229312000000021 
   253.23420415999999   117.53184000000002 
   255.72662015999998   156.39801600000001 
