   22.975264107520523   38.095722972561894 
   4.4759362565680929   123.99733091419129 
   46.269029607697931   4.6824473586398652 
   13.283730748053268   93.275179965745949 
   22.176425859717142   76.629428599326303 
   16.055463384531642   109.73299148873487 
   5.4136616467164229   167.03369256708507 
    16.04075456803637   136.48297205134952 
   41.173202353511769   48.032342057006659 
    16.55560088428367   153.34979514328126 
   39.497778231560133   68.705167842533285 
   61.538074480815126   17.516210859211014 
   10.945221189018753   198.10296946380336 
    33.17446442472756   113.11359423633689 
   17.556223734094782    181.3293889329268 
   59.960902762854666   38.452168229443714 
   32.622091454639857    130.2287586779531 
   79.583344134780688   8.2623941620393673 
   51.629413483346902   84.173480051143912 
   46.910229439681828   102.42438173775001 
   34.050173293705711   157.03179269287278 
   27.847552032800799   210.14423061703164 
   35.713623947928966   174.37640058503976 
   44.818967835818356   142.26252729853826 
   77.065913264114357   48.743805758793371 
   61.001681824081871   114.39982740388173 
   99.370463849146148   10.484547635300988 
   70.097984983087343   85.282221541248731 
   60.248213929937343   133.03936645450651 
   79.484729584523549   69.111270003857641 
   53.894096238513875   175.25714365516802 
   48.193121417464987   207.36766632316889 
   96.923274869265612   42.385859357574155 
   76.299441067636948   104.77065681206932 
   59.063370950096626   192.43158323761261 
   109.08296159143647   26.456477333558109 
   73.767448378867385   145.01507207885052 
   68.891830481771308   163.03654821896504 
   97.167727834321994   73.996904690417949 
   61.918223554910604   221.04026671308321 
   106.61248356317753   57.975867753778644 
   90.434673276594168   117.33003453285319 
   137.88539177699218   6.6008010479104993 
   77.050078110715361   191.05177374098656 
   129.82700144983957   24.379026500724763 
   90.335618359462842   137.41362498354459 
   83.620985089400875   174.07768765271118 
   108.49828442153714   89.739682678665275 
   106.71384729922366   108.90310204707723 
   80.329466830048233   220.83963474828403 
   123.99655992573271   62.696199191299741 
   87.324165042848421   204.77154497848218 
    157.4130124960418   6.2480867471859032 
   124.87373135905057   80.870369707275771 
   143.96043583368726   37.999502973324397 
   104.53462949683998   150.69441130774933 
   101.65932880127059   170.11746109995514 
   140.74937114145558   55.936800880719865 
   119.58530909917108   122.32537019570422 
    95.20556911179456   232.67853404694171 
   104.93406869688843   203.87860938400951 
   120.41305596870814    141.7210754812088 
   112.18763645614835   186.80929197865035 
   169.66086899550908   20.444781928665634 
   162.86617268044861   36.989981107543066 
   142.47903942592581   84.719059659884806 
   110.23772765088424   221.88335413013252 
   136.36707389119192   117.06373258019535 
   153.56637507233239   69.750239092353056 
   146.00705445458522   101.92190177113002 
   138.67426536000639   147.53036292787624 
   129.79607019392404   191.74571036191361 
   188.66446962685944   22.809350414933853 
   177.54094927383295    49.57479800978281 
   147.23594334857023   131.66707170872309 
   127.58100182432504   227.79254664282234 
   172.35376621194013   67.364903383781083 
    136.0463855981755   210.35739686540487 
    162.9251913915819   106.76147839256335 
   143.96771694591405    179.9864845383766 
   149.87819880894821   162.59240491979764 
   133.27026715104046   247.18654327211348 
    163.6574682023255   125.52932028219739 
   195.02473116639709   40.466702930075385 
   178.81463139664547   98.423589404112747 
   185.86970530950174   80.567878295312454 
   158.27500088014207   190.74204907875205 
   153.98199244453735   208.34783121361184 
   169.94862196140207    163.6624495619339 
   180.21171861029015   132.10527374580892 
   151.86386127012958   250.48533929578753 
   187.86242655471705   114.80750344013647 
   215.15655740258461   43.519728289123385 
   205.63215093993745   77.321005080327495 
   183.69315568515745   150.72772873120704 
   174.05986780291875   182.62381100854446 
    166.4080502280683    220.8107389051591 
   165.50050724982347   238.93445618916326 
   230.36210101749967   29.586397845906458 
   220.82556790006439   62.524930742567335 
   204.18799614146315   111.99469152967978 
    211.7234343837471   94.884287583655691 
   186.16272606078746   196.94968349346925 
   183.66664190706001    215.1167242798756 
    201.4646675261024   157.80277894593888 
   214.31471904729815   127.29656704665425 
   183.08542100396772   243.81275890952929 
   249.02146530222626   32.838546987069286 
   228.37603872463615   100.46410645513708 
   241.21860245854924   64.338032415081869 
   207.30382805469199   175.44944030263483 
   215.73256200786977   145.56021864497177 
   203.27217648716277   193.91610441455174 
   194.89111646432062   230.19063098203506 
    229.2244919169064   118.69352673338521 
   253.76389966093711   50.187100960993192 
   244.76624717524714   94.761227673083425 
   253.06669261404295   79.365951728618683 
   224.87263610161858   177.56790330114114 
    218.1347812069242    206.5610558475509 
   212.19618418644194   237.01441074222276 
   233.92638046081939   150.33863391573158 
   245.35726874322663   124.57639448408118 
   254.11461349660803   109.58818731612868 
   224.78293762508815   224.11082316350243 
   238.66734901492882   167.09325887095306 
   230.51228718249689   194.11940308750241 
   220.09190104018899   254.80331484731332 
   249.74537337692354   141.46346863321142 
