   31.444652914487222   45.222529702124561 
   22.820488896403685   60.831251954252537 
   53.707007362117551    11.62223270272184 
   22.647900426339469   78.408391953204372 
   57.616772472193269    29.55892888641057 
   48.265186646719258   44.544446667472457 
   6.3528683470211487   111.10530342554846 
   74.582386229235425   7.3231918776240716 
   38.268915185062724   87.063744725312404 
   57.417905773640868   59.569936112236746 
   75.240590882289624     36.4738359767559 
   23.916947087767198   116.89257865843592 
   86.810705158195304   22.840722201509244 
   53.803366573731822   77.242981652428639 
    38.34929282924621   105.22827056179392 
   75.166427984561153   54.805425883658145 
   11.845864584899299    146.1034108557588 
   27.247518200856792   135.72059627234347 
   7.3320456979815614   164.07888650406431 
   105.65388297404243   26.427892848407282 
    114.4725118879486   9.8474675164258993 
   70.943437791359173   84.240563458149097 
   55.129534581019243    111.1994312844344 
   84.064453137651412   70.829626231479949 
     71.3146604782347   101.93051490355845 
   45.242295385650017   141.94690391740042 
   19.955580056803523   176.80116362349327 
   132.00203418829915   13.354756259807051 
   58.012894926502767   128.88613666952762 
   117.72090199023114   44.083362816468615 
   13.575419710803249   194.91906150320193 
   101.50168945846168   74.756598980251226 
   116.05899142971161   62.841044344923738 
    85.29097018802554   113.97678838388249 
   52.395895349604032   159.60399332280912 
   40.275962764146037   174.63742034513194 
   142.43242914360241   27.441102254211717 
   76.177949133490415   129.83165986078222 
   137.15390470909793   43.878238763767264 
   107.68291912619452   92.012507142485845 
   159.75458301748105   6.1967796481278352 
   30.757263440309782   202.88979519598792 
   103.11435638667758   109.87774592489527 
   131.99478492008657   73.861904360668944 
    47.28368850758352   191.89872331198993 
   160.42385677289835   24.478715499572605 
   71.764057861854596   160.21543180234025 
   83.754297339908774   145.23127983143235 
   125.73774198263845   90.786588633469108 
   154.39706712976195   53.438509368014834 
   150.98844749335944   71.667787761940872 
   119.92645777078367   119.75788414562444 
   170.18072803410229   40.438454752258835 
   85.029207047391793   173.41692744300894 
   134.11793971359506   106.81348438597884 
   102.86658412845229   147.24232406484754 
   66.312477413745412   199.20178212001451 
   48.161039460017015   227.22467488630619 
   102.06085402123421   165.01881754773723 
   64.007175461018804    217.4085702289247 
   120.31780670154308   138.38321591406137 
   85.811032266712417   191.52721444050695 
   162.19079239689472   87.188021225107519 
   198.21987459056709   21.162444315591848 
   152.57533820502923   104.50884442326966 
   190.44274176272057   39.709569510633798 
   116.42646993483989   175.45076090335215 
   77.333837618720963   230.26262627647912 
   137.73504738428079   147.76715812390404 
   108.06984117911472   192.66432248825919 
   181.60982218324042   89.853563001463343 
   163.62008915345436   119.14543062365283 
   203.26183184269871   55.308494185309485 
   156.89680176142934   138.46180198052741 
   134.20860483698607   167.39475178579113 
   199.66765065509577   76.906342613846093 
   95.214259166535001   230.68687569491584 
   181.51365619750496   110.04598337471718 
   221.95623347057509   48.633032748729285 
   121.16134834440481   205.55908693032475 
   112.73370621629458   222.53315128421963 
   146.49806378445459   181.43985649124369 
   96.855432172148724   249.97496866518242 
   173.17829504571955   148.71902838904529 
   140.20703417772819   199.48299140201382 
   217.00518128808494   85.896634679727043 
   195.04833897980808   122.28911313144047 
   189.70358812345467   139.88978916844195 
   238.00194882280366   58.985294514881602 
   123.38577821386468   236.96002137854649 
   113.60189949902102   252.41013240774743 
   165.82474491892998   180.94144682464949 
   178.12455524135771   167.03569442274451 
   234.70646496265809   76.829687996176972 
   222.35331428987234   105.02174859499546 
   214.06067837096697   121.64114333521009 
   156.33616252548907   209.77167362189275 
   140.89020679373471    241.0076697207509 
   172.87353355485729    198.1300907754092 
   204.48535313198335   150.91908514812644 
   154.49060894908382   228.33287418431692 
   198.07042065074424    168.6809541327564 
   249.18309056596746   88.734124929092644 
   241.03035882385802   105.00419052690566 
   220.33831834105519   140.41787195539223 
   192.78317910625461    198.8138291197015 
   169.80154617025659   237.51761700574838 
   207.58068038914834   185.02226907266387 
   253.85458920023203   117.57673994705769 
   237.69627626189578   148.28631892085383 
   186.44198266367226     230.302191539029 
   171.50013597758601   255.82715715823514 
   198.14496885731415    216.0948728513643 
   252.38216166786643   135.72565124357828 
   229.83578851834355   185.67836306495857 
   241.02135062021679   168.29889719329725 
   196.82221733601705   244.78568969203985 
   215.25845261071936   223.63668149596188 
