   31.019536755479077   49.448157035620625 
   77.373438700810311   6.0007739565789731 
   66.475160526941465   21.213141149479906 
   12.298417467404239   73.479279423509396 
    96.02820535128032   10.548251205494921 
   40.564930718006124   64.606236529660009 
   30.033497279475171   80.633960066665765 
   78.077549611986313    36.35049392954916 
   58.307097437080813   64.885105867709783 
   96.282935760876654   29.893371297606176 
   74.553763860958924   54.384536225964041 
    129.4053651069772   3.7997598503524843 
   13.878137008667272    112.8594567049004 
   38.338800178911889   97.989324668610365 
   62.373008946479175   82.362196922136661 
   7.8823421544788967   129.31603315078527 
   110.92507394349514   41.194254576636467 
   32.229071754655351   115.13496931885099 
   56.297176392885589   99.177707558376923 
    87.40227195298236   68.235167361993561 
   138.36603041040951   21.417294756602359 
   79.369357899367202    83.35263516800498 
   128.83540762569874   36.335415018861681 
   20.961568441180454   141.31059157627212 
   113.65374131218068   59.537324032476064 
    10.85534942287536   156.71850490686947 
   39.147947559792463   134.36388404822748 
   104.36648997373327   74.041009575967365 
   167.88601205303092   15.128067558784323 
   71.018573891764561   111.29025438705798 
   84.718569787355179   99.408235682752235 
   156.92441331543498   28.486543324141213 
   139.63352780096778   50.862443005728096 
   130.12357742442637   65.109488385628453 
   23.510139672495733   169.18159567968311 
    13.24100325180525   183.97802569332734 
   184.97689201845969    20.27595607696794 
   112.84408707715934   91.115196843328405 
   101.58739966900946   104.61978236572456 
   61.292676498361324   148.51914357381727 
    82.28404073770966   126.35296384393435 
   156.22937147299177   57.155770291506165 
   168.27474202608923   45.012287258305456 
     43.5573975650208   173.44632072579242 
   79.960567050690145   144.21549937047143 
   100.74556924701702   122.38782579887815 
   25.397809308134377   195.47682646335548 
   139.64716760793414   80.215932114078441 
   61.683225715746268   167.63324678934606 
    194.8906847673241   35.981467911212668 
   130.98725688027204   96.034252483218211 
   157.09743159676825   75.105394220585055 
   42.279039014303507   191.24124553033957 
   186.79111939419968   51.736703041762055 
   212.94151633562245   33.123046154022958 
   98.725846005778266   151.25217350850002 
   111.20604310584235   137.16886916896379 
   49.511847602870525    207.4363214434623 
   79.712027502384458   180.74284812062567 
   142.98954483140545   110.48613029275097 
   170.35906201737384    87.30594359945465 
   198.99608564486726   67.623946523077592 
   160.78318439866712   103.57428708881677 
   78.846212018374175   199.08028787511611 
   65.934736350328762   211.13481800661438 
   109.93555889624034   166.35633639331661 
   129.60077548017168   142.45979283076502 
   226.91556726951271   45.896231285756542 
   189.61058606181467    84.60230215396885 
   100.98876872491118   181.99323918393347 
   144.46152166389092   130.51128572435238 
   129.17465596326593   161.99358937677212 
   219.97252483996371   66.465323212146771 
   171.35428822467892   117.64643158628962 
   70.886701305500395   228.01722433846743 
   94.079803728419151   210.32095507203144 
   199.51350226387643   100.43273271668588 
   163.49631125735843   134.33507482090567 
   108.78418540971566   200.14694431240042 
   189.25569765361854   116.06644956698941 
    89.26360327523534   228.00871642967621 
   230.94782674129365   86.095503503598437 
   142.70557979904771   175.20284185251077 
   218.61649994314263   101.49221173729842 
   126.05686942994967   208.48885837253982 
   179.21036448897152   145.90896241149986 
   138.86634070216823   194.75582644813218 
   194.15001700124611   133.58721153622236 
   77.566133783965014   255.34788572396693 
   93.711067341020254    245.7898837646886 
   162.99142117639934   174.45876187194955 
   251.62018060483783   93.419419123966037 
   223.98876464356812    119.9453500003829 
   179.42952459904706   164.65628424845835 
   212.09898020974865   135.04605541588222 
   154.89080589112626   202.68058144849707 
   133.14314286603778   228.66590712896522 
   168.74638790599494   191.72348104140028 
   109.53776890541606   254.09613701563927 
   126.68301531311749   246.35430205428597 
   242.03719797719378   124.27452698106922 
    256.3306567148403   112.62141627808171 
   217.42192619208544   152.33622590397232 
   195.54009163516577   176.46559653646628 
   161.31997913759332   218.98653170490979 
   211.84442176852153   169.81629472647614 
   151.96707208598463   233.49740371603971 
   183.55033022208249   202.94939516243292 
   234.62399456935219   154.32112102496779 
   246.48182003940374   141.83244316901286 
   199.24391921776265   195.66216311050246 
   179.46508584760107   220.78160995019275 
   166.14830788628808   247.19477483125857 
   227.15546260146715    181.6415005121834 
   241.18046966384981   171.04753394403684 
   184.75881530911005    238.7227983782148 
   213.65652488235372   208.22904131960235 
   229.97485686134777   199.51189227790218 
