   54.012083481237156    30.33240183576936 
   41.837047503238558   45.226188937896723 
   23.373952941201583   52.692163091500028 
   87.960216151296208   19.211524442400467 
   74.210496780133951   31.478743901733424 
   107.32484963766281   17.208501510737051 
   144.08140550767615   3.1698117888442083 
   23.307406114653713   73.709700606836606 
   51.728930094048756   60.336520167686032 
   83.208400255667698   46.792465882958552 
   69.459578286179394   58.426871687585582 
   13.907957587971282   92.071042195494229 
   42.190269195053283   76.528546854455243 
    175.3350690041926   4.6384248874714782 
   125.05136448200585   36.612909862263109 
   151.06449480109234   20.634989238831302 
    101.4687723362762   56.100486091684651 
   144.19702717200894   37.287514385924247 
   169.92321522352535   21.583155176222068 
   78.226042586052245   72.680273257704016 
   120.48151211528076   55.176797380006427 
    53.68138423714548   90.604413942977885 
    25.62880929051255   107.61644085227586 
   70.688046597030322   87.212177217467655 
   95.628307351296854   72.958199997873422 
   15.974262853541381   122.92013189940874 
   160.50166947114514    48.94123124726476 
    176.2016415483219   38.567916562347627 
   56.805208492227393   108.54111626669575 
   98.423069880401854    90.47343069337289 
   42.231417337398668   116.70861752763452 
   83.149963628273866   99.678898675289432 
   134.50298287980456    72.50589714100326 
    213.8081477116078   21.020545532310894 
     26.3088675113333   137.54620824284228 
   74.211927629322034   114.81485420522517 
   128.92059069611585    89.99441425107895 
   2.4493979798874079   154.38333877273647 
   113.32912091505393   98.296460425604948 
   167.42017564240675   66.432019448368706 
   192.60019680650453   48.439463440245696 
   43.751560156977959   134.98369412590685 
   154.73111170490233   79.220508008121101 
   210.04707654296809   40.744335977344441 
   20.349531456642968   153.39419141674162 
   187.13287839077495   67.197374163045083 
   83.412446857213993   130.12111696394842 
   113.74286347028962   115.88527555252656 
   140.72581160577047   104.79480866117531 
   227.44360196663337    49.36439868629644 
   56.068860924090494   148.77766086665289 
   157.56238138101713   98.773242937080994 
   101.77605793009776   129.38331235261751 
   74.399793020732488   145.89224660813193 
   131.49578969886824   120.63334976344683 
   31.009580726767616   168.03944236378499 
   196.78394106501815   83.458593061865855 
   49.539211310182928   166.74848797974249 
   18.112761078462086   181.34975147686725 
   172.08746673411912   111.30141275292809 
   239.62666928440814   64.611011872714215 
   188.01483606610049   101.35165766683426 
   113.12100412437731   144.01343157024488 
   85.946328298091984   159.45354435990495 
   131.18960535104642   138.95972691653708 
   216.57114122945427   87.990229086204423 
   234.98619775875122   82.776257019199761 
   104.59751667896793   159.51899025712038 
   62.009991665126016   181.13801716453571 
    22.68392395903313   198.67933383568925 
   201.44220332271934   113.15381996718483 
   79.600038912998798   176.21236070538845 
   173.71007676605774   132.62500776911679 
   217.66157409360454   106.15616220915555 
   144.32720860227519   151.07920323734737 
   162.89197923760264    148.0386812085973 
   110.67821919864392   176.93952396691122 
   247.49133560539994   98.352898325247835 
   59.376646259717276   200.00630512848974 
   41.363763237394458   206.96566854303174 
   203.43201732831466   130.56815092248806 
   94.858675721744163   186.11373491237615 
   190.64211281875913   142.16386648798363 
   141.05235644004057    169.1138729050802 
   229.05560393439856    120.8311047963667 
   128.16324565763117   182.30134216556326 
   246.10052129361301   117.85397887333895 
   171.18235122185746    165.5509226989723 
   38.801980270536475   225.41825828646921 
   220.49424408295377   136.99836255178403 
   75.844247780186123    210.2199076407403 
   93.720175751094075   203.23837111879448 
   157.30125094905731   177.07960776152416 
   200.79499421451155    159.0648849086476 
    188.7284038205855    173.1475932722451 
   137.78288343690195   199.26384354966936 
   220.96407283026755   155.69833781298794 
   256.76948191116281   133.72290792688653 
   80.731456139517462    228.2853128262775 
    156.5452671965476   195.14940549248078 
   109.26637951767889   214.53612990733799 
   51.629865462511916   241.25728719263117 
   99.680350034789214   229.52815980011991 
   128.80913566846502   215.58952848042878 
   72.353393142019456   244.36019404559812 
   190.66980235741886    192.1896821757804 
   254.88469126693454   153.02439636945277 
    173.6821631592567    202.3822279839149 
    238.8759340718926   165.19811154160624 
   106.90536667917426    245.7452957137256 
   139.20093745862238   232.42488116316645 
   91.061533094267205   256.47436295800043 
   206.15440458106303   204.20762396212609 
   175.92890495887357   220.58025893234003 
   242.17812939721688   185.11672162158436 
   160.44818160199898   233.94708354031499 
   126.33315179673529   247.65965461587174 
   228.26655296868029   202.02391643398141 
   195.97491220780921   221.64668997639063 
