   151.56189765676771   2.5316299839078509 
   18.655552409277583    26.05135452870179 
   104.71534766948483   15.024109018674721 
   123.33337157207168   13.982632809235065 
   65.845598329080403    22.94656020424609 
   48.040522465959214   29.663907392071668 
   227.31100904199812   1.3476576280972268 
   14.729031028223471   44.831207412550853 
   152.24941157042707   20.431608879593455 
    79.36602849417541   34.720982282791041 
   97.789081338323811   31.909344296643006 
   135.11506090589145   29.046307908208711 
   198.86416379515344   14.717727432093398 
   44.112669041719563   49.489716322076767 
   167.47514399829964   29.544200170218449 
    217.8590520017693   18.228388271924494 
   186.79545466906265   28.573773318198029 
   26.337705923948171   58.707152628836887 
   75.531297518519281    52.34341927129153 
   105.01136018496467   48.876726511085984 
   59.418829243373523   60.313925332606701 
   133.62998190195592   48.229145995152308 
   162.25778112776473   46.712760762305059 
   91.590561302415068   60.130642345448749 
   14.952022965831702   77.393516218889701 
   224.88907399412386   35.336309368076762 
   119.76597955120558   60.022845614393177 
   148.58820046909207   58.237503874099772 
   190.99727350947012   46.993025786459022 
   176.48183196961662   56.068679920550757 
   61.250551347848742   79.013367197018681 
   45.635573904968467    90.24852962430009 
   25.869257733083963   92.681506373488219 
   96.920224315800397   77.057847792447802 
   218.08063452596338   52.586207184559022 
   80.464025244440066    85.34838264690147 
   116.14344439939558    80.13501215980655 
   202.78579616379125   60.503141644499884 
   155.28103126798942   76.087975881705688 
   173.08658509746633   72.647843783330373 
   20.365239444537973   112.96566507844948 
   51.279557269974383   107.40419640935559 
   229.55784881875829   65.646761124573914 
   85.191849693768106   102.46913099063973 
   68.900301671700021   110.14864705742889 
   6.5338044629631442   128.26860283208319 
   37.875113474076826   120.57570606063302 
   201.59051698472709   79.528620118720397 
   185.08964696561083    85.59559054462008 
   128.24371245732172   103.46619097541338 
   157.50585701363107   94.765398344157276 
   100.42092178185825   116.18612016698864 
    146.5624020123789   109.07307104263069 
   175.47657871790997   100.56225232228012 
   73.679004160347503   126.18530366549388 
   230.25229798868313   83.491120246005622 
   119.02488639324081   120.21476453931163 
   45.331575787251005   137.14606903120688 
   214.84343511945252   92.860232167050441 
   13.831832592465684   146.31788452006793 
   62.636725649700246   138.27106808151669 
   247.91993885250494   87.790396597654393 
   90.416368399518433   130.95779783080167 
   159.29527322757244   124.54964908186045 
   177.14509313023294   118.59324830462648 
   43.706598144310007   155.28009825491353 
   88.582626421366371   148.59954928206693 
   27.515492003688006   159.39732394888645 
    71.44738821197744   153.53837777295212 
   128.08348607462398   140.58241321900516 
   218.01178248390352   111.37706945806113 
   253.30457300291511   104.98719751018469 
    236.8774479769032   114.28805744011011 
   58.896434847316243   165.84525418253924 
   118.16494799323588   156.03019414475546 
   100.95601699861477   160.01398563529523 
   161.45108791743419    143.2350942882407 
   190.42993683131758   132.37268879239519 
    24.25389933842721   177.44313432555163 
   145.88448895142579   152.30365425575809 
    209.2739740988174   129.45535119280262 
   180.29400823162527   149.07639307514123 
   63.821901673505259   183.01123828616693 
   238.99622018753584   131.76044397365291 
   96.803341282517138   177.11056087327702 
   125.73729180655721   173.38169334779303 
   223.84669089417531   142.28424448586546 
   32.581356959535526   193.95503507019529 
   143.55866526931806   171.92293241222458 
   81.750745757708472    187.0514260398451 
   255.28928652619396   139.34284412188609 
   51.034477854748843   195.91233325943921 
   112.72245918555953   186.29164379299823 
   185.40750577221536   167.28140320202428 
   21.623007447731471   209.62352342057875 
   154.34629139231254    187.7835839146089 
   231.66851639387605   160.16455177567204 
   172.30613488530457   182.29516503319846 
   250.76751043085659   156.96342875471592 
    88.92256879898062   204.11932417458229 
   58.677652348843331   212.00000423060141 
   107.68349238144147   203.91431844695344 
   203.34759973242399   176.77993172508664 
   222.48465369821844   176.50978879443863 
    76.67637825229086   216.89050287971199 
   29.944572063466318   226.75041675146045 
   182.22135132081922   197.17043677676122 
   48.210106687091127    226.5452371981452 
   150.39465982791498   208.80055742911458 
   199.69918753346263   194.60910047983293 
   117.23669136884783   219.02109555474172 
   135.95582779273781   220.88909301015397 
   78.041119958082547   235.29124791743334 
   230.53215787686545   194.79223675513657 
   179.63620354938456   214.50639055489358 
   60.386153837167981   240.05845606883267 
   247.97677286903473   197.18593753693315 
   164.28091243789191   222.39672082179231 
   109.40571110592479   235.59365464591548 
    206.9068205948376   211.73299844739344 
    93.54261792197758   244.99582444308544 
   224.14148336761372   213.26886486498952 
   139.43121058172929   239.95032550242763 
   194.45278779198929   225.13352727209332 
   54.854265321614491   256.30491897116411 
     123.039254071746   247.49348702992103 
   169.71353734040258   241.34961007278676 
   255.32392029589286   215.08238656880718 
   154.41323291253423   251.82939838188344 
   230.33972690332718    231.3584034726307 
