    69.05530169059783   69.699160367864707 
    69.05530169059783   100.57442364104539 
   111.72196835726452   69.699160367864707 
   111.72196835726452   100.57442364104539 
   90.388635023931172   42.572154056048163 
   133.05530169059784   65.950903406500572 
   133.05530169059784   96.826166679681236 
   90.388635023931172   73.447417329228827 
    69.05530169059783   131.44968691422605 
    69.05530169059783   162.32495018740676 
   111.72196835726452   131.44968691422605 
   111.72196835726452   162.32495018740676 
   90.388635023931172   104.32268060240951 
   133.05530169059784   127.70142995286194 
   133.05530169059784   158.57669322604261 
   90.388635023931172    135.1979438755902 
    69.05530169059783   193.20021346058746 
    69.05530169059783   38.823897094684028 
   111.72196835726452   193.20021346058746 
   111.72196835726452   38.823897094684028 
   90.388635023931172   166.07320714877088 
   133.05530169059784   189.45195649922326 
   133.05530169059784   220.32721977240399 
   90.388635023931172   196.94847042195155 
   154.38863502393116   69.699160367864707 
   154.38863502393116   100.57442364104539 
   197.05530169059784   69.699160367864707 
   197.05530169059784   100.57442364104539 
    175.7219683572645   42.572154056048163 
   218.38863502393116   65.950903406500572 
   218.38863502393116   96.826166679681236 
    175.7219683572645   73.447417329228827 
   154.38863502393116   131.44968691422605 
   154.38863502393116   162.32495018740676 
   197.05530169059784   131.44968691422605 
   197.05530169059784   162.32495018740676 
    175.7219683572645   104.32268060240951 
   218.38863502393116   127.70142995286194 
   218.38863502393116   158.57669322604261 
    175.7219683572645    135.1979438755902 
   154.38863502393116   193.20021346058746 
   154.38863502393116   38.823897094684028 
   197.05530169059784   193.20021346058746 
   197.05530169059784   38.823897094684028 
    175.7219683572645   166.07320714877088 
   218.38863502393116   189.45195649922326 
   218.38863502393116   220.32721977240399 
    175.7219683572645   196.94847042195155 
    239.7219683572645   69.699160367864707 
    239.7219683572645   100.57442364104539 
   26.388635023931176   69.699160367864707 
   26.388635023931176   100.57442364104539 
   5.0553016905978323   42.572154056048163 
    47.72196835726448   65.950903406500572 
    47.72196835726448   96.826166679681236 
   5.0553016905978323   73.447417329228827 
    239.7219683572645   131.44968691422605 
    239.7219683572645   162.32495018740676 
   26.388635023931176   131.44968691422605 
   26.388635023931176   162.32495018740676 
   5.0553016905978323   104.32268060240951 
    47.72196835726448   127.70142995286194 
    47.72196835726448   158.57669322604261 
   5.0553016905978323    135.1979438755902 
    239.7219683572645   193.20021346058746 
    239.7219683572645   38.823897094684028 
   26.388635023931176   193.20021346058746 
   26.388635023931176   38.823897094684028 
   5.0553016905978323   166.07320714877088 
    47.72196835726448   189.45195649922326 
    47.72196835726448   220.32721977240399 
   5.0553016905978323   196.94847042195155 
