           177.724096    3.777689600000008 
   142.58899200000005   10.295539200000007 
           197.127488   8.2823679999999964 
   16.432576000000061                    1 
   160.89248000000003   13.646438399999989 
    109.0346880000001    6.983999999999992 
   47.757632000000001   3.6397439999999959 
            242.41376   14.010943999999995 
   125.19993600000006   17.238079999999989 
   79.668800000000104   8.8760575999999904 
   31.335360000000026   11.095270400000004 
   224.98592000000002   24.802495999999998 
   204.82400000000001   24.886412799999995 
   62.934080000000073   13.193023999999991 
   95.096384000000029   18.749862400000005 
   158.26604800000001           32.9748096 
   30.546368000000065    28.90458880000002 
   192.78073600000002   41.004851200000004 
   125.25356800000009   37.626649599999993 
   63.250880000000038   30.269657600000006 
             173.9024   43.558591999999997 
   228.95084800000001   42.446054399999994 
   142.55776000000006    44.30106880000001 
   95.044544000000045   37.182041600000005 
   13.666368000000057   37.674496000000012 
   47.364928000000056   37.221312000000012 
   245.48908799999998   48.461529599999984 
   77.675712000000019   41.780736000000005 
   109.22156800000002   49.607308800000013 
   201.40857599999998   57.894182399999998 
   166.24185600000001   61.073843200000013 
           219.114048   57.813606400000005 
   21.459008000000086   53.971302400000027 
           147.525184           63.4593664 
   53.413952000000066   54.527500800000006 
   71.794112000000041   58.808947200000013 
   246.83987200000001   66.481843199999986 
   38.234304000000066   61.464383999999995 
           194.786496   74.959040000000002 
   176.81337600000001    75.15948800000001 
   12.392000000000099   68.373580800000028 
           229.338944   73.226662399999995 
   104.33350400000009   69.756953600000003 
   83.931456000000068   73.489139199999997 
   139.08064000000005   81.529753600000006 
   39.399616000000059   78.875033600000009 
            202.30112   92.642777600000002 
   170.60243199999999   91.779046399999999 
    118.4498560000001   85.424947199999991 
   222.82822400000001           91.1840768 
   22.724672000000101   82.771212800000015 
   152.68960000000001   96.565081600000013 
   72.130112000000096   89.210892799999982 
   53.279680000000099   89.376191999999989 
           185.232832          103.8319872 
   14.257728000000043   97.667059199999997 
   237.23219200000003          103.4855168 
   112.93600000000006          104.6107904 
   45.359424000000033   106.08696319999999 
   155.66444799999999          116.2531072 
   75.839168000000058   107.33712639999999 
   174.72108800000001   120.20536319999999 
   27.160000000000036   110.18343680000001 
   93.888576000000015   112.21867520000001 
           201.660608   133.72433919999997 
   124.21676800000004   122.14597119999999 
   58.619840000000025          118.3712512 
   142.75052800000003   129.76849920000001 
   182.40147200000001   137.48280319999998 
   19.091392000000088   126.34155519999999 
   253.02201600000004   136.27653119999999 
   93.746112000000082   130.56363519999999 
   111.66572800000003   135.54001920000002 
   214.04563200000001   147.07307520000001 
   235.70118400000001   147.47819520000002 
   50.146880000000053   135.27544319999998 
   169.38425599999999   152.45048320000001 
   150.12614400000001          149.2680192 
   30.721984000000067   140.37777919999999 
   81.472320000000039   145.58264320000001 
   207.38169600000001   165.39563519999999 
   62.500032000000104          148.8188672 
   111.60556800000003   153.55345919999999 
   238.07904000000002   166.80133120000002 
   174.77907199999999   171.22142719999999 
    94.27769600000002          159.1045632 
   140.62777599999998          166.4451072 
   21.568704000000071   157.53029119999999 
   222.06611200000003   175.22744319999998 
   192.44153599999999          176.7839232 
   122.47059200000004   167.98597120000002 
   52.866496000000097   164.72568319999999 
   247.91123200000001          182.9766912 
   34.345920000000021          170.5452032 
           164.236096          186.7263232 
   146.49606400000002          184.4453632 
   95.116736000000031   177.10609919999999 
   223.70310400000002   193.06129919999998 
   62.292288000000099   179.57381120000002 
   112.44512000000005   183.94142720000002 
   194.62163200000001   195.71294719999997 
   240.09017600000001   199.56344319999999 
   79.413184000000086   184.96632320000001 
   210.61817600000001   203.80638719999999 
    33.46092800000006          189.6877312 
   166.87059200000004   205.69438719999999 
   138.13817600000002   201.87729919999998 
    50.99961600000006   193.85195519999999 
   183.94668799999999   210.79877119999998 
   119.61171200000008   201.47128319999999 
           243.860288   217.66801919999997 
   79.117248000000018   202.56056319999999 
   21.811904000000048   204.40824320000002 
   61.178432000000065   208.12536319999998 
   151.46105600000001   216.40798719999998 
   212.52742400000002   221.81957119999998 
   91.283520000000038          215.7505792 
           229.220032   229.96638719999996 
   110.35680000000002   217.94385919999996 
   194.70329599999999   226.89822719999998 
   25.972928000000046   224.07173119999999 
   59.111104000000083   225.81752319999995 
   77.799616000000071   228.73054719999996 
   153.72256000000002   236.64401919999995 
   118.60793600000007          236.1925632 
   42.024256000000072   234.00017919999996 
   8.7217280000000752   232.95045119999995 
   232.82528000000002   248.66347519999999 
   189.99724799999998   244.19166719999998 
   250.52153600000003   253.19275519999997 
   171.11660799999999   247.72523519999996 
   136.83219200000002   247.03877119999999 
    84.74195200000004   243.77182719999996 
   103.21964800000005   246.62200319999997 
   39.789888000000076   252.99729919999996 
