   99.946299978232688   42.647490859005067 
   84.508668341642334   69.386253202112215 
   136.89671720636872   63.980824192338389 
   121.45908556977838   90.719586535445544 
   131.98501174820899   29.821480931017778 
   157.24605430111882   71.401405110551863 
   141.80842266452848   98.140167453659004 
   116.54738011161865   56.560243274124943 
   69.071036705052009   96.125015545219355 
    53.63340506846167   122.86377788832651 
   106.02145393318806   117.45834887855268 
   90.583822296597702   144.19711122165984 
    101.1097484750283   83.299005617232083 
   126.37079102793815   124.87892979676616 
    110.9331593913478    151.6176921398733 
   85.672116838437972   110.03776796033924 
   38.195773431871324   149.60254023143366 
   115.38393161482303   15.908728515897911 
   75.146190660007363   170.93587356476698 
   152.33434884295906   37.242061849231234 
   70.234485201847633   136.77653030344638 
   95.495527754757475   178.35645448298041 
   80.057896118167136   205.09521682608761 
   54.796853565257294   163.51529264655352 
    173.8471344345048   85.314157525671732 
   158.40950279791446   112.05291986877889 
   210.79755166264081   106.64749085900506 
   195.35992002605047   133.38625320211219 
   205.88584620448111    72.48814759768446 
   231.14688875739094   114.06807177721852 
   215.70925712080057   140.80683412032568 
   190.44821456789074     99.2269099407916 
   142.97187116132412   138.79168221188601 
   127.53423952473379   165.53044455499315 
   179.92228838946016   160.12501554521933 
    164.4846567528698    186.8637778883265 
   175.01058293130043   125.96567228389875 
   200.27162548421026   167.54559646343282 
   184.83399384761992   194.28435880653996 
   159.57295129471007   152.70443462700592 
   112.09660788814344   192.26920689810032 
   189.28476607109513   58.575395182564577 
   149.04702511627946   213.60254023143366 
   226.23518329923115   79.908728515897906 
   144.13531965811976   179.44319697011304 
   169.39636221102958    221.0231211496471 
   153.95873057443924   247.76188349275427 
   128.69768802152942   206.18195931322018 
   247.74796889077689    127.9808241923384 
   232.31033725418655   154.71958653544553 
   62.995882750096662   21.314157525671764 
   47.558251113506316   48.052919868778901 
   83.345219844846724   28.734738443885199 
   67.907588208256371   55.473500786992346 
   216.87270561759624   181.45834887855264 
   201.43507398100587   208.19711122165984 
   32.120619476915991   74.791682211886041 
   16.682987840325644    101.5304445549932 
   248.91141738757253   168.63233895056541 
   52.469956571666039   82.212263130099487 
   37.032324935075707   108.95102547320663 
   233.47378575098219   195.37110129367255 
   185.99744234441553   234.93587356476695 
   1.2453562037353021   128.26920689810035 
   218.03615411439185   222.10986363677972 
   21.594693298485378   135.68978781631378 
   6.1570616618950353   162.42855015942095 
   202.59852247780154   248.84862597988683 
