   30.289873590093947   96.224153409805567 
   22.298767432440386   126.04736759884513 
    71.50270884509419   107.26709933417978 
   63.511602687440643   137.09031352321935 
   57.917277087708484   75.542950385502508 
   93.079246760133472   109.16803409381748 
   85.088140602479911   138.99124828285704 
    49.92617093005493   105.36616457454208 
   14.307661274786843    155.8705817878847 
   6.3165551171332828   185.69379597692426 
   55.520496529787088   166.91352771225891 
   47.529390372133541   196.73674190129847 
   41.935064772401383   135.18937876358166 
   77.097034444826349   168.81446247189663 
   69.105928287172802   198.63767666093622 
   33.943958614747821   165.01259295262122 
   46.272085905401028   36.577725031726459 
   38.280979747747487   66.400939220766006 
   87.484921160401285   47.620670956100689 
   79.493815002747752   77.443885145140229 
   25.952852457094277   194.83580714166078 
   109.06145907544057   49.521605715738339 
   101.07035291778701   79.344819904777964 
   65.908383245362032   45.719736196462961 
   112.71554410009445   118.31004525855398 
   104.72443794244089   148.13325944759356 
   153.92837935509468   129.35299118292821 
   145.93727319744113   159.17620537196777 
   140.34294759770899   97.628842234250953 
   175.50491727013394   131.25392594256593 
   167.51381111248037   161.07714013160549 
   132.35184144005541   127.45205642329051 
   96.733331784787339   177.95647363663312 
   88.742225627133777   207.77968782567268 
   137.94616703978758   188.99941956100733 
   129.95506088213403   218.82263375004689 
   124.36073528240188    157.2752706123301 
   159.52270495482685   190.90035432064508 
   151.53159879717327   220.72356850968464 
   116.36962912474831   187.09848480136966 
   128.69775641540153   58.663616880474912 
   120.70665025774798   88.486831069514452 
   169.91059167040177   69.706562804849113 
   161.91948551274825    99.52977699388866 
   108.37852296709478   216.92169899040925 
   191.48712958544107   71.607497564486778 
   183.49602342778749    101.4307117535264 
   148.33405375536253   67.805628045211392 
   195.14121461009492   140.39593710730242 
   187.15010845244137   170.21915129634201 
   236.35404986509522   151.43888303167665 
   228.36294370744167   181.26209722071624 
   222.76861810770947   119.71473408299939 
    10.65357625013295   87.082142245069051 
   2.6624700924793898   116.90535643410861 
   214.77751195005592   149.53794827203896 
   179.15900229478783   200.04236548538159 
   171.16789613713428   229.86557967442113 
    220.3718375497881    211.0853114097558 
   212.38073139213455   240.90852559879539 
   206.78640579240235   179.36116246107852 
    198.7952996347488   209.18437665011811 
   211.12342692540204   80.749508729223336 
   203.13232076774847   110.57272291826288 
   252.33626218040229   91.792454653597559 
   244.34515602274877   121.61566884263712 
   190.80419347709528   239.00759083915767 
   26.635788565440052   27.435713866989904 
   18.644682407786494   57.258928056029511 
   230.75972426536302   89.891519893959838 
