   124.29023979646263   2.9202687948288322 
   97.551477453355503   18.357900431419175 
   145.62357312979594   39.870686022964854 
   118.88481078668882   55.308317659555208 
   158.44958305778326   7.8319742529885659 
   159.53632554491585   56.471766156350817 
   132.79756320180869   71.909397792941164 
   131.71082071467609   23.269605889578909 
   70.812715110248348   33.795532068009521 
   44.073952767141208   49.233163704599853 
   92.146048443581691    70.74594929614554 
   65.407286100474522   86.183580932735893 
   104.97205837156893   38.707237526169251 
   106.05880085870155   87.347029429531503 
   79.320038515594405   102.78466106612186 
   78.233296028461794   54.144869162759598 
    17.33519042403405     64.6707953411902 
   38.668523757367375   101.62121256932623 
   172.36233547290308   24.433054386374529 
   51.494533685354654    69.58250079934993 
   52.581276172487271   118.22229270271218 
   25.842513829380103   133.65992433930253 
   24.755771342247524   85.020132435940283 
   166.95690646312929   76.821103251100908 
   140.21814412002217   92.258734887691261 
   188.29023979646263   113.77152047923695 
   161.55147745335552   129.20915211582729 
   201.11624972444994   81.732808709260681 
   202.20299221158251    130.3726006126229 
   175.46422986847534   145.81023224921327 
   174.37748738134277   97.170440345851006 
   113.47938177691503    107.6963665242816 
   86.740619433807865   123.13399816087194 
   134.81271511024838   144.64678375241763 
   108.07395276714121   160.08441538900797 
   147.63872503823563   112.60807198244136 
   148.72546752536823   161.24786388580361 
   121.98670518226108   176.68549552239392 
   120.89996269512848   128.04570361903171 
   60.001857090700724   138.57162979746229 
   193.69566880623643   61.383471614510576 
   81.335190424034053   175.52204702559834 
    215.0290021395698    98.33388884264663 
   94.161200352021353   143.48333525562205 
    95.24794283915395   192.12312715898426 
   68.509180496046781   207.56075879557463 
   67.422438008914199   158.92096689221239 
   209.62357312979597     150.721937707373 
   182.88481078668883   166.15956934396334 
   230.95690646312931   187.67235493550905 
   204.21814412002217   203.10998657209939 
   243.78291639111657   155.63364316553276 
   244.86965887824917     204.273435068895 
   218.13089653514203   219.71106670548534 
   217.04415404800943    171.0712748021231 
   156.14604844358169   181.59720098055365 
   129.40728610047455   197.03483261714402 
   177.47938177691506   218.54761820868976 
   150.74061943380789   233.98524984528009 
   190.30539170490232   186.50890643871344 
   191.39213419203489   235.14869834207568 
   164.65337184892775   250.58632997866601 
   163.56662936179515   201.94653807530381 
   102.66852375736738   212.47246425373439 
   236.36233547290311   135.28430607078266 
   124.00185709070072   249.42288148187043 
   136.82786701868801   217.38416971189412 
   110.08910467558088   232.82180134848446 
