   91.068964483775972   54.549966153810736 
   69.236856452389958   76.382074185196743 
   121.23885381440198   84.719855484436749 
   99.406745783015978   106.55196351582276 
   125.33559926546472   50.453220702747984 
   138.97421639472526   97.154382234739515 
   117.14210836333926   118.98649026612551 
   103.50349123407872   72.285328734133998 
   47.404748421003944   98.214182216582756 
   25.572640389617927   120.04629024796878 
   77.574637751629965   128.38407154720875 
   55.742529720243944   150.21617957859479 
   81.671383202692709   94.117436765520011 
   95.310000331953233   140.81859829751156 
   73.477892300567234   162.65070632889757 
   59.839275171306682   115.94954479690604 
   134.73318054654797   10.885750091038718 
   112.90107251516197    32.71785812242473 
   164.90306987717398   41.055639421664743 
   143.07096184578799   62.887747453050736 
   38.007167139920668   137.78165282829204 
   182.63843245749726   53.490166171967481 
   160.80632442611127   75.322274203353516 
   147.16770729685075   28.621112671361985 
   151.40874314502804    114.8897448150628 
   129.57663511364203    136.7218528464488 
   181.57863247565405   145.05963414568882 
   159.74652444426803    166.8917421770748 
   185.67537792671683   110.79299936400005 
    199.3139950559773   157.49416089599154 
   177.48188702459134   179.32626892737758 
   163.84326989533076   132.62510739538607 
   107.74452708225601   158.55396087783481 
   85.912419050869985   180.38606890922085 
   137.91441641288202   188.72385020846082 
   116.08230838149602   210.55595823984686 
   142.01116186394478   154.45721542677208 
    155.6497789932053    201.1583769587636 
   133.81767096181929   222.99048499014961 
   120.17905383255875   176.28932345815809 
   195.07295920780004   71.225528752290771 
   173.24085117641405    93.05763678367677 
   225.24284853842607   101.39541808291679 
   203.41074050704006   123.22752611430278 
   98.346945801172751   198.12143148954411 
   242.97821111874933   113.82994483321953 
   221.14610308736331   135.66205286460556 
   207.50748595810279    88.96089133261404 
   211.74852180628008   175.22952347631482 
   189.91641377489407   197.06163150770084 
   60.899075153149958   24.380076823184726 
   39.066967121763959   46.212184854570744 
   246.01515658796885   171.13277802525209 
   78.634437733473206   36.814603573487453 
   56.802329702087199   58.646711604873474 
   224.18304855658283   192.96488605663814 
   168.08430574350808   218.89373953908688 
   146.25219771212207   240.72584757047287 
   17.234859090377945    68.04429288595675 
   202.35094052519682   214.79699408802412 
   34.970221670701171   80.478819636259502 
   13.138113639315163   102.31092766764552 
   180.51883249381081   236.62910211941016 
   255.41273786905208   131.56530741354283 
   233.58062983766609   153.39741544492881 
   82.731183184535965   2.5479687917987173 
   100.46654576485921   14.982495542101461 
