   138.65618372025264   52.584171552315276 
   107.78092044707196   52.584171552315276 
   138.65618372025264    95.25083821898194 
   107.78092044707196    95.25083821898194 
    165.7831900320692   73.917504885648611 
   142.40444068161679   116.58417155231528 
    111.5291774084361   116.58417155231528 
   134.90792675888849   73.917504885648611 
   76.905657173891299   52.584171552315276 
   46.030393900710585   52.584171552315283 
   76.905657173891299    95.25083821898194 
   46.030393900710585    95.25083821898194 
   104.03266348570783   73.917504885648611 
   80.653914135255405   116.58417155231528 
   49.778650862074741   116.58417155231528 
   73.157400212527136   73.917504885648611 
   200.40671026661397   52.584171552315276 
   169.53144699343335   52.584171552315276 
   200.40671026661397    95.25083821898194 
   169.53144699343335    95.25083821898194 
   42.282136939346472   73.917504885648626 
   204.15496722797809   116.58417155231528 
   173.27970395479744   116.58417155231528 
   196.65845330524985   73.917504885648611 
   138.65618372025264   137.91750488564861 
   107.78092044707196   137.91750488564861 
   138.65618372025264   180.58417155231527 
   107.78092044707196   180.58417155231527 
    165.7831900320692   159.25083821898195 
   142.40444068161679   201.91750488564861 
    111.5291774084361   201.91750488564861 
   134.90792675888849   159.25083821898195 
   76.905657173891299   137.91750488564861 
   46.030393900710585   137.91750488564861 
   76.905657173891299   180.58417155231527 
   46.030393900710585   180.58417155231527 
   104.03266348570783   159.25083821898195 
   80.653914135255405   201.91750488564861 
   49.778650862074741   201.91750488564861 
   73.157400212527136   159.25083821898195 
   200.40671026661397   137.91750488564861 
   169.53144699343335   137.91750488564861 
   200.40671026661397   180.58417155231527 
   169.53144699343335   180.58417155231527 
   42.282136939346472   159.25083821898195 
   204.15496722797809   201.91750488564861 
   173.27970395479744   201.91750488564861 
   196.65845330524985   159.25083821898195 
   138.65618372025264   223.25083821898195 
   107.78092044707196   223.25083821898195 
   138.65618372025264   9.9175048856486381 
   107.78092044707196   9.9175048856486381 
    165.7831900320692    244.5841715523153 
   142.40444068161676   31.250838218981944 
    111.5291774084361   31.250838218981944 
   134.90792675888849    244.5841715523153 
   76.905657173891299   223.25083821898195 
     46.0303939007106   223.25083821898195 
   76.905657173891285   9.9175048856486381 
   46.030393900710578   9.9175048856486381 
   104.03266348570783    244.5841715523153 
   80.653914135255405   31.250838218981944 
   49.778650862074727   31.250838218981944 
   73.157400212527151    244.5841715523153 
     200.406710266614   223.25083821898195 
   169.53144699343335   223.25083821898195 
   200.40671026661397   9.9175048856486381 
   169.53144699343332   9.9175048856486381 
   42.282136939346472    244.5841715523153 
   204.15496722797809   31.250838218981944 
   173.27970395479744   31.250838218981944 
   196.65845330524991    244.5841715523153 
