    158.9212775256309   3.9619655894758417 
   129.09806333659131   11.953071747129401 
   169.96422345000511   45.174800844476088 
   140.14100926096555    53.16590700212965 
   190.64542647430815   17.547397346861562 
   179.10623461474165   64.811098184437071 
   149.28302042570206   72.802204342090633 
   160.82221228526859   25.538503504515123 
   99.274849147551748   19.944177904782944 
   69.451634958512173   27.935284062436505 
   110.31779507192596   61.157013159783205 
   80.494580882886396   69.148119317436752 
   130.99899809622903   33.529609662168667 
   119.45980623666246    80.79331049974418 
   89.636592047622912   88.784416657397742 
   101.17578390718944   41.520715819822229 
   39.628420769472591   35.926390220090063 
   50.671366693846814   77.139225475090299 
    199.7874376390447   37.183694686822541 
    71.35256971814988   49.511821977475776 
   59.813377858583337   96.775522815051275 
   29.990163669543751   104.76662897270484 
   41.529355529110319   57.502928135129331 
   181.00716937437934   86.387636099476339 
   151.18395518533976     94.3787422571299 
   192.05011529875355   127.60047135447658 
   162.22690110971396   135.59157751213013 
   212.73131832305663   99.973067856862059 
   201.19212646349007   147.23676869443756 
   171.36891227445048   155.22787485209111 
   182.90810413401704   107.96417401451562 
   121.36074099630019   102.36984841478343 
   91.537526807260605     110.360954572437 
    132.4036869206744   143.58268366978371 
   102.58047273163483   151.57378982743725 
   153.08488994497748   115.95528017216917 
   141.54569808541089   163.21898100974468 
   111.72248389637133   171.21008716739823 
   123.26167575593789   123.94638632982272 
   61.714312618221022   118.35206073009054 
   210.83038356341891   78.396529941822791 
   72.757258542595238    159.5648959850908 
   221.87332948779311   119.60936519682303 
   93.438461566898312   131.93749248747628 
   81.899269707331769   179.20119332505175 
   52.076055518292186   187.19229948270535 
   63.615247377858751   139.92859864512982 
   203.09306122312776   168.81330660947685 
    173.2698470340882    176.8044127671304 
   214.13600714750197   210.02614186447713 
   184.31279295846244   218.01724802213067 
   234.81721017180504   182.39873836686257 
   223.27801831223849   229.66243920443807 
   193.45480412319893   237.65354536209162 
   204.99399598276548   190.38984452451612 
   143.44663284504864   184.79551892478395 
   113.62341865600904    192.7866250824375 
   154.48957876942285   226.00835417978422 
   124.66636458038327    233.9994603374378 
   175.17078179372592   198.38095068216967 
   163.63158993415934    245.6446515197452 
   133.80837574511978   253.63575767739874 
   145.34756760468633   206.37205683982324 
   83.800204466969475   200.77773124009107 
   232.91627541216732   160.82220045182331 
   94.843150391343698   241.99056649509134 
   243.95922133654153   202.03503570682355 
   115.52435341564674   214.36316299747679 
   85.701139226607182   222.35426915513031 
