   32.376929113300335   35.290474414388683 
   32.376929113300335   69.423807747722023 
   47.156806875406588   43.823807747722014 
   47.156806875406588   60.890474414388684 
   32.376929113300335   86.490474414388672 
   32.376929113300335   120.62380774772203 
   47.156806875406588   95.023807747722032 
   47.156806875406588   112.09047441438869 
   32.376929113300335   137.69047441438869 
   32.376929113300335   171.82380774772201 
   47.156806875406588   146.22380774772202 
   47.156806875406588   163.29047441438868 
   32.376929113300335   188.89047441438868 
   32.376929113300335   223.02380774772206 
   47.156806875406588   197.42380774772201 
   47.156806875406588   214.49047441438873 
   32.376929113300335   240.09047441438872 
   32.376929113300335   18.223807747722034 
   47.156806875406588   248.62380774772205 
   47.156806875406588   9.6904744143887029 
    61.93668463751284   35.290474414388683 
    61.93668463751284   69.423807747722023 
   76.716562399619107   43.823807747722014 
   76.716562399619107   60.890474414388684 
    61.93668463751284   86.490474414388672 
    61.93668463751284   120.62380774772203 
   76.716562399619107   95.023807747722032 
   76.716562399619107   112.09047441438869 
    61.93668463751284   137.69047441438869 
    61.93668463751284   171.82380774772201 
   76.716562399619107   146.22380774772202 
   76.716562399619107   163.29047441438868 
    61.93668463751284   188.89047441438868 
    61.93668463751284   223.02380774772206 
   76.716562399619107   197.42380774772201 
   76.716562399619107   214.49047441438873 
    61.93668463751284   240.09047441438872 
    61.93668463751284   18.223807747722034 
   76.716562399619107   248.62380774772205 
   76.716562399619107   9.6904744143887029 
    91.49644016172536   35.290474414388683 
    91.49644016172536   69.423807747722023 
   106.27631792383163   43.823807747722014 
   106.27631792383163   60.890474414388684 
    91.49644016172536   86.490474414388672 
    91.49644016172536   120.62380774772203 
   106.27631792383163   95.023807747722032 
   106.27631792383163   112.09047441438869 
    91.49644016172536   137.69047441438869 
    91.49644016172536   171.82380774772201 
   106.27631792383163   146.22380774772202 
   106.27631792383163   163.29047441438868 
    91.49644016172536   188.89047441438868 
    91.49644016172536   223.02380774772206 
   106.27631792383163   197.42380774772201 
   106.27631792383163   214.49047441438873 
    91.49644016172536   240.09047441438872 
    91.49644016172536   18.223807747722034 
   106.27631792383163   248.62380774772205 
   106.27631792383163   9.6904744143887029 
   121.05619568593788   35.290474414388683 
   121.05619568593788   69.423807747722023 
   135.83607344804412   43.823807747722014 
   135.83607344804412   60.890474414388684 
   121.05619568593788   86.490474414388672 
   121.05619568593788   120.62380774772203 
   135.83607344804412   95.023807747722032 
   135.83607344804412   112.09047441438869 
   121.05619568593788   137.69047441438869 
   121.05619568593788   171.82380774772201 
   135.83607344804412   146.22380774772202 
   135.83607344804412   163.29047441438868 
   121.05619568593788   188.89047441438868 
   121.05619568593788   223.02380774772206 
   135.83607344804412   197.42380774772201 
   135.83607344804412   214.49047441438873 
   121.05619568593788   240.09047441438872 
   121.05619568593788   18.223807747722034 
   135.83607344804412   248.62380774772205 
   135.83607344804412   9.6904744143887029 
   150.61595121015037   35.290474414388683 
   150.61595121015037   69.423807747722023 
   165.39582897225662   43.823807747722014 
   165.39582897225662   60.890474414388684 
   150.61595121015037   86.490474414388672 
   150.61595121015037   120.62380774772203 
   165.39582897225662   95.023807747722032 
   165.39582897225662   112.09047441438869 
   150.61595121015037   137.69047441438869 
   150.61595121015037   171.82380774772201 
   165.39582897225662   146.22380774772202 
   165.39582897225662   163.29047441438868 
   150.61595121015037   188.89047441438868 
   150.61595121015037   223.02380774772206 
   165.39582897225662   197.42380774772201 
   165.39582897225662   214.49047441438873 
   150.61595121015037   240.09047441438872 
   150.61595121015037   18.223807747722034 
   165.39582897225662   248.62380774772205 
   165.39582897225662   9.6904744143887029 
   180.17570673436288   35.290474414388683 
   180.17570673436288   69.423807747722023 
   194.95558449646913   43.823807747722014 
   194.95558449646913   60.890474414388684 
   180.17570673436288   86.490474414388672 
   180.17570673436288   120.62380774772203 
   194.95558449646913   95.023807747722032 
   194.95558449646913   112.09047441438869 
   180.17570673436288   137.69047441438869 
   180.17570673436288   171.82380774772201 
   194.95558449646913   146.22380774772202 
   194.95558449646913   163.29047441438868 
   180.17570673436288   188.89047441438868 
   180.17570673436288   223.02380774772206 
   194.95558449646913   197.42380774772201 
   194.95558449646913   214.49047441438873 
   180.17570673436288   240.09047441438872 
   180.17570673436288   18.223807747722034 
   194.95558449646913   248.62380774772205 
   194.95558449646913   9.6904744143887029 
   209.73546225857541   35.290474414388683 
   209.73546225857541   69.423807747722023 
   224.51534002068169   43.823807747722014 
   224.51534002068169   60.890474414388684 
   209.73546225857541   86.490474414388672 
   209.73546225857541   120.62380774772203 
   224.51534002068169   95.023807747722032 
   224.51534002068169   112.09047441438869 
   209.73546225857541   137.69047441438869 
   209.73546225857541   171.82380774772201 
   224.51534002068169   146.22380774772202 
   224.51534002068169   163.29047441438868 
   209.73546225857541   188.89047441438868 
   209.73546225857541   223.02380774772206 
   224.51534002068169   197.42380774772201 
   224.51534002068169   214.49047441438873 
   209.73546225857541   240.09047441438872 
   209.73546225857541   18.223807747722034 
   224.51534002068169   248.62380774772205 
   224.51534002068169   9.6904744143887029 
   239.29521778278797   35.290474414388683 
   239.29521778278797   69.423807747722023 
   17.597051351194125   43.823807747722014 
   17.597051351194125   60.890474414388684 
   239.29521778278797   86.490474414388672 
   239.29521778278797   120.62380774772203 
   17.597051351194125   95.023807747722032 
   17.597051351194125   112.09047441438869 
   239.29521778278797   137.69047441438869 
   239.29521778278797   171.82380774772201 
   17.597051351194125   146.22380774772202 
   17.597051351194125   163.29047441438868 
   239.29521778278797   188.89047441438868 
   239.29521778278797   223.02380774772206 
   17.597051351194125   197.42380774772201 
   17.597051351194125   214.49047441438873 
   239.29521778278797   240.09047441438872 
   239.29521778278797   18.223807747722034 
   17.597051351194125   248.62380774772205 
   17.597051351194125   9.6904744143887029 
