   75.209424250366439    15.66741837166485 
   92.275840523845815   15.667273807090774 
   66.676090917033108   30.447585262919294 
   49.609424250366445   60.007919045428125 
   75.209173857179152   45.227607589599621 
   66.675840523845821   60.007774480854039 
   41.076090917033113   74.788085936682549 
    24.00942425036645    104.3484197191914 
   49.609173857179158   89.568108263362873 
    41.07584052384582    104.3482751546173 
   15.476090917033121   119.12858661044579 
   24.009173857179157   133.90860893712613 
   15.475840523845806   148.68877582838059 
   100.80892346399187   30.447296133771101 
   126.40867307080458   15.666984677942624 
   117.87533973747125   30.447151569197029 
   92.275590130658543   45.227463025025536 
    75.20892346399188   74.787796807534377 
   100.80867307080459   60.007485351705888 
   92.275339737471256   74.787652242960306 
   66.675590130658549   89.567963698788802 
   49.608923463991879   119.12829748129765 
   75.208673070804593   104.34798602546913 
   66.675339737471248   119.12815291672356 
   41.075590130658547   133.90846437255206 
   24.008923463991863   163.46879815506091 
   49.608673070804592   148.68848669923239 
   41.075339737471239   163.46865359048684 
   15.475590130658533   178.24896504631533 
   24.008673070804591   193.02898737299566 
   15.475339737471261   207.80915426425008 
   143.47508934428396   15.666840113368528 
   126.40842267761731   45.227173895877364 
      152.00817228443   30.446862440048857 
   143.47483895109667   45.227029331303278 
   117.87508934428398   60.007340787131788 
   100.80842267761732    89.56767456964063 
   126.40817228443001   74.787363113812134 
   117.87483895109668   89.567530005066558 
   92.275089344283984   104.34784146089505 
   75.208422677617307   133.90817524340389 
   100.80817228443003   119.12786378757538 
   92.274838951096697   133.90803067882979 
    66.67508934428399   148.68834213465831 
   49.608422677617298   178.24867591716719 
   75.208172284430034   163.46836446133864 
   66.674838951096675   178.24853135259309 
   41.075089344283967   193.02884280842159 
   49.608172284430019   207.80886513510191 
   41.074838951096687   222.58903202635636 
   169.07458855790941   30.446717875474782 
   152.00792189124275   60.007051657983617 
   177.60767149805545   45.226740202155121 
   169.07433816472212   60.006907093409531 
   143.47458855790941   74.787218549238048 
   126.40792189124274   104.34755233174688 
   152.00767149805546   89.567240875918387 
   143.47433816472213   104.34740776717281 
   117.87458855790941   119.12771922300131 
   100.80792189124276   148.68805300551014 
   126.40767149805546   133.90774154968162 
   117.87433816472212   148.68790844093604 
   92.274588557909425   163.46821989676457 
   75.207921891242734   193.02855367927341 
   100.80767149805546   178.24824222344489 
    92.27433816472211   193.02840911469934 
   66.674588557909402   207.80872057052784 
   177.60792189124271   15.666550984220379 
   75.207671498055461   222.58874289720816 
    66.67433816472213   237.36890978846259 
   194.67408777153483   45.226595637581035 
   177.60742110486817   74.786929420089876 
   203.20717071168085   60.006617964261373 
   194.67383737834757   74.786784855515791 
   169.07408777153483   89.567096311344301 
   152.00742110486817   119.12743009385314 
   177.60717071168088   104.34711863802464 
   169.07383737834755   119.12728552927906 
   143.47408777153484   133.90759698510755 
   126.40742110486818   163.46793076761639 
   152.00717071168089   148.68761931178787 
   143.47383737834755   163.46778620304232 
   117.87408777153485   178.24809765887082 
   100.80742110486817    207.8084314413797 
   126.40717071168088   193.02811998555114 
   117.87383737834753    207.8082868768056 
   92.274087771534838   222.58859833263409 
   203.20742110486816   30.446428746326632 
    100.8071707116809   237.36862065931444 
   92.273837378347551   252.14878755056884 
   220.27358698516025   60.006473399687287 
   203.20692031849359   89.566807182196115 
   228.80666992530629   74.786495726367619 
   220.27333659197296   89.566662617622043 
   194.67358698516026   104.34697407345054 
   177.60692031849359   133.90730785595937 
    203.2066699253063   119.12699640013089 
   194.67333659197297    133.9071632913853 
   169.07358698516026    148.6874747472138 
    152.0069203184936   178.24780852972265 
   177.60666992530633   163.46749707389415 
     169.073336591973   178.24766396514855 
   143.47358698516027   193.02797542097707 
   126.40692031849359   222.58830920348592 
   152.00666992530634    207.8079977476574 
   143.47333659197298   222.58816463891188 
   117.87358698516026   237.36847609474034 
   228.80692031849358    45.22630650843287 
   126.40666992530632   252.14849842142067 
    245.8730861987857   74.786351161793547 
   228.80641953211904   104.34668494430238 
   254.40616913893174   89.566373488473886 
   245.87283580559841    104.3465403797283 
   220.27308619878571   119.12685183555681 
   203.20641953211904   148.68718561806563 
   228.80616913893175   133.90687416223713 
   220.27283580559842   148.68704105349155 
   194.67308619878571   163.46735250932005 
   177.60641953211905    193.0276862918289 
   203.20616913893176    178.2473748360004 
   194.67283580559842   193.02754172725483 
   169.07308619878572   207.80785318308332 
   152.00641953211903    237.3681869655922 
   177.60616913893179   222.58787550976368 
   169.07283580559843    237.3680424010181 
   143.47308619878569   252.14835385684663 
   254.40641953211906   60.006184270539137 
   254.40591874574449   119.12656270640863 
   245.87258541241115   133.90672959766306 
   228.80591874574449   163.46706338017191 
   49.609674643553767    30.44772982749339 
   41.076341310220435   45.227896718747814 
   220.27258541241116    178.2472302714263 
    203.2059187457445   207.80756405393515 
   24.009674643553787   74.788230501256635 
   15.476341310220434   89.568397392511073 
   194.67258541241117   222.58773094518958 
   177.60591874574448   252.14806472769843 
