    40.16228374781565   12.710839561271786 
   31.327927008316284   45.681107765271975 
   52.229960202754704   24.778720461392169 
   47.812781833005019   41.263854563392258 
   26.910748638566588   62.166241867272085 
     18.0763918990672   95.136510071272298 
   38.978425093505642   74.234122767392464 
    34.56124672375595   90.719256869392567 
   13.659213529317528    111.6216441732724 
   4.8248567898181394   144.59191237727259 
   25.726889984256584   123.68952507339276 
   21.309711614506888   140.17465917539286 
   12.475354875007522   173.14492737939304 
    8.058176505257828   189.63006148139317 
    68.71481502744345   20.361467259512438 
   59.880458287944073   53.331735463512615 
   80.782491482382525   32.429348159632795 
   76.365313112632847   48.914482261632905 
   55.463279918194388   69.816869565512718 
   46.628923178695011   102.78713776951294 
   67.530956373133463   81.884750465633104 
   63.113778003383771   98.369884567633221 
   42.211744808945319   119.27227187151303 
   33.377388069445956    152.2425400755132 
   54.279421263884409    131.3401527716334 
   49.862242894134724    147.8252868736335 
   28.960209699696271   168.72767417751331 
   20.125852960196884   201.69794238151354 
   41.027886154635347   180.79555507763371 
   36.610707784885655   197.28068917963384 
   15.708674590447188   218.18307648351364 
   73.131993397193142    3.876333157512343 
   27.776351045386285   230.25095738363402 
   97.267346307071293   28.012094957753089 
   88.432989567571909    60.98236316175327 
   109.33502276201035    40.07997585787345 
   104.91784439226066   56.565109959873546 
   84.015811197822231   77.467497263753373 
   75.181454458322847   110.43776546775358 
   96.083487652761278   89.535378163873759 
     91.6663092830116   106.02051226587388 
   70.764276088573155   126.92289956975368 
   61.929919349073792   159.89316777375387 
   82.831952543512216   138.99078046987407 
   78.414774173762538   155.47591457187414 
   57.512740979324107   176.37830187575395 
   48.678384239824716   209.34857007975418 
   69.580417434263154   188.44618277587432 
   65.163239064513462   204.93131687787445 
   44.261205870075031   225.83370418175426 
   101.68452467682097   11.526960855752995 
   56.328882325014092   237.90158508187466 
   118.16937950150972   7.1097076538732615 
   125.81987758669911   35.662722655993726 
   116.98552084719974    68.63299085999391 
   137.88755404163817    47.73060355611409 
   133.47037567188849   64.215737658114193 
   112.56834247745005   85.118124961994027 
   103.73398573795068   118.08839316599423 
   124.63601893238912   97.186005862114399 
   120.21884056263943    113.6711399641145 
   99.316807368200983   134.57352726799434 
   90.482450628701613   167.54379547199451 
   111.38448382314003   146.64140816811468 
   106.96730545339037   163.12654227011478 
   86.065272258951921   184.02892957399462 
   77.230915519452537   216.99919777799485 
   98.132948713890997   196.09681047411496 
   93.715770344141291   212.58194457611512 
   72.813737149702845   233.48433187999493 
   130.23705595644878   19.177588553993623 
   84.881413604641921   245.55221278011533 
   146.72191078113755   14.760335352113913 
   154.37240886632694   43.313350354234366 
   145.53805212682755   76.283618558234565 
     166.440085321266   55.381231254354745 
   162.02290695151632   71.866365356354819 
   141.12087375707787   92.768752660234654 
   132.28651701757849   125.73902086423489 
   153.18855021201693   104.83663356035504 
   148.77137184226723   121.32176766235516 
   127.86933864782881   142.22415496623498 
   119.03498190832941   175.19442317023515 
   139.93701510276787   154.29203586635535 
    135.5198367330182   170.77716996835542 
   114.61780353857975   191.67955727223523 
   105.78344679908035   224.64982547623546 
    126.6854799935188   203.74743817235563 
    122.2683016237691   220.23257227435576 
   101.36626842933066   241.13495957823557 
   158.78958723607661   26.828216252234274 
   113.43394488426974   253.20284047835597 
   175.27444206076535   22.410963050354543 
   182.92494014595476   50.963978052475007 
   174.09058340645535   83.934246256475205 
    194.9926166008938   63.031858952595385 
   190.57543823114412   79.516993054595474 
   169.67340503670567   100.41938035847531 
   160.83904829720629   133.38964856247551 
   181.74108149164474   112.48726125859569 
   177.32390312189506   128.97239536059578 
   156.42186992745661   149.87478266447562 
   147.58751318795726   182.84505086847579 
   168.48954638239567   161.94266356459596 
     164.072368012646   178.42779766659606 
   143.17033481820755   199.33018497047593 
   134.33597807870819    232.3004531744761 
   155.23801127314661   211.39806587059627 
   150.82083290339693    227.8831999725964 
   129.91879970895849   248.78558727647621 
   187.34211851570441   34.478843950474918 
   203.82697334039315   30.061590748595194 
   211.47747142558256   58.614605750715661 
   202.64311468608321   91.584873954715846 
   223.54514788052165    70.68248665083604 
   219.12796951077195   87.167620752836129 
    198.2259363163335   108.07000805671595 
   189.39157957683412   141.04027626071615 
   210.29361277127256   120.13788895683633 
   205.87643440152289   136.62302305883645 
   184.97440120708444   157.52541036271626 
   176.14004446758508   190.49567856671646 
   197.04207766202353   169.59329126283666 
   192.62489929227382   186.07842536483673 
   171.72286609783541   206.98081266871654 
   162.88850935833599   239.95108087271677 
   183.79054255277444   219.04869356883694 
   179.37336418302476   235.53382767083707 
   158.47133098858632    256.4362149747169 
   215.89464979533224   42.129471648715565 
   232.37950462002104   37.712218446835841 
   240.03000270521036   66.265233448956295 
   231.19564596571098   99.235501652956486 
   252.09767916014945   78.333114349076681 
   247.68050079039975   94.818248451076755 
   226.77846759596127   115.72063575495659 
   217.94411085646192    148.6909039589568 
   238.84614405090036   127.78851665507698 
   234.42896568115069   144.27365075707709 
   213.52693248671224    165.1760380609569 
   204.69257574721289   198.14630626495708 
   225.59460894165133   177.24391896107727 
   221.17743057190165   193.72905306307737 
   200.27539737746321   214.63144036695718 
   191.44104063796382   247.60170857095741 
    212.3430738324023   226.69932126707755 
   207.92589546265259   243.18445536907768 
   244.44718107496004   49.780099346956206 
