   111.87733473542104   5.1706934796849735 
   87.741423270920222   29.306604944185796 
   116.29430865998941    21.65562313650376 
     104.226352927739   33.723578868754174 
   75.673467538669797   41.374560676436204 
   51.537556074168975   65.510472140937026 
   80.090441463238179   57.859490333254996 
   68.022485730987768   69.927446065505421 
   39.469600341918564   77.578427873187437 
    15.33368887741773   101.71433933768829 
   43.886574266486953   94.063357530006229 
   31.818618534236538   106.13131326225665 
   3.2657331451673506   113.78229506993867 
   7.6827070697357369   130.26722472675746 
    132.7792383168082   26.072597061072127 
    108.6433268523074   50.208508525572945 
   137.19621224137657   42.557526717890916 
   125.12825650912617   54.625482450141334 
   96.575371120056971    62.27646425782337 
   72.439459655556149     86.4123757223242 
   100.99234504462535   78.761393914642156 
   88.924389312374942   90.829349646892581 
   60.371503923305738    98.48033145457461 
   36.235592458804916   122.61624291907543 
   64.788477847874105    114.9652611113934 
   52.720522115623702   127.03321684364383 
   24.167636726554523   134.68419865132583 
   28.584610651122912   151.16912830814462 
   16.516654918872469   163.23708404039508 
   144.84719404905863   14.004641328821725 
   173.40007943812782   6.3536595211396891 
   161.33212370587739   18.421615253390112 
   153.68114189819536   46.974500642459297 
   129.54523043369454   71.110412106960126 
   158.09811582276376    63.45943029927809 
   146.03016009051336   75.527386031528508 
   117.47727470144414   83.178367839210537 
   93.341363236943309   107.31427930371137 
   121.89424862601253    99.66329749602933 
   109.82629289376212   111.73125322827975 
   81.273407504692898   119.38223503596178 
   57.137496040192076   143.51814650046262 
   85.690381429261294   135.86716469278056 
   73.622425697010868   147.93512042503099 
   45.069540307941686   155.58610223271299 
   20.933628843440854   179.72201369721384 
   49.486514232510075   172.07103188953181 
   37.418558500259643   184.13898762178223 
   189.88500909494658   10.770633445708077 
   165.74909763044579   34.906544910208886 
   194.30198301951495   27.255563102526864 
   182.23402728726455   39.323518834777275 
   174.58304547958255   67.876404223846478 
   150.44713401508173     92.0123156883473 
   179.00001940415095   84.361333880665285 
   166.93206367190052   96.429289612915682 
    138.3791782828313   104.08027142059771 
    114.2432668183305   128.21618288509856 
    142.7961522073997    120.5652010774165 
   130.72819647514928   132.63315680966693 
    102.1753110860801   140.28413861734896 
   78.039399621579278   164.42005008184981 
   106.59228501064848   156.76906827416775 
   94.524329278398056   168.83702400641818 
   65.971443889328881   176.48800581410018 
   41.835532424828038   200.62391727860106 
   70.388417813897263   192.97293547091897 
   58.320462081646824   205.04089120316942 
   210.78691267633377    31.67253702709527 
   186.65100121183298   55.808448491596074 
   215.20388660090217   48.157466683914045 
   203.13593086865177   60.225422416164456 
   195.48494906096974   88.778307805233652 
   171.34903759646892   112.91421926973447 
   199.90192298553811   105.26323746205246 
   187.83396725328771   117.33119319430286 
   159.28108186421849   124.98217500198488 
   135.14517039971767   149.11808646648572 
   163.69805578878689   141.46710465880369 
   151.63010005653646   153.53506039105409 
   123.07721466746727   161.18604219873615 
   98.941303202966452   185.32195366323697 
   127.49418859203566   177.67097185555491 
   115.42623285978523   189.73892758780534 
   86.873347470716041   197.38990939548739 
   62.737436006215212   221.52582085998819 
   91.290321395284437   213.87483905230616 
   79.222365663033997   225.94279478455658 
   231.68881625772099   52.574440608482433 
   207.55290479322014   76.710352072983241 
   236.10579018228935   69.059370265301226 
   224.03783445003896   81.127325997551637 
    216.3868526423569   109.68021138662083 
   192.25094117785608   133.81612285112163 
   220.80382656692527    126.1651410434396 
   208.73587083467487   138.23309677569003 
   180.18298544560565   145.88407858337206 
   156.04707398110483   170.01999004787288 
   184.59995937017405   162.36900824019085 
   172.53200363792362   174.43696397244128 
   143.97911824885443   182.08794578012331 
   119.84320678435363    206.2238572446241 
   148.39609217342283   198.57287543694207 
    136.3281364411724   210.64083116919252 
   107.77525105210321   218.29181297687452 
   83.639339587602379    242.4277244413754 
   112.19222497667161   234.77674263369332 
   100.12426924442116   246.84469836594371 
   252.59071983910812   73.476344189869593 
   228.45480837460732   97.612255654370415 
   244.93973803142612   102.02922957893878 
   237.28875622374412   130.58211496800803 
   213.15284475924329   154.71802643250885 
   241.70573014831245   147.06704462482679 
   229.63777441606206   159.13500035707722 
   201.08488902699284   166.78598216475925 
   176.94897756249205    190.9218936292601 
   205.50186295156124   183.27091182157804 
   193.43390721931081   195.33886755382844 
   164.88102183024165   202.98984936151049 
    140.7451103657408   227.12576082601132 
   169.29799575481002   219.47477901832926 
   157.23004002255959   231.54273475057968 
   128.67715463349043   239.19371655826174 
   133.09412855805877   255.67864621508051 
   249.35671195599454   118.51415923575759 
   234.05474834063045   175.61993001389601 
   83.324449346351827   12.821675287367009 
   221.98679260838006   187.68788574614641 
   197.85088114387921   211.82379721064726 
   59.188537881851019   36.957586751867829 
   47.120582149600601   49.025542484118255 
   185.78292541162881   223.89175294289765 
   161.64701394712796   248.02766440739845 
   22.984670685099786   73.161453948619069 
   10.916714952849365   85.229409680869495 
