   147.42795584914569   1.2594367102131763 
   117.86762206663687   18.326103376879836 
   147.42781128457162   18.325852983692545 
   132.64764439331719   26.859186317025895 
   103.08745517538244   26.859436710213167 
   73.527121392873596   43.926103376879851 
   103.08731061080836   43.925852983692565 
   88.307143719553935   52.459186317025896 
   58.746954501619186   52.459436710213183 
   29.186620719110351    69.52610337687986 
   58.746809937045114   69.525852983692559 
   43.966643045790676   78.059186317025905 
   14.406453827855925   78.059436710213191 
    14.40630926328185   95.125852983692567 
   176.98814506708044    1.259186317025883 
   162.20783361125194   26.858935923838601 
   132.64749982874312   43.925602590505271 
   162.20768904667787   43.925352197317977 
   147.42752215542345   52.458685530651309 
    117.8673329374887   52.458935923838602 
   88.306999154979863   69.525602590505272 
   117.86718837291461      69.525352197318 
    103.0870214816602   78.058685530651317 
   73.526832263725453   78.058935923838604 
   43.966498481216604   95.125602590505295 
   73.526687699151367   95.125352197317994 
   58.746520807896943   103.65868553065133 
    29.18633158996218   103.65893592383863 
   29.186187025388104   120.72535219731799 
   14.406020134133659   129.25868553065135 
   176.98800050250637   18.325602590505273 
   206.54818972044109   18.325352197317979 
   191.76802282918669   26.858685530651307 
    176.9877113733582   52.458435137464015 
   147.42737759084937   69.525101804130685 
   176.98756680878412   69.524851410943413 
    162.2073999175297   78.058184744276744 
   132.64721069959495   78.058435137464016 
    103.0868769170861   95.125101804130708 
   132.64706613502085   95.124851410943407 
   117.86689924376645   103.65818474427674 
   88.306710025831705   103.65843513746404 
   58.746376243322857   120.72510180413072 
   88.306565461257634   120.72485141094342 
   73.526398570003195   129.25818474427675 
   43.966209352068439   129.25843513746403 
   14.405875569559583   146.32510180413072 
   43.966064787494368   146.32485141094341 
   29.185897896239911   154.85818474427677 
   191.76787826461262   43.925101804130691 
   221.32806748254737   43.924851410943404 
   206.54790059129297   52.458184744276743 
   191.76758913546448   78.057934351089472 
   162.20725535295566   95.124601017756135 
    191.7674445708904   95.124350624568848 
   176.98727767963598   103.65768395790218 
   147.42708846170123   103.65793435108947 
   117.86675467919238   120.72460101775614 
   147.42694389712713   120.72435062456886 
   132.64677700587271   129.25768395790217 
   103.08658778793796   129.25793435108949 
   73.526254005429124   146.32460101775615 
    103.0864432233639   146.32435062456884 
   88.306276332109462    154.8576839579022 
   58.746087114174706   154.85793435108948 
   29.185753331665836   171.92460101775617 
   58.745942549600628   171.92435062456886 
   43.965775658346175   180.45768395790222 
   14.405586440411433   180.45793435108951 
   206.54775602671887    69.52460101775614 
   236.10794524465362   69.524350624568854 
    221.3277783533992   78.057683957902185 
   206.54746689757073   103.65743356471488 
   176.98713311506191   120.72410023138157 
   206.54732233299669   120.72384983819427 
   191.76715544174223    129.2571831715276 
   162.20696622380748   129.25743356471489 
   132.64663244129864   146.32410023138158 
   162.20682165923338   146.32384983819429 
   147.42665476797899   154.85718317152762 
   117.86646555004423   154.85743356471491 
   88.306131767535376   171.92410023138157 
   117.86632098547015   171.92384983819429 
   103.08615409421571   180.45718317152762 
   73.525964876280966    180.4574335647149 
   43.965631093772096    197.5241002313816 
    73.52582031170688   197.52384983819428 
   58.745653420452435   206.05718317152767 
   29.185464202517686   206.05743356471493 
   221.32763378882515   95.124100231381561 
    250.8878230067599   95.123849838194275 
   236.10765611550548   103.65718317152761 
   221.32734465967701   129.25693277834031 
   191.76701087716816   146.32359944500698 
   221.32720009510291   146.32334905181969 
   206.54703320384849   154.85668238515302 
   176.98684398591374   154.85693277834031 
   147.42651020340489   171.92359944500697 
   176.98669942133964   171.92334905181971 
   162.20653253008524   180.45668238515304 
   132.64634331215049    180.4569327783403 
   103.08600952964163   197.52359944500702 
   132.64619874757642   197.52334905181971 
   117.86603185632197   206.05668238515304 
   88.305842638387219   206.05693277834035 
   58.745508855878356   223.12359944500702 
   88.305698073813133    223.1233490518197 
   73.525531182558694   231.65668238515306 
   43.965341964623939   231.65693277834038 
   236.10751155093138     120.723599445007 
    250.8875338776117   129.25668238515303 
   236.10722242178323   154.85643199196574 
   206.54688863927439   171.92309865863243 
   236.10707785720919   171.92284826544514 
   221.32691096595477   180.45618159877847 
   191.76672174802002   180.45643199196576 
   162.20638796551117   197.52309865863242 
   191.76657718344592   197.52284826544516 
   176.98641029219149   206.05618159877849 
   147.42622107425674   206.05643199196575 
   117.86588729174788   223.12309865863241 
   147.42607650968267   223.12284826544516 
   132.64590961842825   231.65618159877852 
   103.08572040049349   231.65643199196575 
   73.525386617984623   248.72309865863247 
   103.08557583591941   248.72284826544518 
   250.88738931303766    146.3230986586324 
   250.88710018388952   180.45593120559118 
   221.32676640138067   197.52259787225785 
   117.86776663121094   1.2596871034004697 
   206.54659951012624   206.05593120559118 
   176.98626572761742   223.12259787225784 
   88.307432848702092   18.326353770067129 
   73.527265957447682   26.859687103400461 
     162.206098836363    231.6559312055912 
   132.64576505385415   248.72259787225786 
   43.966932174938862   43.926353770067131 
   29.186765283684423   52.459687103400483 
