   173.16825321937941   21.438110758535739 
    140.1979850153792   30.272467498035105 
   168.75100001749968   37.922965583224489 
   152.26586591549957   42.340143952974174 
   123.71285091337911   34.689645867784797 
    90.74258270937888   43.524002607284189 
   119.29559771149937   51.174500692473551 
   102.81046360949925   55.591679062223243 
   74.257448607378777   47.941180977033873 
   41.287180403378599   56.775537716533236 
    69.84019540549906    64.42603580172262 
   53.355061303498964   68.843214171472297 
   24.802046301378507   61.192716086282928 
   20.384793099498772   77.677570910971667 
   3.8996589974986362   82.094749280721359 
   222.62365552537969   8.1865756492866772 
   189.65338732137948   17.020932388786065 
   218.20640232349993   24.671430473975427 
   201.72126822149983   29.088608843725119 
   180.81888091762002    49.99064203816355 
   147.84861271361984   58.824998777662927 
   176.40162771574032   66.475496862852324 
   159.91649361374022   70.892675232602002 
   131.36347861161974   63.242177147412612 
    98.39321040761952   72.076533886912003 
   126.94622540974001   79.727031972101386 
   110.46109130773989   84.144210341851064 
   81.908076305619417   76.493712256661681 
    48.93780810161924   85.328068996161051 
   77.490823103739714   92.978567081350448 
   61.005689001739611   97.395745451100126 
   32.452673999619137   89.745247365910743 
   28.035420797739423    106.2301021905995 
   11.550286695739286    110.6472805603492 
    230.2742832236203   36.739106928914502 
   197.30401501962012   45.573463668413872 
    225.8570300217406   53.223961753603263 
    209.3718959197405   57.641140123352947 
   188.46950861586069   78.543173317791371 
   155.49924041186048   87.377530057290755 
   184.05225541398096    95.02802814248011 
   167.56712131198086   99.445206512229802 
   139.01410630986041   91.794708427040433 
   106.04383810586016   100.62906516653982 
   134.59685310798065   108.27956325172917 
   118.11171900598053   112.69674162147886 
   89.558704003860072   105.04624353628951 
   56.588435799859894   113.88060027578888 
   85.141450801980355   121.53109836097826 
   68.656316699980252   125.94827673072793 
   40.103301697859798   118.29777864553857 
   7.1330334938595552   127.13213538503796 
   35.686048495980067    134.7826334702273 
   19.200914393979939     139.199811839977 
     237.924910921861   65.291638208542324 
   204.95464271786079   74.125994948041694 
   233.50765771998124   81.776493033231063 
   217.02252361798114   86.193671402980755 
   196.12013631410133   107.09570459741921 
   163.14986811010115   115.93006133691858 
    191.7028831122216   123.58055942210797 
    175.2177490102215   127.99773779185766 
   146.66473400810105   120.34723970666828 
   113.69446580410082   129.18159644616765 
   142.24748080622129   136.83209453135703 
   125.76234670422117   141.24927290110671 
   97.209331702100727   133.59877481591732 
   64.239063498100535   142.43313155541671 
   92.792078500220995   150.08362964060609 
   76.306944398220907   154.50080801035577 
   47.753929396100439   146.85030992516639 
   14.783661192100206   155.68466666466577 
   43.336676194220715   163.33516474985515 
   26.851542092220591   167.75234311960483 
   245.57553862010158   93.844169488170152 
   212.60527041610143   102.67852622766952 
   241.15828541822185   110.32902431285891 
   224.67315131622178    114.7462026826086 
   203.77076401234197   135.64823587704703 
   170.80049580834176   144.48259261654641 
   199.35351081046224    152.1330907017358 
   182.86837670846216   156.55026907148545 
   154.31536170634169   148.89977098629609 
   121.34509350234144   157.73412772579547 
   149.89810850446196   165.38462581098486 
   133.41297440246183   169.80180418073454 
   104.85995940034135   162.15130609554512 
   71.889691196341175   170.98566283504454 
   100.44270619846164   178.63616092023392 
   83.957572096461547   183.05333928998357 
   55.404557094341079   175.40284120479419 
   22.434288890340856    184.2371979442936 
   50.987303892461355   191.88769602948298 
   34.502169790461217   196.30487439923266 
   253.22616631834225   122.39670076779795 
   220.25589811434205   131.23105750729735 
   248.80891311646255   138.88155559248673 
   232.32377901446245   143.29873396223641 
   211.42139171058264   164.20076715667483 
   178.45112350658243   173.03512389617421 
   207.00413850870288    180.6856219813636 
   190.51900440670278   185.10280035111327 
   161.96598940458233   177.45230226592389 
    128.9957212005821    186.2866590054233 
   157.54873620270257   193.93715709061266 
   141.06360210070247   198.35433546036234 
   112.51058709858201   190.70383737517295 
    79.54031889458183   199.53819411467234 
   108.09333389670228   207.18869219986172 
   91.608199794702188   211.60587056961143 
   63.055184792581727   203.95537248442201 
   30.084916588581507    212.7897292239214 
   58.637931590701996   220.44022730911078 
   42.152797488701871   224.85740567886046 
   227.90652581258274   159.78358878692515 
   256.45954081470313   167.43408687211453 
   239.97440671270306   171.85126524186421 
   219.07201940882325   192.75329843630269 
   186.10175120482307   201.58765517580204 
   214.65476620694352   209.23815326099142 
   198.16963210494342    213.6553316307411 
   169.61661710282297   206.00483354555175 
   136.64634889882274   214.83919028505113 
   165.19936390094324   222.48968837024049 
   148.71422979894311   226.90686673999019 
   120.16121479682265   219.25636865480084 
   87.190946592822471   228.09072539430022 
   115.74396159494292   235.74122347948955 
   99.258827492942842   240.15840184923923 
   70.705812490822382   232.50790376404987 
   37.735544286822147   241.34226050354926 
    66.28855928894265   248.99275858873861 
   49.803425186942512   253.40993695848832 
   235.55715351082335   188.33612006655301 
    247.6250344109437   200.40379652149207 
   226.72264710706389   221.30582971593046 
   193.75237890306371   230.14018645542987 
   161.10037231925901    9.370434303596662 
   144.61523821725893   13.787612673346356 
   177.26724480106361   234.55736482517955 
   144.29697659706338   243.39172156467893 
   111.64497001325871   22.621969412845722 
   95.159835911258597   27.039147782595418 
   127.81184249506329   247.80889993442858 
   94.841574291063111   256.64325667392797 
   62.189567707258419   35.873504522094791 
   45.704433605258323   40.290682891844476 
   12.734165401258144   49.125039631343846 
     243.207781209064   216.88865134618078 
