   219.85714144478868   32.833090146251536 
   185.72380811145536    32.83309014625155 
   211.32380811145535   47.612967908357803 
   194.25714144478869   47.612967908357803 
   168.65714144478869    32.83309014625155 
   134.52380811145534    32.83309014625155 
   160.12380811145533   47.612967908357803 
   143.05714144478867   47.612967908357803 
   117.45714144478869    32.83309014625155 
   83.323808111455349    32.83309014625155 
   108.92380811145536   47.612967908357803 
   91.857141444788681   47.612967908357803 
   66.257141444788672    32.83309014625155 
   32.123808111455318   32.833090146251564 
   57.723808111455355   47.612967908357803 
    40.65714144478865   47.612967908357817 
   15.057141444788659   32.833090146251564 
   236.92380811145534   32.833090146251536 
   6.5238081114553284   47.612967908357817 
   245.45714144478868   47.612967908357795 
   219.85714144478868   62.392845670464055 
   185.72380811145536   62.392845670464069 
   211.32380811145535   77.172723432570322 
   194.25714144478869   77.172723432570322 
   168.65714144478869   62.392845670464069 
   134.52380811145534   62.392845670464069 
   160.12380811145533   77.172723432570322 
   143.05714144478867   77.172723432570322 
   117.45714144478869   62.392845670464069 
   83.323808111455349   62.392845670464069 
   108.92380811145536   77.172723432570322 
   91.857141444788681   77.172723432570322 
   66.257141444788687   62.392845670464069 
   32.123808111455318   62.392845670464077 
   57.723808111455355   77.172723432570322 
    40.65714144478865   77.172723432570336 
   15.057141444788659   62.392845670464077 
   236.92380811145534   62.392845670464055 
   6.5238081114553284   77.172723432570336 
   245.45714144478868   77.172723432570308 
   219.85714144478868   91.952601194676561 
   185.72380811145536   91.952601194676561 
   211.32380811145535   106.73247895678281 
   194.25714144478869   106.73247895678281 
   168.65714144478869   91.952601194676575 
   134.52380811145534   91.952601194676575 
   160.12380811145533   106.73247895678281 
   143.05714144478867   106.73247895678284 
   117.45714144478869   91.952601194676575 
   83.323808111455349   91.952601194676589 
   108.92380811145536   106.73247895678284 
   91.857141444788681   106.73247895678284 
   66.257141444788687   91.952601194676589 
   32.123808111455318   91.952601194676589 
   57.723808111455355   106.73247895678284 
    40.65714144478865   106.73247895678284 
   15.057141444788659   91.952601194676589 
   236.92380811145534   91.952601194676561 
   6.5238081114553284   106.73247895678284 
   245.45714144478868   106.73247895678281 
   219.85714144478868   121.51235671888909 
   185.72380811145536   121.51235671888909 
   211.32380811145535   136.29223448099535 
   194.25714144478869   136.29223448099535 
   168.65714144478869   121.51235671888909 
   134.52380811145534   121.51235671888909 
   160.12380811145533   136.29223448099535 
   143.05714144478867   136.29223448099535 
   117.45714144478869   121.51235671888909 
   83.323808111455349   121.51235671888909 
   108.92380811145536   136.29223448099535 
   91.857141444788681   136.29223448099535 
   66.257141444788687   121.51235671888909 
   32.123808111455318   121.51235671888909 
   57.723808111455355   136.29223448099535 
    40.65714144478865   136.29223448099535 
   15.057141444788659   121.51235671888909 
   236.92380811145534   121.51235671888909 
   6.5238081114553284   136.29223448099535 
   245.45714144478868   136.29223448099535 
   219.85714144478868    151.0721122431016 
   185.72380811145536    151.0721122431016 
   211.32380811145535   165.85199000520785 
   194.25714144478869   165.85199000520785 
   168.65714144478869    151.0721122431016 
   134.52380811145534    151.0721122431016 
   160.12380811145533   165.85199000520785 
   143.05714144478867   165.85199000520785 
   117.45714144478869    151.0721122431016 
   83.323808111455349    151.0721122431016 
   108.92380811145536   165.85199000520785 
   91.857141444788681   165.85199000520785 
   66.257141444788687    151.0721122431016 
   32.123808111455318    151.0721122431016 
   57.723808111455355   165.85199000520785 
    40.65714144478865   165.85199000520785 
   15.057141444788659    151.0721122431016 
   236.92380811145534    151.0721122431016 
   6.5238081114553284   165.85199000520785 
   245.45714144478868   165.85199000520785 
   219.85714144478868   180.63186776731408 
   185.72380811145536   180.63186776731411 
   211.32380811145535   195.41174552942036 
   194.25714144478869   195.41174552942036 
   168.65714144478869   180.63186776731411 
   134.52380811145534   180.63186776731411 
   160.12380811145533   195.41174552942036 
   143.05714144478867   195.41174552942036 
   117.45714144478869   180.63186776731411 
   83.323808111455349   180.63186776731411 
   108.92380811145536   195.41174552942036 
   91.857141444788681   195.41174552942036 
   66.257141444788687   180.63186776731411 
   32.123808111455318   180.63186776731413 
   57.723808111455355   195.41174552942036 
    40.65714144478865   195.41174552942036 
   15.057141444788659   180.63186776731413 
   236.92380811145534   180.63186776731408 
   6.5238081114553284   195.41174552942036 
   245.45714144478868   195.41174552942036 
   219.85714144478868   210.19162329152664 
   185.72380811145536   210.19162329152664 
   211.32380811145538   224.97150105363289 
   194.25714144478869   224.97150105363289 
   168.65714144478869   210.19162329152664 
   134.52380811145534   210.19162329152664 
   160.12380811145533   224.97150105363289 
   143.05714144478867   224.97150105363289 
   117.45714144478869   210.19162329152664 
   83.323808111455349   210.19162329152664 
   108.92380811145536   224.97150105363289 
   91.857141444788681   224.97150105363289 
   66.257141444788687   210.19162329152664 
   32.123808111455318   210.19162329152667 
   57.723808111455362   224.97150105363289 
   40.657141444788664   224.97150105363289 
   15.057141444788659   210.19162329152667 
   236.92380811145534   210.19162329152664 
   6.5238081114553284   224.97150105363289 
   245.45714144478868   224.97150105363286 
   219.85714144478868   239.75137881573917 
   185.72380811145536   239.75137881573917 
   211.32380811145535    18.05321238414534 
   194.25714144478869    18.05321238414534 
   168.65714144478869   239.75137881573917 
   134.52380811145534   239.75137881573917 
   160.12380811145533    18.05321238414534 
   143.05714144478867    18.05321238414534 
   117.45714144478869   239.75137881573917 
   83.323808111455349   239.75137881573917 
   108.92380811145536    18.05321238414534 
   91.857141444788681    18.05321238414534 
   66.257141444788701   239.75137881573917 
   32.123808111455318   239.75137881573917 
   57.723808111455341    18.05321238414534 
   40.657141444788643    18.05321238414534 
   15.057141444788659   239.75137881573917 
   236.92380811145534   239.75137881573917 
   6.5238081114553284    18.05321238414534 
   245.45714144478868    18.05321238414534 
