   30.036405156495633   16.714953880857138 
   30.036405156495633   59.381620547523795 
   48.511613770563649   27.381620547523813 
   48.511613770563649   48.714953880857145 
   30.036405156495633   80.714953880857138 
   30.036405156495633   123.38162054752381 
   48.511613770563649   91.381620547523809 
   48.511613770563649   112.71495388085714 
   30.036405156495633   144.71495388085714 
   30.036405156495633    187.3816205475238 
   48.511613770563649   155.38162054752382 
   48.511613770563649   176.71495388085714 
   30.036405156495633   208.71495388085714 
   30.036405156495633   251.38162054752377 
   48.511613770563649   219.38162054752382 
   48.511613770563649   240.71495388085708 
   66.986822384631665   16.714953880857138 
   66.986822384631665   59.381620547523795 
   85.462030998699689   27.381620547523813 
   85.462030998699689   48.714953880857145 
   66.986822384631665   80.714953880857138 
   66.986822384631665   123.38162054752381 
   85.462030998699689   91.381620547523809 
   85.462030998699689   112.71495388085714 
   66.986822384631665   144.71495388085714 
   66.986822384631665    187.3816205475238 
   85.462030998699689   155.38162054752382 
   85.462030998699689   176.71495388085714 
   66.986822384631665   208.71495388085714 
   66.986822384631665   251.38162054752377 
   85.462030998699689   219.38162054752382 
   85.462030998699689   240.71495388085708 
   103.93723961276771   16.714953880857138 
   103.93723961276771   59.381620547523795 
   122.41244822683576   27.381620547523813 
   122.41244822683576   48.714953880857145 
   103.93723961276771   80.714953880857138 
   103.93723961276771   123.38162054752381 
   122.41244822683576   91.381620547523809 
   122.41244822683576   112.71495388085714 
   103.93723961276771   144.71495388085714 
   103.93723961276771    187.3816205475238 
   122.41244822683576   155.38162054752382 
   122.41244822683576   176.71495388085714 
   103.93723961276771   208.71495388085714 
   103.93723961276771   251.38162054752377 
   122.41244822683576   219.38162054752382 
   122.41244822683576   240.71495388085708 
   140.88765684090376   16.714953880857138 
   140.88765684090376   59.381620547523795 
    159.3628654549718   27.381620547523813 
    159.3628654549718   48.714953880857145 
   140.88765684090376   80.714953880857138 
   140.88765684090376   123.38162054752381 
    159.3628654549718   91.381620547523809 
    159.3628654549718   112.71495388085714 
   140.88765684090376   144.71495388085714 
   140.88765684090376    187.3816205475238 
    159.3628654549718   155.38162054752382 
    159.3628654549718   176.71495388085714 
   140.88765684090376   208.71495388085714 
   140.88765684090376   251.38162054752377 
    159.3628654549718   219.38162054752382 
    159.3628654549718   240.71495388085708 
   177.83807406903983   16.714953880857138 
   177.83807406903983   59.381620547523795 
   196.31328268310784   27.381620547523813 
   196.31328268310784   48.714953880857145 
   177.83807406903983   80.714953880857138 
   177.83807406903983   123.38162054752381 
   196.31328268310784   91.381620547523809 
   196.31328268310784   112.71495388085714 
   177.83807406903983   144.71495388085714 
   177.83807406903983    187.3816205475238 
   196.31328268310784   155.38162054752382 
   196.31328268310784   176.71495388085714 
   177.83807406903983   208.71495388085714 
   177.83807406903983   251.38162054752377 
   196.31328268310784   219.38162054752382 
   196.31328268310784   240.71495388085708 
   214.78849129717588   16.714953880857138 
   214.78849129717588   59.381620547523795 
   233.26369991124386   27.381620547523813 
   233.26369991124386   48.714953880857145 
   214.78849129717588   80.714953880857138 
   214.78849129717588   123.38162054752381 
   233.26369991124386   91.381620547523809 
   233.26369991124386   112.71495388085714 
   214.78849129717588   144.71495388085714 
   214.78849129717588    187.3816205475238 
   233.26369991124386   155.38162054752382 
   233.26369991124386   176.71495388085714 
   214.78849129717588   208.71495388085714 
   214.78849129717588   251.38162054752377 
   233.26369991124386   219.38162054752382 
   233.26369991124386   240.71495388085708 
