   78.413583099225292   5.4301839156816811 
   67.370637174851083   46.643019170681939 
   93.498527764538309   20.515128580994709 
   87.977054802351205   41.121546208494834 
   61.849164212663972    67.24943679818206 
   50.806218288289749    108.4622720531823 
   76.934108877976996   82.334381463495063 
   71.412635915789892   102.94079909099518 
   45.284745326102644   129.06868968068244 
   34.241799401728429   170.28152493568268 
   60.369689991415662   144.15363434599544 
    54.84821702922855   164.76005197349559 
   28.720326439541321   190.88794256318283 
   43.805271104854327   205.97288722849586 
   38.283798142667223   226.57930485599596 
   114.10494539203845   14.993655618807605 
   103.06199946766422   56.206490873807851 
   129.18989005735145   30.078600284120611 
   123.66841709516433    50.68501791162074 
   97.540526505477118   76.812908501307959 
   86.497580581102895   118.02574375630822 
   112.62547117079012   91.897853166620976 
   107.10399820860302   112.50427079412111 
    80.97610761891579   138.63216138380835 
   69.933161694541567   179.84499663880857 
   96.061052284228779   153.71710604912136 
   90.539579322041675   174.32352367662148 
   64.411688732354463   200.45141426630872 
   79.496633397667466   215.53635893162175 
   73.975160435480348   236.14277655912184 
   149.79630768485157   24.557127321933486 
   138.75336176047736    65.76996257693375 
    164.8812523501646   39.642071987246517 
   159.35977938797748   60.248489614746639 
   133.23188879829024   86.376380204433872 
   122.18894287391602   127.58921545943412 
   148.31683346360327   101.46132486974687 
   142.79536050141616   122.06774249724701 
   116.66746991172892   148.19563308693424 
   105.62452398735471   189.40846834193451 
   131.75241457704192   163.28057775224727 
   126.23094161485483   183.88699537974739 
   100.10305102516759   210.01488596943463 
   155.31778064703869   3.9507096944333737 
   115.18799569048062    225.0998306347476 
    109.6665227282935   245.70624826224775 
   185.48766997766469   34.120599025059391 
   174.44472405329049   75.333434280059649 
   200.57261464297773   49.205543690372416 
   195.05114168079061   69.811961317872544 
   168.92325109110337    95.93985190755977 
   157.88030516672916   137.15268716256003 
    184.0081957564164   111.02479657287277 
   178.48672279422928   131.63121420037288 
   152.35883220454204   157.75910479006015 
   141.31588628016783   198.97194004506036 
   167.44377686985504   172.84404945537315 
   161.92230390766795   193.45046708287327 
   135.79441331798071   219.57835767256051 
   191.00914293985178   13.514181397559277 
   150.87935798329374   234.66330233787355 
   145.35788502110663   255.26971996537367 
   221.17903227047785   43.684070728185304 
   210.13608634610361   84.896905983185562 
   236.26397693579088   58.769015393498336 
   230.74250397360379   79.375433020998457 
   204.61461338391655   105.50332361068567 
   193.57166745954228   146.71615886568591 
   219.69955804922958    120.5882682759987 
   214.17808508704246   141.19468590349882 
   188.05019449735519   167.32257649318603 
   177.00724857298098   208.53541174818631 
   203.13513916266825   182.40752115849907 
   197.61366620048111   203.01393878599919 
   171.48577561079387   229.14182937568643 
   226.70050523266497   23.077653100685179 
    186.5707202761069   244.22677404099946 
   256.87039456329103   53.247542431311203 
   245.82744863891676    94.46037768631146 
   57.807165471725185   10.951656877868807 
    52.28569250953808   31.558074505368943 
   240.30597567672967   115.06679531381158 
   229.26302975235546   156.27963056881183 
   41.242746585163857   72.770909760369179 
   35.721273622976753     93.3773273878693 
   223.74155679016835   176.88604819631195 
   212.69861086579408   218.09888345131219 
   24.678327698602523   134.59016264286956 
   19.156854736415418   155.19658027036968 
   207.17713790360702   238.70530107881231 
   8.1139088120412062   196.40941552536992 
   2.5924358498541018   217.01583315287007 
