    99.36935901138547   25.282429086891785 
   131.36935901138548   6.8072204728237571 
    120.7026923447188   25.282429086891785 
   88.702692344718827   43.757637700959805 
   67.369359011385484   80.708054929095866 
    99.36935901138547   62.232846315027835 
   88.702692344718827   80.708054929095852 
   56.702692344718827   99.183263543163889 
   35.369359011385498   136.13368077129994 
   67.369359011385484   117.65847215723191 
   56.702692344718812   136.13368077129994 
    24.70269234471883   154.60888938536795 
   3.3693590113855008   191.55930661350402 
   35.369359011385484   173.08409799943598 
    24.70269234471883   191.55930661350402 
    152.7026923447188   6.8072204728237571 
   131.36935901138548   43.757637700959805 
   163.36935901138548   25.282429086891785 
    152.7026923447188   43.757637700959805 
   120.70269234471883   62.232846315027835 
    99.36935901138547   99.183263543163889 
   131.36935901138548   80.708054929095852 
   120.70269234471883   99.183263543163889 
   88.702692344718827   117.65847215723191 
   67.369359011385484   154.60888938536795 
    99.36935901138547   136.13368077129994 
   88.702692344718827   154.60888938536795 
   56.702692344718827   173.08409799943598 
   35.369359011385505   210.03451522757203 
   67.369359011385484   191.55930661350402 
   56.702692344718834   210.03451522757203 
   184.70269234471883   25.282429086891785 
   163.36935901138548   62.232846315027835 
   195.36935901138546   43.757637700959805 
   184.70269234471883   62.232846315027821 
   152.70269234471883   80.708054929095852 
   131.36935901138551   117.65847215723191 
   163.36935901138548   99.183263543163889 
    152.7026923447188    117.6584721572319 
   120.70269234471883   136.13368077129994 
   99.369359011385512   173.08409799943598 
   131.36935901138548   154.60888938536795 
   120.70269234471883   173.08409799943598 
   88.702692344718841   191.55930661350402 
   67.369359011385512   228.50972384164004 
   99.369359011385498   210.03451522757203 
   88.702692344718841   228.50972384164004 
   216.70269234471883   43.757637700959783 
   195.36935901138546   80.708054929095837 
   227.36935901138548   62.232846315027835 
   216.70269234471883   80.708054929095852 
    184.7026923447188   99.183263543163861 
   163.36935901138548   136.13368077129991 
   195.36935901138551    117.6584721572319 
   184.70269234471883   136.13368077129991 
    152.7026923447188   154.60888938536795 
   131.36935901138548   191.55930661350402 
   163.36935901138548   173.08409799943598 
   152.70269234471883   191.55930661350402 
   120.70269234471883   210.03451522757203 
   99.369359011385498   246.98493245570808 
   131.36935901138551   228.50972384164004 
   120.70269234471884   246.98493245570808 
    248.7026923447188   62.232846315027814 
   227.36935901138548   99.183263543163861 
   248.70269234471886   99.183263543163889 
   216.70269234471883    117.6584721572319 
   195.36935901138546   154.60888938536795 
   227.36935901138548   136.13368077129991 
   216.70269234471883   154.60888938536795 
   184.70269234471883   173.08409799943595 
   163.36935901138548   210.03451522757203 
   195.36935901138551   191.55930661350402 
   184.70269234471883   210.03451522757206 
   152.70269234471883   228.50972384164004 
   163.36935901138551   246.98493245570808 
   88.702692344718827   6.8072204728237775 
   248.70269234471886   136.13368077129991 
   227.36935901138548   173.08409799943595 
   67.369359011385484   43.757637700959819 
   56.702692344718827   62.232846315027835 
   216.70269234471883   191.55930661350402 
   195.36935901138551   228.50972384164004 
   35.369359011385484   99.183263543163903 
    24.70269234471883   117.65847215723193 
   184.70269234471883   246.98493245570808 
   3.3693590113855008   154.60888938536797 
