    124.0001267420173     23.5797164346362 
    93.83023741139128   53.749605765262231 
   129.52159970420442   44.186134062136325 
   114.43665503889139   59.271078727449343 
   78.745292746078249   68.834550430575263 
   48.575403415452236   99.004439761201283 
   84.266765708265368   89.440968058075356 
   69.181821042952365   104.52591272338837 
   33.490458750139219   114.08938442651429 
   3.3205694195132218   144.25927375714031 
   39.011931712326302   134.69580205401442 
   23.926987047013313   149.78074671932742 
    139.0850714073303   8.4947717693231724 
   159.69148903483045   14.016244731510277 
   150.12801733170451   49.707607024323444 
   119.95812800107851   79.877496354949457 
   155.64949029389166   70.314024651823559 
   140.56454562857863   85.398969317136576 
   104.87318333576548   94.962441020262489 
   74.703294005139469   125.13233035088852 
   110.39465629795261    115.5688586477626 
   95.309711632639605    130.6538033130756 
   59.618349339826459   140.21727501620154 
   29.448460009200438   170.38716434682755 
   65.139822302013542   160.82369264370166 
   50.054877636700546   175.90863730901467 
   14.363515343887432   185.47210901214058 
   165.21296199701754   34.622662359010413 
    200.9043242898307    25.05919065588451 
   185.81937962451767   40.144135321197503 
   176.25590792139175   75.835497614010677 
   146.08601859076575    106.0053869446367 
   181.77738088357887   96.441915241510799 
   166.69243621826587    111.5268599068238 
   131.00107392545272   121.09033160994973 
   100.83118459482671   151.26022094057575 
   136.52254688763983   141.69674923744984 
   121.43760222232682   156.78169390276284 
   85.746239929513692   166.34516560588878 
   55.576350598887693   196.51505493651479 
   91.267712891700782    186.9515832333889 
   76.182768226387779   202.03652789870188 
   40.491405933574669   211.59999960182782 
   191.34085258670478   60.750552948697653 
   227.03221487951788    51.18708124557174 
   211.94727021420491   66.272025910884736 
   202.38379851107899   101.96338820369787 
   172.21390918045296   132.13327753432392 
   207.90527147326614   122.56980583119804 
   192.82032680795311   137.65475049651104 
   157.12896451513993   147.21822219963695 
   126.95907518451392   177.38811153026296 
   162.65043747732707   167.82463982713705 
   147.56549281201404   182.90958449245008 
   111.87413051920092   192.47305619557596 
   81.704241188574898   222.64294552620197 
   117.39560348138802   213.07947382307614 
   102.31065881607501   228.16441848838912 
    66.61929652326188     237.727890191515 
   217.46874317639202   86.878443538384843 
   253.16010546920518   77.314971835258973 
   238.07516080389217   92.399916500571976 
   228.51168910076623   128.09127879338513 
    198.3417997701402   158.26116812401114 
   234.03316206295338   148.69769642088528 
   218.94821739764035   163.78264108619828 
   183.25685510482717   173.34611278932417 
   153.08696577420116   203.51600211995017 
   188.77832806701431   193.95253041682429 
   173.69338340170131   209.03747508213732 
   138.00202110888816    218.6009467852632 
   107.83213177826214   248.77083611588921 
   143.52349407107525   239.20736441276338 
   128.43854940576227   254.29230907807636 
   243.59663376607926   113.00633412807208 
   254.63957969045347   154.21916938307237 
   224.46969035982744   184.38905871369838 
   103.39370911451718   18.058243472449096 
   88.308764449204148   33.143188137762124 
   209.38474569451441   199.47400337901141 
    179.2148563638884   229.64389270963747 
   58.138875118578142   63.313077468388144 
   43.053930453265131   78.398022133701161 
    164.1299116985754   244.72883737495044 
   12.884041122639083   108.56791146432721 
