    182.5311594073678   29.624055459938642 
   141.31832415236755   40.667001384312861 
   177.00968644518068   50.230473087438767 
   156.40326881768056   55.751946049625879 
   120.71190652486743   46.188474346499966 
   79.499071269867173   57.231420270874189 
    115.1904335626803   66.794891974000095 
    94.58401593518019   72.316364936187213 
   58.892653642367044     62.7528932330613 
   17.679818387366797   73.795839157435509 
   53.371180680179933   83.359310860561422 
   32.764763052679825   88.880783822748526 
   203.13757703486797   24.102582497751516 
   218.22252170018095   39.187527163064544 
   192.09463111049368    65.31541775275177 
   150.88179585549344   76.358363677125993 
   186.57315814830659   85.921835380251892 
   165.96674052080644   91.443308342439011 
   130.27537822799334   81.879836639313098 
   89.062542972993057   92.922782563687335 
    124.7539052658062   102.48625426681323 
   104.14748763830609   108.00772722900034 
    68.45612534549295   98.444255525874439 
     27.2432900904927   109.48720145024865 
   62.934652383305831   119.05067315337458 
   42.328234755805731   124.57214611556165 
   6.6368724629925664   115.00867441243575 
   212.70104873799386   59.793944790564659 
   1.1153995008054405   135.61509203993589 
   227.78599340330686   74.878889455877683 
   201.65810281361959   101.00678004556492 
   160.44526755861938   112.04972596993913 
   196.13662985143247   121.61319767306506 
   175.53021222393235   127.13467063525216 
   139.83884993111923   117.57119893212624 
    98.62601467611897   128.61414485650047 
   134.31737696893214   138.17761655962639 
   113.71095934143199   143.69908952181348 
   78.019597048618849   134.13561781868756 
   36.806761793618612    145.1785637430618 
    72.49812408643173   154.74203544618771 
    51.89170645893163    160.2635084083748 
    16.20034416611847   150.70003670524892 
   222.26452044111977   95.485307083377805 
   10.678871203931344   171.30645433274904 
    237.3494651064328   110.57025174869082 
   211.22157451674551   136.69814233837803 
   170.00873926174526   147.74108826275227 
   205.70010155455836   157.30455996587818 
   185.09368392705827   162.82603292806527 
   149.40232163424514   153.26256122493936 
   108.18948637924487    164.3055071493136 
   143.88084867205802   173.86897885243948 
    123.2744310445579    179.3904518146266 
   87.583068751744747   169.82698011150069 
   46.370233496744518   180.86992603587493 
   82.061595789557643   190.43339773900087 
   61.455178162057535   195.95487070118796 
   25.763815869244372   186.39139899806204 
   231.82799214424566   131.17666937619092 
   20.242342907057246   206.99781662556217 
   246.91293680955869   146.26161404150395 
   220.78504621987139   172.38950463119122 
   179.57221096487118   183.43245055556542 
    215.2635732576843   192.99592225869131 
   194.65715563018415    198.5173952208784 
   158.96579333737103   188.95392351775251 
   117.75295808237077   199.99686944212672 
   153.44432037518391   209.56034114525266 
   132.83790274768378   215.08181410743973 
    97.14654045487066   205.51834240431387 
   55.933705199870417   216.56128832868808 
   91.625067492683527   226.12476003181396 
   71.018649865183434   231.64623299400108 
   35.327287572370274    222.0827612908752 
   241.39146384737157    166.8680316690041 
   29.805814610183148   242.68917891837529 
   256.47640851268454    181.9529763343171 
   230.34851792299727   208.08086692400437 
   189.13568266799706   219.12381284837858 
   167.44621474205479   14.539110794625634 
   146.83979711455464   20.060583756812761 
   168.52926504049694    224.6452858105657 
   127.31642978549669    235.6882317349399 
   105.62696185955441    31.10352968118697 
   85.020544232054277   36.625002643374074 
   106.71001215799656   241.20970469712699 
    65.49717690299633    252.2526506215012 
   43.807708977054027   47.667948567748297 
   23.201291349553923   53.189421529935402 
   250.95493555049751   202.55939396181722 
   208.65904999705506   3.4961648702514023 
