    163.7547989447167   9.2726067716675331 
   126.80438171658066   9.2726067716675331 
   89.853964488444603   30.605940105000862 
   126.80438171658066   30.605940105000862 
   108.32917310251264    41.27260677166754 
   71.378755874376594    41.27260677166754 
    34.42833864624054   62.605940105000876 
    71.37875587437658   62.605940105000876 
   52.903547260308564    73.27260677166754 
   15.953130032172533    73.27260677166754 
   15.953130032172512   94.605940105000883 
   200.70521617285277   9.2726067716675331 
   163.75479894471673   30.605940105000883 
   200.70521617285277   30.605940105000862 
   182.23000755878473   41.272606771667526 
   145.27959033064869    41.27260677166754 
   108.32917310251264    62.60594010500089 
   145.27959033064869   62.605940105000869 
   126.80438171658066   73.272606771667526 
   89.853964488444618   73.272606771667554 
   52.903547260308585   94.605940105000897 
   89.853964488444603   94.605940105000869 
   71.378755874376594   105.27260677166755 
   34.428338646240562   105.27260677166755 
   34.428338646240555   126.60594010500088 
   15.953130032172554   137.27260677166754 
   219.18042478692078    41.27260677166754 
   182.23000755878473   62.605940105000869 
   219.18042478692078   62.605940105000855 
   200.70521617285277   73.272606771667526 
   163.75479894471673   73.272606771667526 
   126.80438171658066   94.605940105000883 
   163.75479894471673   94.605940105000869 
   145.27959033064869   105.27260677166753 
   108.32917310251266   105.27260677166755 
   71.378755874376608   126.60594010500088 
   108.32917310251264   126.60594010500088 
   89.853964488444618   137.27260677166754 
   52.903547260308592   137.27260677166754 
   15.953130032172554   158.60594010500088 
   52.903547260308585   158.60594010500088 
   34.428338646240576   169.27260677166754 
   237.65563340098879   73.272606771667512 
   200.70521617285277   94.605940105000855 
   237.65563340098879   94.605940105000855 
   219.18042478692078   105.27260677166753 
   182.23000755878473   105.27260677166753 
   145.27959033064869   126.60594010500085 
   182.23000755878473   126.60594010500085 
   163.75479894471673   137.27260677166754 
   126.80438171658066   137.27260677166754 
   89.853964488444632   158.60594010500085 
   126.80438171658066   158.60594010500085 
   108.32917310251264   169.27260677166754 
   71.378755874376594   169.27260677166754 
   34.428338646240562   190.60594010500085 
   71.378755874376594   190.60594010500085 
   52.903547260308599   201.27260677166751 
   256.13084201505683   105.27260677166753 
   219.18042478692078   126.60594010500085 
   256.13084201505683   126.60594010500085 
   237.65563340098879   137.27260677166754 
   200.70521617285277   137.27260677166751 
   163.75479894471673   158.60594010500085 
   200.70521617285277   158.60594010500085 
   182.23000755878476   169.27260677166754 
   145.27959033064869   169.27260677166754 
   108.32917310251266   190.60594010500085 
   145.27959033064869   190.60594010500088 
   126.80438171658066   201.27260677166751 
   89.853964488444646   201.27260677166751 
   52.903547260308599   222.60594010500088 
   89.853964488444632   222.60594010500088 
   71.378755874376637   233.27260677166754 
   237.65563340098879   158.60594010500085 
   256.13084201505683   169.27260677166751 
   219.18042478692084   169.27260677166754 
   182.23000755878476   190.60594010500088 
   219.18042478692078   190.60594010500085 
   200.70521617285277   201.27260677166751 
   163.75479894471673   201.27260677166751 
   126.80438171658069   222.60594010500088 
   163.75479894471673   222.60594010500088 
   145.27959033064869   233.27260677166754 
   108.32917310251268   233.27260677166754 
   71.378755874376637   254.60594010500091 
   108.32917310251266   254.60594010500085 
