   225.42964589380782   37.817764808205375 
   182.76297922714113   37.817764808205382 
   214.76297922714113   56.292973422273413 
   193.42964589380779   56.292973422273413 
   161.42964589380782   37.817764808205382 
   118.76297922714114   37.817764808205382 
   150.76297922714116   56.292973422273413 
   129.42964589380782   56.292973422273413 
   97.429645893807816   37.817764808205382 
    54.76297922714113   37.817764808205382 
   86.762979227141145   56.292973422273413 
   65.429645893807816   56.292973422273413 
    33.42964589380783   37.817764808205396 
   246.76297922714116   37.817764808205375 
   22.762979227141155    56.29297342227342 
    1.429645893807846    56.29297342227342 
   225.42964589380782   74.768182036341415 
   182.76297922714116   74.768182036341429 
   214.76297922714113   93.243390650409438 
   193.42964589380779   93.243390650409438 
   161.42964589380782   74.768182036341429 
   118.76297922714114   74.768182036341429 
   150.76297922714116   93.243390650409452 
   129.42964589380782   93.243390650409452 
   97.429645893807816   74.768182036341429 
   54.762979227141138   74.768182036341429 
   86.762979227141145   93.243390650409452 
   65.429645893807816   93.243390650409467 
    33.42964589380783   74.768182036341443 
   246.76297922714116   74.768182036341415 
   22.762979227141155   93.243390650409467 
    1.429645893807846   93.243390650409467 
   225.42964589380782   111.71859926447748 
   182.76297922714116   111.71859926447748 
   214.76297922714113   130.19380787854553 
   193.42964589380779   130.19380787854553 
   161.42964589380782   111.71859926447748 
   118.76297922714114   111.71859926447748 
   150.76297922714116   130.19380787854553 
   129.42964589380782   130.19380787854553 
   97.429645893807816   111.71859926447749 
   54.762979227141138   111.71859926447749 
   86.762979227141145   130.19380787854553 
   65.429645893807816   130.19380787854553 
    33.42964589380783   111.71859926447749 
   246.76297922714116   111.71859926447748 
   22.762979227141155   130.19380787854553 
    1.429645893807846   130.19380787854553 
   225.42964589380782   148.66901649261354 
   182.76297922714116   148.66901649261354 
   214.76297922714113   167.14422510668155 
   193.42964589380779   167.14422510668155 
   161.42964589380782   148.66901649261354 
   118.76297922714114   148.66901649261354 
   150.76297922714116   167.14422510668155 
   129.42964589380782   167.14422510668155 
   97.429645893807816   148.66901649261354 
   54.762979227141138   148.66901649261354 
   86.762979227141145   167.14422510668155 
   65.429645893807816   167.14422510668155 
    33.42964589380783   148.66901649261354 
   246.76297922714116   148.66901649261354 
   22.762979227141155   167.14422510668155 
    1.429645893807846   167.14422510668155 
   225.42964589380782   185.61943372074958 
   182.76297922714116   185.61943372074958 
   214.76297922714113   204.09464233481759 
   193.42964589380779   204.09464233481759 
   161.42964589380782   185.61943372074958 
   118.76297922714114   185.61943372074958 
   150.76297922714116   204.09464233481759 
   129.42964589380782   204.09464233481759 
   97.429645893807816   185.61943372074958 
   54.762979227141138   185.61943372074958 
   86.762979227141145   204.09464233481759 
   65.429645893807816   204.09464233481759 
    33.42964589380783   185.61943372074958 
   246.76297922714116   185.61943372074958 
   22.762979227141155   204.09464233481765 
    1.429645893807846   204.09464233481765 
   225.42964589380782    222.5698509488856 
   182.76297922714116   222.56985094888566 
   214.76297922714113   19.342556194137366 
   193.42964589380779   19.342556194137366 
   161.42964589380782   222.56985094888566 
   118.76297922714114   222.56985094888566 
   150.76297922714116   19.342556194137366 
   129.42964589380782   19.342556194137366 
   97.429645893807816   222.56985094888566 
   54.762979227141152   222.56985094888566 
   86.762979227141145   19.342556194137366 
   65.429645893807802   19.342556194137366 
    33.42964589380783   222.56985094888566 
   246.76297922714116    222.5698509488856 
   22.762979227141155   19.342556194137366 
    1.429645893807846   19.342556194137366 
