   91.064641312144843    154.4172402804914 
   101.44864131214486   184.23438501843188 
   47.833281312144848   214.05152975637239 
   68.602561312144857   94.788317783323706 
   58.217921312144853    64.97117304538321 
   78.987201312144848    124.6054625212642 
   155.06464131214486    154.4172402804914 
   165.44864131214487   184.23438501843188 
   111.83328131214485   214.05152975637239 
   132.60256131214484   94.788317783323706 
   122.21792131214484    64.97117304538321 
   142.98720131214483    124.6054625212642 
   219.06464131214483    154.4172402804914 
   229.44864131214487   184.23438501843188 
   175.83328131214486   214.05152975637239 
   196.60256131214484   94.788317783323706 
   186.21792131214485    64.97117304538321 
   206.98720131214483    124.6054625212642 
   27.064641312144815    154.4172402804914 
   37.448641312144836   184.23438501843188 
   239.83328131214483   214.05152975637239 
   4.6025613121448536   94.788317783323706 
   250.21792131214485    64.97117304538321 
   14.987201312144821    124.6054625212642 
