   78.978937410496243   63.651881109335534 
   81.291866261924525   95.140608242256036 
   21.786160423381236   110.06508213280404 
   26.412791485860232   173.04459572147221 
   24.099244441903128   141.55570294436285 
   75.028882051491365    31.73004355602491 
   140.79819029299662   80.216299995896861 
   143.11111914442489   111.70502712881736 
   83.605413305881626   126.62950101936538 
    88.23204436836059    189.6090146080335 
   85.918497324403504   158.12012183092415 
   136.84813493399173   48.294462442586244 
   202.61744317549699   96.780718882458174 
   204.93037202692526   128.26944601537866 
   145.42466618838199   143.19391990592669 
   150.05129725086098   206.17343349459486 
   147.73775020690388   174.68454071748548 
   198.66738781649212    64.85888132914755 
   19.472613379424178   78.576189355694709 
   207.24391907088238   159.75833879248802 
   211.87055013336138   222.73785238115619 
    209.5570030894043   191.24895960404683 
