   109.92827854511026   69.393005224308382 
   104.01251396903761   100.40741003568236 
   42.671677807019336   99.422134847056313 
   30.840362670938692   161.45313378310669 
   36.755572990752896   130.43840897173268 
   114.37479757204153   37.536528352841671 
   165.35390438731434   101.39300522430838 
   159.43813981124168   132.40741003568237 
    98.09730364922342   131.42213484705633 
   86.265988513142773   193.45313378310667 
    92.18119883295698   162.43840897173268 
   169.80042341424561   69.536528352841657 
   220.77953022951843   133.39300522430838 
   214.86376565344574   164.40741003568235 
   153.52292949142748    163.4221348470563 
   141.69161435534684   225.45313378310667 
   147.60682467516108   194.43840897173268 
    225.2260492564497   101.53652835284167 
   54.502652702906161   37.393005224308389 
   48.586888126833543   68.407410035682361 
   208.94855533363156    195.4221348470563 
   203.03245051736513   226.43840897173268 
   58.949171729837445   5.5365283528416809 
