    61.82606204310818   145.76750415071285 
   48.084753619130794   174.19400620637245 
   115.58996516843692   30.865225393550375 
   88.106988408147842   87.720399610563732 
   101.84784428378529   59.293445006564156 
    74.36613253251042   116.14735421456332 
   107.08089603904723   191.02233814665192 
   93.339587615069846   219.44884020231152 
   160.84479916437596   76.120059389489413 
   133.36182240408689   132.97523360650277 
   147.10267827972433   104.54827900250321 
   119.62096652844946   161.40218821050235 
   152.33573003498626   236.27717214259096 
   206.09963316031502   121.37489338542845 
   178.61665640002593   178.23006760244181 
   192.35751227566337   149.80311299844223 
    164.8758005243885   206.65702220644138 
   16.571228047169114   100.51267015477382 
   2.8299196231917643   128.93917221043341 
   251.35446715625406    166.6297273813675 
   42.852154412208826   42.465565614624701 
   237.61234627160241   195.05794699438127 
   29.111298536571354   70.892520218624256 
