   161.30658528093198   31.278679676032986 
   140.67618046955803   55.180059837900878 
   88.046095658184086   23.656368413823056 
   46.784376722133715    71.46113174652784 
   67.414461533507676   47.559197328401552 
   26.154291910759735   95.363066164654114 
   193.30658528093198   86.704305518237078 
   172.67618046955803   110.60568568010494 
    120.0460956581841    79.08199425602713 
   78.784376722133729   126.88675758873191 
   99.414461533507691   102.98482317060564 
    58.15429191075976   150.78869200685821 
   225.30658528093201   142.12993136044113 
   204.67618046955806   166.03131152230901 
    152.0460956581841    134.5076200982312 
   110.78437672213371   182.31238343093597 
    131.4144615335077   158.41044901280972 
   90.154291910759753   206.21431784906227 
    184.0460956581841   189.93324594043526 
   142.78437672213374   237.73800927314008 
    163.4144615335077   213.83607485501375 
