   139.16072503179183   67.263658833723127 
   113.04715182756047   85.011077542666243 
   70.369325380956695    40.93986156163777 
   190.94422716897895   30.133854868342809 
   44.254189786464778   58.688361488544906 
   164.83081960893648   47.881891769814729 
   155.72514391835313   129.08291171622349 
   129.61157071412183   146.83033042516661 
   86.933744267518009   102.75911444413813 
   207.50864605554025   91.953107750843174 
   60.818608673026112   120.50761437104529 
   181.39523849549781   109.70114465231511 
   172.28956280491448   190.90216459872389 
   146.17598960068312   208.64958330766697 
   103.49816315407935   164.57836732663853 
   224.07306494210158   153.77236063334357 
   77.383027559587447   182.32686725354566 
   197.95965738205913   171.52039753481549 
    122.5963061452305   5.4444059512227723 
   96.482732940999156   23.191824660165896 
   120.06258204064068   226.39762020913892 
   240.63748382866294   215.59161351584399 
   93.947446446148774   244.14612013604605 
   214.52407626862046   233.33965041731582 
