   94.987316164269089   61.220524351876854 
   65.170171426328608   71.604524351876861 
   214.25231713022222   17.989164351876866 
   154.61623866143685   38.758444351876861 
   184.43338339937733   28.373804351876856 
   124.79909392349634   49.143084351876858 
   94.987316164269089   125.22052435187686 
   65.170171426328608   135.60452435187688 
   214.25231713022222   81.989164351876838 
   154.61623866143685   102.75844435187686 
   184.43338339937733   92.373804351876856 
   124.79909392349634   113.14308435187687 
   94.987316164269089   189.22052435187689 
   65.170171426328608   199.60452435187685 
   214.25231713022222   145.98916435187684 
   154.61623866143685   166.75844435187688 
   184.43338339937733   156.37380435187686 
   124.79909392349634   177.14308435187689 
   94.987316164269089   253.22052435187686 
   65.170171426328594   7.6045243518768775 
   214.25231713022222   209.98916435187687 
   154.61623866143685    230.7584443518769 
   184.43338339937733   220.37380435187688 
   124.79909392349634   241.14308435187687 
