   71.523148206031252   4.6655197289994881 
   89.625081804406875    36.01898843662417 
   96.250849359031406   11.291287283624031 
   64.897380651406721   29.393220881999643 
    58.27161309678219   54.120922034999786 
   76.373546695157813   85.474390742624465 
   82.999314249782344   60.746689589624317 
   51.645845542157659   78.848623187999934 
   45.020077987533128   103.57632434100009 
   63.122011585908751   134.92979304862479 
   69.747779140533282   110.20209189562462 
   38.394310432908597   128.30402549400026 
   31.768542878284066   153.03172664700037 
    49.87047647665969   184.38519535462504 
    56.49624403128422    159.6574942016249 
   25.142775323659535   177.75942780000051 
   18.517007769034993   202.48712895300071 
   36.618941367410613   233.84059766062538 
   43.244708922035144   209.11289650762521 
   11.891240214410475   227.21483010600085 
   120.97855051203155    17.91705483824855 
   139.08048411040716   49.270523545873232 
   145.70625166503169   24.542822392873092 
     114.352782957407   42.644755991248701 
   107.72701540278248   67.372457144248841 
   125.82894900115809   98.725925851873527 
   132.45471655578262   73.998224698873372 
   101.10124784815795   92.100158297248996 
   94.475480293533423   116.82785945024914 
   112.57741389190903   148.18132815787385 
   119.20318144653358   123.45362700487368 
   87.849712738908877   141.55556060324929 
   81.223945184284361   166.28326175624943 
    99.32587878265997    197.6367304638741 
   105.95164633728452   172.90902931087396 
    74.59817762965983   191.01096290924957 
   67.972410075035285   215.73866406224974 
   86.074343673410908   247.09213276987441 
   92.700111228035439   222.36443161687424 
   61.346642520410761   240.46636521524988 
   170.43395281803183   31.168589947497612 
   188.53588641640746   62.522058655122294 
     195.161653971032   37.794357502122153 
    163.8081852634073   55.896291100497763 
   157.18241770878276   80.623992253497903 
   175.28435130715837   111.97746096112259 
   181.91011886178293   87.249759808122434 
   150.55665015415823   105.35169340649804 
    143.9308825995337   130.07939455949821 
   162.03281619790931   161.43286326712291 
   168.65858375253387   136.70516211412271 
   137.30511504490917   154.80709571249835 
   130.67934749028464   179.53479686549849 
   148.78128108866028   210.88826557312314 
   155.40704864328481   186.16056442012302 
   124.05357993566011   204.26249801849863 
   117.42781238103559   228.99019917149883 
   142.15551353403575   235.61596672612333 
   110.80204482641105   253.71790032449897 
   219.88935512403214   44.420125056746684 
   237.99128872240772   75.773593764371341 
   244.61705627703225   51.045892611371201 
   213.26358756940763   69.147826209746825 
   206.63782001478307   93.875527362746979 
   224.73975361315868   125.22899607037165 
   231.36552116778321    100.5012949173715 
   200.01205246015854   118.60322851574713 
   193.38628490553401   143.33092966874727 
   211.48821850390959   174.68439837637195 
   218.11398605853412   149.95669722337178 
   186.76051735090951   168.05863082174741 
   180.13474979628495   192.78633197474755 
   198.23668339466053   224.13980068237223 
   204.86245094928509   199.41209952937206 
   173.50898224166045   217.51403312774769 
   166.88321468703589   242.24173428074789 
     191.610915840036   248.86750183537242 
   40.169679498406552   22.767453327375101 
   256.09322232078335   107.12706247199604 
    26.91814438915749   72.222855633375403 
   33.543911943782021   47.495154480375255 
    249.4674547661588   131.85476362499617 
   242.84168721153429   156.58246477799634 
   13.666609279908419    121.6782579393757 
   20.292376834532963   96.950556786375543 
    236.2159196569097   181.31016593099648 
    229.5901521022852   206.03786708399664 
      7.0408417252839   146.40595909237584 
   222.96438454766067   230.76556823699673 
   216.33861699303617   255.49326938999695 
