   40.268616615467415   26.936393584622181 
   65.868616615467417   52.536393584622175 
   65.868616615467417   26.936393584622181 
   40.268616615467415   52.536393584622175 
   40.268616615467415   78.136393584622169 
   65.868616615467417   103.73639358462218 
   65.868616615467417   78.136393584622169 
   40.268616615467415   103.73639358462218 
   40.268616615467415   129.33639358462216 
   65.868616615467417   154.93639358462218 
   65.868616615467417   129.33639358462216 
   40.268616615467415   154.93639358462218 
   40.268616615467415   180.53639358462218 
   65.868616615467417   206.13639358462214 
   65.868616615467417   180.53639358462218 
   40.268616615467415   206.13639358462214 
   40.268616615467415   231.73639358462216 
   65.868616615467417   1.3363935846221706 
   65.868616615467417   231.73639358462216 
   40.268616615467415   1.3363935846221706 
   91.468616615467411   26.936393584622181 
   117.06861661546742   52.536393584622175 
   117.06861661546742   26.936393584622181 
   91.468616615467411   52.536393584622175 
   91.468616615467411   78.136393584622169 
   117.06861661546742   103.73639358462218 
   117.06861661546742   78.136393584622169 
   91.468616615467411   103.73639358462218 
   91.468616615467411   129.33639358462216 
   117.06861661546742   154.93639358462218 
   117.06861661546742   129.33639358462216 
   91.468616615467411   154.93639358462218 
   91.468616615467411   180.53639358462218 
   117.06861661546742   206.13639358462214 
   117.06861661546742   180.53639358462218 
   91.468616615467411   206.13639358462214 
   91.468616615467411   231.73639358462216 
   117.06861661546742   1.3363935846221706 
   117.06861661546742   231.73639358462216 
   91.468616615467411   1.3363935846221706 
   142.66861661546741   26.936393584622181 
   168.26861661546741   52.536393584622175 
   168.26861661546741   26.936393584622181 
   142.66861661546741   52.536393584622175 
   142.66861661546741   78.136393584622169 
   168.26861661546741   103.73639358462218 
   168.26861661546741   78.136393584622169 
   142.66861661546741   103.73639358462218 
   142.66861661546741   129.33639358462216 
   168.26861661546741   154.93639358462218 
   168.26861661546741   129.33639358462216 
   142.66861661546741   154.93639358462218 
   142.66861661546741   180.53639358462218 
   168.26861661546741   206.13639358462214 
   168.26861661546741   180.53639358462218 
   142.66861661546741   206.13639358462214 
   142.66861661546741   231.73639358462216 
   168.26861661546741   1.3363935846221706 
   168.26861661546741   231.73639358462216 
   142.66861661546741   1.3363935846221706 
    193.8686166154674   26.936393584622181 
    219.4686166154674   52.536393584622175 
    219.4686166154674   26.936393584622181 
    193.8686166154674   52.536393584622175 
    193.8686166154674   78.136393584622169 
    219.4686166154674   103.73639358462218 
    219.4686166154674   78.136393584622169 
    193.8686166154674   103.73639358462218 
    193.8686166154674   129.33639358462216 
    219.4686166154674   154.93639358462218 
    219.4686166154674   129.33639358462216 
    193.8686166154674   154.93639358462218 
    193.8686166154674   180.53639358462218 
    219.4686166154674   206.13639358462214 
    219.4686166154674   180.53639358462218 
    193.8686166154674   206.13639358462214 
    193.8686166154674   231.73639358462216 
    219.4686166154674   1.3363935846221706 
    219.4686166154674   231.73639358462216 
    193.8686166154674   1.3363935846221706 
   245.06861661546742   26.936393584622181 
   14.668616615467428   52.536393584622175 
   14.668616615467428   26.936393584622181 
   245.06861661546742   52.536393584622175 
   245.06861661546742   78.136393584622169 
   14.668616615467428   103.73639358462218 
   14.668616615467428   78.136393584622169 
   245.06861661546742   103.73639358462218 
   245.06861661546742   129.33639358462216 
   14.668616615467428   154.93639358462218 
   14.668616615467428   129.33639358462216 
   245.06861661546742   154.93639358462218 
   245.06861661546742   180.53639358462218 
   14.668616615467428   206.13639358462214 
   14.668616615467428   180.53639358462218 
   245.06861661546742   206.13639358462214 
   245.06861661546742   231.73639358462216 
   14.668616615467428   1.3363935846221706 
   14.668616615467428   231.73639358462216 
   245.06861661546742   1.3363935846221706 
