   94.518062172340066   7.0705677297820255 
   103.88831250922171   42.040818066663647 
   116.68831250922172   19.870567729782007 
   81.718062172340069   29.240818066663657 
   68.918062172340086   51.411068403545272 
   78.288312509221711   86.381318740426906 
   91.088312509221723   64.211068403545269 
   56.118062172340082   73.581318740426909 
   43.318062172340092   95.751569077308531 
   52.688312509221717   130.72181941419018 
   65.488312509221714   108.55156907730853 
   30.518062172340084   117.92181941419017 
    17.71806217234009   140.09206975107179 
   27.088312509221716   175.06232008795342 
    39.88831250922172   152.89206975107177 
   4.9180621723400861   162.26232008795341 
   14.288312509221724   197.23257042483507 
   138.85856284610333   32.670567729782007 
   148.22881318298496   67.640818066663641 
   161.02881318298498   45.470567729782005 
   126.05856284610333   54.840818066663651 
   113.25856284610335   77.011068403545266 
   122.62881318298498    111.9813187404269 
   135.42881318298495   89.811068403545264 
   100.45856284610335   99.181318740426917 
   87.658562846103351   121.35156907730853 
   97.028813182984976   156.32181941419014 
   109.82881318298497   134.15156907730852 
   74.858562846103339   143.52181941419016 
   62.058562846103349   165.69206975107178 
   71.428813182984982   200.66232008795342 
   84.228813182984993   178.49206975107177 
   49.258562846103345   187.86232008795341 
   36.458562846103355   210.03257042483509 
   173.82881318298496   23.300317392900396 
   58.628813182984985   222.83257042483507 
   151.65856284610334   10.500317392900392 
    183.1990635198666   58.270567729781995 
   192.56931385674824    93.24081806666365 
   205.36931385674822   71.070567729781999 
   170.39906351986659   80.440818066663638 
    157.5990635198666   102.61106840354526 
   166.96931385674822   137.58131874042689 
   179.76931385674823   115.41106840354526 
   144.79906351986659    124.7813187404269 
   131.99906351986661   146.95156907730851 
   141.36931385674822   181.92181941419014 
   154.16931385674823   159.75156907730852 
    119.1990635198666   169.12181941419016 
   106.39906351986662   191.29206975107178 
   115.76931385674825   226.26232008795341 
   128.56931385674824   204.09206975107176 
   93.599063519866604   213.46232008795343 
   80.799063519866607   235.63257042483505 
   218.16931385674823   48.900317392900384 
   102.96931385674824   248.43257042483503 
   195.99906351986658   36.100317392900379 
    227.5395641936299    83.87056772978201 
   236.90981453051145   118.84081806666363 
   249.70981453051147   96.670567729781993 
   214.73956419362986   106.04081806666365 
   201.93956419362988   128.21106840354526 
   211.30981453051146   163.18131874042686 
   224.10981453051147   141.01106840354524 
   189.13956419362989   150.38131874042691 
   176.33956419362988   172.55156907730853 
   185.70981453051147   207.52181941419016 
   198.50981453051148   185.35156907730848 
   163.53956419362987   194.72181941419015 
   150.73956419362989   216.89206975107177 
   160.10981453051147   251.86232008795338 
   172.90981453051148   229.69206975107176 
   137.93956419362988   239.06232008795342 
   240.33956419362985   61.700317392900388 
    59.54781183545844   16.440818066663638 
   246.28006486739312   153.81106840354525 
   33.947811835458438   60.781318740426912 
   46.747811835458442   38.611068403545268 
   233.48006486739311   175.98131874042687 
   220.68006486739313   198.15156907730849 
   8.3478118354584545   105.12181941419016 
   21.147811835458459   82.951569077308534 
   207.88006486739312   220.32181941419014 
   195.08006486739311   242.49206975107174 
