   142.65238662836842   30.841499263658292 
   160.75432022674403   12.739565665282692 
   124.55045302999279   12.739565665282669 
   106.44851943161716   30.841499263658303 
   106.44851943161719   67.045366460409511 
   124.55045302999279   48.943432862033916 
   88.346585833241562   48.943432862033902 
   70.244652234865939   67.045366460409525 
   70.244652234865939   103.24923365716077 
   88.346585833241562   85.147300058785135 
   52.142718636490322   85.147300058785163 
   34.040785038114713   103.24923365716076 
    34.04078503811472   139.45310085391199 
   52.142718636490336   121.35116725553638 
   15.938851439739098   121.35116725553637 
   15.938851439739098    157.5550344522876 
   178.85625382511964   30.841499263658292 
   178.85625382511964   67.045366460409511 
   196.95818742349525   48.943432862033902 
   160.75432022674403   48.943432862033902 
   142.65238662836842   67.045366460409525 
   142.65238662836842   103.24923365716076 
   160.75432022674403   85.147300058785135 
   124.55045302999279   85.147300058785135 
   106.44851943161719   103.24923365716076 
   106.44851943161716   139.45310085391199 
   124.55045302999279   121.35116725553637 
   88.346585833241548   121.35116725553638 
   70.244652234865939   139.45310085391199 
   70.244652234865953   175.65696805066324 
   88.346585833241562    157.5550344522876 
   52.142718636490336    157.5550344522876 
    34.04078503811472   175.65696805066324 
   34.040785038114713   211.86083524741446 
   52.142718636490336   193.75890164903885 
   15.938851439739098   193.75890164903885 
   215.06012102187086   67.045366460409525 
   215.06012102187091   103.24923365716076 
   233.16205462024649   85.147300058785135 
   196.95818742349527   85.147300058785135 
   178.85625382511964   103.24923365716076 
   178.85625382511967   139.45310085391199 
   196.95818742349527   121.35116725553638 
   160.75432022674403   121.35116725553637 
   142.65238662836842   139.45310085391199 
   142.65238662836842   175.65696805066324 
   160.75432022674403    157.5550344522876 
   124.55045302999279    157.5550344522876 
   106.44851943161719   175.65696805066324 
    106.4485194316172   211.86083524741446 
   124.55045302999282   193.75890164903885 
   88.346585833241576   193.75890164903885 
   70.244652234865953   211.86083524741446 
   70.244652234865953   248.06470244416573 
   88.346585833241576   229.96276884579009 
   52.142718636490336   229.96276884579009 
   251.26398821862207   103.24923365716073 
   251.26398821862213   139.45310085391196 
   233.16205462024649   121.35116725553634 
   215.06012102187086   139.45310085391199 
   215.06012102187086   175.65696805066321 
   233.16205462024649    157.5550344522876 
   196.95818742349527    157.5550344522876 
   178.85625382511964   175.65696805066321 
   178.85625382511964   211.86083524741446 
   196.95818742349525   193.75890164903882 
     160.754320226744   193.75890164903882 
   142.65238662836842   211.86083524741446 
   142.65238662836842   248.06470244416562 
   160.75432022674403   229.96276884579004 
   124.55045302999279   229.96276884579004 
   106.44851943161719   248.06470244416568 
   251.26398821862213   175.65696805066324 
   70.244652234865939   30.841499263658292 
   88.346585833241548   12.739565665282692 
   233.16205462024649   193.75890164903882 
   215.06012102187086   211.86083524741446 
   34.040785038114713   67.045366460409554 
   52.142718636490322   48.943432862033916 
   196.95818742349527   229.96276884579009 
   178.85625382511967   248.06470244416568 
   15.938851439739098   85.147300058785149 
