   152.59261739122562   15.696777692095806 
   174.76286772810724   2.8967776920958244 
     117.622367054344   6.3265273552141919 
   108.25211671746237   41.296777692095816 
   130.42236705434399   28.496777692095822 
    95.45211671746236   19.126527355214197 
   73.281866380580738   31.926527355214191 
   63.911616043699105   66.896777692095824 
   86.081866380580735    54.09677769209582 
   51.111616043699101   44.726527355214195 
   28.941365706817482   57.526527355214185 
   19.571115369935871   92.496777692095804 
    41.74136570681749   79.696777692095836 
    6.771115369935865   70.326527355214196 
   187.56286772810725   25.067028028977443 
   178.19261739122564   60.037278365859066 
   200.36286772810726   47.237278365859076 
   165.39261739122563   37.867028028977451 
   143.22236705434398   50.667028028977455 
   133.85211671746237   85.637278365859075 
   156.02236705434399   72.837278365859078 
   121.05211671746237   63.467028028977445 
   98.881866380580746    76.26702802897745 
   89.511616043699121   111.23727836585908 
   111.68186638058073   98.437278365859086 
   76.711616043699109   89.067028028977461 
   54.541365706817494   101.86702802897744 
   45.171115369935876   136.83727836585908 
   67.341365706817498   124.03727836585907 
   32.371115369935879   114.66702802897746 
   10.200865033054232   127.46702802897745 
   23.000865033054236   149.63727836585909 
   213.16286772810727   69.407528702740692 
   203.79261739122563   104.37777903962233 
   225.96286772810726   91.577779039622328 
   190.99261739122565   82.207528702740703 
     168.822367054344   95.007528702740686 
   159.45211671746239   129.97777903962233 
   181.62236705434401   117.17777903962234 
   146.65211671746238    107.8075287027407 
   124.48186638058074   120.60752870274069 
   115.11161604369913   155.57777903962236 
   137.28186638058074   142.77777903962235 
    102.3116160436991   133.40752870274071 
   80.141365706817496   146.20752870274072 
   70.771115369935885   181.17777903962232 
   92.941365706817507   168.37777903962234 
    57.97111536993588    159.0075287027407 
   35.800865033054244   171.80752870274068 
   26.430614696172615   206.77777903962237 
   48.600865033054248   193.97777903962233 
     13.6306146961726   184.60752870274069 
   238.76286772810727   113.74802937650394 
    229.3926173912256   148.71827971338556 
   251.56286772810722   135.91827971338554 
   216.59261739122564   126.54802937650395 
   194.42236705434402   139.34802937650394 
   185.05211671746238   174.31827971338558 
   207.22236705434398   161.51827971338557 
   172.25211671746237   152.14802937650396 
   150.08186638058075   164.94802937650397 
   140.71161604369911   199.91827971338557 
   162.88186638058076   187.11827971338559 
   127.91161604369911   177.74802937650395 
    105.7413657068175   190.54802937650396 
   96.371115369935879   225.51827971338554 
   118.54136570681749   212.71827971338558 
   83.571115369935882   203.34802937650394 
   61.400865033054252   216.14802937650398 
   52.030614696172606   251.11827971338556 
   74.200865033054242   238.31827971338561 
   39.230614696172609     228.948029376504 
   254.99261739122562    193.0587803871488 
   242.19261739122561   170.88853005026718 
   220.02236705434399   183.68853005026719 
   210.65211671746238   218.65878038714882 
     232.822367054344   205.85878038714881 
   197.85211671746237    196.4885300502672 
   175.68186638058074   209.28853005026718 
    166.3116160436991   244.25878038714882 
   188.48186638058075   231.45878038714881 
   153.51161604369912    222.0885300502672 
    131.3413657068175   234.88853005026721 
   109.17111536993588   247.68853005026716 
