   195.29965475711816   15.676384332753644 
   177.19772115874252   47.029853040378306 
   201.92542231174269   40.404085485753782 
   170.57195360411799   22.302151887378184 
   145.84425245111785   28.927919442002715 
   127.74231885274224   60.281388149627368 
   152.47002000574238   53.655620595002844 
   121.11655129811773   35.553686996627235 
   96.388850145117573   42.179454551251773 
   78.286916546741935   73.532923258876437 
   103.01461769974209   66.907155704251906 
   71.661148992117404   48.805222105876304 
   46.933447839117271   55.430989660500828 
   28.831514240741683    86.78445836812547 
   53.559215393741788   80.158690813500954 
   22.205746686117152   62.056757215125359 
   226.65312346474289   33.778317931129244 
    4.103813087741516   93.410225922750016 
    220.0273559101183   9.0506167781291005 
    208.5511898663672   65.131786638753937 
   190.44925626799161   96.485255346378608 
   215.17695742099173   89.859487791754077 
   183.82348871336706   71.757554193378468 
   159.09578756036692   78.383321748002999 
   140.99385396199131   109.73679045562766 
   165.72155511499145   103.11102290100314 
   134.36808640736677    85.00908930262753 
   109.64038525436663   91.634856857252061 
   91.538451655990997   122.98832556487672 
   116.26615280899115    116.3625580102522 
   84.912684101366466   98.260624411876591 
   60.184982948366333   104.88639196650112 
   42.083049349990745   136.23986067412579 
   66.810750502990857   129.61409311950126 
   35.457281795366214   111.51215952112565 
   10.729580642366058   118.13792707575017 
   239.90465857399192   83.233720237129546 
   17.355348196990576    142.8656282287503 
   233.27889101936739   58.506019084129399 
   221.80272497561629   114.58718894475423 
   203.70079137724068   145.94065765237892 
   228.42849253024079   139.31489009775439 
   197.07502382261612   121.21295649937875 
   172.34732266961598   127.83872405400329 
    154.2453890712404   159.19219276162798 
   178.97309022424051   152.56642520700345 
   147.61962151661584   134.46449160862781 
    122.8919203636157   141.09025916325237 
   104.78998676524006   172.44372787087704 
    129.5176879182402   165.81796031625251 
   98.164219210615528    147.7160267178769 
   73.436518057615388   154.34179427250143 
   55.334584459239807    185.6952629801261 
   80.062285612239918   179.06949542550157 
   48.708816904615276   160.96756182712593 
   23.981115751615118   167.59332938175049 
   253.15619368324096   132.68912254312986 
   30.606883306239649   192.32103053475061 
   246.53042612861643    107.9614213901297 
   235.05426008486532   164.04259125075453 
   216.95232648648974   195.39605995837917 
   241.68002763948985   188.77029240375467 
   210.32655893186518   170.66835880537906 
   185.59885777886504   177.29412636000359 
   167.49692418048943   208.64759506762823 
   192.22462533348954    202.0218275130037 
    160.8711566258649   183.91989391462812 
   136.14345547286476   190.54566146925265 
   118.04152187448912   221.89913017687732 
   142.76922302748926   215.27336262225279 
   111.41575431986459   197.17142902387718 
   86.688053166864435   203.79719657850171 
   68.586119568488854   235.15066528612635 
   93.313820721488966   228.52489773150182 
   61.960352013864338   210.42296413312624 
   37.232650860864183   217.04873168775077 
     43.8584184154887   241.77643284075089 
   248.30579519411435   213.49799355675478 
   223.57809404111424   220.12376111137931 
    198.8503928881141   226.74952866600387 
   114.49078374349318   10.825985843627068 
   139.21848489649332   4.2002182890025264 
   174.12269173511393    233.3752962206284 
   149.39499058211379    240.0010637752529 
   65.035381437492859   24.077520952876128 
   89.763082590493028   17.451753398251586 
   124.66728942911364   246.62683132987746 
   99.939588276113497   253.25259888450199 
    15.57997913149261   37.329056062125176 
   40.307680284492726   30.703288507500648 
