   252.74084538339667     44.1504998100081 
   227.14084538339674   69.750499810008094 
   252.74084538339667   69.750499810008094 
   227.14084538339674     44.1504998100081 
   201.54084538339671   44.150499810008114 
   175.94084538339672   69.750499810008108 
   201.54084538339671   69.750499810008108 
   175.94084538339672   44.150499810008114 
    150.3408453833967   44.150499810008114 
   124.74084538339669   69.750499810008108 
    150.3408453833967   69.750499810008108 
   124.74084538339669   44.150499810008114 
   99.140845383396695   44.150499810008114 
   73.540845383396714   69.750499810008108 
   99.140845383396695   69.750499810008108 
   73.540845383396714   44.150499810008114 
   47.940845383396706   44.150499810008114 
   22.340845383396697   69.750499810008122 
   47.940845383396706   69.750499810008108 
   22.340845383396697   44.150499810008121 
   252.74084538339667   95.350499810008102 
   227.14084538339674    120.9504998100081 
   252.74084538339667    120.9504998100081 
   227.14084538339674   95.350499810008102 
   201.54084538339671   95.350499810008102 
   175.94084538339672    120.9504998100081 
   201.54084538339671    120.9504998100081 
   175.94084538339672   95.350499810008102 
    150.3408453833967   95.350499810008102 
   124.74084538339669    120.9504998100081 
    150.3408453833967    120.9504998100081 
   124.74084538339669   95.350499810008102 
   99.140845383396695   95.350499810008102 
   73.540845383396714    120.9504998100081 
   99.140845383396695    120.9504998100081 
   73.540845383396714   95.350499810008102 
   47.940845383396706   95.350499810008102 
   22.340845383396697    120.9504998100081 
   47.940845383396706    120.9504998100081 
   22.340845383396697   95.350499810008102 
   252.74084538339667   146.55049981000809 
   227.14084538339674   172.15049981000811 
   252.74084538339667   172.15049981000811 
   227.14084538339674   146.55049981000809 
   201.54084538339671   146.55049981000809 
   175.94084538339672   172.15049981000811 
   201.54084538339671   172.15049981000811 
   175.94084538339672   146.55049981000809 
    150.3408453833967   146.55049981000809 
   124.74084538339669   172.15049981000811 
    150.3408453833967   172.15049981000811 
   124.74084538339669   146.55049981000809 
   99.140845383396695   146.55049981000809 
   73.540845383396714   172.15049981000811 
   99.140845383396695   172.15049981000811 
   73.540845383396714   146.55049981000809 
   47.940845383396706   146.55049981000809 
   22.340845383396697   172.15049981000811 
   47.940845383396706   172.15049981000811 
   22.340845383396697   146.55049981000809 
   252.74084538339667   197.75049981000808 
   227.14084538339674   223.35049981000807 
   252.74084538339667   223.35049981000807 
   227.14084538339674   197.75049981000808 
   201.54084538339671   197.75049981000811 
   175.94084538339672   223.35049981000807 
   201.54084538339671   223.35049981000807 
   175.94084538339672   197.75049981000811 
    150.3408453833967   197.75049981000811 
   124.74084538339669   223.35049981000807 
    150.3408453833967   223.35049981000807 
   124.74084538339669   197.75049981000811 
   99.140845383396695   197.75049981000811 
   73.540845383396714   223.35049981000807 
   99.140845383396695   223.35049981000807 
   73.540845383396714   197.75049981000811 
   47.940845383396706   197.75049981000811 
   22.340845383396697   223.35049981000807 
   47.940845383396706   223.35049981000807 
   22.340845383396697   197.75049981000811 
   252.74084538339667    248.9504998100081 
   227.14084538339668   18.550499810008102 
   252.74084538339667   18.550499810008102 
   227.14084538339674    248.9504998100081 
   201.54084538339671    248.9504998100081 
   175.94084538339672   18.550499810008102 
   201.54084538339669   18.550499810008102 
   175.94084538339672    248.9504998100081 
    150.3408453833967    248.9504998100081 
   124.74084538339669   18.550499810008102 
    150.3408453833967   18.550499810008102 
   124.74084538339669    248.9504998100081 
   99.140845383396695    248.9504998100081 
     73.5408453833967   18.550499810008102 
   99.140845383396695   18.550499810008102 
   73.540845383396729    248.9504998100081 
    47.94084538339672    248.9504998100081 
   22.340845383396697   18.550499810008102 
   47.940845383396692   18.550499810008102 
   22.340845383396697    248.9504998100081 
