   35.040325890903468   14.723926936329322 
   53.142259489279084   40.323926936329329 
   35.040325890903468   65.923926936329323 
   53.142259489279084   91.523926936329332 
   35.040325890903468   117.12392693632931 
   53.142259489279084   142.72392693632932 
   35.040325890903468   168.32392693632931 
   53.142259489279084   193.92392693632928 
   35.040325890903468    219.5239269363293 
   53.142259489279084   245.12392693632933 
   71.244193087654708   14.723926936329322 
   89.346126686030317   40.323926936329329 
   71.244193087654708   65.923926936329323 
   89.346126686030317   91.523926936329332 
   71.244193087654708   117.12392693632931 
   89.346126686030317   142.72392693632932 
   71.244193087654708   168.32392693632931 
   89.346126686030317   193.92392693632928 
   71.244193087654708    219.5239269363293 
   89.346126686030317   245.12392693632933 
   107.44806028440593   14.723926936329322 
   125.54999388278154   40.323926936329329 
   107.44806028440593   65.923926936329323 
   125.54999388278154   91.523926936329332 
   107.44806028440593   117.12392693632931 
   125.54999388278154   142.72392693632932 
   107.44806028440593   168.32392693632931 
   125.54999388278154   193.92392693632928 
   107.44806028440593    219.5239269363293 
   125.54999388278154   245.12392693632933 
   143.65192748115714   14.723926936329322 
   161.75386107953278   40.323926936329329 
   143.65192748115714   65.923926936329323 
   161.75386107953278   91.523926936329332 
   143.65192748115714   117.12392693632931 
   161.75386107953278   142.72392693632932 
   143.65192748115714   168.32392693632931 
   161.75386107953278   193.92392693632928 
   143.65192748115714    219.5239269363293 
   161.75386107953278   245.12392693632933 
   179.85579467790836   14.723926936329322 
     197.957728276284   40.323926936329329 
   179.85579467790836   65.923926936329323 
     197.957728276284   91.523926936329332 
   179.85579467790836   117.12392693632931 
     197.957728276284   142.72392693632932 
   179.85579467790836   168.32392693632931 
     197.957728276284   193.92392693632928 
   179.85579467790836    219.5239269363293 
     197.957728276284   245.12392693632933 
   216.05966187465961   14.723926936329322 
   234.16159547303525   40.323926936329329 
   216.05966187465961   65.923926936329323 
   234.16159547303525   91.523926936329332 
   216.05966187465961   117.12392693632931 
   234.16159547303525   142.72392693632932 
   216.05966187465961   168.32392693632931 
   234.16159547303525   193.92392693632928 
   216.05966187465961    219.5239269363293 
   234.16159547303525   245.12392693632933 
   252.26352907141089   14.723926936329322 
   16.938392292527894   40.323926936329329 
   252.26352907141089   65.923926936329323 
   16.938392292527894   91.523926936329332 
   252.26352907141089   117.12392693632931 
   16.938392292527894   142.72392693632932 
   252.26352907141089   168.32392693632931 
   16.938392292527894   193.92392693632928 
   252.26352907141089    219.5239269363293 
   16.938392292527894   245.12392693632933 
