   108.03583236291374   14.931295274658423 
    79.55909800910139   28.050578812352235 
   82.435832362913757   59.271795948421683 
   53.959098009101396   72.391079486115501 
   56.835832362913742   103.61229662218494 
   28.359098009101402   116.73158015987875 
   31.235832362913754   147.95279729594819 
   2.7590980091013915   161.07208083364202 
   5.6358323629137468   192.29329796971149 
   136.51256671672607   1.8120117369645987 
   139.38930107053844   33.033228873034034 
   110.91256671672609   46.152512410727859 
   113.78930107053843   77.373729546797293 
   85.312566716726081   90.493013084491125 
    88.18930107053842   121.71423022056055 
   59.712566716726094   134.83351375825438 
    62.58930107053844    166.0547308943238 
   34.112566716726086   179.17401443201763 
   36.989301070538431   210.39523156808707 
   167.86603542435074   19.913945335340212 
   170.74276977816311    51.13516247140965 
   142.26603542435078   64.254446009103475 
   145.14276977816309   95.475663145172902 
   116.66603542435078   108.59494668286673 
   119.54276977816311   139.81616381893616 
   91.066035424350773   152.93544735662999 
   93.942769778163125   184.15666449269941 
   65.466035424350778   197.27594803039327 
   68.342769778163103   228.49716516646271 
   199.21950413197544   38.015878933715825 
   202.09623848578778   69.237096069785252 
   173.61950413197545   82.356379607479084 
   176.49623848578776   113.57759674354853 
   148.01950413197545   126.69688028124234 
   150.89623848578779   157.91809741731177 
   122.41950413197544   171.03738095500557 
    125.2962384857878   202.25859809107502 
   96.819504131975435   215.37788162876888 
   99.696238485787774   246.59909876483835 
   230.57297283960011   56.117812532091435 
   233.44970719341245   87.339029668160862 
   204.97297283960012   100.45831320585469 
   207.84970719341246   131.67953034192413 
   179.37297283960012   144.79881387961797 
   182.24970719341243   176.02003101568738 
   153.77297283960013   189.13931455338121 
   156.64970719341247   220.36053168945065 
   128.17297283960011   233.47981522714446 
   236.32644154722479    118.5602468042303 
   239.20317590103716   149.78146394029972 
   210.72644154722482   162.90074747799358 
   213.60317590103716   194.12196461406302 
    185.1264415472248   207.24124815175682 
   188.00317590103714   238.46246528782623 
   159.52644154722481   251.58174882552009 
   51.082363655289079   41.169862350046081 
   242.07991025484944   181.00268107636919 
   25.482363655289081   85.510363023809347 
   216.47991025484947   225.34318175013243 
