   36.410751783850017   16.192329049959483 
   47.270109397666289   45.605155371400443 
   23.159216674600955   65.647731355959777 
   34.018574288417227   95.060557677400737 
   9.9076815653518953   115.10313366196007 
   20.767039179168165   144.51595998340105 
   7.5155040699191282   193.97136228940133 
   71.381002120731623   25.562579386841122 
   82.240359734547937   54.975405708282082 
   58.129467011482568   75.017981692841403 
   68.988824625298861   104.43080801428236 
    44.87793190223352    124.4733839988417 
   55.737289516049799   153.88621032028269 
   31.626396792984448   173.92878630484199 
   42.485754406800751   203.34161262628294 
   18.374861683735396   223.38418861084227 
   95.491894843796999    5.520003402281775 
   106.35125245761327   34.932829723722747 
   117.21061007142956   64.345656045163707 
   93.099717348364209   84.388232029723042 
   103.95907496218049     113.801058351164 
   79.848182239115147   133.84363433572332 
   90.707539852931433    163.2564606571643 
   66.596647129866085   183.29903664172363 
   77.456004743682371   212.71186296316455 
    53.34511202061703   232.75443894772391 
   130.46214518067862    14.89025373916339 
    141.3215027944949   44.303080060604373 
   152.18086040831119   73.715906382045333 
   128.06996768524584   93.758482366604667 
   138.92932529906213   123.17130868804561 
   114.81843257599679   143.21388467260493 
   125.67779018981305   172.62671099404594 
   101.56689746674772   192.66928697860527 
   112.42625508056402   222.08211330004616 
   88.315362357498671   242.12468928460552 
   165.43239551756025   24.260504076045027 
   176.29175313137654   53.673330397485998 
    187.1511107451928   83.086156718926958 
   163.04021802212745   103.12873270348629 
   173.89957563594373   132.54155902492727 
   149.78868291287841   152.58413500948657 
   160.64804052669467   181.99696133092758 
   136.53714780362932   202.03953731548688 
   147.39650541744561   231.45236363692783 
   123.28561269438029   251.49493962148719 
   200.40264585444186   33.630754412926649 
   211.26200346825814   63.043580734367623 
   222.12136108207443   92.456407055808583 
   198.01046835900908   112.49898304036793 
   208.86982597282537   141.91180936180888 
   184.75893324976005   161.95438534636818 
   195.61829086357631   191.36721166780919 
   171.50739814051096   211.40978765236849 
   182.36675575432727   240.82261397380944 
   235.37289619132346   43.001004749808274 
   246.23225380513978   72.413831071249263 
   232.98071869589074   121.86923337724954 
   243.84007630970706   151.28205969869052 
   219.72918358664165   171.32463568324982 
   230.58854120045797   200.73746200469083 
   206.47764847739259   220.78003798925016 
   217.33700609120888   250.19286431069105 
