   119.75483172480125   6.3052657168370372 
   114.45289812642564   37.207199315212655 
   83.550964528050031   42.509132913588275 
   78.249030929674419   73.411066511963881 
   47.347097331298805   78.713000110339507 
   42.045163732923186   109.61493370871513 
   11.143230134547579   114.91686730709074 
   5.8412965361719946   145.81880090546633 
    150.6567653231769   1.0033321184614068 
   145.35483172480127   31.905265716837036 
   140.05289812642565    62.80719931521265 
   109.15096452805004   68.109132913588269 
   103.84903092967443    99.01106651196389 
   72.947097331298806    104.3130001103395 
   67.645163732923194   135.21493370871514 
   36.743230134547574   140.51686730709073 
   31.441296536171993   171.41880090546633 
   176.25676532317689   26.603332118461392 
   170.95483172480127    57.50526571683703 
   165.65289812642567   88.407199315212637 
   134.75096452805005   93.709132913588263 
   129.44903092967445   124.61106651196387 
   98.547097331298815   129.91300011033951 
   93.245163732923189   160.81493370871513 
   62.343230134547589   166.11686730709073 
   57.041296536171991   197.01880090546632 
   26.139362937796374   202.32073450384195 
   201.85676532317689    52.20333211846139 
   196.55483172480126   83.105265716837025 
   191.25289812642563   114.00719931521263 
   160.35096452805004   119.30913291358827 
   155.04903092967442   150.21106651196385 
   124.14709733129881    155.5130001103395 
   118.84516373292318    186.4149337087151 
   87.943230134547576   191.71686730709072 
   82.641296536171993   222.61880090546632 
   51.739362937796372   227.92073450384194 
   227.45676532317691   77.803332118461384 
   222.15483172480126     108.705265716837 
   216.85289812642563   139.60719931521263 
   185.95096452805004   144.90913291358825 
   180.64903092967441   175.81106651196387 
   149.74709733129879   181.11300011033947 
   144.44516373292319   212.01493370871509 
   113.54323013454757   217.31686730709072 
   108.24129653617199   248.21880090546628 
   77.339362937796366   253.52073450384194 
    253.0567653231769   103.40333211846138 
   247.75483172480128   134.30526571683703 
   242.45289812642565   165.20719931521262 
   211.55096452805006   170.50913291358827 
   206.24903092967443   201.41106651196384 
   175.34709733129881   206.71300011033949 
   170.04516373292319   237.61493370871511 
   139.14323013454757   242.91686730709074 
   88.852898126425671   11.607199315212668 
   237.15096452805005   196.10913291358824 
   52.649030929674446   47.811066511963894 
   200.94709733129881   232.31300011033946 
   16.445163732923209   84.014933708715134 
