   197.76393075458452   20.600993801525441 
   168.35110443314355   9.7416361877091475 
   148.30852844858421   33.852528910774502 
   118.89570212714325   22.993171296958209 
   98.853126142583918   47.104064020023571 
   69.440299821142958   36.244706406207271 
   49.397723836583651   60.355599129272626 
   19.984897515142666   49.496241515456333 
   227.17675707602547   31.460351415341723 
   207.13418109146613   55.571244138407074 
   177.72135477002519   44.711886524590781 
   157.67877878546585   68.822779247656143 
   128.26595246402491   57.963421633839843 
   108.22337647946554   82.074314356905191 
   78.810550158024597   71.214956743088905 
   58.767974173465277   95.325849466154253 
   29.355147852024302   84.466491852337981 
   9.3125718674649551   108.57738457540333 
   236.54700741290708   66.430601752223353 
    216.5044314283478   90.541494475288701 
   187.09160510690683   79.682136861472415 
   167.04902912234749   103.79302958453776 
   137.63620280090652   92.933671970721477 
   117.59362681634718   117.04456469378684 
   88.180800494906222   106.18520707997054 
   68.138224510346902   130.29609980303587 
   38.725398188905942    119.4367421892196 
   18.682822204346593   143.54763491228496 
   245.91725774978875   101.40085208910499 
   225.87468176522941   125.51174481217031 
   196.46185544378844   114.65238719835403 
    176.4192794592291   138.76327992141938 
   147.00645313778816    127.9039223076031 
   126.96387715322879   152.01481503066844 
   97.551050831787862   141.15545741685216 
   77.508474847228541   165.26635013991751 
   48.095648525787567   154.40699252610122 
   28.053072541228218   178.51788524916657 
   255.28750808667036   136.37110242598661 
   235.24493210211102   160.48199514905193 
   205.83210578067008   149.62263753523567 
   185.78952979611071   173.73353025830099 
    156.3767034746698   162.87417264448473 
   136.33412749011043   186.98506536755008 
   106.92130116866947   176.12570775373379 
   86.878725184110152   200.23660047679911 
   57.465898862669192   189.37724286298285 
   37.423322878109843    213.4881355860482 
   244.61518243899269   195.45224548593359 
   215.20235611755172   184.59288787211727 
   195.15978013299238   208.70378059518265 
   165.74695381155141   197.84442298136634 
   145.70437782699204   221.95531570443171 
   116.29155150555111    211.0959580906154 
   96.248975520991792   235.20685081368075 
   66.836149199550817   224.34749319986446 
   46.793573214991468   248.45838592292984 
   224.57260645443333   219.56313820899894 
   175.11720414843305   232.81467331824803 
   89.482875805702292   12.133813683141986 
   125.66180184243275   246.06620842749706 
   40.027473499702033   25.385348792391035 
