   122.15411945803362    9.931273582672441 
   90.932902321964178   7.0545392288601327 
   77.813618784270361   35.531273582672462 
   46.592401648200934   32.654539228860131 
   33.473118110507102   61.131273582672463 
    2.251900974437687   58.254539228860139 
   153.37533659410306   12.808007936484797 
   140.25605305640923   41.284742290297125 
    109.0348359203398   38.408007936484793 
    95.91555238264597    66.88474229029714 
   64.694335246576543   64.008007936484802 
   51.575051708882725   92.484742290297135 
   20.353834572813298   89.608007936484796 
   7.2345510351194751   118.08474229029714 
    184.5965537301725   15.684742290297129 
   171.47727019247867   44.161476644109456 
   158.35798665478484   72.638210997921789 
   127.13676951871541   69.761476644109464 
   114.01748598102158   98.238210997921797 
   82.796268844952166   95.361476644109459 
   69.676985307258335   123.83821099792181 
   38.455768171188915   120.96147664410947 
   25.336484633495086   149.43821099792183 
   202.69848732854808   47.038210997921787 
   189.57920379085428   75.514945351734127 
   176.45992025316048   103.99167970554649 
   145.23870311709103   101.11494535173414 
   132.11941957939723   129.59167970554648 
   100.89820244332779   126.71494535173414 
   87.778918905633958   155.19167970554651 
   56.557701769564524   152.31494535173414 
   43.438418231870713    180.7916797055465 
   12.217201095801263   177.91494535173416 
   220.80042092692372    78.39167970554648 
   207.68113738922992    106.8684140593588 
   194.56185385153609   135.34514841317116 
   163.34063671546664   132.46841405935879 
   150.22135317777284   160.94514841317115 
    119.0001360417034   158.06841405935882 
   105.88085250400957   186.54514841317118 
    74.65963536794014   183.66841405935881 
   61.540351830246323   212.14514841317117 
   30.319134694176874    209.2684140593588 
    238.9023545252993   109.74514841317115 
    225.7830709876055   138.22188276698347 
   212.66378744991169   166.69861712079583 
   181.44257031384225   163.82188276698346 
   168.32328677614845   192.29861712079583 
   137.10206964007901   189.42188276698346 
   123.98278610238518   217.89861712079585 
   92.761568966315764   215.02188276698348 
   79.642285428621946   243.49861712079581 
   48.421068292552491   240.62188276698353 
   243.88500458598114   169.57535147460817 
   230.76572104828733   198.05208582842056 
   199.54450391221789   195.17535147460816 
   186.42522037452412   223.65208582842055 
   155.20400323845467   220.77535147460819 
   142.08471970076084   249.25208582842058 
    110.8635025646914   246.37535147460818 
