   239.05030348133937   33.605066584090629 
   213.45030348133935   51.707000182466253 
   187.85030348133935   33.605066584090643 
   162.25030348133933   51.707000182466253 
   136.65030348133936   33.605066584090643 
   111.05030348133934   51.707000182466253 
   85.450303481339361   33.605066584090643 
   59.850303481339374   51.707000182466253 
    34.25030348133933    33.60506658409065 
   8.6503034813393285   51.707000182466267 
   239.05030348133937   69.808933780841855 
   213.45030348133935   87.910867379217478 
   187.85030348133935   69.808933780841869 
   162.25030348133933   87.910867379217493 
   136.65030348133936   69.808933780841869 
   111.05030348133934   87.910867379217493 
   85.450303481339361   69.808933780841869 
   59.850303481339374   87.910867379217507 
   34.250303481339337   69.808933780841883 
   8.6503034813393285   87.910867379217507 
   239.05030348133937   106.01280097759309 
   213.45030348133935   124.11473457596873 
   187.85030348133935   106.01280097759309 
   162.25030348133933   124.11473457596873 
   136.65030348133936   106.01280097759309 
   111.05030348133934   124.11473457596873 
   85.450303481339361   106.01280097759312 
   59.850303481339374   124.11473457596873 
   34.250303481339337   106.01280097759312 
   8.6503034813393285   124.11473457596873 
   239.05030348133937   142.21666817434433 
   213.45030348133935   160.31860177271994 
   187.85030348133935   142.21666817434433 
   162.25030348133933   160.31860177271994 
   136.65030348133936   142.21666817434433 
   111.05030348133934   160.31860177271994 
   85.450303481339361   142.21666817434433 
   59.850303481339374   160.31860177271994 
   34.250303481339337   142.21666817434433 
   8.6503034813393285   160.31860177271994 
   239.05030348133937   178.42053537109555 
   213.45030348133935   196.52246896947116 
   187.85030348133935   178.42053537109555 
   162.25030348133933   196.52246896947116 
   136.65030348133936   178.42053537109555 
   111.05030348133934   196.52246896947116 
   85.450303481339361   178.42053537109555 
   59.850303481339374   196.52246896947116 
   34.250303481339337   178.42053537109555 
   8.6503034813393285   196.52246896947116 
   239.05030348133937    214.6244025678468 
   213.45030348133935   232.72633616622241 
   187.85030348133935    214.6244025678468 
   162.25030348133933   232.72633616622241 
   136.65030348133936    214.6244025678468 
   111.05030348133934   232.72633616622241 
   85.450303481339361    214.6244025678468 
   59.850303481339381   232.72633616622241 
   34.250303481339337    214.6244025678468 
   8.6503034813393285   232.72633616622241 
   239.05030348133937   250.82826976459802 
   213.45030348133932   15.503132985715052 
   187.85030348133935   250.82826976459802 
   162.25030348133933   15.503132985715052 
   136.65030348133936   250.82826976459802 
   111.05030348133934   15.503132985715052 
   85.450303481339361   250.82826976459802 
    59.85030348133936   15.503132985715052 
   34.250303481339351   250.82826976459802 
   8.6503034813393285   15.503132985715052 
