   50.591393765258665   42.688368083239347 
   76.191393765258667   42.688368083239347 
   76.191393765258667   68.288368083239348 
   50.591393765258665   68.288368083239348 
   50.591393765258665   93.888368083239342 
   76.191393765258667   93.888368083239342 
   76.191393765258667   119.48836808323935 
   50.591393765258665   119.48836808323935 
   50.591393765258665   145.08836808323935 
   76.191393765258667   145.08836808323935 
   76.191393765258667   170.68836808323934 
   50.591393765258665   170.68836808323934 
   50.591393765258665   196.28836808323933 
   76.191393765258667   196.28836808323933 
   76.191393765258667   221.88836808323933 
   50.591393765258665   221.88836808323933 
   50.591393765258665   247.48836808323932 
   76.191393765258667   247.48836808323932 
   76.191393765258667   17.088368083239324 
   50.591393765258665   17.088368083239324 
   101.79139376525868   42.688368083239347 
   127.39139376525868   42.688368083239347 
   127.39139376525868   68.288368083239348 
   101.79139376525868   68.288368083239348 
   101.79139376525868   93.888368083239342 
   127.39139376525868   93.888368083239342 
   127.39139376525868   119.48836808323935 
   101.79139376525868   119.48836808323935 
   101.79139376525868   145.08836808323935 
   127.39139376525868   145.08836808323935 
   127.39139376525868   170.68836808323934 
   101.79139376525868   170.68836808323934 
   101.79139376525868   196.28836808323933 
   127.39139376525868   196.28836808323933 
   127.39139376525868   221.88836808323933 
   101.79139376525868   221.88836808323933 
   101.79139376525868   247.48836808323932 
   127.39139376525868   247.48836808323932 
   127.39139376525868   17.088368083239324 
   101.79139376525868   17.088368083239324 
   152.99139376525869   42.688368083239347 
   178.59139376525869   42.688368083239347 
   178.59139376525869   68.288368083239348 
   152.99139376525869   68.288368083239348 
   152.99139376525869   93.888368083239342 
   178.59139376525869   93.888368083239342 
   178.59139376525869   119.48836808323935 
   152.99139376525869   119.48836808323935 
   152.99139376525869   145.08836808323935 
   178.59139376525869   145.08836808323935 
   178.59139376525869   170.68836808323934 
   152.99139376525869   170.68836808323934 
   152.99139376525869   196.28836808323933 
   178.59139376525869   196.28836808323933 
   178.59139376525869   221.88836808323933 
   152.99139376525869   221.88836808323933 
   152.99139376525869   247.48836808323932 
   178.59139376525869   247.48836808323932 
   178.59139376525869   17.088368083239324 
   152.99139376525869   17.088368083239324 
   204.19139376525868   42.688368083239347 
   229.79139376525868   42.688368083239347 
   229.79139376525868   68.288368083239348 
   204.19139376525868   68.288368083239348 
   204.19139376525868   93.888368083239342 
   229.79139376525868   93.888368083239342 
   229.79139376525868   119.48836808323935 
   204.19139376525868   119.48836808323935 
   204.19139376525868   145.08836808323935 
   229.79139376525868   145.08836808323935 
   229.79139376525868   170.68836808323934 
   204.19139376525868   170.68836808323934 
   204.19139376525868   196.28836808323933 
   229.79139376525868   196.28836808323933 
   229.79139376525868   221.88836808323933 
   204.19139376525868   221.88836808323933 
   204.19139376525868   247.48836808323932 
   229.79139376525868   247.48836808323932 
   229.79139376525868   17.088368083239324 
   204.19139376525868   17.088368083239324 
   255.39139376525867   42.688368083239347 
   24.991393765258678   42.688368083239347 
   24.991393765258678   68.288368083239348 
   255.39139376525867   68.288368083239348 
   255.39139376525867   93.888368083239342 
   24.991393765258678   93.888368083239342 
   24.991393765258678   119.48836808323935 
   255.39139376525867   119.48836808323935 
   255.39139376525867   145.08836808323935 
   24.991393765258678   145.08836808323935 
   24.991393765258678   170.68836808323934 
   255.39139376525867   170.68836808323934 
   255.39139376525867   196.28836808323933 
   24.991393765258678   196.28836808323933 
   24.991393765258678   221.88836808323933 
   255.39139376525867   221.88836808323933 
   255.39139376525867   247.48836808323932 
   24.991393765258678   247.48836808323932 
   24.991393765258678   17.088368083239324 
   255.39139376525867   17.088368083239324 
