    40.48639769714633   10.536218984807263 
    65.21409885014647   17.161986539431791 
    58.58833129552194   41.889687692431949 
   33.860630142521792   35.263920137807411 
   27.234862587897272   59.991621290807565 
   51.962563740897409   66.617388845432089 
   45.336796186272878   91.345089998432258 
   20.609095033272723   84.719322443807712 
   13.983327478648194   109.44702359680787 
   38.711028631648354    116.0727911514324 
   32.085261077023823   140.80049230443254 
   7.3575599240236649   134.17472474980801 
   25.459493522399281   165.52819345743268 
   18.833725967774754   190.25589461043285 
   12.207958413150225   214.98359576343299 
   89.941800003146625   23.787754094056321 
   114.66950115614677   30.413521648680849 
   108.04373360152223   55.141222801681003 
   83.316032448522094   48.515455247056479 
   76.690264893897549    73.24315640005662 
    101.4179660468977   79.868923954681165 
   94.792198492273187   104.59662510768131 
   70.064497339273018   97.970857553056774 
   63.438729784648494   122.69855870605693 
   88.166430937648656   129.32432626068146 
   81.540663383024125    154.0520274136816 
    56.81296223002397   147.42625985905707 
   50.187194675399425   172.15396101205721 
    74.91489582839958   178.77972856668177 
   68.289128273775049   203.50742971968194 
   43.561427120774901   196.88166216505741 
   36.935659566150356   221.60936331805752 
   61.663360719150518   228.23513087268205 
    121.2952687107713   5.6858204956807255 
   139.39720230914691   37.039289203305387 
   164.12490346214707   43.665056757929918 
   157.49913590752254   68.392757910930072 
   132.77143475452237   61.766990356305534 
   126.14566719989786   86.494691509305696 
   150.87336835289801   93.120459063930227 
   144.24760079827348   117.84816021693037 
   119.51989964527333   111.22239266230584 
    112.8941320906488   135.95009381530599 
   137.62183324364895   142.57586136993052 
   130.99606568902442   167.30356252293066 
   106.26836453602427   160.67779496830613 
   99.642596981399734    185.4054961213063 
   124.37029813439989   192.03126367593083 
   117.74453057977533     216.758964828931 
   93.016829426775189   210.13319727430647 
   86.391061872150658   234.86089842730658 
   111.11876302515081   241.48666598193111 
   170.75067101677158   18.937355604929785 
   146.02296986377144   12.311588050305254 
   188.85260461514721   50.290824312554456 
   213.58030576814738   56.916591867178987 
   206.95453821352285   81.644293020179134 
   182.22683706052268   75.018525465554603 
   175.60106950589815   99.746226618554743 
   200.32877065889832   106.37199417317927 
   193.70300310427379   131.09969532617941 
   168.97530195127362    124.4739277715549 
   162.34953439664909   149.20162892455505 
   187.07723554964926   155.82739647917958 
   180.45146799502473   180.55509763217972 
   155.72376684202456   173.92933007755519 
   149.09799928740003   198.65703123055536 
   173.82570044040017   205.28279878517989 
   167.19993288577564   230.01049993818006 
    142.4722317327755   223.38473238355553 
   135.84646417815097   248.11243353655564 
   160.57416533115111   254.73820109118017 
   220.20607332277191   32.188890714178854 
   195.47837216977175   25.563123159554333 
   238.30800692114755   63.542359421803518 
   256.40994051952316   94.895828129428182 
   231.68223936652302   88.270060574803665 
   225.05647181189843   112.99776172780381 
    249.7841729648986   119.62352928242834 
   243.15840541027404   144.35123043542848 
    218.4307042572739   137.72546288080395 
   211.80493670264937   162.45316403380411 
   236.53263785564951   169.07893158842865 
   229.90687030102498   193.80663274142879 
   205.17916914802484   187.18086518680425 
   198.55340159340031   211.90856633980442 
   223.28110274640045   218.53433389442893 
   216.65533519177592   243.26203504742909 
   191.92763403877581   236.63626749280456 
   244.93377447577205   38.814658268803392 
