   89.957468495655078   22.481828567141761 
   67.787218158773442   9.6818285671417836 
   54.987218158773437   31.852078904023408 
   77.157468495655067   44.652078904023398 
    64.35746849565507   66.822329240905034 
    42.18721815877344   54.022329240905044 
    29.38721815877344   76.192579577786674 
   51.557468495655073   88.992579577786671 
   38.757468495655075   111.16282991466829 
   16.587218158773439    98.36282991466831 
   3.7872181587734381   120.53308025154995 
   25.957468495655082   133.33308025154994 
   13.157468495655083   155.50333058843157 
   124.92771883253671   13.111578230260138 
   147.09796916941832   25.911578230260137 
   134.29796916941834   48.081828567141763 
    112.1277188325367   35.281828567141773 
   99.327718832536704   57.452078904023395 
   121.49796916941833   70.252078904023392 
   108.69796916941833   92.422329240905029 
   86.527718832536706   79.622329240905046 
   73.727718832536709   101.79257957778667 
   95.897969169418332   114.59257957778668 
   83.097969169418334   136.76282991466829 
   60.927718832536705    123.9628299146683 
   48.127718832536708   146.13308025154996 
   70.297969169418337   158.93308025154991 
    57.49796916941834   181.10333058843156 
   35.327718832536704   168.30333058843158 
   22.527718832536706    190.4735809253132 
   44.697969169418343   203.27358092531321 
   159.89796916941833   3.7413278933785148 
   169.26821950629994   38.711578230260137 
   191.43846984318159   51.511578230260142 
   178.63846984318161   73.681828567141764 
   156.46821950629999    60.88182856714176 
   143.66821950629998   83.052078904023389 
    165.8384698431816   95.852078904023401 
   153.03846984318159   118.02232924090502 
   130.86821950629997   105.22232924090503 
   118.06821950629997   127.39257957778668 
    140.2384698431816   140.19257957778669 
   127.43846984318159   162.36282991466831 
   105.26821950629997    149.5628299146683 
   92.468219506299974   171.73308025154992 
    114.6384698431816   184.53308025154993 
    101.8384698431816   206.70333058843156 
   79.668219506299977   193.90333058843157 
    66.86821950629998   216.07358092531319 
   89.038469843181602   228.87358092531318 
   204.23846984318158   29.341327893378516 
   182.06821950629995   16.541327893378515 
   213.60872018006322   64.311578230260139 
   235.77897051694484   77.111578230260136 
   222.97897051694486   99.281828567141758 
   200.80872018006323   86.481828567141761 
   188.00872018006322   108.65207890402338 
   210.17897051694484   121.45207890402338 
   197.37897051694486   143.62232924090503 
   175.20872018006321   130.82232924090502 
   162.40872018006323   152.99257957778664 
   184.57897051694485   165.79257957778665 
   171.77897051694487    187.9628299146683 
   149.60872018006322   175.16282991466829 
   136.80872018006323   197.33308025154994 
   158.97897051694486   210.13308025154993 
   146.17897051694487   232.30333058843155 
   124.00872018006322   219.50333058843157 
   111.20872018006322   241.67358092531319 
   133.37897051694486    254.4735809253132 
   248.57897051694488   54.941327893378507 
   226.40872018006326   42.141327893378502 
   245.14922085382653   112.08182856714176 
   232.34922085382652   134.25207890402342 
   254.51947119070815   147.05207890402338 
   241.71947119070811   169.22232924090503 
   219.54922085382648   156.42232924090504 
    206.7492208538265   178.59257957778667 
   228.91947119070812   191.39257957778668 
   216.11947119070817    213.5628299146683 
   193.94922085382652   200.76282991466829 
   181.14922085382651   222.93308025154994 
   203.31947119070813   235.73308025154992 
   168.34922085382652   245.10333058843156 
