   138.80064693284305   1.4024765124800875 
    102.5967797360918   1.4024765124801093 
   120.69871333446743   19.504410110855705 
   102.59677973609183   37.606343709231332 
   84.494846137716195   19.504410110855726 
   66.392912539340585   37.606343709231346 
   84.494846137716195   55.708277307606949 
   66.392912539340585   73.810210905982572 
   48.290978940964962   55.708277307606963 
    30.18904534258936   73.810210905982572 
   48.290978940964962   91.912144504358182 
    30.18904534258936   110.01407810273381 
   12.087111744213741   91.912144504358196 
   12.087111744213763   128.11601170110941 
   175.00451412959427   1.4024765124801093 
   193.10644772796988   19.504410110855705 
   175.00451412959427   37.606343709231332 
   156.90258053121866   19.504410110855726 
   138.80064693284305   37.606343709231332 
   156.90258053121866   55.708277307606949 
   138.80064693284305   73.810210905982572 
   120.69871333446743   55.708277307606949 
    102.5967797360918   73.810210905982572 
   120.69871333446743   91.912144504358182 
   102.59677973609183   110.01407810273381 
   84.494846137716181   91.912144504358196 
   66.392912539340585   110.01407810273381 
   84.494846137716195   128.11601170110941 
   66.392912539340585   146.21794529948505 
   48.290978940964962   128.11601170110941 
    30.18904534258936   146.21794529948502 
   48.290978940964983   164.31987889786063 
   30.189045342589381   182.42181249623627 
   12.087111744213741   164.31987889786063 
   211.20838132634549   37.606343709231318 
   229.31031492472113   55.708277307606942 
   211.20838132634549   73.810210905982558 
   193.10644772796988   55.708277307606942 
   175.00451412959427   73.810210905982572 
   193.10644772796988   91.912144504358167 
    175.0045141295943   110.01407810273379 
   156.90258053121866   91.912144504358167 
   138.80064693284305   110.01407810273379 
   156.90258053121866   128.11601170110941 
   138.80064693284305   146.21794529948502 
   120.69871333446743   128.11601170110941 
   102.59677973609183   146.21794529948505 
   120.69871333446744   164.31987889786063 
   102.59677973609183   182.42181249623627 
   84.494846137716209   164.31987889786063 
     66.3929125393406   182.42181249623627 
   84.494846137716223   200.52374609461188 
     66.3929125393406   218.62567969298746 
   48.290978940964983   200.52374609461188 
   247.41224852309676   73.810210905982558 
   247.41224852309676   110.01407810273381 
   229.31031492472113   91.912144504358167 
   211.20838132634552   110.01407810273379 
   229.31031492472113   128.11601170110941 
   211.20838132634552   146.21794529948505 
   193.10644772796988   128.11601170110941 
    175.0045141295943   146.21794529948502 
   193.10644772796994   164.31987889786066 
    175.0045141295943   182.42181249623627 
   156.90258053121866   164.31987889786063 
   138.80064693284305   182.42181249623627 
   156.90258053121869   200.52374609461191 
   138.80064693284308   218.62567969298752 
   120.69871333446744   200.52374609461188 
   102.59677973609183   218.62567969298746 
   120.69871333446748    236.7276132913631 
   102.59677973609188   254.82954688973874 
   84.494846137716237    236.7276132913631 
   247.41224852309676   146.21794529948505 
   247.41224852309676   182.42181249623627 
   229.31031492472113   164.31987889786066 
   211.20838132634552   182.42181249623627 
   229.31031492472113   200.52374609461188 
   211.20838132634552   218.62567969298752 
   193.10644772796994   200.52374609461191 
   175.00451412959433   218.62567969298752 
   193.10644772796994    236.7276132913631 
   175.00451412959433   254.82954688973874 
   156.90258053121869    236.7276132913631 
   138.80064693284311   254.82954688973874 
