   196.33239055280234   10.322368884533748 
   174.16214021592066    23.12236888453377 
   139.19188987903905   13.752118547652145 
   151.99188987903904   35.922368884533768 
   129.82163954215741   48.722368884533772 
   117.02163954215742   26.552118547652146 
   94.851389205275794   39.352118547652147 
   107.65138920527579   61.522368884533769 
   85.481138868394169   74.322368884533773 
   72.681138868394171   52.152118547652144 
   50.510888531512542   64.952118547652148 
   63.310888531512546    87.12236888453377 
   41.140638194630924   99.922368884533768 
   28.340638194630927   77.752118547652159 
   6.1703878577492812   90.552118547652157 
   18.970387857749301   112.72236888453376 
   209.13239055280232   32.492619221415382 
   221.93239055280233   54.662869558297018 
   199.76214021592071   67.462869558297029 
    186.9621402159207   45.292619221415393 
   164.79188987903908    58.09261922141539 
   177.59188987903903   80.262869558297027 
   155.42163954215741   93.062869558297024 
   142.62163954215742   70.892619221415401 
    120.4513892052758   83.692619221415399 
   133.25138920527581   105.86286955829702 
   111.08113886839418   118.66286955829703 
   98.281138868394166   96.492619221415396 
   76.110888531512543   109.29261922141539 
   88.910888531512555   131.46286955829703 
   66.740638194630932   144.26286955829704 
   53.940638194630928   122.09261922141542 
   31.770387857749292    134.8926192214154 
   44.570387857749289   157.06286955829702 
   22.400137520867681   169.86286955829704 
   9.6001375208676567   147.69261922141541 
   234.73239055280234    76.83311989517864 
   247.53239055280233   99.003370232060263 
   225.36214021592068   111.80337023206029 
   212.56214021592069   89.633119895178652 
   190.39188987903907   102.43311989517866 
   203.19188987903905   124.60337023206029 
   181.02163954215743    137.4033702320603 
   168.22163954215745   115.23311989517866 
   146.05138920527583   128.03311989517866 
   158.85138920527581   150.20337023206028 
   136.68113886839419   163.00337023206029 
   123.88113886839417   140.83311989517867 
   101.71088853151255   153.63311989517865 
   114.51088853151255   175.80337023206027 
   92.340638194630927   188.60337023206029 
    79.54063819463093   166.43311989517866 
     57.3703878577493   179.23311989517867 
   70.170387857749304    201.4033702320603 
   48.000137520867668   214.20337023206028 
   35.200137520867671   192.03311989517866 
    250.9621402159207   156.14387090582352 
   238.16214021592069    133.9736205689419 
   215.99188987903906   146.77362056894191 
   228.79188987903908    168.9438709058235 
   206.62163954215742   181.74387090582354 
   193.82163954215744   159.57362056894192 
   171.65138920527582    172.3736205689419 
    184.4513892052758    194.5438709058235 
   162.28113886839418   207.34387090582354 
    149.4811388683942   185.17362056894191 
   127.31088853151255    197.9736205689419 
   140.11088853151256   220.14387090582352 
   117.94063819463092   232.94387090582353 
   105.14063819463092   210.77362056894191 
   82.970387857749301   223.57362056894192 
   95.770387857749299   245.74387090582354 
   60.800137520867679   236.37362056894196 
   241.59188987903906   191.11412124270512 
   104.22163954215742   4.3818682107705005 
   219.42163954215744   203.91412124270516 
   197.25138920527581   216.71412124270512 
   82.051389205275797   17.181868210770499 
    59.88113886839416     29.9818682107705 
   175.08113886839419   229.51412124270516 
   152.91088853151254   242.31412124270514 
   37.710888531512531   42.781868210770504 
   15.540638194630905   55.581868210770509 
   130.74063819463092   255.11412124270515 
