   226.86258975722998   17.068667254514704 
   233.48835731185451   41.796368407514848 
    208.7606561588544   48.422135962139379 
   202.13488860422987   23.694434809139231 
    177.4071874512297   30.320202363763759 
   184.03295500585423   55.047903516763917 
   159.30525385285409   61.673671071388448 
   152.67948629822956   36.945969918388286 
   127.95178514522941   43.571737473012817 
   134.57755269985392   68.299438626012972 
   109.84985154685378   74.925206180637502 
   103.22408399222925   50.197505027637348 
   78.496382839229113   56.823272582261886 
   85.122150393853644   81.550973735262048 
    60.39444924085349   88.176741289886564 
   53.768681686228959   63.449040136886417 
   29.040980533228801   70.074807691510941 
   35.666748087853321   94.802508844511095 
   10.939046934853163   101.42827639913563 
    4.313279380228634   76.700575246135486 
   240.11412486647905   66.524069560514988 
   246.73989242110358   91.251770713515143 
   222.01219126810346   97.877538268139674 
   215.38642371347893   73.149837115139519 
   190.65872256047876   79.775604669764064 
    197.2844901151033   104.50330582276419 
   172.55678896210316   111.12907337738875 
   165.93102140747862   86.401372224388595 
   141.20332025447846   93.027139779013126 
   147.82908780910299   117.75484093201328 
   123.10138665610285   124.38060848663781 
   116.47561910147832   99.652907333637657 
   91.747917948478175   106.27867488826219 
   98.373685503102706   131.00637604126234 
   73.645984350102552   137.63214359588687 
   67.020216795478021   112.90444244288672 
   42.292515642477845   119.53020999751125 
    48.91828319710239    144.2579111505114 
   24.190582044102243   150.88367870513594 
   17.564814489477712   126.15597755213578 
   253.36565997572811   115.97947186651531 
    235.2637263773525   147.33294057413997 
   228.63795882272797   122.60523942113984 
   203.91025766972786   129.23100697576436 
   210.53602522435239    153.9587081287645 
   185.80832407135222   160.58447568338903 
   179.18255651672769   135.85677453038889 
   154.45485536372752   142.48254208501342 
   161.08062291835205   167.21024323801356 
   136.35292176535191   173.83601079263809 
   129.72715421072738   149.10830963963795 
   104.99945305772722   155.73407719426248 
   111.62522061235175   180.46177834726265 
   86.897519459351614   187.08754590188718 
   80.271751904727083   162.35984474888701 
   55.544050751726914   168.98561230351154 
   62.169818306351445   193.71331345651171 
   37.442117153351298   200.33908101113624 
    30.81634959872677   175.61137985813608 
   248.51526148660156   196.78834288014031 
   241.88949393197703   172.06064172714014 
   217.16179277897692   178.68640928176467 
   223.78756033360145   203.41411043476484 
   199.05985918060128   210.03987798938934 
   192.43409162597675    185.3121768363892 
   167.70639047297661   191.93794439101373 
   174.33215802760114   216.66564554401387 
   149.60445687460097    223.2914130986384 
   142.97868931997647   198.56371194563829 
   118.25098816697631   205.18947950026282 
   124.87675572160084   229.91718065326293 
   100.14905456860069   236.54294820788746 
   93.523287013976159   211.81524705488735 
    68.79558586097599   218.44101460951188 
   75.421353415600507   243.16871576251205 
   50.693652262600366   249.79448331713655 
   44.067884707975828   225.06678216413641 
   255.14102904122609   221.51604403314042 
   230.41332788822598   228.14181158776495 
   170.78141989660517   5.5925012107636363 
   146.05371874360503   12.218268765388165 
   205.68562673522581   234.76757914238948 
   180.95792558222567   241.39334669701404 
   121.32601759060488   18.844036320012716 
   96.598316437604737   25.469803874637243 
    156.2302244292255   248.01911425163857 
   131.50252327622536    254.6448818062631 
   71.870615284604582   32.095571429261774 
   47.142914131604442   38.721338983886298 
   22.415212978604274   45.347106538510829 
