   217.65613727156747   15.090619117504543 
   217.65613727156747   40.690619117504539 
   192.05613727156748   40.690619117504539 
   192.05613727156745   15.090619117504543 
   166.45613727156748   15.090619117504543 
   166.45613727156748   40.690619117504539 
   140.85613727156749   40.690619117504539 
   140.85613727156749   15.090619117504543 
   115.25613727156748   15.090619117504543 
   115.25613727156748   40.690619117504539 
   89.656137271567488   40.690619117504539 
   89.656137271567488   15.090619117504543 
   64.056137271567479   15.090619117504543 
   64.056137271567479   40.690619117504539 
   38.456137271567464   40.690619117504554 
   38.456137271567449   15.090619117504543 
   12.856137271567462   15.090619117504543 
   12.856137271567462   40.690619117504554 
   243.25613727156747   40.690619117504532 
   243.25613727156747   15.090619117504543 
   217.65613727156747   66.290619117504548 
   217.65613727156747   91.890619117504542 
   192.05613727156748   91.890619117504542 
   192.05613727156748   66.290619117504548 
   166.45613727156748   66.290619117504548 
   166.45613727156748   91.890619117504542 
   140.85613727156749   91.890619117504542 
   140.85613727156749   66.290619117504548 
   115.25613727156748   66.290619117504548 
   115.25613727156748   91.890619117504542 
   89.656137271567488   91.890619117504542 
   89.656137271567488   66.290619117504548 
   64.056137271567479   66.290619117504548 
   64.056137271567479   91.890619117504542 
   38.456137271567464   91.890619117504542 
   38.456137271567464   66.290619117504548 
   12.856137271567462   66.290619117504548 
   12.856137271567462   91.890619117504542 
   243.25613727156747   91.890619117504542 
   243.25613727156747   66.290619117504534 
   217.65613727156747   117.49061911750454 
   217.65613727156747   143.09061911750453 
   192.05613727156748   143.09061911750453 
   192.05613727156748   117.49061911750454 
   166.45613727156748   117.49061911750454 
   166.45613727156748   143.09061911750453 
   140.85613727156749   143.09061911750453 
   140.85613727156749   117.49061911750454 
   115.25613727156748   117.49061911750454 
   115.25613727156748   143.09061911750453 
   89.656137271567488   143.09061911750453 
   89.656137271567488   117.49061911750454 
   64.056137271567479   117.49061911750454 
   64.056137271567479   143.09061911750453 
   38.456137271567464   143.09061911750453 
   38.456137271567464   117.49061911750454 
   12.856137271567462   117.49061911750454 
   12.856137271567462   143.09061911750453 
   243.25613727156747   143.09061911750453 
   243.25613727156747   117.49061911750454 
   217.65613727156747   168.69061911750455 
   217.65613727156747   194.29061911750455 
   192.05613727156748   194.29061911750455 
   192.05613727156748   168.69061911750455 
   166.45613727156748   168.69061911750455 
   166.45613727156748   194.29061911750455 
   140.85613727156749   194.29061911750455 
   140.85613727156749   168.69061911750455 
   115.25613727156748   168.69061911750455 
   115.25613727156748   194.29061911750455 
   89.656137271567488   194.29061911750455 
   89.656137271567488   168.69061911750455 
   64.056137271567479   168.69061911750455 
   64.056137271567479   194.29061911750455 
   38.456137271567464   194.29061911750455 
   38.456137271567464   168.69061911750455 
   12.856137271567462   168.69061911750455 
   12.856137271567462   194.29061911750455 
   243.25613727156747   194.29061911750455 
   243.25613727156747   168.69061911750455 
    217.6561372715675   219.89061911750454 
    217.6561372715675   245.49061911750454 
   192.05613727156751   245.49061911750454 
   192.05613727156751   219.89061911750454 
   166.45613727156748   219.89061911750454 
   166.45613727156748   245.49061911750454 
   140.85613727156749   245.49061911750454 
   140.85613727156749   219.89061911750454 
   115.25613727156748   219.89061911750454 
   115.25613727156748   245.49061911750454 
   89.656137271567488   245.49061911750454 
   89.656137271567488   219.89061911750454 
   64.056137271567493   219.89061911750454 
   64.056137271567493   245.49061911750454 
   38.456137271567471   245.49061911750454 
   38.456137271567471   219.89061911750454 
   12.856137271567462   219.89061911750454 
   12.856137271567462   245.49061911750454 
   243.25613727156747   245.49061911750454 
   243.25613727156747   219.89061911750454 
