   53.275772387859639   74.028539858334469 
   33.161252674993833   102.47440652500114 
   73.389688677202543   130.92027319166783 
   43.218512531426732   130.92027319166783 
   23.104596242083829   74.028539858334469 
   63.332428820769636   102.47440652500114 
   53.275772387859639   159.36187319166783 
   33.161252674993833   187.80773985833449 
   73.389688677202543   216.25360652500115 
   43.218512531426732   216.25360652500115 
   23.104596242083829   159.36187319166783 
   63.332428820769636   187.80773985833449 
   53.275772387859639   244.69520652500117 
   33.161252674993833   17.141073191667807 
   73.389688677202543   45.586939858334496 
   43.218512531426732   45.586939858334496 
   23.104596242083829   244.69520652500117 
   63.332428820769636   17.141073191667807 
   113.61812467941128   74.028539858334469 
   93.503604966545453   102.47440652500114 
   133.73204096875418   130.92027319166783 
   103.56086482297836   130.92027319166783 
   83.446948533635464   74.028539858334469 
   123.67478111232127   102.47440652500114 
   113.61812467941128   159.36187319166783 
   93.503604966545453   187.80773985833449 
   133.73204096875418   216.25360652500115 
   103.56086482297836   216.25360652500115 
   83.446948533635464   159.36187319166783 
   123.67478111232127   187.80773985833449 
   113.61812467941128   244.69520652500117 
   93.503604966545453   17.141073191667807 
   133.73204096875418   45.586939858334496 
   103.56086482297836   45.586939858334496 
   83.446948533635464   244.69520652500117 
   123.67478111232127   17.141073191667807 
    173.9604769709629   74.028539858334469 
   153.84595725809706   102.47440652500114 
   194.07439326030581   130.92027319166783 
   163.90321711452998   130.92027319166783 
   143.78930082518707   74.028539858334469 
   184.01713340387289   102.47440652500114 
    173.9604769709629   159.36187319166783 
   153.84595725809706   187.80773985833449 
   194.07439326030581   216.25360652500115 
   163.90321711452998   216.25360652500115 
   143.78930082518707   159.36187319166783 
   184.01713340387289   187.80773985833449 
    173.9604769709629   244.69520652500117 
   153.84595725809706   17.141073191667807 
   194.07439326030581   45.586939858334496 
   163.90321711452998   45.586939858334496 
   143.78930082518707   244.69520652500117 
   184.01713340387289   17.141073191667807 
   234.30282926251454   74.028539858334469 
   214.18830954964872   102.47440652500114 
   13.047336385650937   130.92027319166783 
   224.24556940608164   130.92027319166783 
   204.13165311673873   74.028539858334469 
   244.35948569542455   102.47440652500114 
   234.30282926251454   159.36187319166783 
   214.18830954964872   187.80773985833449 
   13.047336385650937   216.25360652500115 
   224.24556940608164   216.25360652500115 
   204.13165311673873   159.36187319166783 
   244.35948569542455   187.80773985833449 
   234.30282926251454   244.69520652500117 
   214.18830954964872   17.141073191667807 
   13.047336385650937   45.586939858334496 
   224.24556940608164   45.586939858334496 
   204.13165311673873   244.69520652500117 
   244.35948569542455   17.141073191667807 
