   81.750204778716423   63.268111158548635 
   50.107586389118424   77.845694468114033 
    70.72350058821435   122.59475563521669 
   44.594495583917421    107.5091675623288 
   55.621199774419509    48.18252308566074 
   76.236591393415353   92.931282541001949 
   39.083538112049766   137.16894561482073 
   7.4409197224517483   151.74652892438613 
   28.056833921547682   196.49559009148879 
   1.9278289172507512   181.41000201860089 
   12.954533107752852   122.08335754193286 
   33.569924726748681   166.83211699727406 
   92.774253055785081   3.9448600118419384 
   113.39016725488099   48.693921178944635 
   87.261162250584064   33.608333106056726 
     118.903258060082   19.030448084729851 
   134.00821478731027   93.439287304324452 
   102.36559639771228   108.01687061388984 
   122.98151059680819    152.7659317809925 
   96.852505592511278    137.6803437081046 
   107.87920978301337   78.353699231436536 
   128.49460140200921   123.10245868677775 
   91.341548120643623   167.34012176059656 
   59.698929731045588   181.91770507016196 
   80.314843930141535    226.6667662372646 
   54.185838925844614   211.58117816437672 
   65.212543116346694   152.25453368770863 
   85.827934735342538   197.00329314304989 
   176.67488145397695   19.538452848052351 
   145.03226306437892   34.116036157617749 
   165.64817726347485   78.865097324720438 
   139.51917225917794   63.779509251832536 
   150.54587644968001   4.4528647751644357 
   171.16126806867587   49.201624230505672 
   186.26622479590412   123.61046345010024 
    154.6236064063061   138.18804675966564 
   175.23952060540205   182.93710792676833 
   149.11051560110513    167.8515198538804 
   160.13721979160721   108.52487537721235 
   180.75261141060304   153.27363483255357 
   143.59955812923747   197.51129790637233 
   111.95693973963944   212.08888121593776 
   132.57285393873539    256.8379423830404 
   106.44384893443845    241.7523543101525 
   117.47055312494054   182.42570983348446 
   138.08594474393635   227.17446928882566 
   228.93289146257081   49.709628993828147 
   197.29027307297275   64.287212303393545 
   217.90618727206871   109.03627347049624 
   191.77718226777174   93.950685397608339 
   202.80388645827384   34.624040920940246 
   223.41927807726967   79.372800376281475 
   238.52423480449801   153.78163959587607 
   206.88161641490001   168.35922290544147 
   18.465490579620507   92.423579489440883 
   201.36852560969899   198.02269599965624 
   212.39522980020104   138.69605152298817 
   233.01062141919692   183.44481097832937 
   195.85756813783132   227.68247405214817 
   164.21494974823332   242.26005736171359 
   169.72856313353441   212.59688597926026 
   249.54828308156664   94.458388449169377 
    61.13215724628715   18.522745033168814 
   244.03519227636562   124.12186154338416 
   255.06189646686772   64.795217066716063 
