   86.436127001412871    15.32474552133702 
   59.644660879574914   37.595322001065917 
   91.140014117544979    75.48380465763411 
   61.996895868823451   67.674929657964469 
   57.293008752691321   7.5158705216673569 
   88.787779128296435   45.404197000735564 
   64.350235152664425   97.750416031337508 
   37.558769030826468    120.0209925110664 
   69.054122268796547   157.90947516763461 
   39.911004020075026   150.10060016796496 
    35.20711690394289   89.941541031667853 
   66.701887279548004   127.82986751073607 
   42.264343303915993   180.17608654133801 
   15.472877182078033   202.44666302106694 
   13.121225055194451   172.36721154166835 
   44.615995430799565   210.25553802073659 
   144.72236349885597   30.942495520676307 
   117.93089737701797   53.213072000405219 
   149.42625061498805   91.101554656973406 
   120.28313236626653   83.292679657303765 
   115.57924525013441   23.133620521006662 
   147.07401562573952   61.021947000074867 
   122.63647165010751    113.3681660306768 
   95.845005528269525   135.63874251040571 
    127.3403587662396   173.52722516697389 
   98.197240517518097   165.71835016730427 
   93.493353401385974   105.55929103100716 
    124.9881237769911   143.44761751007536 
   100.55057980135909   195.79383654067729 
   73.759113679521093   218.06441302040622 
    171.5121424637365     8.67588414697296 
   71.407461552637528   187.98496154100764 
   102.90223192824264   225.87328802007588 
   203.00859999629901   46.560245520015606 
   176.21713387446104   68.830821999744515 
   207.71248711243109   106.71930465631272 
    178.5693688637096   98.910429656643061 
   173.86548174757746   38.751370520345958 
   205.36025212318256   76.639696999414156 
   180.92270814755057   128.98591603001609 
    154.1312420257126   151.25649250974499 
   185.62659526368267    189.1449751663132 
   156.48347701496115   181.33610016664355 
   151.77958989882904   121.17704103034646 
   183.27436027443414   159.06536750941467 
   158.83681629880212   211.41158654001663 
   132.04535017696415    233.6821630197455 
   229.79837896117954   24.293634146312247 
   200.65526071245802   16.484759146642602 
    129.6936980500806   203.60271154034695 
    161.1884684256857   241.49103801941519 
   234.50337037190411   84.448571999083811 
   32.853777620101908   59.866054658294814 
   236.85560536115264   114.52817965598236 
   232.15171824502056   54.369120519685254 
   239.20894464499364   144.60366602935542 
   212.41747852315564    166.8742425090843 
   10.767885771353484    142.2917251682953 
   214.76971351240422   196.95385016598283 
   210.06582639627209   136.79479102968574 
   241.56059677187719   174.68311750875398 
   217.12305279624516   227.02933653935591 
   190.33158667440722   249.29991301908484 
   187.97993454752367   219.22046153968626 
