   110.06536982871782   65.878447867037409 
   75.727991322711546   71.769599794487874 
   84.059525999673994   120.32966490490709 
   62.725282750622107   98.995421655855225 
    88.73112657966594   44.544204617985535 
    97.06223457176344   93.103843043539754 
   49.725591167465758   126.21822652828949 
   15.388212661459505   132.10937845573994 
   23.719747338421943   180.66944356615917 
   2.3855040893700532   159.33520031710728 
   28.391347918413867   104.88398327923763 
   36.722455910511385   153.44362170479184 
   170.40514848996986   5.5386692057853777 
   136.06776998396359   11.429821133235826 
   144.39930466092605   59.989886243655036 
   123.06506141187417    38.65564299460317 
   157.40201323301548   32.764064382287714 
   152.73385632682161   108.54693436514118 
   118.39647782081531   114.43808629259165 
   126.72801249777777   162.99815140301087 
   105.39376924872587   141.66390815395897 
   131.39961307776971   87.212691116089289 
   139.73072106986723   135.77232954164353 
    92.39407766556954   168.88671302639324 
   58.056699159563259    174.7778649538437 
   66.388233836525714   223.33793006426291 
   45.053990587473841   202.00368681521104 
   71.059834416517646   147.55246977734137 
    79.39094240861516    196.1121082028956 
   213.07363498807365   48.207155703889143 
   178.73625648206735    54.09830763133958 
   187.06779115902981    102.6583727417588 
   165.73354790997794    81.32412949270693 
   191.73939173902173   26.872912454837245 
   200.07049973111924   75.432550880391474 
   195.40234282492537   151.21542086324493 
   161.06496431891907    157.1065727906954 
   169.39649899588153   205.66663790111463 
   148.06225574682963   184.33239465206273 
   174.06809957587348   129.88117761419306 
   182.39920756797096   178.44081603974729 
    135.0625641636733   211.55519952449703 
   100.72518565766701   217.44635145194746 
    87.72247708557758    244.6721733133148 
   113.72832091462142   190.22095627544513 
   122.05942890671891   238.78059470099936 
   255.74212148617738   90.875642201992889 
   221.40474298017114    96.76679412944334 
   229.73627765713357   145.32685923986256 
   208.40203440808168   123.99261599081068 
   234.40787823712549   69.541398952941009 
   242.73898622922297   118.10103737849522 
   67.396883330614088   23.209961368933691 
   203.73345081702288   199.77505928879918 
   41.391039501570233   77.661178406803344 
   190.73074224493342   227.00088115016652 
   216.73658607397724   172.54966411229682 
   54.393748073659694   50.435356545436036 
   7.0571046693620216   83.549740030185774 
   156.39680741272517   232.88944277354892 
   101.73081816282227    17.32139974555129 
   251.07052090618546   166.66110248891445 
