   189.86039888540384   44.438123671086899 
   155.16829586297263   41.241371948155582 
   150.64767069807868    90.30315281391816 
   135.56208262519075   64.174147809621246 
   174.77481081251591   18.309118666789985 
    170.2538839358605   67.370376952452489 
   115.95956442913173   87.104790337753585 
   81.267461406700519    83.90803861482226 
   76.746836241806577   132.96981948058485 
   61.661248168918668   106.84081447628792 
   100.87397635624382   60.975785333456663 
   96.353049479588421   110.03704361911916 
   42.058729972859638   129.77145700442026 
   7.3666269504283992   126.57470528148895 
   224.54850515435072    47.63648614725151 
   209.46291708146285   21.507481142954589 
   26.973141899971733   103.64245200012334 
   22.452215023316313   152.70371028578586 
   220.03157503117964   96.696133679680756 
   185.33947200874843   93.499381956749403 
   180.81884684385449   142.56116282251202 
   165.73325877096659   116.43215781821507 
   204.94598695829174   70.567128675383842 
   200.42506008163633   119.62838696104635 
   146.13074057490755   139.36280034634743 
   111.43863755247634   136.16604862341609 
   106.91801238758239   185.22782948917867 
   91.832424314694478   159.09882448488176 
   131.04515250201965   113.23379534205051 
   126.52422562536425     162.295053627713 
   72.229906118635455   182.02946701301411 
   37.537803096204215   178.83271529008277 
   254.71968130012652   99.894496155845346 
   239.63409322723862   73.765491151548432 
   57.144318045747553   155.90046200871717 
   52.623391169092145   204.96172029437972 
   250.20275117695545   148.95414368827457 
   215.51064815452423   145.75739196534326 
   210.99002298963032   194.81917283110582 
   195.90443491674242   168.69016782680893 
   235.11716310406752   122.82513868397767 
   230.59623622741216   171.88639696964017 
   176.30191672068338   191.62081035494126 
   141.60981369825214   188.42405863200992 
   137.08918853335823    237.4858394977725 
    122.0036004604703   211.35683449347559 
   161.21632864779545   165.49180535064437 
   156.69540177114007   214.55306363630686 
   102.40108226441126   234.28747702160794 
   67.708979241980032   231.09072529867663 
   87.315494191523371   208.15847201731103 
   245.68182430030006   198.01540197393712 
   120.47649455230285   38.045142805324325 
   105.39090647941497   11.916137801027416 
    140.0827077900847   15.112366943858678 
   85.788388283355928   34.846780329159763 
   171.78098984402797   240.68206864060377 
   46.575660096030752   80.711809471991003 
   31.490072023142869   54.582804467694089 
   191.38750479357125   217.74981535923823 
   66.181873333812618   57.779033610525353 
   11.887553827083838   77.513446995826442 
