   151.34196805824661   65.932079875003922 
   118.65935000895816   53.865277848726549 
   101.59463813650902    100.0852951822572 
   93.785763136839378   70.942176933535677 
   143.53309305857695   36.788961626282394 
   126.46822500862783   83.008396097448085 
   68.916297548246092   88.017971723752368 
   36.233679498957642   75.951169697474981 
   19.168967626508532   122.17118703100564 
   11.360092626838888   93.028068782284123 
   61.107422548576437   58.874853475030832 
   44.042554498627297   105.09428794619653 
   233.76763856824709    43.84618802625549 
   201.08502051895866   31.779385999978125 
   184.02030864650948   77.999403333508781 
   176.21143364683982    48.85628508478726 
   225.95876356857744   14.703069777533956 
   208.89389551862828    60.92250424869966 
   166.95971805758592   124.21831637244699 
   134.27710000829745   112.15151434616962 
   117.21238813584831   158.37153167970027 
   109.40351313617869   129.22841343097875 
   159.15084305791626   95.075198123725471 
   142.08597500796711   141.29463259489117 
   84.534047547585388   146.30420822119544 
   51.851429498296937   134.23740619491807 
   34.786717625847828   180.45742352844869 
   26.977842626178173   151.31430527972719 
   76.725172547915733   117.16108997247392 
   59.660304497966592   163.38052444363962 
   249.38538856758638   102.13242452369857 
   216.70277051829794   90.065622497421188 
   199.63805864584876   136.28563983095185 
   191.82918364617913   107.14252158223033 
   241.57651356791672   72.989306274977025 
   224.51164551796759   119.20874074614274 
    182.5774680569252   182.50455286989006 
   149.89485000763676   170.43775084361269 
   132.83013813518761   216.65776817714337 
   125.02126313551797   187.51464992842182 
   174.76859305725554   153.36143462116851 
   157.70372500730642   199.58086909233421 
   100.15179754692467   204.59044471863848 
   67.469179497636233   192.52364269236114 
   50.404467625187124   238.74366002589176 
   42.595592625517469   209.60054177717024 
   92.342922547255029   175.44732646991696 
   75.278054497305888   221.66676094108269 
   232.32052051763722   148.35185899486424 
    215.2558086451881   194.57187632839489 
   207.44693364551841   165.42875807967337 
   240.12939551730688   177.49497724358579 
    135.7242180589073   7.6458433775609143 
   165.51260000697607   228.72398734105576 
   85.976888137169738   41.799058684814163 
   140.63901313485729   245.80088642586492 
   190.38634305659482   211.64767111861161 
   110.85047500928853    24.72215960000506 
   53.298547548906811   29.731735226309361 
   83.086929496975543   250.80987918980424 
   3.5512176271692457   63.884950533562595 
   107.96067254659434   233.73356296736003 
   28.424804499288001   46.808051448753496 
    247.9382705169765   206.63809549230734 
    168.4025586471702   19.713166836065735 
   223.06468364485775   223.71499457711644 
   193.27614551928897   2.6362677512566361 
