   220.79192245064695   87.214428685323753 
   192.34605578398029   67.099908972457939 
   163.90018911731363   107.32834497466666 
   163.90018911731363   77.157168828890846 
   220.79192245064695   57.043252539547929 
   192.34605578398029   97.271085118233742 
   135.45858911731361   87.214428685323753 
   107.01272245064695   67.099908972457939 
   78.566855783980287   107.32834497466666 
   78.566855783980287   77.157168828890846 
   135.45858911731361   57.043252539547943 
   107.01272245064695   97.271085118233742 
   50.125255783980279   87.214428685323753 
   21.679389117313594   67.099908972457953 
   249.23352245064692   107.32834497466666 
   249.23352245064692   77.157168828890832 
   50.125255783980279   57.043252539547943 
   21.679389117313594   97.271085118233742 
   220.79192245064695   147.55678097687539 
   192.34605578398029   127.44226126400956 
   163.90018911731363   167.67069726621827 
   163.90018911731363   137.49952112044247 
   220.79192245064695   117.38560483109958 
   192.34605578398029   157.61343740978538 
   135.45858911731361   147.55678097687539 
   107.01272245064695   127.44226126400956 
   78.566855783980287   167.67069726621827 
   78.566855783980287   137.49952112044247 
   135.45858911731361   117.38560483109958 
   107.01272245064695   157.61343740978538 
   50.125255783980279   147.55678097687539 
   21.679389117313594   127.44226126400956 
   249.23352245064692   167.67069726621827 
   249.23352245064692   137.49952112044247 
   50.125255783980279   117.38560483109958 
   21.679389117313594   157.61343740978538 
   220.79192245064695   207.89913326842699 
   192.34605578398029   187.78461355556118 
   163.90018911731363   228.01304955776993 
   163.90018911731363    197.8418734119941 
   220.79192245064695   177.72795712265119 
   192.34605578398029   217.95578970133701 
   135.45858911731361   207.89913326842702 
   107.01272245064695   187.78461355556118 
   78.566855783980287   228.01304955776993 
   78.566855783980287    197.8418734119941 
   135.45858911731361   177.72795712265119 
   107.01272245064695   217.95578970133701 
   50.125255783980279   207.89913326842702 
   21.679389117313594   187.78461355556118 
   249.23352245064692   228.01304955776993 
   249.23352245064692   197.84187341199407 
   50.125255783980279   177.72795712265119 
   21.679389117313594   217.95578970133701 
   220.79192245064695   26.872076393772154 
   192.34605578398029   248.12696584711284 
   163.90018911731363   46.985992683115029 
   163.90018911731363    16.81481653733924 
   220.79192245064695   238.07030941420285 
   192.34605578398026    36.92873282668215 
   135.45858911731361   26.872076393772154 
   107.01272245064695   248.12696584711284 
   78.566855783980287   46.985992683115029 
   78.566855783980273    16.81481653733924 
   135.45858911731361   238.07030941420285 
   107.01272245064695    36.92873282668215 
   50.125255783980272   26.872076393772154 
   21.679389117313594   248.12696584711284 
   249.23352245064692   46.985992683115015 
   249.23352245064692    16.81481653733924 
   50.125255783980293   238.07030941420285 
   21.679389117313594   36.928732826682165 
