   18.986118903329547   28.376147545733833 
    50.98611890332954   60.376147545733829 
   18.986118903329547   92.376147545733829 
    50.98611890332954   124.37614754573383 
   18.986118903329547   156.37614754573383 
    50.98611890332954   188.37614754573383 
   18.986118903329547   220.37614754573383 
    50.98611890332954   252.37614754573383 
    82.98611890332954   28.376147545733833 
   114.98611890332954   60.376147545733829 
    82.98611890332954   92.376147545733829 
   114.98611890332954   124.37614754573383 
    82.98611890332954   156.37614754573383 
   114.98611890332954   188.37614754573383 
    82.98611890332954   220.37614754573383 
   114.98611890332954   252.37614754573383 
   146.98611890332955   28.376147545733833 
   178.98611890332955   60.376147545733829 
   146.98611890332955   92.376147545733829 
   178.98611890332955   124.37614754573383 
   146.98611890332955   156.37614754573383 
   178.98611890332955   188.37614754573383 
   146.98611890332955   220.37614754573383 
   178.98611890332955   252.37614754573383 
   210.98611890332953   28.376147545733833 
   242.98611890332953   60.376147545733829 
   210.98611890332953   92.376147545733829 
   242.98611890332953   124.37614754573383 
   210.98611890332953   156.37614754573383 
   242.98611890332953   188.37614754573383 
   210.98611890332953   220.37614754573383 
   242.98611890332953   252.37614754573383 
