   85.395309417089962   2.7280023816542522 
   108.02272641505948   41.919838266185096 
   68.830890530528634   64.547255264154614 
   91.458307528498153   103.73909114868545 
   52.266471643967307   126.36650814665499 
   74.893888641936826   165.55834403118584 
    35.70205275740598   188.18576102915534 
   58.329469755375499   227.37759691368623 
   147.21456229959031    19.29242126821557 
   169.84197929755987   58.484257152746423 
   130.65014341302899   81.111674150715942 
   153.27756041099852   120.30351003524679 
   114.08572452646767   142.93092703321631 
   136.71314152443719   182.12276291774717 
   97.521305639906345   204.75017991571667 
   120.14872263787586   243.94201580024753 
   209.03381518209068   35.856840154776897 
   231.66123218006024   75.048676039307765 
   192.46939629552938   97.676093037277283 
   215.09681329349891    136.8679289218081 
   175.90497740896805   159.49534591977763 
   198.53239440693758   198.68718180430849 
   159.34055852240672     221.314598802278 
   46.203473532559101   25.355419379623765 
   254.28864917802971    114.2405119238386 
   29.639054645997785   87.174672262124133 
   237.72423029146839   176.05976480633896 
   13.074635759436443   148.99392514462451 
   221.15981140490709   237.87901768883933 
