   99.818330253127328   24.314627890363354 
   111.53114317422937   68.027440811465382 
   67.818330253127328   79.740253732567453 
   79.531143174229385   123.45306665366947 
   35.818330253127343   135.16587957477151 
   47.531143174229378   178.87869249587357 
   3.8183302531273347   190.59150541697559 
   143.53114317422938    12.60181496926133 
   155.24395609533141    56.31462789036334 
   166.95676901643344    100.0274408114654 
    123.2439560953314   111.74025373256744 
   134.95676901643347   155.45306665366945 
   91.243956095331413   167.16587957477148 
   102.95676901643347   210.87869249587354 
    59.24395609533142   222.59150541697559 
   198.95676901643347   44.601814969261326 
    210.6695819375355    88.31462789036334 
   222.38239485863753    132.0274408114654 
    178.6695819375355   143.74025373256745 
   190.38239485863755   187.45306665366945 
    146.6695819375355   199.16587957477151 
   158.38239485863755   242.87869249587354 
    114.6695819375355   254.59150541697556 
   254.38239485863753   76.601814969261312 
   56.105517332025293   36.027440811465397 
   234.09520777973955   175.74025373256742 
   24.105517332025304   91.453066653669467 
   202.09520777973955   231.16587957477148 
