   189.79577910401119   42.655219506991465 
   146.08296618290916   30.942406585889437 
   134.37015326180713   74.655219506991457 
   90.657340340705076   62.942406585889444 
   78.944527419603048   106.65521950699147 
    35.23171449850102   94.942406585889444 
   23.518901577398982   138.65521950699147 
   233.50859202511324   54.368032428093493 
   221.79577910401119   98.080845349195542 
   178.08296618290916   86.368032428093514 
   166.37015326180713   130.08084534919556 
   122.65734034070509   118.36803242809351 
   110.94452741960305   162.08084534919556 
   67.231714498501034   150.36803242809353 
   55.518901577398992   194.08084534919553 
   253.79577910401125   153.50647119139964 
   210.08296618290916   141.79365827029758 
   198.37015326180716   185.50647119139961 
    154.6573403407051   173.79365827029758 
   142.94452741960308   217.50647119139961 
   99.231714498501049   205.79365827029761 
   87.518901577399021   249.50647119139961 
   242.08296618290919   197.21928411250161 
    102.3701532618071   19.229593664787387 
    186.6573403407051   229.21928411250164 
    46.94452741960302   51.229593664787394 
