   137.23074419973969   12.879401899403033 
   137.23074419973969   58.134235895342073 
   91.975910203800652   58.134235895342073 
   91.975910203800652   103.38906989128111 
   46.721076207861593   103.38906989128112 
   46.721076207861607   148.64390388722018 
   1.4662422119225793   148.64390388722018 
   182.48557819567873   12.879401899403033 
   182.48557819567873   58.134235895342059 
   182.48557819567873    103.3890698912811 
   137.23074419973969    103.3890698912811 
   137.23074419973969   148.64390388722015 
   91.975910203800638   148.64390388722015 
   91.975910203800638   193.89873788315919 
   46.721076207861607   193.89873788315919 
   227.74041219161774   58.134235895342059 
   227.74041219161774   103.38906989128111 
   227.74041219161779   148.64390388722018 
   182.48557819567873   148.64390388722015 
   182.48557819567873   193.89873788315919 
   137.23074419973969   193.89873788315919 
   137.23074419973969   239.15357187909822 
   91.975910203800666   239.15357187909822 
   91.975910203800609   12.879401899403009 
   227.74041219161779   193.89873788315919 
   46.721076207861579   58.134235895342051 
   182.48557819567873   239.15357187909822 
   1.4662422119225298   103.38906989128111 
