   180.14388119755202   4.3533636159029019 
   157.51646419958251   43.545199500433753 
   118.32462831505165   20.917782502464217 
   95.697211317082107   60.109618386995081 
   56.505375432551261   37.482201389025555 
   33.877958434581736   76.674037273556408 
   219.33571708208288   26.980780613872426 
   196.70830008411335   66.172616498403272 
   174.08088308614381    105.3644523829341 
   134.88904720161298   82.737035384964599 
   112.26163020364345   121.92887126949545 
   73.069794319112589   99.301454271525927 
   50.442377321143063   138.49329015605679 
   11.250541436612258   115.86587315808724 
   235.90013596864421   88.800033496372777 
   213.27271897067467   127.99186938090364 
   190.64530197270514    167.1837052654345 
   151.45346608817431   144.55628826746496 
   128.82604909020478   183.74812415199582 
   89.634213205673916   161.12070715402629 
   67.006796207704383   200.31254303855715 
   27.814960323173572   177.68512604058762 
   252.46455485520556   150.61928637887317 
   229.83713785723597     189.811122263404 
   207.20972085926647   229.00295814793489 
   168.01788497473564   206.37554114996533 
    145.3904679767661   245.56737703449622 
   106.19863209223523   222.93996003652666 
     44.3793792097349   239.50437892308798 
