   246.09360636493872   22.561905720937737 
   214.09360636493875   54.561905720937744 
   182.09360636493872   22.561905720937752 
   150.09360636493872   54.561905720937744 
   118.09360636493875   22.561905720937752 
   86.093606364938736   54.561905720937744 
   54.093606364938744   22.561905720937752 
   22.093606364938726   54.561905720937759 
   246.09360636493872   86.561905720937744 
   214.09360636493875   118.56190572093774 
   182.09360636493872   86.561905720937744 
   150.09360636493875   118.56190572093774 
   118.09360636493875   86.561905720937744 
   86.093606364938736   118.56190572093774 
   54.093606364938758   86.561905720937744 
   22.093606364938726   118.56190572093774 
   246.09360636493872   150.56190572093774 
   214.09360636493875   182.56190572093774 
   182.09360636493872   150.56190572093774 
   150.09360636493875   182.56190572093774 
   118.09360636493875   150.56190572093774 
   86.093606364938736   182.56190572093774 
   54.093606364938758   150.56190572093774 
   22.093606364938726   182.56190572093774 
   246.09360636493872   214.56190572093772 
   214.09360636493875   246.56190572093772 
   182.09360636493872   214.56190572093774 
   150.09360636493875   246.56190572093772 
   118.09360636493875   214.56190572093774 
   86.093606364938736   246.56190572093772 
   54.093606364938758   214.56190572093774 
   22.093606364938736   246.56190572093772 
