   12.238794631439713   95.347778384643917 
   30.524508917153995    66.95826455275089 
   12.238794631439713   152.12680604842993 
   30.524508917153995   123.73729221653691 
   12.238794631439713   208.90583371221595 
   30.524508917153995   180.51631988032295 
   12.238794631439713   38.568750720857899 
   30.524508917153995   237.29534754410901 
   48.810223202868279   95.347778384643917 
   67.095937488582564    66.95826455275089 
   48.810223202868279   152.12680604842993 
   67.095937488582564   123.73729221653691 
   48.810223202868279   208.90583371221595 
   67.095937488582564   180.51631988032295 
   48.810223202868279   38.568750720857899 
   67.095937488582564   237.29534754410901 
   85.381651774296841   95.347778384643917 
   103.66736606001112    66.95826455275089 
   85.381651774296841   152.12680604842993 
   103.66736606001112   123.73729221653691 
   85.381651774296841   208.90583371221595 
   103.66736606001112   180.51631988032295 
   85.381651774296841   38.568750720857899 
   103.66736606001112   237.29534754410901 
   121.95308034572543   95.347778384643917 
    140.2387946314397    66.95826455275089 
   121.95308034572543   152.12680604842993 
    140.2387946314397   123.73729221653691 
   121.95308034572543   208.90583371221595 
    140.2387946314397   180.51631988032295 
   121.95308034572543   38.568750720857899 
    140.2387946314397   237.29534754410901 
   158.52450891715401   95.347778384643917 
   176.81022320286829    66.95826455275089 
   158.52450891715401   152.12680604842993 
   176.81022320286829   123.73729221653691 
   158.52450891715401   208.90583371221595 
   176.81022320286829   180.51631988032295 
   158.52450891715401   38.568750720857899 
   176.81022320286829   237.29534754410901 
   195.09593748858256   95.347778384643917 
   213.38165177429684    66.95826455275089 
   195.09593748858256   152.12680604842993 
   213.38165177429684   123.73729221653691 
   195.09593748858256   208.90583371221595 
   213.38165177429684   180.51631988032295 
   195.09593748858256   38.568750720857899 
   213.38165177429684   237.29534754410901 
   231.66736606001115   95.347778384643917 
   249.95308034572545    66.95826455275089 
   231.66736606001115   152.12680604842993 
   249.95308034572545   123.73729221653691 
   231.66736606001115   208.90583371221595 
   249.95308034572545   180.51631988032295 
   231.66736606001115   38.568750720857899 
   249.95308034572545   237.29534754410901 
