   18.230979782525484   80.899986421406425 
   43.241370324135247   58.210512925836341 
    3.535486060734764   135.74431563343884 
   28.545876602344524   113.05484213786873 
   13.850382880553827   167.89917134990111 
   32.926473504316185   26.055657209374044 
   57.936864045925958   3.3661837138039434 
   53.556267143954251    90.36536864229862 
    78.56665768556401   67.675895146728521 
   38.860773422163547   145.20969785433101 
   63.871163963773306    122.5202243587609 
   24.165279700372846    200.0540270663634 
   49.175670241982594    177.3645535707933 
    68.25176086574497   35.521039430266242 
   93.262151407354722    12.83156593469613 
    88.88155450538305   99.830750863190801 
   113.89194504699279   77.141277367620702 
   74.186060783592339   154.67508007522321 
   99.196451325202091   131.98560657965308 
   59.490567061801634    209.5194092872556 
   84.500957603411365    186.8299357916855 
   103.57704822717376    44.98642165115843 
    128.5874387687835   22.296948155588318 
   124.20684186681183   109.29613308408298 
   149.21723240842155   86.606659588512883 
   109.51134814502113    164.1404622961154 
   134.52173868663087   141.45098880054528 
   94.815854423230405   218.98479150814777 
   119.82624496484014   196.29531801257767 
   138.90233558860254   54.451803872050611 
   163.91272613021229   31.762330376480502 
   159.53212922824059   118.76151530497518 
   184.54251976985037   96.072041809405079 
   144.83663550644991   173.60584451700757 
   169.84702604805963   150.91637102143747 
   130.14114178465917   228.45017372903996 
   155.15153232626892   205.76070023346989 
   174.22762295003133   63.917186092942799 
   199.23801349164108   41.227712597372694 
   194.85741658966938   128.22689752586734 
   219.86780713127911   105.53742403029726 
   180.16192286787867   183.07122673789976 
   205.17231340948845   160.38175324232964 
   165.46642914608796   237.91555594993216 
   190.47681968769771   215.22608245436209 
   209.55291031146007    73.38256831383498 
   234.56330085306985   50.693094818264875 
    230.1827039510982   137.69227974675954 
   255.19309449270796   115.00280625118945 
   215.48721022930749   192.53660895879196 
   240.49760077091724   169.84713546322183 
   200.79171650751675   247.38093817082435 
   225.80210704912653   224.69146467525425 
   244.87819767288892   82.847950534727161 
