   67.630411416020436   27.060247599130328 
   100.63478173140956   19.915782424277804 
   27.481575925778763   67.209083089372015 
   60.485946241167909   60.064617914519467 
   20.337110750926236   100.21345340476115 
   93.490316556557048   52.920152739666939 
   126.49468687194619   45.775687564814397 
   53.341481066315374   93.068988229908612 
    86.34585138170452   85.924523055056056 
   13.192645576073712   133.21782372015028 
    46.19701589146284   126.07335854529775 
   133.63915204679873   12.771317249425257 
   6.0481804012211651   166.22219403553945 
   119.35022169709366   78.780057880203529 
   152.35459201248278   71.635592705350973 
   79.201386206851964   118.92889337044519 
    112.2057565222411   111.78442819559265 
   39.052550716610305   159.07772886068688 
   72.056921031999423   151.93326368583433 
   159.49905718733532   38.631222389961849 
   31.908085541757757   192.08209917607601 
   145.21012683763024   104.63996302074013 
   178.21449715301935    97.49549784588757 
   105.06129134738859   144.78879851098182 
    138.0656616627777   137.64433333612925 
   64.912455857146909   184.93763400122347 
    97.91682617253602   177.79316882637093 
   185.35896232787192    64.49112753049846 
   57.767990682294354   217.94200431661258 
   171.07003197816684   130.49986816127671 
   204.07440229355595   123.35540298642415 
   130.92119648792519   170.64870365151842 
    163.9255668033143   163.50423847666585 
   90.772360997683506   210.79753914176007 
    123.7767313130726   203.65307396690753 
   211.21886746840852   90.351032671035028 
   83.627895822830936   243.80190945714918 
   196.92993711870344   156.35977330181331 
   229.93430743409255   149.21530812696074 
   156.78110162846176   196.50860879205499 
   189.78547194385089   189.36414361720244 
    116.6322661382201   236.65744428229669 
   149.63663645360921    229.5129791074441 
   237.07877260894509   116.21093781157163 
   222.78984225924006   182.21967844234987 
   255.79421257462917   175.07521326749736 
   182.64100676899835   222.36851393259158 
   215.64537708438749   215.22404875773904 
   175.49654159414584   255.37288424798072 
