   49.260130608967884   69.457749173586222 
   79.290780622686981   54.014566136934313 
   20.870616777074861   118.62982953260435 
   50.901266790793962   103.18664649595242 
   22.511752958900956   152.35872685497054 
   77.649644440860897   20.285668814568091 
   107.68029445457999   4.8424857779161847 
   80.931916804513079   87.743463459300514 
   110.96256681823216   72.300280422648598 
    52.54240297262006   136.91554381831864 
   82.573052986339164   121.47236078166669 
   24.152889140727069   186.08762417733669 
   54.183539154446137   170.64444114068485 
   109.32143063640609   38.571383100282382 
   139.35208065012517   23.128200063630469 
   112.60370300005825   106.02917774501479 
   142.63435301377734   90.585994708362875 
   84.214189168165234   155.20125810403292 
   114.24483918188434   139.75807506738099 
   55.824675336272243     204.373338463051 
   85.855325349991318    188.9301554263991 
   140.99321683195126   56.857097385996667 
    171.0238668456704   41.413914349344751 
   144.27548919560346   124.31489203072908 
   174.30613920932254   108.87170899407715 
   115.88597536371044   173.48697238974719 
   145.91662537742951   158.04378935309526 
   87.496461531817445   222.65905274876528 
   117.52711154553651    207.2158697121134 
   172.66500302749648   75.142811671710959 
   202.69565304121554   59.699628635059021 
   175.94727539114865   142.60060631644336 
    205.9779254048677   127.15742327979143 
   147.55776155925562   191.77268667546147 
   177.58841157297471   176.32950363880954 
   119.16824772736263   240.94476703447958 
   149.19889774108171   225.50158399782765 
   204.33678922304165   93.428525957425251 
   234.36743923676076   77.985342920773306 
   207.61906158669382   160.88632060215764 
    237.6497116004129   145.44313756550571 
   179.22954775480082   210.05840096117575 
   209.26019776851987   194.61521792452382 
   180.87068393662685   243.78729828354196 
   236.00857541858684   111.71424024313953 
   239.29084778223898   179.17203488787192 
   47.618994427141814   35.728851851220043 
   210.90133395034596   228.34411524689006 
   19.229480595248813   84.900932210238153 
