   141.86225148237139   2.5013327248815269 
   174.01710719883368   12.816229544700567 
   87.017922270339014   17.196826446672247 
   119.17277798680129   27.511723266491288 
   32.173593058306622   31.892320168462948 
   64.328448774768901   42.207216988281999 
   9.4841195627365469   56.902710710072697 
   151.32763370326359   37.826620086310321 
   183.48248941972585   48.141516906129368 
   96.483304491231181   52.522113808101025 
   128.63816020769349    62.83701062792008 
    41.63897527919881   67.217607529891737 
   73.793830995661082   77.532504349710791 
   206.17196291529598   23.131126364519609 
   18.949501783628733   92.227998071501489 
   160.79301592415575   73.151907447739106 
   192.94787164061805   83.466804267558146 
   105.94868671212338   87.847401169529817 
   138.10354242858565   98.162297989348872 
   51.104357500090998   102.54289489132053 
   83.259213216553277   112.85779171113957 
   215.63734513618817   58.456413725948401 
   28.414884004520921   127.55328543293027 
   170.25839814504795   108.47719480916788 
   202.41325386151024   118.79209162898692 
   115.41406893301557   123.17268853095861 
   147.56892464947785   133.48758535077764 
   60.569739720983186   137.86818225274931 
   92.724595437445444   148.18307907256835 
   225.10272735708037   93.781701087377186 
   37.880266225413095   162.87857279435906 
   179.72378036594014   143.80248217059668 
   211.87863608240244   154.11737899041572 
   124.87945115390775   158.49797589238739 
   157.03430687037005    168.8128727122064 
   70.035121941875374    173.1934696141781 
   102.18997765833764   183.50836643399714 
   234.56810957797254   129.10698844880596 
   47.345648446305283   198.20386015578782 
   189.18916258683234   179.12776953202544 
    221.3440183032946   189.44266635184448 
   134.34483337479995   193.82326325381618 
   166.49968909126224   204.13816007363522 
   79.500504162767555   208.51875697560683 
   111.65535987922982   218.83365379542587 
   244.03349179886473   164.43227581023473 
   56.811030667197471   233.52914751721661 
   198.65454480772453   214.45305689345426 
    230.8094005241868    224.7679537132733 
   143.81021559569214   229.14855061524497 
   175.96507131215441   239.46344743506401 
    88.96588638365975   243.84404433703565 
   121.12074210012203   254.15894115685472 
   253.49887401975693   199.75756317166352 
