   83.155272211611816   9.2036851343441253 
   116.88416953397802   10.844821316170218 
   33.983191852593713   37.593198966237146 
   67.712089174959914   39.234335148063224 
    18.54000881594181   67.623848979956264 
   101.44098649732609   40.875471329889301 
    135.1698838196923   42.516607511715392 
   52.268906138307997    69.26498516178232 
   85.997803460674206   70.906121343608405 
   3.0968257792899041   97.654498993675332 
   36.825723101656095   99.295635175501417 
    150.6130668563442   12.485957497996289 
   184.34196417871041   14.127093679822361 
    119.7267007830404   72.547257525434489 
   153.45559810540658   74.188393707260559 
   70.554620424022289   100.93677135732749 
    104.2835177463885   102.57790753915359 
   21.382540065004186    129.3262851892205 
   55.111437387370373   130.96742137104661 
   168.89878114205848   44.157743693541462 
   202.62767846442469   45.798879875367533 
   138.01241506875468   104.21904372097968 
   171.74131239112086   105.86017990280575 
   88.840334709736581    132.6085575528727 
   122.56923203210279   134.24969373469878 
   39.668254350718492   160.99807138476572 
   73.397151673084664   162.63920756659181 
   187.18449542777279   75.829529889086658 
     220.913392750139   77.470666070912728 
   156.29812935446898   135.89082991652486 
   190.02702667683516   137.53196609835095 
   107.12604899545087   164.28034374841789 
   140.85494631781708   165.92147993024395 
   57.953968636432776   192.66985758031089 
   91.682865958798956   194.31099376213697 
   205.47020971348707   107.50131608463184 
    239.1991070358533   109.14245226645791 
   174.58384364018326   167.56261611207006 
   208.31274096254944   169.20375229389609 
   125.41176328116515   195.95212994396306 
   159.14066060353136   197.59326612578911 
   76.239682922147054   224.34164377585606 
   109.96858024451325   225.98277995768214 
   223.75592399920137   139.17310228017701 
   192.86955792589754    199.2344023076152 
   226.59845524826375   200.87553848944131 
   143.69747756687946   227.62391613950822 
   177.42637488924566   229.26505232133434 
   94.525397207861346   256.01342997140125 
   242.04163828491568    170.8448884757222 
