   168.65021709322835   35.580086740411012 
   197.03973092512138    53.86580102612529 
   111.87118942944234   35.580086740411012 
   140.26070326133535    53.86580102612529 
   55.092161765656314   35.580086740411012 
   83.481675597549327    53.86580102612529 
   225.42924475701435   35.580086740410998 
   26.702647933763323   53.865801026125304 
   168.65021709322835   72.151515311839574 
   197.03973092512138   90.437229597553852 
   111.87118942944234   72.151515311839574 
   140.26070326133535   90.437229597553866 
   55.092161765656321   72.151515311839574 
   83.481675597549327    90.43722959755388 
    225.4292447570144    72.15151531183956 
   26.702647933763323    90.43722959755388 
   168.65021709322835   108.72294388326816 
   197.03973092512138   127.00865816898242 
   111.87118942944234   108.72294388326816 
   140.26070326133535   127.00865816898242 
   55.092161765656321   108.72294388326816 
   83.481675597549327   127.00865816898242 
    225.4292447570144   108.72294388326816 
   26.702647933763323   127.00865816898242 
   168.65021709322835   145.29437245469671 
   197.03973092512138   163.58008674041102 
   111.87118942944234   145.29437245469671 
   140.26070326133535   163.58008674041102 
   55.092161765656321   145.29437245469671 
   83.481675597549327   163.58008674041102 
    225.4292447570144   145.29437245469671 
   26.702647933763323   163.58008674041102 
   168.65021709322838    181.8658010261253 
   197.03973092512138   200.15151531183955 
   111.87118942944234    181.8658010261253 
   140.26070326133535   200.15151531183955 
   55.092161765656321    181.8658010261253 
   83.481675597549327   200.15151531183955 
    225.4292447570144    181.8658010261253 
   26.702647933763323   200.15151531183955 
   168.65021709322838   218.43722959755385 
   197.03973092512138   236.72294388326816 
   111.87118942944234   218.43722959755385 
   140.26070326133535   236.72294388326816 
   55.092161765656321   218.43722959755385 
   83.481675597549327   236.72294388326816 
    225.4292447570144   218.43722959755385 
   26.702647933763323   236.72294388326816 
   168.65021709322838   255.00865816898246 
   197.03973092512138    17.29437245469677 
   111.87118942944234   255.00865816898246 
   140.26070326133535    17.29437245469677 
   55.092161765656336   255.00865816898246 
   83.481675597549327    17.29437245469677 
    225.4292447570144   255.00865816898246 
   26.702647933763323    17.29437245469677 
