   28.587199704622133   68.407958694862785 
   28.587199704622133   108.55679353288721 
   46.872913990336414   108.55679353288721 
   46.872913990336414   68.407958694862785 
   28.587199704622133   148.70562837091163 
   28.587199704622133   188.85446320893607 
   46.872913990336414   188.85446320893607 
   46.872913990336414   148.70562837091163 
   28.587199704622133   229.00329804696048 
   28.587199704622133   28.259123856838389 
   46.872913990336414   28.259123856838389 
   46.872913990336414   229.00329804696048 
   65.158628276050692   68.407958694862785 
   65.158628276050692   108.55679353288721 
   83.444342561764984   108.55679353288721 
   83.444342561764984   68.407958694862785 
   65.158628276050692   148.70562837091163 
   65.158628276050692   188.85446320893607 
   83.444342561764984   188.85446320893607 
   83.444342561764984   148.70562837091163 
   65.158628276050692   229.00329804696048 
   65.158628276050692   28.259123856838389 
   83.444342561764984   28.259123856838389 
   83.444342561764984   229.00329804696048 
   101.73005684747926   68.407958694862785 
   101.73005684747926   108.55679353288721 
   120.01577113319355   108.55679353288721 
   120.01577113319355   68.407958694862785 
   101.73005684747926   148.70562837091163 
   101.73005684747926   188.85446320893607 
   120.01577113319355   188.85446320893607 
   120.01577113319355   148.70562837091163 
   101.73005684747926   229.00329804696048 
   101.73005684747926   28.259123856838389 
   120.01577113319355   28.259123856838389 
   120.01577113319355   229.00329804696048 
   138.30148541890784   68.407958694862785 
   138.30148541890784   108.55679353288721 
   156.58719970462212   108.55679353288721 
   156.58719970462212   68.407958694862785 
   138.30148541890784   148.70562837091163 
   138.30148541890784   188.85446320893607 
   156.58719970462212   188.85446320893607 
   156.58719970462212   148.70562837091163 
   138.30148541890784   229.00329804696048 
   138.30148541890784   28.259123856838389 
   156.58719970462212   28.259123856838389 
   156.58719970462212   229.00329804696048 
   174.87291399033643   68.407958694862785 
   174.87291399033643   108.55679353288721 
   193.15862827605071   108.55679353288721 
   193.15862827605071   68.407958694862785 
   174.87291399033643   148.70562837091163 
   174.87291399033643   188.85446320893607 
   193.15862827605071   188.85446320893607 
   193.15862827605071   148.70562837091163 
   174.87291399033643   229.00329804696048 
   174.87291399033643   28.259123856838389 
   193.15862827605071   28.259123856838389 
   193.15862827605071   229.00329804696048 
   211.44434256176496   68.407958694862785 
   211.44434256176496   108.55679353288721 
   229.73005684747926   108.55679353288721 
   229.73005684747926   68.407958694862785 
   211.44434256176496   148.70562837091163 
   211.44434256176496   188.85446320893607 
   229.73005684747926   188.85446320893607 
   229.73005684747926   148.70562837091163 
   211.44434256176496   229.00329804696048 
   211.44434256176496   28.259123856838389 
   229.73005684747926   28.259123856838389 
   229.73005684747926   229.00329804696048 
   248.01577113319357   68.407958694862785 
   248.01577113319357   108.55679353288721 
   10.301485418907873   108.55679353288721 
   10.301485418907873   68.407958694862785 
   248.01577113319357   148.70562837091163 
   248.01577113319357   188.85446320893607 
   10.301485418907873   188.85446320893607 
   10.301485418907873   148.70562837091163 
   248.01577113319357   229.00329804696048 
   248.01577113319357   28.259123856838389 
   10.301485418907873   28.259123856838389 
   10.301485418907873   229.00329804696048 
