   72.302919661620848   17.843070179409384 
   52.228502242608641   52.612981081484222 
   68.064395340381225    61.75583822434136 
   88.138812759393431   26.985927322266512 
   32.154084823596421   87.382891983559077 
   12.079667404584221   122.15280288563389 
   27.915560502356804   131.29566002849106 
   47.989977921369004   96.525749126416216 
   7.8411430833445763   166.06557093056591 
   103.97470585716604   36.128784465123665 
   83.900288438153822   70.898695367198499 
    99.73618153592642   80.041552510055638 
   119.81059895493863   45.271641607980804 
   63.825871019141609   105.66860626927335 
   43.751453600129409   140.43851717134817 
   59.587346697901999   149.58137431420533 
   79.661764116914199   114.81146341213049 
   23.677036181117181   175.20842807342305 
   124.04912327617825   1.3588735630488293 
   139.88501637395083    10.50173070590596 
   39.512929278889771   184.35128521628019 
   135.64649205271124    54.41449875083795 
     115.572074633699   89.184409652912791 
   131.40796773147162   98.327266795769944 
   151.48238515048382   63.557355893695089 
   95.497657214686797   123.95432055498762 
    75.42323979567459   158.72423145706244 
   91.259132893447187   167.86708859991961 
   111.33355031245939   133.09717769784478 
   55.348822376662362   193.49414235913733 
   155.72090947172342   19.644587848763113 
     171.556802569496   28.787444991620266 
   71.184715474434967    202.6369995019945 
   167.31827824825641   72.700213036552228 
    147.2438608292442   107.47012393862707 
   163.07975392701678   116.61298108148419 
   183.15417134602899   81.843070179409366 
   127.16944341023198   142.24003484070192 
   107.09502599121977   177.00994574277675 
   122.93091908899238   186.15280288563386 
   143.00533650800458   151.38289198355906 
   87.020608572207564   211.77985664485161 
   187.39269566726861   37.930302134477394 
   203.22858876504122   47.073159277334533 
   102.85650166998015   220.92271378770874 
   198.99006444380157   90.985927322266519 
   178.91564702478939   125.75583822434135 
   194.75154012256198   134.89869536719848 
   214.82595754157421   100.12878446512364 
   158.84122960577716   160.52574912641617 
   138.76681218676495   195.29566002849103 
   154.60270528453756   204.43851717134817 
   174.67712270354974   169.66860626927334 
   118.69239476775273   230.06557093056591 
   219.06448186281381   56.216016420191679 
   234.90037496058639   65.358873563048803 
   134.52828786552533   239.20842807342302 
   230.66185063934677    109.2716416079808 
   210.58743322033459   144.04155251005562 
   226.42332631810717   153.18440965291276 
   246.49774373711935   118.41449875083792 
   190.51301580132238   178.81146341213048 
   170.43859838231018   213.58137431420533 
   186.27449148008273   222.72423145706244 
   206.34890889909497   187.95432055498762 
   150.36418096329794   248.35128521628016 
     250.736268058359   74.501730705905956 
   242.25921941587976    162.3272667957699 
   36.392609144836058    43.47012393862709 
   56.467026563848265   8.7002130365522525 
   222.18480199686758   197.09717769784476 
   202.11038457785534   231.86708859991958 
   16.318191725823844   78.240034840701938 
