    39.47668667827265   21.783065612009356 
   29.085403583516346   60.563862077471441 
   46.748047264230756   65.296553187917539 
   57.139330358987067    26.51575672245545 
   18.694120488760042    99.34465854293353 
   8.3028373940037596   138.12545500839556 
   25.965481074718159   142.85814611884166 
   36.356764169474452   104.07734965337961 
   5.1829148852055491   220.41973904976587 
   15.574197979961854   181.63894258430378 
   74.801974039701463   31.248447832901554 
   64.410690944945159   70.029244298363622 
   82.073334625659541    74.76193540880972 
   92.464617720415831   35.981138943347645 
   54.019407850188855   108.81004076382571 
   43.628124755432559   147.59083722928776 
   61.290768436146941   152.32352833973385 
   71.682051530903237   113.54273187427181 
   33.236841660676269   186.37163369474985 
   22.845558565919951   225.15243016021196 
    40.50820224663434   229.88512127065803 
   50.899485341390644   191.10432480519594 
   110.12726140113023   40.713830053793743 
   99.735978306373923   79.494626519255817 
   117.39862198708833   84.227317629701901 
   127.78990508184461   45.446521164239833 
   89.344695211617633   118.27542298471789 
   78.953412116861344   157.05621945017995 
   96.616055797575711   161.78891056062605 
   107.00733889233203   123.00811409516399 
    68.56212902210504   195.83701591564204 
   58.170845927348729   234.61781238110413 
   75.833489608063118   239.35050349155023 
   86.224772702819422   200.56970702608814 
   145.45254876255905   50.179212274685931 
   135.06126566780273   88.960008740148012 
   152.72390934851711   93.692699850594096 
    163.1151924432734   54.911903385132007 
   124.66998257304643   127.74080520561009 
   114.27869947829014   166.52160167107215 
    131.9413431590045   171.25429278151822 
   142.33262625376079   132.47349631605618 
   103.88741638353383   205.30239813653424 
   93.496133288777528   244.08319460199633 
   111.15877696949188   248.81588571244242 
    121.5500600642482   210.03508924698033 
   180.77783612398781   59.644594495578112 
   170.38655302923152   98.425390961040193 
   188.04919670994587   103.15808207148628 
   198.44047980470216   64.377285606024202 
    159.9952699344752   137.20618742650228 
   149.60398683971891   175.98698389196431 
   167.26663052043327   180.71967500241041 
   177.65791361518959   141.93887853694835 
   139.21270374496262   214.76778035742643 
   128.82142065020631   253.54857682288852 
   156.87534742567698    219.5004714678725 
   216.10312348541657     69.1099767164703 
   205.71184039066031   107.89077318193239 
   223.37448407137467   112.62346429237846 
   233.76576716613093   73.842667826916383 
     195.320557295904   146.67156964739445 
   184.92927420114771   185.45236611285651 
   202.59191788186206   190.18505722330261 
   212.98320097661835   151.40426075784055 
   174.53799110639139    224.2331625783186 
   192.20063478710574   228.96585368876467 
   251.42841084684537   78.575358937362481 
   241.03712775208908   117.35615540282457 
   230.64584465733276   156.13695186828664 
   220.25456156257647    194.9177483337487 
   237.91720524329085    199.6504394441948 
   248.30848833804717   160.86964297873274 
   209.86327846782015   233.69854479921079 
   227.52592214853459   238.43123590965689 
