   80.511536266737238   1.8054405544372285 
   93.441488837005522   14.735393124705537 
    52.12202289603146   30.194953925143007 
   23.732509525325685   58.584467295848789 
    36.66246209559398    71.51441986611708 
   65.051975466299766   43.124906495411302 
   8.2729487248882023   99.903933236822866 
   106.37144140727384   27.665345694973823 
   119.30139397754212   40.595298265242114 
   147.69090734824792   12.205784894536338 
   77.981928036568064   56.054859065679601 
   49.592414665862286   84.444372436385379 
   62.522367236130584   97.374325006653677 
   90.911880606836363   68.984811635947892 
   21.202901295156508   112.83388580709115 
   5.7433404947190487   154.15335174806523 
   34.132853865424813   125.76383837735945 
    160.6208599185162   25.135737464804624 
   132.23134654781043   53.525250835510413 
   145.16129911807874   66.455203405778704 
   173.55081248878452   38.065690035072933 
   103.84183317710466   81.914764206216176 
   75.452319806398876   110.30427757692198 
   88.382272376667174   123.23423014719026 
   116.77178574737297   94.844716776484489 
   47.062806435693112   138.69379094762775 
   18.673293064987334   167.08330431833352 
   31.603245635255629    180.0132568886018 
    59.99275900596141   151.62374351789606 
    186.4807650590528   50.995642605341224 
   158.09125168834703   79.385155976047002 
   171.02120425861531   92.315108546315315 
   199.41071762932108   63.925595175609523 
   129.70173831764126   107.77466934675277 
   101.31222494693549   136.16418271745857 
   114.24217751720379   149.09413528772686 
   142.63169088790957   120.70462191702109 
   72.922711576229716   164.55369608816434 
   44.533198205523938   192.94320945887011 
   57.463150775792236    205.8731620291384 
      85.852664146498   177.48364865843263 
    212.3406701995894   76.855547745877814 
   183.95115682888363    105.2450611165836 
   196.88110939915191   118.17501368685188 
   225.27062276985771   89.785500316146113 
   155.56164345817785   133.63457448728937 
   127.17213008747208   162.02408785799517 
    140.1020826577404   174.95404042826345 
   168.49159602844614   146.56452705755768 
   98.782616716766313   190.41360122870091 
   70.393103346060528   218.80311459940671 
   83.323055916328826   231.73306716967497 
    111.7125692870346   203.34355379896922 
   238.20057534012597   102.71545288641443 
   209.81106196942022    131.1049662571202 
   222.74101453968854   144.03491882738851 
   251.13052791039428   115.64540545668272 
   181.42154859871442   159.49447962782597 
   153.03203522800868   187.88399299853174 
   165.96198779827697   200.81394556880005 
   194.35150116898274   172.42443219809428 
    124.6425218573029   216.27350636923751 
   96.253008486597125   244.66301973994328 
   137.57247442757122   229.20345893950579 
   235.67096710995685   156.96487139765679 
   248.60091968022516   169.89482396792511 
   207.28145373925111   185.35438476836256 
   178.89194036854531   213.74389813906836 
   191.82189293881362   226.67385070933668 
   220.21140630951939   198.28433733863088 
   150.50242699783951   242.13341150977411 
   163.43237956810782   255.06336408004242 
