   124.05657698990652   8.1014072342929158 
   133.19943413276366   23.937300332065519 
   167.96934503483848   3.8628829130532925 
   89.286666087831691   28.175824653305142 
   54.516755185756836   48.250242072317356 
   63.659612328613981    64.08613517008996 
   98.429523230688815   44.011717751077732 
   19.746844283681991   68.324659491329584 
   28.889701426539144   84.160552589102181 
   177.11220217769565   19.698776010825874 
   142.34229127562079   39.773193429838102 
   151.48514841847796   55.609086527610692 
   186.25505932055279   35.534669108598479 
   107.57238037354597   59.847610848850316 
   72.802469471471127    79.92202826786253 
   81.945326614328266   95.757921365635127 
   116.71523751640312   75.683503946622906 
   38.032558569396286   99.996445686874765 
   3.2626476673214584   120.07086310588696 
   12.405504810178611   135.90675620365954 
   47.175415712253425   115.83233878464733 
   195.39791646340996   51.370562206371062 
    160.6280055613351   71.444979625383269 
   169.77086270419224   87.280872723155866 
   204.54077360626709   67.206455304143645 
   125.85809465926025    91.51939704439549 
   91.088183757185419   111.59381446340771 
   100.23104090004254   127.42970756118029 
   135.00095180211741   107.35529014216807 
   56.318272855110564   131.66823188241995 
   21.548361953035741   151.74264930143215 
   30.691219095892883   167.57854239920474 
   65.461129997967703   147.50412498019253 
   213.68363074912426   83.042348401916271 
   178.91371984704938   103.11676582092846 
   188.05657698990652   118.95265891870108 
   222.82648789198137   98.878241499688841 
   144.14380894497455    123.1911832399407 
    109.3738980428997   143.26560065895293 
   118.51675518575685   159.10149375672552 
   153.28666608783169   139.02707633771328 
    74.60398714082487   163.34001807796514 
   39.834076238750043   183.41443549697732 
   48.976933381607189    199.2503285947499 
   83.746844283682009   179.17591117573772 
   231.96934503483851   114.71413459746142 
   197.19943413276368   134.78855201647366 
   206.34229127562082   150.62444511424627 
   241.11220217769565   130.55002769523404 
   162.42952323068883   154.86296943548587 
     127.659612328614   174.93738685449807 
   136.80246947147114   190.77327995227066 
     171.572380373546   170.69886253325845 
   92.889701426539148   195.01180427351031 
   58.119790524464328   215.08622169252249 
   67.262647667321474   230.92211479029513 
    102.0325585693963   210.84769737128289 
   250.25505932055282   146.38592079300662 
   215.48514841847799   166.46033821201883 
    224.6280055613351   182.29623130979141 
   180.71523751640314   186.53475563103103 
   145.94532661432828   206.60917305004324 
   155.08818375718542   222.44506614781582 
   189.85809465926025   202.37064872880362 
   111.17541571225345   226.68359046905547 
   76.405504810178627   246.75800788806771 
   120.31827285511058   242.51948356682806 
   233.77086270419224   198.13212440756399 
   199.00095180211741   218.20654182657623 
   164.23104090004256   238.28095924558846 
   45.373898042899697   32.414348974544779 
   80.143808944974538    12.33993155553256 
   10.603987140824859      52.488766393557 
