   143.89376011762968   27.227439227613523 
   105.11296365216761    37.61872232236982 
   109.84565476261369   55.281366003084209 
   148.62645122807578   44.890082908327898 
   66.332167186705519   48.010005417126123 
   27.551370721243455   58.401288511882413 
   32.284061831689556   76.063932192596809 
   71.064858297151616   65.672649097840505 
   182.67455658309171   16.836156132857219 
   187.40724769353781   34.498799813571608 
   153.35914233852185   62.552726589042301 
   114.57834587305979   72.944009683798612 
   119.31103698350589   90.606653364512979 
   158.09183344896795    80.21537026975669 
   75.797549407597714   83.335292778554916 
   37.016752942135653   93.726575873311191 
   41.749444052581751    111.3892195540256 
   80.530240518043811    100.9979364592693 
   192.13993880398394   52.161443494286011 
   196.87262991443004     69.8240871750004 
   2.9686475871196416    121.7805026487819 
   162.82452455941404   97.878013950471086 
   124.04372809395197   108.26929704522739 
   128.77641920439805   125.93194072594177 
   167.55721566986014   115.54065763118545 
   85.262931628489909   118.66058013998369 
   46.482135163027841   129.05186323473998 
   51.214826273473932   146.71450691545436 
   89.995622738935992   136.32322382069808 
   7.7013386975657356   139.44314632949627 
    201.6053210248761   87.486730855714782 
    206.3380121353222   105.14937453642918 
   12.434029808011829   157.10579001021068 
   172.28990678030624   133.20330131189988 
   133.50911031484415    143.5945844066562 
   138.24180142529025   161.25722808737055 
   177.02259789075234   150.86594499261423 
    94.72831384938209   153.98586750141249 
   55.947517383920029   164.37715059616878 
   60.680208494366113   182.03979427688316 
   99.461004959828173   171.64851118212684 
   17.166720918457923   174.76843369092509 
   211.07070324576833   122.81201821714357 
   215.80339435621437   140.47466189785797 
   21.899412028904017   192.43107737163945 
   181.75528900119843   168.52858867332867 
   142.97449253573635   178.91987176808493 
   147.70718364618244   196.58251544879931 
    186.4879801116445   186.19123235404302 
   104.19369607027427   189.31115486284125 
    65.41289960481221   199.70243795759757 
   70.145590715258294   217.36508163831192 
   108.92638718072037    206.9737985435556 
   26.632103139350107   210.09372105235386 
   220.53608546666052   158.13730557857235 
   225.26877657710656   175.79994925928673 
   31.364794249796201   227.75636473306821 
    191.2206712220906   203.85387603475743 
   152.43987475662854   214.24515912951375 
   157.17256586707464   231.90780281022811 
    195.9533623325367   221.51651971547179 
   113.65907829116647   224.63644222427004 
   74.878281825704406    235.0277253190263 
   79.610972936150489   252.69036899974071 
   118.39176940161256   242.29908590498439 
   36.097485360242295   245.41900841378265 
   230.00146768755272   193.46259294000114 
   234.73415879799876   211.12523662071553 
    200.6860534429828   239.17916339618625 
   161.90525697752074   249.57044649094252 
   100.38027254172151   19.956078641655427 
   139.16106900718358    9.564795546899143 
   22.818679610797364   40.738644831168038 
   61.599476076259435   30.347361736411742 
   239.46684990844489   228.78788030142991 
