   177.09603259511027   36.613852453515179 
   136.94719775708583   36.613852453515179 
   136.94719775708583   54.899566739229464 
   177.09603259511027   54.899566739229464 
   96.798362919061418   36.613852453515179 
   56.649528081036991   36.613852453515179 
   56.649528081037005   54.899566739229464 
   96.798362919061418   54.899566739229464 
   16.500693243012552   36.613852453515193 
   217.24486743313469   36.613852453515179 
   217.24486743313469   54.899566739229464 
   16.500693243012552   54.899566739229471 
   177.09603259511027   73.185281024943748 
   136.94719775708583   73.185281024943748 
   136.94719775708583    91.47099531065804 
   177.09603259511027   91.470995310658026 
   96.798362919061418   73.185281024943748 
   56.649528081037005   73.185281024943748 
   56.649528081037005   91.470995310658054 
   96.798362919061418    91.47099531065804 
   16.500693243012552   73.185281024943762 
   217.24486743313469   73.185281024943748 
   217.24486743313469   91.470995310658026 
   16.500693243012552   91.470995310658054 
   177.09603259511027   109.75670959637233 
   136.94719775708583   109.75670959637233 
   136.94719775708583   128.04242388208661 
   177.09603259511027   128.04242388208661 
   96.798362919061418   109.75670959637233 
   56.649528081037005   109.75670959637233 
   56.649528081037005   128.04242388208661 
   96.798362919061418   128.04242388208661 
   16.500693243012552   109.75670959637233 
   217.24486743313469   109.75670959637233 
   217.24486743313469   128.04242388208661 
   16.500693243012552   128.04242388208661 
   177.09603259511027   146.32813816780089 
   136.94719775708583   146.32813816780089 
   136.94719775708583   164.61385245351519 
   177.09603259511027   164.61385245351519 
   96.798362919061418   146.32813816780089 
   56.649528081037005   146.32813816780089 
   56.649528081037005   164.61385245351519 
   96.798362919061418   164.61385245351519 
   16.500693243012552   146.32813816780089 
   217.24486743313469   146.32813816780089 
   217.24486743313469   164.61385245351519 
   16.500693243012552   164.61385245351519 
   177.09603259511027   182.89956673922947 
   136.94719775708583   182.89956673922947 
   136.94719775708583   201.18528102494378 
   177.09603259511027   201.18528102494378 
   96.798362919061418   182.89956673922947 
   56.649528081037005   182.89956673922947 
   56.649528081037005   201.18528102494378 
   96.798362919061418   201.18528102494378 
   16.500693243012552   182.89956673922947 
   217.24486743313469   182.89956673922947 
   217.24486743313469   201.18528102494378 
   16.500693243012552   201.18528102494378 
   177.09603259511027   219.47099531065803 
   136.94719775708583   219.47099531065803 
   136.94719775708583   237.75670959637227 
   177.09603259511027   237.75670959637227 
   96.798362919061418   219.47099531065803 
   56.649528081037019   219.47099531065803 
   56.649528081037019   237.75670959637227 
   96.798362919061418   237.75670959637227 
   16.500693243012552   219.47099531065803 
   217.24486743313469   219.47099531065803 
   217.24486743313469   237.75670959637227 
   16.500693243012552   237.75670959637227 
   177.09603259511027   256.04242388208661 
   136.94719775708583   256.04242388208661 
   136.94719775708583   18.328138167800898 
   177.09603259511027   18.328138167800898 
   96.798362919061418   256.04242388208661 
   56.649528081037019   256.04242388208661 
   56.649528081036991   18.328138167800898 
   96.798362919061418   18.328138167800898 
   16.500693243012552   256.04242388208661 
   217.24486743313469   256.04242388208661 
   217.24486743313469   18.328138167800898 
   16.500693243012552   18.328138167800898 
