   60.975218450964469   15.602850534668214 
   83.602635448933981   63.602850534668207 
   60.975218450964469   31.602850534668192 
   83.602635448933981   47.602850534668207 
   60.975218450964469   79.602850534668207 
   83.602635448933981   127.60285053466822 
   60.975218450964469   95.602850534668221 
   83.602635448933981   111.60285053466822 
   60.975218450964469   143.60285053466822 
   83.602635448933981   191.60285053466819 
   60.975218450964469   159.60285053466822 
   83.602635448933981   175.60285053466822 
   60.975218450964469   207.60285053466822 
   83.602635448933981   255.60285053466819 
   60.975218450964469   223.60285053466825 
   83.602635448933981   239.60285053466822 
    106.2300524469035   15.602850534668214 
     128.857469444873   63.602850534668207 
    106.2300524469035   31.602850534668192 
     128.857469444873   47.602850534668207 
    106.2300524469035   79.602850534668207 
     128.857469444873   127.60285053466822 
    106.2300524469035   95.602850534668221 
     128.857469444873   111.60285053466822 
    106.2300524469035   143.60285053466822 
     128.857469444873   191.60285053466819 
    106.2300524469035   159.60285053466822 
     128.857469444873   175.60285053466822 
    106.2300524469035   207.60285053466822 
     128.857469444873   255.60285053466819 
    106.2300524469035   223.60285053466825 
     128.857469444873   239.60285053466822 
   151.48488644284254   15.602850534668214 
   174.11230344081204   63.602850534668207 
   151.48488644284254   31.602850534668192 
   174.11230344081204   47.602850534668207 
   151.48488644284254   79.602850534668207 
   174.11230344081204   127.60285053466822 
   151.48488644284254   95.602850534668221 
   174.11230344081204   111.60285053466822 
   151.48488644284254   143.60285053466822 
   174.11230344081204   191.60285053466819 
   151.48488644284254   159.60285053466822 
   174.11230344081204   175.60285053466822 
   151.48488644284254   207.60285053466822 
   174.11230344081204   255.60285053466819 
   151.48488644284254   223.60285053466825 
   174.11230344081204   239.60285053466822 
   196.73972043878157   15.602850534668214 
   219.36713743675108   63.602850534668207 
   196.73972043878157   31.602850534668192 
   219.36713743675108   47.602850534668207 
   196.73972043878157   79.602850534668207 
   219.36713743675108   127.60285053466822 
   196.73972043878157   95.602850534668221 
   219.36713743675108   111.60285053466822 
   196.73972043878157   143.60285053466822 
   219.36713743675108   191.60285053466819 
   196.73972043878157   159.60285053466822 
   219.36713743675108   175.60285053466822 
   196.73972043878157   207.60285053466822 
   219.36713743675108   255.60285053466819 
   196.73972043878157   223.60285053466825 
   219.36713743675108   239.60285053466822 
   241.99455443472061   15.602850534668214 
   38.347801452994958   63.602850534668207 
   241.99455443472061   31.602850534668192 
   38.347801452994958   47.602850534668207 
   241.99455443472061   79.602850534668207 
   38.347801452994958   127.60285053466822 
   241.99455443472061   95.602850534668221 
   38.347801452994958   111.60285053466822 
   241.99455443472061   143.60285053466822 
   38.347801452994958   191.60285053466819 
   241.99455443472061   159.60285053466822 
   38.347801452994958   175.60285053466822 
   241.99455443472061   207.60285053466822 
   38.347801452994958   255.60285053466819 
   241.99455443472061   223.60285053466825 
   38.347801452994958   239.60285053466822 
