   86.135150163876602   22.178190076048786 
   81.731068106142018   75.061117956686601 
   78.135150163876602   36.034596536599807 
   89.731068106142018   61.204711496135587 
   54.135150163876595   77.603815918252863 
   49.731068106142025   130.48674379889067 
   46.135150163876595   91.460222378803877 
   57.731068106142025   116.63033733833967 
   22.135150163876595   133.02944176045693 
   17.731068106142022   185.91236964109478 
   14.135150163876606   146.88584822100796 
   25.731068106142033   172.05596318054376 
   113.73106810614202   19.635492114482506 
   121.73106810614202   5.7790856539315199 
   125.32698604840745   44.805607074018312 
   120.92290399067288    97.68853495465612 
   117.32698604840743   58.662013534569326 
   128.92290399067286   83.832128494105092 
   93.326986048407448   100.23123291622238 
   88.922903990672879    153.1141607968602 
   85.326986048407448    114.0876393767734 
   96.922903990672864   139.25775433630918 
   61.326986048407448   155.65685875842647 
   56.922903990672864   208.53978663906429 
   53.326986048407456   169.51326521897747 
   64.922903990672864   194.68338017851326 
   29.326986048407448   211.08248460063055 
   152.92290399067286   42.262909112452022 
   149.32698604840743   3.2363876923652617 
   160.92290399067286   28.406502651901022 
   164.51882193293827   67.433024071987816 
   160.11473987520372   120.31595195262562 
   156.51882193293829   81.289430532538844 
   168.11473987520372   106.45954549207462 
   132.51882193293829    122.8586499141919 
   128.11473987520372   175.74157779482971 
   124.51882193293829   136.71505637474291 
   136.11473987520372   161.88517133427868 
   100.51882193293829   178.28427575639597 
   96.114739875203725   231.16720363703382 
   92.518821932938309   192.14068221694697 
   104.11473987520374   217.31079717648279 
   68.518821932938295   233.70990159860006 
   192.11473987520372    64.89032611042154 
   188.51882193293827   25.863804690334785 
    200.1147398752037   51.033919649870541 
   203.71065781746915   90.060441069957335 
   199.30657575973461   142.94336895059516 
   195.71065781746915   103.91684753050836 
   207.30657575973456   129.08696249004413 
   171.71065781746915   145.48606691216142 
   167.30657575973459   198.36899479279924 
   163.71065781746915   159.34247337271245 
   175.30657575973456   184.51258833224821 
   139.71065781746915   200.91169275436548 
   135.30657575973459   253.79462063500333 
   131.71065781746915    214.7680992149165 
   143.30657575973459    239.9382141744523 
   107.71065781746915   256.33731859656956 
   231.30657575973456   87.517743108391059 
   227.71065781746915   48.491221688304293 
   239.30657575973456   73.661336647840059 
   242.90249370199999   112.68785806792685 
   238.49841164426539   165.57078594856466 
   234.90249370199999   126.54426452847788 
   246.49841164426539   151.71437948801363 
   210.90249370200002   168.11348391013092 
   206.49841164426542   220.99641179076875 
   202.90249370200002   181.96989037068195 
   214.49841164426545   207.14000533021772 
   178.90249370200002   223.53910975233504 
   170.90249370200002   237.39551621288601 
