   73.368590373278153   34.850769001648104 
   77.509695094918484   19.395955781023019 
   47.371079191086814   44.449175761722188 
   56.804171486716825   96.670021884148468 
   43.229974469446482   59.903988982347279 
   60.945276208357157   81.215208663523384 
   30.806660304525483   106.26842864422257 
   40.239752600155491   158.48927476664883 
   26.665555582885162   121.72324186484765 
    44.38085732179583   143.03446154602378 
   14.242241417964152   168.08768152672295 
   23.675333713594185   220.30852764914923 
    10.10113669632381   183.54249474734806 
   27.816438435234506   204.85371442852414 
   117.08140329438019   46.563581922750139 
   103.50720627710984   9.7975490209489458 
   121.22250801602051   31.108768702125037 
   91.083892112188835   56.161988682824216 
   100.51698440781887   108.38283480525051 
   86.942787390548503   71.616801903449314 
   104.65808912945919   92.928021584625426 
   74.519473225627507   117.98124156532459 
   83.952565521257526   170.20208768775089 
   70.378368503987176   133.43605478594969 
   88.093670242897858   154.74727446712578 
    57.95505433906618   179.80049444782497 
   67.388146634696213   232.02134057025125 
   53.813949617425848   195.25530766845009 
    71.52925135633653   216.56652734962617 
   151.36112391985219   6.0555487214258905 
   160.79421621548221   58.276394843852167 
   147.22001919821187   21.510361942050984 
   164.93532093712255   42.821581623227075 
   134.79670503329089   67.874801603926258 
   144.22979732892088   120.09564772635254 
   130.65560031165055   83.329614824551342 
   148.37090205056123   104.64083450572745 
   118.23228614672956   129.69405448642661 
   127.66537844235955   181.91490060885292 
   114.09118142508922   145.14886770705172 
    131.8064831639999   166.46008738822783 
   101.66786726016822     191.513307368927 
   111.10095955579824   243.73415349135328 
    97.52676253852789   206.96812058955211 
   115.24206427743856   228.27934027072823 
   195.07393684095425   17.768361642527907 
   204.50702913658426   69.989207764954202 
   190.93283211931387   33.223174863152998 
   208.64813385822458    54.53439454432911 
   178.50951795439292   79.587614525028286 
   187.94261025002294   131.80846064745458 
   174.36841323275257    95.04242774565337 
   192.08371497166326   116.35364742682948 
   161.94509906783156   141.40686740752867 
   171.37819136346161   193.62771352995495 
   157.80399434619125   156.86168062815375 
   175.51929608510193   178.17290030932986 
   145.38068018127024   203.22612029002906 
   154.81377247690028   255.44696641245534 
   141.23957545962989   218.68093351065411 
    158.9548771985406   239.99215319183025 
   238.78674976205627   29.481174563629946 
   248.21984205768632   81.702020686056258 
   234.64564504041596    44.93598778425504 
   252.36094677932667    66.24720746543116 
   222.22233087549495   91.300427446130314 
   231.65542317112497   143.52127356855661 
   218.08122615385463   106.75524066675541 
   235.79652789276531   128.06646034793152 
   205.65791198893362   153.11968032863069 
   215.09100428456364     205.340526451057 
    201.5168072672933   168.57449354925578 
   219.23210900620401   189.88571323043192 
   189.09349310237229   214.93893321113109 
   184.95238838073197   230.39374643175617 
   202.66769011964263   251.70496611293228 
