   132.46434462175262   23.396081582464088 
   143.77805312073735   12.082373083479336 
   105.15063612276784   18.709790081448858 
   87.209510625813564   68.650915578403129 
   93.836927623783083   30.023498580433628 
   98.523219124798331    57.33720707941837 
   59.895802126828812   63.964624077387889 
   41.954676629874534   113.90574957434217 
   48.582093627844053   75.278332576372662 
   53.268385128859293   102.59204107535741 
   14.640968130889771   109.21945807332695 
   3.3272596319050001   120.53316657231171 
   8.0135511329202505   147.84687507129647 
   182.40547011870689   5.4549560855097941 
   164.46434462175262   55.396081582464085 
   171.09176161972212   16.768664584494566 
   175.77805312073735   44.082373083479325 
   137.15063612276785   50.709790081448844 
   119.20951062581356   100.65091557840313 
   125.83692762378308   62.023498580433618 
   130.52321912479835   89.337207079418363 
   91.895802126828812   95.964624077387896 
   73.954676629874527   145.90574957434217 
    80.58209362784406   107.27833257637265 
   85.268385128859293   134.59204107535743 
   46.640968130889775   141.21945807332693 
   28.699842633935521    191.1605835702812 
   35.327259631905001    152.5331665723117 
   40.013551132920263   179.84687507129647 
   214.40547011870689   37.454956085509806 
   196.46434462175262   87.396081582464078 
   203.09176161972212   48.768664584494566 
   207.77805312073735   76.082373083479311 
   169.15063612276785   82.709790081448858 
   151.20951062581355    132.6509155784031 
   157.83692762378308   94.023498580433611 
   162.52321912479832   121.33720707941836 
   123.89580212682881   127.96462407738788 
   105.95467662987453   177.90574957434217 
   112.58209362784405   139.27833257637266 
   117.26838512885926    166.5920410753574 
   78.640968130889775   173.21945807332693 
   60.699842633935496   223.16058357028118 
   67.327259631904994    184.5331665723117 
   72.013551132920256   211.84687507129641 
   246.40547011870689   69.454956085509778 
   228.46434462175256   119.39608158246409 
   235.09176161972212   80.768664584494545 
   239.77805312073735   108.08237308347931 
   201.15063612276785   114.70979008144883 
   183.20951062581355    164.6509155784031 
   189.83692762378308   126.02349858043361 
   194.52321912479832   153.33720707941836 
   155.89580212682878   159.96462407738787 
   137.95467662987451   209.90574957434217 
   144.58209362784405   171.27833257637263 
   149.26838512885928   198.59204107535737 
   110.64096813088977   205.21945807332693 
   92.699842633935503   255.16058357028118 
   99.327259631904994    216.5331665723117 
   104.01355113292026   243.84687507129647 
   233.15063612276785   146.70979008144883 
   215.20951062581355   196.65091557840313 
   221.83692762378308    158.0234985804336 
   226.52321912479832   185.33720707941836 
   187.89580212682881   191.96462407738787 
   169.95467662987454   241.90574957434217 
   176.58209362784405   203.27833257637266 
   181.26838512885931   230.59204107535743 
   142.64096813088977    237.2194580733269 
   131.32725963190501    248.5331665723117 
