    148.9011567597795   34.844475574680622 
   173.95437674047866   4.7058596708489482 
   164.35596998040458    30.70337085304029 
   127.58993707860337   17.129173835769937 
   87.081903877279117    51.40889446124195 
   112.13512385797829   21.270278557410258 
    102.5367170979042   47.267789739601618 
   65.770684196103005   33.693592722331267 
   25.262650994778721   67.973313347803284 
   50.315870975477907   37.834697443971599 
   40.717464215403837   63.832208626162952 
   3.9514313136026273   50.258011608892588 
   210.72040964227989   18.280056688119281 
   226.17522286290497   14.138951966478958 
   201.12200288220578   44.277567870310634 
   160.61396968088152   78.557288495782643 
   185.66718966158069   48.418672591950966 
   176.06878290150661   74.416183774142311 
   139.30274999970541   60.841986756871961 
   98.794716798381145   95.121707382343985 
   123.84793677908031   64.983091478512293 
   114.24953001900624   90.980602660703653 
   77.483497117205033   77.406405643433288 
   36.975463915880759   111.68612626890531 
   62.028683896579949    81.54751036507362 
   52.430277136505872   107.54502154726497 
   15.664244234704666   93.970824529994616 
   222.43322256338189   61.992869609221316 
     237.888035784007   57.851764887580998 
   212.83481580330781   87.990380791412662 
   172.32678260198355   122.27010141688469 
   197.38000258268272   92.131485513053008 
   187.78159582260864   118.12899669524434 
   151.01556292080744   104.55479967797399 
   110.50752971948319     138.834520303446 
   135.56074970018236   108.69590439961434 
   125.96234294010829   134.69341558180568 
   89.196310038307061   121.11921856453532 
   48.688276836982787   155.39893919000733 
   73.741496817681977   125.26032328617565 
   64.143090057607907   151.25783446836701 
   27.377057155806703   137.68363745109664 
   234.14603548448395   105.70568253032336 
   11.922243935181589   141.82474217273696 
     249.600848705109   101.56457780868301 
   224.54762872440983   131.70319371251469 
   184.03959552308561    165.9829143379867 
   209.09281550378478   135.84429843415504 
   199.49440874371066   161.84180961634638 
   162.72837584190947   148.26761259907602 
    122.2203426405852   182.54733322454803 
   147.27356262128438   152.40871732071636 
    137.6751558612103   178.40622850290771 
   100.90912295940909   164.83203148563737 
   60.401089758084822   199.11175211110935 
   85.454309738784005   168.97313620727769 
   75.855902978709935   194.97064738946904 
   39.089870076908731    181.3964503721987 
   245.85884840558597   149.41849545142537 
   23.635056856283626   185.53755509383902 
   236.26044164551189   175.41600663361675 
   195.75240844418764   209.69572725908876 
   220.80562842488678   179.55711135525706 
   211.20722166481272   205.55462253744841 
    174.4411887630115   191.98042552017807 
   133.93315556168724   226.26014614565008 
   158.98637554238641   196.12153024181839 
   149.38796878231233   222.11904142400977 
   112.62193588051113    208.5448444067394 
   72.113902679186864   242.82456503221141 
   97.167122659886061   212.68594912837972 
   87.568715899811977   238.68346031057109 
   50.802682998010766   225.10926329330073 
   35.347869777385654   229.25036801494105 
