   166.87213117873443   12.353796784180487 
   136.61662029606615   55.949714726445912 
   153.01572471818344   20.353796784180478 
   150.47302675661717   47.949714726445904 
   111.44650533653038   44.353796784180489 
   81.190994453862075   87.949714726445919 
   97.590098875979351   52.353796784180489 
   95.047400914413103   79.949714726445919 
   56.020879494326302   76.353796784180489 
   25.765368611658026   119.94971472644592 
    42.16447303377528   84.353796784180503 
   39.621775072209026   111.94971472644592 
   192.04224613827023   23.949714726445894 
   205.89865259882123   15.949714726445903 
   189.49954817670397   51.545632668711328 
   159.24403729403568   95.141550610976751 
   175.64314171615294   59.545632668711328 
   173.10044375458668   87.141550610976751 
   134.07392233449991   83.545632668711335 
   103.81841145183161   127.14155061097676 
   120.21751587394887   91.545632668711335 
   117.67481791238261   119.14155061097675 
   78.648296492295827   115.54563266871133 
   48.392785609627545   159.14155061097674 
   64.791890031744799   123.54563266871135 
   62.249192070178545   151.14155061097676 
   23.222670650091747   147.54563266871133 
   214.66966313623973   63.141550610976736 
   9.3662641895407184   155.54563266871136 
   228.52606959679076   55.141550610976743 
    212.1269651746735   90.737468553242167 
   181.87145429200521   134.33338649550757 
   198.27055871412247   98.737468553242167 
   195.72786075255618   126.33338649550758 
   156.70133933246942   122.73746855324217 
   126.44582844980113   166.33338649550757 
   142.84493287191839   130.73746855324217 
   140.30223491035213    158.3333864955076 
   101.27571349026535   154.73746855324219 
   71.020202607597071   198.33338649550757 
   87.419307029714332   162.73746855324217 
   84.876609068148056    190.3333864955076 
   45.850087648061276   186.73746855324219 
   237.29708013420927   102.33338649550757 
   31.993681187510241   194.73746855324219 
   251.15348659476027   94.333386495507568 
   234.75438217264303   129.92930443777303 
   204.49887128997469   173.52522238003843 
   220.89797571209201     137.929304437773 
   218.35527775052574   165.52522238003843 
   179.32875633043895   161.92930443777303 
   149.07324544777066   205.52522238003846 
   165.47234986988792   169.92930443777303 
   162.92965190832166   197.52522238003843 
   123.90313048823486   193.92930443777303 
   93.647619605566589   237.52522238003846 
   110.04672402768385   201.92930443777303 
    107.5040260661176   229.52522238003843 
   68.477504646030795   225.92930443777303 
   54.621098185479774   233.92930443777303 
   113.98920329809664    16.75787884191508 
   243.52539271006154   177.12114032230386 
   127.84560975864764   8.7578788419150726 
   201.95617332840845   201.12114032230389 
   58.563577455892563    48.75787884191508 
   188.09976686785745   209.12114032230386 
   72.419983916443584    40.75787884191508 
    146.5305474862044   233.12114032230386 
   3.1379516136885051   80.757878841915087 
   132.67414102565337   241.12114032230386 
   16.994358074239514   72.757878841915087 
