   230.19679162774105   19.449999828507046 
   182.19679162774108   42.077416826476558 
   214.19679162774108   19.449999828507046 
   198.19679162774105   42.077416826476558 
   166.19679162774108   19.449999828507046 
   118.19679162774106   42.077416826476558 
   150.19679162774108   19.449999828507046 
   134.19679162774108   42.077416826476558 
   102.19679162774106   19.449999828507046 
   54.196791627741057   42.077416826476558 
   86.196791627741064   19.449999828507046 
   70.196791627741064   42.077416826476558 
   38.196791627741035   19.449999828507046 
   246.19679162774108   42.077416826476544 
   22.196791627741028   19.449999828507046 
   6.1967916277410904   42.077416826476565 
   230.19679162774105   64.704833824446069 
   182.19679162774108   87.332250822415588 
   214.19679162774108   64.704833824446069 
   198.19679162774108   87.332250822415588 
   166.19679162774108   64.704833824446069 
   118.19679162774106   87.332250822415588 
   150.19679162774108   64.704833824446069 
   134.19679162774108   87.332250822415588 
   102.19679162774106   64.704833824446069 
   54.196791627741071   87.332250822415588 
   86.196791627741064   64.704833824446069 
   70.196791627741064   87.332250822415588 
    38.19679162774105   64.704833824446098 
   246.19679162774108   87.332250822415588 
   22.196791627741028   64.704833824446098 
   6.1967916277410904   87.332250822415588 
   230.19679162774105   109.95966782038511 
   182.19679162774108   132.58708481835464 
   214.19679162774108   109.95966782038511 
   198.19679162774108   132.58708481835464 
   166.19679162774108   109.95966782038511 
   118.19679162774106   132.58708481835464 
   150.19679162774108   109.95966782038511 
   134.19679162774108   132.58708481835464 
   102.19679162774106   109.95966782038511 
   54.196791627741071   132.58708481835464 
   86.196791627741064   109.95966782038511 
   70.196791627741064   132.58708481835464 
    38.19679162774105   109.95966782038511 
   246.19679162774108   132.58708481835464 
   22.196791627741028   109.95966782038511 
   6.1967916277410904   132.58708481835464 
   230.19679162774105   155.21450181632414 
   182.19679162774108   177.84191881429368 
   214.19679162774108   155.21450181632414 
   198.19679162774108   177.84191881429368 
   166.19679162774108   155.21450181632414 
   118.19679162774106   177.84191881429368 
   150.19679162774108   155.21450181632414 
   134.19679162774108   177.84191881429368 
   102.19679162774106   155.21450181632414 
   54.196791627741071   177.84191881429368 
   86.196791627741064   155.21450181632414 
   70.196791627741064   177.84191881429368 
    38.19679162774105   155.21450181632414 
   246.19679162774108   177.84191881429368 
   22.196791627741028   155.21450181632414 
   6.1967916277410904   177.84191881429368 
   230.19679162774105   200.46933581226318 
   182.19679162774108   223.09675281023272 
   214.19679162774108   200.46933581226318 
   198.19679162774108   223.09675281023272 
   166.19679162774108   200.46933581226318 
   118.19679162774106   223.09675281023272 
   150.19679162774108   200.46933581226318 
   134.19679162774108   223.09675281023272 
   102.19679162774106   200.46933581226318 
   54.196791627741078   223.09675281023272 
   86.196791627741064   200.46933581226318 
   70.196791627741078   223.09675281023272 
    38.19679162774105   200.46933581226321 
   246.19679162774108   223.09675281023272 
   22.196791627741028   200.46933581226321 
   6.1967916277410904   223.09675281023272 
