   20.179643734271206    38.86161570722976 
   45.779643734271204   64.461615707229754 
   20.179643734271206   90.061615707229748 
   45.779643734271204   115.66161570722976 
   20.179643734271206   141.26161570722974 
   45.779643734271204   166.86161570722976 
   20.179643734271206   192.46161570722975 
   45.779643734271204   218.06161570722975 
   20.179643734271206   243.66161570722977 
   45.779643734271204   13.261615707229724 
   71.379643734271198    38.86161570722976 
   96.979643734271207   64.461615707229754 
   71.379643734271198   90.061615707229748 
   96.979643734271207   115.66161570722976 
   71.379643734271198   141.26161570722974 
   96.979643734271207   166.86161570722976 
   71.379643734271198   192.46161570722975 
   96.979643734271207   218.06161570722975 
   71.379643734271198   243.66161570722977 
   96.979643734271207   13.261615707229724 
   122.57964373427122    38.86161570722976 
    148.1796437342712   64.461615707229754 
   122.57964373427122   90.061615707229748 
    148.1796437342712   115.66161570722976 
   122.57964373427122   141.26161570722974 
    148.1796437342712   166.86161570722976 
   122.57964373427122   192.46161570722975 
    148.1796437342712   218.06161570722975 
   122.57964373427122   243.66161570722977 
    148.1796437342712   13.261615707229724 
   173.77964373427122    38.86161570722976 
   199.37964373427121   64.461615707229754 
   173.77964373427122   90.061615707229748 
   199.37964373427121   115.66161570722976 
   173.77964373427122   141.26161570722974 
   199.37964373427121   166.86161570722976 
   173.77964373427122   192.46161570722975 
   199.37964373427121   218.06161570722975 
   173.77964373427122   243.66161570722977 
   199.37964373427121   13.261615707229724 
   224.97964373427121    38.86161570722976 
   250.57964373427117   64.461615707229754 
   224.97964373427121   90.061615707229748 
   250.57964373427117   115.66161570722976 
   224.97964373427121   141.26161570722974 
   250.57964373427117   166.86161570722976 
   224.97964373427121   192.46161570722975 
   250.57964373427117   218.06161570722975 
   224.97964373427121   243.66161570722977 
   250.57964373427117   13.261615707229724 
