   59.273023052512968   8.3857663940752634 
   27.919554344888311   26.487699992450889 
   46.021487943263899   57.841168700075556 
   14.668019235639255   75.943102298451166 
   32.769952834014831   107.29657100607585 
   1.4164841263901879    125.3985046044515 
   19.518417724765765   156.75197331207616 
   6.2668826155167228   206.20737561807644 
   108.72842535851326   21.637301503324309 
   77.374956650888592   39.739235101699947 
   95.476890249264201   71.092703809324632 
   64.123421541639516   89.194637407700242 
   82.225355140015139   120.54810611532491 
   50.871886432390461   138.65003971370055 
   68.973820030766078   170.00350842132525 
   37.620351323141406   188.10544201970083 
    55.72228492151703   219.45891072732547 
   140.08189406613795   3.5353679049487057 
   158.18382766451359   34.888836612573385 
   126.83035895688889   52.990770210949009 
   144.93229255526452   84.344238918573694 
   113.57882384763982   102.44617251694929 
   131.68075744601543   133.79964122457397 
   100.32728873839075   151.90157482294961 
   118.42922233676637   183.25504353057431 
   87.075753629141687   201.35697712894989 
   105.17768722751734   232.71044583657456 
   189.53729637213829   16.786903014197772 
    207.6392299705139   48.140371721822454 
    176.2857612628892   66.242305320198085 
   194.38769486126483   97.595774027822756 
   163.03422615364013   115.69770762619837 
   181.13615975201577   147.05117633382307 
   149.78269104439107   165.15310993219867 
   167.88462464276671   196.50657863982337 
   136.53115593514201   214.60851223819898 
   154.63308953351765    245.9619809458236 
   238.99269867813854   30.038438123446841 
   225.74116356888953   79.493840429447133 
   243.84309716726509    110.8473091370718 
   212.48962845964041   128.94924273544743 
   230.59156205801602   160.30271144307213 
   199.23809335039135   178.40464504144774 
   217.34002694876693   209.75811374907244 
   185.98655824114232   227.86004734744805 
