   106.56178912071186   7.7884997670689859 
    115.9320394575935   42.758750103950611 
    80.96178912071187    52.12900044083225 
   90.332039457593496   87.099250777713877 
   55.361789120711869   96.469501114595502 
   64.732039457593487   131.43975145147712 
    29.76178912071186   140.81000178835876 
     39.1320394575935   175.78025212524039 
   4.1617891207118749   185.15050246212203 
   150.90228979447514   33.388499767068986 
   160.27254013135678   68.358750103950612 
   125.30228979447512   77.729000440832237 
   134.67254013135675   112.69925077771389 
   99.702289794475135    122.0695011145955 
   109.07254013135677   157.03975145147714 
   74.102289794475126   166.41000178835876 
    83.47254013135678   201.38025212524039 
   48.502289794475125   210.75050246212206 
   185.87254013135677   24.018249430187332 
   195.24279046823838    58.98849976706898 
   204.61304080511999   93.958750103950607 
   169.64279046823842   103.32900044083225 
   179.01304080512003   138.29925077771387 
   144.04279046823842    147.6695011145955 
   153.41304080512003   182.63975145147714 
   118.44279046823841   192.01000178835878 
   127.81304080512002   226.98025212524038 
   92.842790468238405   236.35050246212202 
   230.21304080512002   49.618249430187319 
   239.58329114200163   84.588499767068981 
    248.9535414788833   119.55875010395059 
   213.98329114200166   128.92900044083223 
   223.35354147888327   163.89925077771389 
   188.38329114200167    173.2695011145955 
   197.75354147888328    208.2397514514771 
   162.78329114200167   217.61000178835877 
   172.15354147888328   252.58025212524041 
   71.591538783830245   17.158750103950624 
   45.991538783830244   61.499250777713897 
   232.72379181576494   198.86950111459549 
   20.391538783830246   105.83975145147716 
   207.12379181576495    243.2100017883588 
