    138.5183988277721   5.5499361828929779 
   102.31453163102086   5.5499361828930009 
   102.31453163102087   41.753803379644225 
   66.110664434269623   41.753803379644225 
   66.110664434269651   77.957670576395458 
   29.906797237518401   77.957670576395458 
   29.906797237518401    114.1615377731467 
   174.72226602452332   5.5499361828929779 
   174.72226602452332   41.753803379644225 
    138.5183988277721   41.753803379644225 
    138.5183988277721   77.957670576395472 
   102.31453163102087   77.957670576395458 
   102.31453163102088   114.16153777314668 
   66.110664434269637   114.16153777314668 
   66.110664434269637   150.36540496989792 
   29.906797237518401   150.36540496989792 
   29.906797237518425   186.56927216664914 
   210.92613322127457   41.753803379644204 
   210.92613322127457   77.957670576395458 
   174.72226602452332   77.957670576395458 
   174.72226602452332   114.16153777314668 
    138.5183988277721   114.16153777314668 
   138.51839882777213   150.36540496989792 
   102.31453163102087   150.36540496989792 
   102.31453163102087   186.56927216664917 
   66.110664434269623   186.56927216664917 
   66.110664434269665   222.77313936340039 
   247.13000041802582   77.957670576395444 
   247.13000041802582    114.1615377731467 
   210.92613322127457   114.16153777314668 
   210.92613322127457   150.36540496989792 
   174.72226602452335   150.36540496989792 
   174.72226602452338   186.56927216664917 
   138.51839882777213   186.56927216664917 
   138.51839882777213   222.77313936340045 
   102.31453163102087   222.77313936340045 
   247.13000041802579   150.36540496989792 
   247.13000041802582   186.56927216664914 
   210.92613322127457   186.56927216664914 
   210.92613322127457   222.77313936340039 
   174.72226602452332   222.77313936340033 
