   168.10772242527159    8.527444693049862 
   123.76722175150832    34.12744469304986 
   88.796971414626711   24.757194356168256 
   79.426721077745071   59.727444693049854 
   44.456470740863452    50.35719435616825 
   35.086220403981805    85.32744469304987 
   203.07797276215322   17.897695029931477 
   193.70772242527158    52.86794536681311 
   158.73747208838998   43.497695029931485 
   149.36722175150834   78.467945366813126 
   114.39697141462671   69.097695029931501 
   105.02672107774508   104.06794536681312 
   70.056470740863446   94.697695029931509 
   60.686220403981821   129.66794536681314 
   25.715970067100201   120.29769502993152 
   16.345719730218562   155.26794536681314 
   228.67797276215327   62.238195703694743 
   219.30772242527161   97.208446040576376 
   184.33747208838997   87.838195703694751 
   174.96722175150833    122.8084460405764 
    139.9969714146267   113.43819570369476 
   130.62672107774509   148.40844604057639 
   95.656470740863455   139.03819570369475 
   86.286220403981829   174.00844604057639 
    51.31597006710021   164.63819570369475 
   41.945719730218585   199.60844604057641 
   254.27797276215327     106.578696377458 
    244.9077224252716   141.54894671433965 
      209.93747208839   132.17869637745801 
   200.56722175150836   167.14894671433967 
   165.59697141462672   157.77869637745803 
   156.22672107774514   192.74894671433964 
   121.25647074086348   183.37869637745803 
   111.88622040398184   218.34894671433966 
   76.915970067100218   208.97869637745805 
   67.545719730218593   243.94894671433966 
   235.53747208838993   176.51919705122125 
   226.16722175150832   211.48944738810289 
   191.19697141462672   202.11919705122125 
   181.82672107774511   237.08944738810288 
   146.85647074086347   227.71919705122127 
   102.51597006710021   253.31919705122127 
