   211.00421713196565   14.510932585535331 
   192.90228353359004   45.864401293160014 
   161.54881482596534   27.762467694784387 
    143.4468812275897   59.115936402409076 
   112.09341251996501   41.014002804033453 
   93.991478921589419   72.367471511658138 
   62.638010213964726   54.265537913282508 
   44.536076615589103     85.6190066209072 
    13.18260790796443   67.517073022531576 
   224.25575224121471   63.966334891535638 
   206.15381864283907   95.319803599160309 
    174.8003499352144     77.2178700007847 
   156.69841633683879   108.57133870840936 
   125.34494762921409   90.469405110033762 
   107.24301403083848   121.82287381765843 
   75.889545323213795   103.72094021928282 
   57.787611724838165   135.07440892690749 
   26.434143017213497    116.9724753285319 
   8.3322094188379197   148.32594403615653 
   237.50728735046377   113.42173719753595 
    219.4053537520881   144.77520590516062 
   188.05188504446346   126.67327230678499 
   169.94995144608785   158.02674101440965 
   138.59648273846315   139.92480741603404 
   120.49454914008756   171.27827612365871 
   89.141080432462857   153.17634252528313 
   71.039146834087219    184.5298112329078 
   39.685678126462562   166.42787763453219 
   21.583744528086985   197.78134634215684 
   250.75882245971277   162.87713950353623 
   232.65688886133722   194.23060821116093 
   201.30342015371252   176.12867461278529 
   183.20148655533691   207.48214332040999 
   151.84801784771219   189.38020972203435 
   133.74608424933663   220.73367842965902 
   102.39261554171192   202.63174483128341 
   84.290681943336295   233.98521353890814 
   52.937213235711617   215.88327994053247 
   34.835279637336043   247.23674864815715 
   214.55495526296158    225.5840769187856 
   130.19534611834064   9.6605340964087496 
   165.09955295696128   238.83561202803466 
   80.739943812340357   22.912069205657819 
     115.644150650961   252.08714713728372 
   31.284541506340044   36.163604314906884 
