   227.01575049423218   2.5137076812769457 
   201.41575049423219   28.113707681276932 
   175.81575049423219   2.5137076812769457 
    150.2157504942322   28.113707681276932 
   124.61575049423219   2.5137076812769457 
   99.015750494232194   28.113707681276932 
   73.415750494232171   2.5137076812769457 
   47.815750494232169   28.113707681276932 
   22.215750494232193   2.5137076812769457 
   252.61575049423223   28.113707681276921 
   227.01575049423224   53.713707681276929 
   201.41575049423221   79.313707681276924 
   175.81575049423219   53.713707681276944 
    150.2157504942322   79.313707681276938 
   124.61575049423219   53.713707681276944 
   99.015750494232194   79.313707681276938 
   73.415750494232185   53.713707681276944 
   47.815750494232184   79.313707681276952 
   22.215750494232193   53.713707681276951 
   252.61575049423223   79.313707681276924 
   227.01575049423224   104.91370768127693 
   201.41575049423221   130.51370768127694 
   175.81575049423219   104.91370768127693 
    150.2157504942322   130.51370768127694 
   124.61575049423219   104.91370768127693 
   99.015750494232194   130.51370768127694 
   73.415750494232185   104.91370768127693 
   47.815750494232184   130.51370768127694 
   22.215750494232193   104.91370768127693 
   252.61575049423223   130.51370768127694 
   227.01575049423224   156.11370768127696 
   201.41575049423221   181.71370768127696 
   175.81575049423219   156.11370768127696 
    150.2157504942322   181.71370768127696 
   124.61575049423219   156.11370768127696 
   99.015750494232194   181.71370768127696 
   73.415750494232185   156.11370768127696 
   47.815750494232184   181.71370768127696 
   22.215750494232193   156.11370768127696 
   252.61575049423223   181.71370768127693 
   227.01575049423224   207.31370768127695 
   201.41575049423221   232.91370768127692 
   175.81575049423219   207.31370768127695 
    150.2157504942322   232.91370768127692 
   124.61575049423219   207.31370768127695 
   99.015750494232194   232.91370768127692 
   73.415750494232185   207.31370768127695 
   47.815750494232191   232.91370768127692 
   22.215750494232193   207.31370768127695 
   252.61575049423223   232.91370768127692 
