   3.2086886008756901   54.442235014384877 
   35.208688600875703   31.814818016415366 
   35.208688600875703   54.442235014384877 
   3.2086886008756901   31.814818016415366 
   3.2086886008756901   99.697069010323915 
   35.208688600875703   77.069652012354396 
   35.208688600875703   99.697069010323915 
   3.2086886008756901   77.069652012354396 
   3.2086886008756901   144.95190300626294 
   35.208688600875703   122.32448600829342 
   35.208688600875703   144.95190300626294 
   3.2086886008756901   122.32448600829342 
   3.2086886008756901     190.206737002202 
   35.208688600875703   167.57932000423247 
   35.208688600875703     190.206737002202 
   3.2086886008756901   167.57932000423247 
   3.2086886008756901   235.46157099814101 
   35.208688600875703   212.83415400017148 
   35.208688600875703   235.46157099814101 
   3.2086886008756901   212.83415400017148 
   67.208688600875703   54.442235014384877 
   99.208688600875675   31.814818016415366 
   99.208688600875675   54.442235014384877 
   67.208688600875703   31.814818016415366 
   67.208688600875703   99.697069010323915 
   99.208688600875675   77.069652012354396 
   99.208688600875675   99.697069010323915 
   67.208688600875703   77.069652012354396 
   67.208688600875703   144.95190300626294 
   99.208688600875675   122.32448600829342 
   99.208688600875675   144.95190300626294 
   67.208688600875703   122.32448600829342 
   67.208688600875703     190.206737002202 
   99.208688600875675   167.57932000423247 
   99.208688600875675     190.206737002202 
   67.208688600875703   167.57932000423247 
   67.208688600875703   235.46157099814101 
   99.208688600875675   212.83415400017148 
   99.208688600875675   235.46157099814101 
   67.208688600875703   212.83415400017148 
   131.20868860087569   54.442235014384877 
   163.20868860087569   31.814818016415366 
   163.20868860087569   54.442235014384877 
   131.20868860087569   31.814818016415366 
   131.20868860087569   99.697069010323915 
   163.20868860087569   77.069652012354396 
   163.20868860087569   99.697069010323915 
   131.20868860087569   77.069652012354396 
   131.20868860087569   144.95190300626294 
   163.20868860087569   122.32448600829342 
   163.20868860087569   144.95190300626294 
   131.20868860087569   122.32448600829342 
   131.20868860087569     190.206737002202 
   163.20868860087569   167.57932000423247 
   163.20868860087569     190.206737002202 
   131.20868860087569   167.57932000423247 
   131.20868860087569   235.46157099814101 
   163.20868860087569   212.83415400017148 
   163.20868860087569   235.46157099814101 
   131.20868860087569   212.83415400017148 
   195.20868860087566   54.442235014384877 
   227.20868860087569   31.814818016415366 
   227.20868860087569   54.442235014384877 
   195.20868860087566   31.814818016415366 
   195.20868860087566   99.697069010323915 
   227.20868860087569   77.069652012354396 
   227.20868860087569   99.697069010323915 
   195.20868860087566   77.069652012354396 
   195.20868860087566   144.95190300626294 
   227.20868860087569   122.32448600829342 
   227.20868860087569   144.95190300626294 
   195.20868860087566   122.32448600829342 
   195.20868860087566     190.206737002202 
   227.20868860087569   167.57932000423247 
   227.20868860087569     190.206737002202 
   195.20868860087566   167.57932000423247 
   195.20868860087566   235.46157099814101 
   227.20868860087569   212.83415400017148 
   227.20868860087569   235.46157099814101 
   195.20868860087566   212.83415400017148 
