   87.064403888551936    35.33930792946871 
   123.83043679035316   21.765110912198359 
   117.97403032980213   43.621517372749381 
   92.920810349102965   13.482901468917687 
   75.351590967449908   79.052120850570745 
   112.11762386925112    65.47792383330038 
   106.26121740870011   87.334330293851409 
   81.207997428000937   57.195714390019724 
   63.638778046347888   122.76493377167277 
   100.40481094814908   109.19073675440244 
   94.548404487598063   131.04714321495345 
   69.495184506898894   100.90852731112176 
   51.925965125245845   166.47774669277482 
   88.691998027047049   152.90354967550445 
   82.835591566496035   174.75995613605548 
   57.782371585796866   144.62134023222379 
   40.213152204143817   210.19055961387681 
   76.979185105945021   196.61636259660651 
   71.122778645394007   218.47276905715751 
   46.069558664694824   188.33415315332587 
   148.88365677105233   51.903726816030044 
    185.6496896728535    38.32952979875968 
    179.7932832123025   60.185936259310701 
   154.74006323160336    30.04732035547903 
    137.1708438499503   95.616539737132086 
   173.93687675175147   82.042342719861708 
   168.08047029120044   103.89874918041274 
    143.0272503105013   73.760133276581058 
   125.45803092884826   139.32935265823409 
   162.22406383064944   125.75515564096375 
   156.36765737009841   147.61156210151475 
   131.31443738939927   117.47294619768309 
   113.74521800774622   183.04216557933614 
   150.51125090954739   169.46796856206578 
   144.65484444899639   191.32437502261678 
   119.60162446829725   161.18575911878511 
    102.0324050866442   226.75497850043814 
   138.79843798844536   213.18078148316781 
   132.94203152789436   235.03718794371883 
    107.8888115471952   204.89857203988717 
   210.70290965355269   68.468145702591372 
   247.46894255535389   54.893948685321014 
   241.61253609480289   76.750355145872035 
   216.55931611410372   46.611739242040343 
   198.99009673245064   112.18095862369339 
   235.75612963425186   98.606761606423049 
   229.89972317370083   120.46316806697405 
   204.84650319300164   90.324552163142386 
   187.27728381134861   155.89377154479544 
   224.04331671314984   142.31957452752508 
   218.18691025259884   164.17598098807608 
   193.13369027189964   134.03736508424441 
   175.56447089024658   199.60658446589747 
   212.33050379204778   186.03238744862711 
   206.47409733149678   207.88879390917813 
   181.42087735079761   177.75017800534647 
   163.85165796914455    243.3193973869995 
   200.61769087094575   229.74520036972916 
   194.76128441039475   251.60160683028013 
   169.70806442969558   221.46299092644847 
   62.011183907852754   5.2006920256370162 
   56.154777447301733   27.057098486188039 
   50.298370986750719   48.913504946739053 
   44.441964526199698   70.769911407290067 
   249.09653669384898   172.45819043135674 
   38.585558065648677   92.626317867841095 
    32.72915160509767    114.4827243283921 
       254.9529431544   150.60178397080574 
   237.38372377274692   216.17100335245877 
   26.872745144546649   136.33913078894312 
   21.016338683995631   158.19553724949415 
   243.24013023329792   194.31459689190777 
    15.15993222344461   180.05194371004518 
   9.3035257628935906   201.90835017059615 
   231.52731731219592    238.0274098130098 
