   68.191635386258127   1.7148763964497196 
    95.90444830736017   17.714876396449725 
   45.564218388288609   40.906712280980578 
   84.590739808375403   37.310794338715148 
   73.277031309390651   56.906712280980571 
   56.877926887273368   21.310794338715155 
    22.93680139031909   80.098548165511417 
   61.963322810405899   76.502630223245987 
   50.649614311421132   96.098548165511417 
   34.250509889303856   60.502630223245987 
   39.335905812436373   115.69446610777685 
    28.02219731345161   135.29038405004226 
   11.623092891334329   99.694466107776847 
   16.708488814466868   154.88630199230766 
   5.3947803154821043    174.4822199345731 
   123.61726122846221   33.714876396449732 
   162.64378264854898   30.118958454184302 
   151.33007414956424   49.714876396449718 
   134.93096972744695   14.118958454184297 
   100.98984423049268   72.906712280980571 
   140.01636565057947   69.310794338715141 
   128.70265715159471   88.906712280980557 
   112.30355272947745   53.310794338715141 
   78.362427232523174   112.09854816551142 
   117.38894865260997   108.50263022324597 
    106.0752401536252    128.0985481655114 
   89.676135731507927   92.502630223245987 
   55.735010234553641   151.29038405004226 
   94.761531654640436   147.69446610777683 
   83.447823155655669   167.29038405004226 
   67.048718733538408   131.69446610777683 
   33.107593236584151   190.48221993457312 
   72.134114656670931   186.88630199230764 
   60.820406157686172    206.4822199345731 
   44.421301735568903   170.88630199230766 
   179.04288707066627   65.714876396449725 
   218.06940849075309   62.118958454184302 
   206.75569999176835   81.714876396449711 
   190.35659556965103   46.118958454184295 
   156.41547007269676   104.90671228098057 
   195.44199149278359   101.31079433871514 
   184.12828299379882   120.90671228098057 
    167.7291785716815   85.310794338715127 
   133.78805307472726    144.0985481655114 
   172.81457449481405   140.50263022324597 
   161.50086599582929   160.09854816551143 
     145.101761573712   124.50263022324599 
   111.16063607675773   183.29038405004226 
   150.18715749684452   179.69446610777683 
   138.87344899785975   199.29038405004229 
   122.47434457574248   163.69446610777686 
   88.533219078788221    222.4822199345731 
   127.55974049887502   218.88630199230766 
   116.24603199989028   238.48221993457312 
   99.846927577772973   202.88630199230766 
   234.46851291287035   97.714876396449711 
   245.78222141185509   78.118958454184281 
   211.84109591490085   136.90671228098054 
   250.86761733498761   133.31079433871514 
   239.55390883600285   152.90671228098057 
   223.15480441388561   117.31079433871513 
   189.21367891693131    176.0985481655114 
   228.24020033701811   172.50263022324597 
   216.92649183803334   192.09854816551137 
   200.52738741591608   156.50263022324597 
   166.58626191896178   215.29038405004226 
   205.61278333904858   211.69446610777683 
   194.29907484006381   231.29038405004226 
   177.89997041794655    195.6944661077768 
   143.95884492099228   254.48221993457307 
    182.9853663410791   250.88630199230766 
   155.27255341997704   234.88630199230764 
