   75.264153926853353   2.1445655650861131 
   113.89157092482286   8.7719825630556123 
   97.891570924822872   24.771982563055619 
   43.264153926853361   34.144565565086104 
   81.891570924822872   40.771982563055602 
   65.891570924822872   56.771982563055595 
   59.264153926853361   18.144565565086097 
   11.264153926853375   66.144565565086097 
   49.891570924822886   72.771982563055602 
   33.891570924822901   88.771982563055602 
   27.264153926853361   50.144565565086097 
   17.891570924822894    104.7719825630556 
   1.8915709248228896    120.7719825630556 
   120.51898792279241   47.399399561025142 
   159.14640492076191   54.026816558994646 
   143.14640492076194   70.026816558994653 
   136.51898792279241   31.399399561025138 
   88.518987922792419   79.399399561025135 
   127.14640492076192   86.026816558994639 
   111.14640492076192   102.02681655899464 
   104.51898792279242   63.399399561025135 
   56.518987922792427   111.39939956102512 
   95.146404920761938   118.02681655899464 
   79.146404920761938   134.02681655899462 
   72.518987922792405   95.399399561025135 
   24.518987922792416   143.39939956102512 
   63.146404920761938   150.02681655899462 
   47.146404920761938   166.02681655899462 
   40.518987922792419   127.39939956102513 
   152.51898792279241   15.399399561025133 
   31.146404920761935   182.02681655899465 
   175.14640492076191   38.026816558994639 
   8.5189879227924088   159.39939956102515 
   165.77382191873144   92.654233556964172 
     204.401238916701   99.281650554933691 
   188.40123891670098   115.28165055493371 
   181.77382191873144   76.654233556964172 
   133.77382191873147   124.65423355696416 
     172.401238916701   131.28165055493369 
     156.401238916701   147.28165055493369 
   149.77382191873144   108.65423355696417 
   101.77382191873147   156.65423355696416 
   140.40123891670098   163.28165055493369 
     124.401238916701   179.28165055493369 
   117.77382191873146   140.65423355696416 
   69.773821918731471   188.65423355696416 
   108.40123891670099   195.28165055493369 
    92.40123891670099   211.28165055493369 
   85.773821918731471   172.65423355696419 
   197.77382191873147   60.654233556964165 
    76.40123891670099   227.28165055493366 
     220.401238916701   83.281650554933691 
   53.773821918731471   204.65423355696419 
   211.02865591467045    137.9090675529032 
   249.65607291263998    144.5364845508727 
   233.65607291263998    160.5364845508727 
   227.02865591467045   121.90906755290318 
   179.02865591467048   169.90906755290317 
   217.65607291264001    176.5364845508727 
   201.65607291263998   192.53648455087267 
   195.02865591467048   153.90906755290317 
   147.02865591467048   201.90906755290317 
   185.65607291263998    208.5364845508727 
   169.65607291264001    224.5364845508727 
   163.02865591467048   185.90906755290317 
   115.02865591467048   233.90906755290317 
   153.65607291264001   240.53648455087267 
   137.65607291264001   256.53648455087273 
   131.02865591467048    217.9090675529032 
   243.02865591467048   105.90906755290317 
   99.028655914670495    249.9090675529032 
