   182.38729590117842   8.9757632260874782 
   162.79137795891299   20.289471725072239 
   107.59954207438217   15.204075801939723 
   143.19546001664759   31.603180224057002 
   123.59954207438217   42.916888723041765 
   127.19546001664759   3.8903673029549601 
   68.407706189851325   37.831492799909249 
   104.00362413211676   54.230597222026518 
   84.407706189851325   65.544305721011284 
   88.003624132116755   26.517784300924486 
   29.215870305320472   60.458909797878782 
   64.811788247585895   76.858014219996051 
   45.215870305320465   88.171722718980817 
   48.811788247585895   49.145201298894008 
   25.619952363055084   99.485431217965555 
   6.0240344207896515   110.79913971695032 
   9.6199523630550807   71.772618296863527 
   178.79137795891302   48.002284646174274 
   214.38729590117842   64.401389068291536 
   194.79137795891302   75.715097567276302 
   198.38729590117845   36.688576147189508 
   139.59954207438216   70.629701644143793 
   175.19546001664759   87.028806066261055 
   155.59954207438216   98.342514565245835 
   159.19546001664759   59.315993145159034 
   100.40770618985133   93.257118642113312 
   136.00362413211676   109.65622306423057 
   116.40770618985134   120.96993156321535 
   120.00362413211677   81.943410143128546 
   61.215870305320472   115.88453564008286 
   96.811788247585895   132.28364006220013 
   77.215870305320479   143.59734856118487 
   80.811788247585909   104.57082714109809 
   22.024034420789658   138.51195263805238 
   57.619952363055084   154.91105706016964 
   38.024034420789654   166.22476555915438 
   41.619952363055077    127.1982441390676 
   210.79137795891305   103.42791048837834 
   246.38729590117848   119.82701491049563 
   226.79137795891302   131.14072340948039 
   230.38729590117845   92.114201989393592 
   171.59954207438216   126.05532748634788 
   207.19546001664762   142.45443190846515 
   187.59954207438219   153.76814040744992 
   191.19546001664762   114.74161898736311 
   132.40770618985135   148.68274448431737 
   168.00362413211678   165.08184890643469 
   148.40770618985135   176.39555740541945 
   152.00362413211678   137.36903598533263 
   93.215870305320479   171.31016148228693 
   128.81178824758592   187.70926590440422 
   109.21587030532049   199.02297440338896 
   112.81178824758591   159.99645298330216 
   54.024034420789668   193.93757848025643 
   89.619952363055091   210.33668290237372 
   70.024034420789675   221.65039140135849 
   73.619952363055091   182.62386998127167 
   242.79137795891302   158.85353633058239 
   203.59954207438219   181.48095332855192 
   239.19546001664762   197.88005775066921 
   219.59954207438221   209.19376624965398 
   223.19546001664759   170.16724482956715 
   164.40770618985133   204.10837032652142 
   200.00362413211678   220.50747474863874 
   180.40770618985133   231.82118324762348 
   184.00362413211676   192.79466182753666 
   125.21587030532048   226.73578732449099 
   160.81178824758592   243.13489174660825 
   141.21587030532049   254.44860024559301 
   144.81178824758589   215.42207882550619 
   86.024034420789661   249.36320432246049 
   105.61995236305509   238.04949582347572 
