    175.1811069246605    35.23415413853656 
   205.31972282849219   60.287374119235736 
   183.46331636794116   66.143780579786764 
    197.0375133852115   29.377747677985543 
   131.46829400355847   46.946967059638602 
   161.60690990739013   72.000187040337764 
    139.7505034468391   77.856593500888792 
    153.3247004641095   41.090560599087581 
   87.755481082456427   58.659779980740637 
   117.89409698628812   83.712999961439806 
   96.037690525737091    89.56940642199082 
   109.61188754300747   52.803373520189616 
   44.042668161354378    70.37259290184268 
   74.181284065186077   95.425812882541834 
   52.324877604635049   101.28221934309285 
   65.899074621905399   64.516186441291666 
   30.468471144084017   107.13862580364388 
    8.612064683533033   112.99503226419489 
   22.186261700803367   76.228999362393694 
   191.74552581122182   97.053407021036932 
   221.88414171505349   122.10662700173609 
   200.02773525450246   127.96303346228711 
   213.60193227177285   91.197000560485918 
    148.0327128901198   108.76621994213897 
   178.17132879395149   133.81943992283814 
   156.31492233340043   139.67584638338914 
   169.88911935067082   102.90981348158796 
   104.31989996901775   120.47903286324102 
   134.45851587284943   145.53225284394017 
   112.60210941229842    151.3886593044912 
   126.17630642956878   114.62262640268999 
   60.607087047915712   132.19184578434306 
   90.745702951747404    157.2450657650422 
   68.889296491196376   163.10147222559323 
    82.46349350846674   126.33543932379203 
   16.894274126813706   143.90465870544506 
   47.032890030645348   168.95787868614426 
   25.176483570094355   174.81428514669525 
   38.750680587364684   138.04825224489406 
   208.30994469778315   158.87265990353731 
   238.44856060161479   183.92587988423648 
   216.59215414106382   189.78228634478748 
   230.16635115833415   153.01625344298631 
   164.59713177668112   170.58547282463934 
   194.73574768051279   195.63869280533854 
   172.87934121996176   201.49509926588951 
   186.45353823723212   164.72906636408834 
   120.88431885557908    182.2982857457414 
   151.02293475941079   207.35150572644051 
   129.16652829885976   213.20791218699156 
    142.7407253161301   176.44187928519037 
    77.17150593447704   194.01109866684342 
   107.31012183830873   219.06431864754259 
   85.453715377757703   224.92072510809359 
   99.027912395028054   188.15469220629242 
   33.458693013375026   205.72391158794545 
   63.597308917206682   230.77713156864459 
   41.740902456655689   236.63353802919559 
   55.315099473926018   199.86750512739442 
   224.87436358434445   220.69191278603765 
   166.89889748137983   4.3245276972864062 
   246.73077004489548   214.83550632548662 
   181.16155066324242    232.4047257071397 
   145.04249102082883   10.180934157837426 
   123.18608456027779   16.037340618388445 
   203.01795712379348    226.5483192465887 
   137.44873774214039    244.1175386282417 
   101.32967809972679   21.893747078939445 
   79.473271639175763   27.750153539490462 
   159.30514420269142    238.2611321676907 
   93.735924821038353   255.83035154934376 
   57.616865178624742   33.606560000041483 
   35.760458718073721   39.462966460592511 
   115.59233128158938   249.97394508879273 
   13.904052257522695   45.319372921143533 
