   184.61766022998469   10.109854824059596 
    207.2450772279542   42.109854824059582 
   184.61766022998469   42.109854824059582 
    207.2450772279542   10.109854824059596 
   139.36282623404568   10.109854824059596 
   161.99024323201519   42.109854824059582 
   139.36282623404568   42.109854824059582 
   161.99024323201519   10.109854824059596 
   94.107992238106647   10.109854824059596 
   116.73540923607617   42.109854824059582 
   94.107992238106647   42.109854824059582 
   116.73540923607617   10.109854824059596 
   48.853158242167602   10.109854824059596 
   71.480575240137114   42.109854824059582 
   48.853158242167602   42.109854824059582 
   71.480575240137114   10.109854824059596 
   229.87249422592379   10.109854824059596 
    26.22574124419809   42.109854824059596 
   229.87249422592379   42.109854824059575 
    26.22574124419809   10.109854824059596 
   184.61766022998472   74.109854824059582 
   207.24507722795425   106.10985482405958 
   184.61766022998472   106.10985482405958 
   207.24507722795425   74.109854824059582 
   139.36282623404568   74.109854824059582 
   161.99024323201519   106.10985482405958 
   139.36282623404568   106.10985482405958 
   161.99024323201519   74.109854824059582 
   94.107992238106647   74.109854824059582 
   116.73540923607617   106.10985482405958 
   94.107992238106647   106.10985482405958 
   116.73540923607617   74.109854824059582 
   48.853158242167616   74.109854824059582 
   71.480575240137114   106.10985482405958 
   48.853158242167616   106.10985482405958 
   71.480575240137114   74.109854824059582 
   229.87249422592379   74.109854824059568 
    26.22574124419809   106.10985482405958 
   229.87249422592379   106.10985482405958 
    26.22574124419809   74.109854824059596 
   184.61766022998472    138.1098548240596 
   207.24507722795425    170.1098548240596 
   184.61766022998472    170.1098548240596 
   207.24507722795425    138.1098548240596 
   139.36282623404568    138.1098548240596 
   161.99024323201519    170.1098548240596 
   139.36282623404568    170.1098548240596 
   161.99024323201519    138.1098548240596 
   94.107992238106647    138.1098548240596 
   116.73540923607617    170.1098548240596 
   94.107992238106647    170.1098548240596 
   116.73540923607617    138.1098548240596 
   48.853158242167616    138.1098548240596 
   71.480575240137114    170.1098548240596 
   48.853158242167616    170.1098548240596 
   71.480575240137114    138.1098548240596 
   229.87249422592379    138.1098548240596 
    26.22574124419809    170.1098548240596 
   229.87249422592379    170.1098548240596 
    26.22574124419809    138.1098548240596 
   184.61766022998472   202.10985482405957 
   207.24507722795425    234.1098548240596 
   184.61766022998472    234.1098548240596 
   207.24507722795425   202.10985482405957 
   139.36282623404568   202.10985482405957 
   161.99024323201519    234.1098548240596 
   139.36282623404568    234.1098548240596 
   161.99024323201519   202.10985482405957 
   94.107992238106647   202.10985482405957 
   116.73540923607617    234.1098548240596 
   94.107992238106647    234.1098548240596 
   116.73540923607617   202.10985482405957 
   48.853158242167616   202.10985482405957 
   71.480575240137128    234.1098548240596 
   48.853158242167623    234.1098548240596 
   71.480575240137114   202.10985482405957 
   229.87249422592379   202.10985482405957 
    26.22574124419809    234.1098548240596 
   229.87249422592379    234.1098548240596 
    26.22574124419809   202.10985482405957 
