   65.402280545286914   132.52439324647071 
    108.0689472119536   89.857726579804037 
    108.0689472119536   111.19105991313738 
   86.735613878620256   111.19105991313738 
   86.735613878620256   132.52439324647071 
    108.0689472119536   132.52439324647071 
    108.0689472119536   153.85772657980402 
   86.735613878620256   153.85772657980402 
    108.0689472119536   175.19105991313737 
   129.40228054528691   68.524393246470709 
   129.40228054528691   89.857726579804037 
   150.73561387862026   89.857726579804037 
   150.73561387862026   111.19105991313738 
   129.40228054528691   111.19105991313738 
   129.40228054528691   132.52439324647071 
   150.73561387862026   132.52439324647071 
   150.73561387862026   153.85772657980402 
   129.40228054528691   153.85772657980402 
   129.40228054528691   175.19105991313737 
   150.73561387862026   175.19105991313737 
   129.40228054528691   196.52439324647071 
    172.0689472119536   111.19105991313738 
    172.0689472119536   132.52439324647071 
   193.40228054528694   132.52439324647071 
    172.0689472119536   153.85772657980402 
   65.402280545286914   89.857726579804037 
   65.402280545286914   111.19105991313738 
   44.068947211953585   111.19105991313738 
   44.068947211953585   132.52439324647071 
   65.402280545286914   153.85772657980402 
   44.068947211953585   153.85772657980402 
   65.402280545286914   175.19105991313737 
    108.0689472119536   47.191059913137373 
    108.0689472119536   68.524393246470709 
   86.735613878620256   68.524393246470709 
   86.735613878620256   89.857726579804037 
   86.735613878620256   175.19105991313737 
    108.0689472119536   196.52439324647071 
   86.735613878620256   196.52439324647071 
    108.0689472119536   217.85772657980405 
   129.40228054528691   47.191059913137373 
   150.73561387862026   47.191059913137373 
   150.73561387862026   68.524393246470709 
   150.73561387862026   196.52439324647071 
   129.40228054528691   217.85772657980405 
   150.73561387862026   217.85772657980405 
    172.0689472119536   68.524393246470709 
    172.0689472119536   89.857726579804037 
   193.40228054528694   89.857726579804037 
   193.40228054528694   111.19105991313738 
   193.40228054528694   153.85772657980402 
    172.0689472119536   175.19105991313737 
   193.40228054528694   175.19105991313737 
    172.0689472119536   196.52439324647071 
   214.73561387862028   111.19105991313738 
   214.73561387862028   132.52439324647071 
   214.73561387862028   153.85772657980402 
   65.402280545286914   68.524393246470709 
   44.068947211953585   89.857726579804037 
   44.068947211953585   175.19105991313737 
   65.402280545286914   196.52439324647071 
   86.735613878620256   47.191059913137373 
   86.735613878620256   217.85772657980405 
    172.0689472119536   47.191059913137373 
   193.40228054528694   68.524393246470709 
   193.40228054528694   196.52439324647071 
    172.0689472119536   217.85772657980405 
   214.73561387862028   89.857726579804037 
   214.73561387862028   175.19105991313737 
