   65.563646633086705   128.07524493769535 
   117.81942781246116   97.905355607069325 
   112.29795485027405   118.51177323456946 
   91.691537222773931   112.99030027238234 
   86.170064260586813   133.59671789988246 
   106.77648188808693   139.11819086206958 
   101.25500892589984   159.72460848956968 
   80.648591298399708   154.20313552738256 
   95.733535963712725   180.33102611706983 
    143.9473184021484   82.820410941756322 
   138.42584543996128   103.42682856925643 
   159.03226306746137   108.94830153144355 
   153.51079010527428   129.55471915894367 
   132.90437247777416   124.03324619675655 
   127.38289951558706   144.63966382425667 
   147.98931714308719   150.16113678644379 
   142.46784418090007   170.76755441394388 
   121.86142655339995   165.24608145175679 
   116.33995359121283   185.85249907925692 
   136.94637121871295   191.37397204144403 
   110.81848062902571   206.45891670675707 
    174.1172077327744   135.07619212113079 
   168.59573477058731   155.68260974863088 
   189.20215239808743     161.204082710818 
   163.07426180840022     176.289027376131 
   76.606592557460914   86.862409682695102 
   71.085119595273795   107.46882731019524 
   50.478701967773681   101.94735434800813 
   44.957229005586576   122.55377197550825 
   60.042173670899594   148.68166256519547 
   39.435756043399472   143.16018960300835 
   54.520700708712468   169.28808019269562 
   128.86237373683537   56.692520352069089 
   123.34090077464828   77.298937979569203 
   102.73448314714813   71.777465017382099 
   97.213010184961036   92.383882644882206 
    75.12711833621259   174.80955315488274 
   90.212063001525607   200.93744374456995 
   69.605645374025471   195.41597078238286 
   84.690590039338488    221.5438613720701 
   149.46879136433549   62.213993314256186 
   170.07520899183561    67.73546627644329 
   164.55373602964849   88.341883903943412 
   131.42489825652584   211.98038966894418 
   105.29700766683861   227.06533433425719 
   125.90342529433873   232.58680729644428 
   185.16015365714861    93.86335686613053 
   179.63868069496152   114.46977449363065 
   200.24509832246164   119.99124745581777 
   194.72362536027455   140.59766508331791 
   183.68067943590034   181.81050033831809 
   157.55278884621308   196.89544500363115 
    178.1592064737132   202.41691796581827 
   152.03131588402599    217.5018626311313 
   215.33004298777468   146.11913804550503 
   209.80857002558758   166.72555567300512 
   204.28709706340047   187.33197330050524 
   82.128065519648018   66.255992055194994 
   56.000174929960799   81.340936720507997 
   33.914283081212353    163.7666072305085 
   48.999227746525364   189.89449782019577 
   108.25595610933524    51.17104738988197 
   64.084172411838367   216.02238840988298 
   190.68162661933576   73.256939238630409 
   205.76657128464873   99.384829828317649 
   172.63773351152611   223.02333559331839 
   146.50984292183887   238.10828025863142 
   220.85151594996177   125.51272041800486 
   198.76562410121335   207.93839092800539 
