   76.088669115506761   115.52709758252267 
   134.37241967697614   99.910013687719967 
   123.70575301030949     118.385222301788 
   105.23054439624146   107.71855563512133 
   94.563877729574784   126.19376424918934 
   113.03908634364282   136.86043091585603 
   102.37241967697616   155.33563952992404 
   83.897211062908127   144.66897286325738 
   91.705753010309493   173.81084814399208 
   163.51429495771083   92.101471740318601 
   152.84762829104417   110.57668035438662 
   171.32283690511218    121.2433470210533 
   160.65617023844553   139.71855563512133 
   142.18096162437752   129.05188896845465 
   131.51429495771083   147.52709758252269 
   149.98950357177884   158.19376424918934 
   139.32283690511221   176.66897286325735 
   120.84762829104419   166.00230619659069 
   110.18096162437752    184.4775148106587 
   128.65617023844553   195.14418147732539 
   99.514294957710845   202.95272342472677 
   179.13137885251354   150.38522230178799 
   168.46471218584688   168.86043091585603 
   186.93992079991492   179.52709758252269 
   157.79804551918025   187.33563952992404 
    97.42200244884009   78.576680354386625 
   86.755335782173418   97.051888968454662 
   68.280127168105395   86.385222301787991 
    57.61346050143873     104.860430915856 
    65.42200244884009   134.00230619659069 
   46.946793834772066   123.33563952992402 
   54.755335782173418   152.47751481065873 
   155.70575301030948   62.959596459583913 
   145.03908634364282   81.434805073651944 
   126.56387772957477   70.768138406985273 
   115.89721106290813   89.243347021053296 
   73.230544396241456   163.14418147732539 
   81.039086343642822   192.28605675806008 
   62.563877729574784   181.61939009139343 
   70.372419676976151   210.76126537212815 
   174.18096162437749   73.626263126250578 
   192.65617023844553   84.292929792917235 
   181.98950357177884   102.76813840698526 
   117.98950357177885   213.61939009139343 
   88.847628291044174   221.42793203879481 
   107.32283690511218   232.09459870546146 
   200.46471218584688   113.43480507365193 
   189.79804551918022   131.91001368771995 
   208.27325413324826   142.57668035438664 
    197.6065874665816   161.05188896845468 
   176.27325413324826   198.00230619659069 
   147.13137885251356   205.81084814399205 
    165.6065874665816   216.47751481065873 
   136.46471218584691   224.28605675806006 
   216.08179608064961   171.71855563512133 
   205.41512941398298   190.19376424918937 
    194.7484627473163   208.66897286325738 
   108.08866911550676   60.101471740318601 
   78.946793834772066   67.910013687719967 
   36.280127168105402   141.81084814399205 
   44.088669115506747   170.95272342472677 
   137.23054439624144   52.292929792917242 
   51.897211062908113   200.09459870546146 
   211.13137885251356   94.959596459583906 
   218.93992079991494    124.1014717403186 
   154.93992079991492   234.95272342472677 
   125.79804551918022   242.76126537212812 
    226.7484627473163    153.2433470210533 
   184.08179608064964   227.14418147732539 
