   80.491393490831953   107.92368575137094 
   140.83117215208401   107.92368575137094 
   125.74622748677099   123.00863041668397 
   110.66128282145797   107.92368575137094 
   95.576338156144971   123.00863041668396 
   110.66128282145799   138.09357508199696 
   95.576338156144971   153.17851974730999 
   80.491393490831967   138.09357508199696 
   80.491393490831967   168.26346441262302 
   171.00106148271004   107.92368575137094 
   155.91611681739701   123.00863041668396 
   171.00106148271004   138.09357508199696 
   155.91611681739701   153.17851974730999 
   140.83117215208401   138.09357508199696 
   125.74622748677099   153.17851974730999 
   140.83117215208401   168.26346441262299 
   125.74622748677099   183.34840907793597 
   110.66128282145799   168.26346441262299 
   95.576338156144971   183.34840907793603 
   110.66128282145799     198.433353743249 
   80.491393490831953     198.433353743249 
   171.00106148271004   168.26346441262299 
   155.91611681739701   183.34840907793597 
   171.00106148271004     198.433353743249 
   140.83117215208404     198.433353743249 
   110.66128282145799   77.753796420744905 
   95.576338156144956   92.838741086057937 
   80.491393490831939   77.753796420744919 
   65.406448825518936   92.838741086057908 
    65.40644882551895   123.00863041668396 
    50.32150416020594   107.92368575137093 
   50.321504160205933   138.09357508199696 
   171.00106148271004   77.753796420744905 
   155.91611681739701   92.838741086057937 
   140.83117215208398   77.753796420744905 
   125.74622748677099   92.838741086057908 
   65.406448825518936   153.17851974730999 
   65.406448825518936   183.34840907793603 
   50.321504160205919   168.26346441262302 
   50.321504160205919   198.43335374324906 
   186.08600614802305   92.838741086057908 
   201.17095081333605   107.92368575137093 
   186.08600614802305   123.00863041668394 
   95.576338156144956   213.51829840856203 
   65.406448825518936   213.51829840856203 
   80.491393490831939   228.60324307387506 
   201.17095081333605   138.09357508199696 
   186.08600614802305   153.17851974730999 
   201.17095081333608   168.26346441262299 
   186.08600614802305   183.34840907793603 
   155.91611681739704   213.51829840856203 
   125.74622748677099   213.51829840856203 
   140.83117215208404   228.60324307387506 
   110.66128282145799   228.60324307387506 
   201.17095081333608   198.43335374324906 
   186.08600614802307   213.51829840856203 
   171.00106148271007   228.60324307387506 
   125.74622748677098   62.668851755431902 
   95.576338156144971   62.668851755431888 
   35.236559494892909   123.00863041668396 
   35.236559494892909   153.17851974730999 
   155.91611681739701   62.668851755431888 
   35.236559494892909   183.34840907793603 
   216.25589547864908   123.00863041668394 
   216.25589547864908   153.17851974730999 
   125.74622748677099   243.68818773918807 
   95.576338156144956   243.68818773918809 
   216.25589547864911   183.34840907793603 
   155.91611681739707   243.68818773918807 
