    104.3543567700403   86.611591257245976 
   162.63810733150967   102.22867515204869 
   144.16289871744164   112.89534181871537 
   133.49623205077498   94.420133204647357 
   115.02102343670697   105.08679987131399 
   125.68769010337364   123.56200848538202 
    107.2124814893056   134.22867515204871 
   96.545814822638931   115.75346653798069 
   88.737272875237565   144.89534181871539 
   191.77998261224437   110.03721709945005 
   173.30477399817636   120.70388376611672 
   183.97144066484302   139.17909238018473 
   165.49623205077495   149.84575904685141 
   154.82956538410829    131.3705504327834 
   136.35435677004028   142.03721709945003 
   147.02102343670697   160.51242571351807 
   128.54581482263893   171.17909238018473 
   117.87914815597227   152.70388376611672 
   99.403939541904236    163.3705504327834 
   110.07060620857091   181.84575904685141 
   80.928730927836199   174.03721709945009 
   176.16289871744164   168.32096766091945 
   157.68769010337363   178.98763432758611 
   168.35435677004034   197.46284294165412 
   139.21248148930559   189.65430099425276 
   141.30477399817633   65.278257923912633 
   122.82956538410829   75.944924590579305 
   112.16289871744162   57.469715976511303 
   93.687690103373626   68.136382643177953 
    85.87914815597226   97.278257923912648 
   75.212481489305588   78.803049309844624 
   67.403939541904222   107.94492459057932 
   199.58852455964572   80.895341818715352 
   181.11331594557768   91.562008485382023 
   170.44664927891102      73.086799871314 
   151.97144066484302   83.753466537980671 
   78.070606208570894   126.42013320464736 
   70.262064261169542   155.56200848538205 
    59.59539759450287   137.08679987131401 
   51.786855647101518   166.22867515204874 
   210.25519122631238   99.370550432783375 
   220.92185789297906    117.8457590468514 
   202.44664927891102   128.51242571351807 
    91.59539759450287    192.5124257135181 
   62.453522313768175   184.70388376611675 
   73.120188980434833   203.17909238018476 
   213.11331594557771   146.98763432758611 
    194.6381073315097   157.65430099425276 
   205.30477399817636   176.12950960832077 
   186.82956538410829   186.79617627498749 
    149.8791481559723   208.12950960832077 
   120.73727287523758   200.32096766091945 
   131.40393954190426   218.79617627498746 
   102.26206426116954   210.98763432758611 
   197.49623205077498    205.2713848890555 
     179.021023436707   215.93805155572215 
   160.54581482263893   226.60471822238884 
   159.77998261224434   54.611591257245969 
   130.63810733150967   46.803049309844624 
   56.737272875237565   89.469715976511296 
   48.928730927836199   118.61159125724599 
   188.92185789297903   62.420133204647328 
   41.120188980434847    147.7534665379807 
   231.58852455964572   136.32096766091942 
   223.77998261224437   165.46284294165412 
   112.92873092783621   229.46284294165417 
   83.786855647101504   221.65430099425279 
   215.97144066484304   194.60471822238881 
   142.07060620857092    237.2713848890555 
