   101.97350398852335   92.209708605510613 
   154.22928516789781   122.37959793613663 
   133.62286754039766   127.90107089832375 
   128.10139457821055   107.29465327082362 
   107.49497695071044   112.81612623301072 
   113.01644991289757   133.42254386051084 
   92.410032285397449   138.94401682269796 
    86.88855932321033   118.33759919519781 
   71.803614657897327   144.46548978488508 
   180.35717575758503   137.46454260144964 
    159.7507581300849   142.98601556363673 
   165.27223109227202   163.59243319113685 
    144.6658134647719   169.11390615332397 
   139.14434050258478   148.50748852582385 
   118.53792287508466   154.02896148801096 
   124.05939583727178   174.63537911551109 
   103.45297820977166   180.15685207769818 
   97.931505247584553   159.55043445019808 
   77.325087620084446   165.07190741238517 
   82.846560582271536   185.67832503988529 
   56.718669992584303   170.59338037457229 
   150.18728642695899   189.72032378082412 
   129.58086879945887   195.24179674301121 
   135.10234176164599   215.84821437051136 
   108.97445117195878   200.76326970519833 
   143.18633924352358   81.166762681136376 
   122.57992161602346   86.688235643323495 
   117.05844865383634   66.081818015823359 
   96.452031026336229   71.603290978010463 
   81.367086361023226   97.731181567697703 
   75.845613398836122   77.124763940197582 
   60.760668733523111   103.25265452988481 
   195.44212042289806   111.33665201176241 
   174.83570279539794   116.85812497394953 
   169.31422983321085   96.251707346449393 
    148.7078122057107    101.7731803086365 
   66.282141695710223   123.85907215738493 
   51.197197030397199   149.98696274707217 
    45.67572406821008   129.38054511957205 
   30.590779402897063   155.50843570925929 
   200.96359338508518   131.94306963926252 
   206.48506634727229   152.54948726676264 
   185.87864871977217   158.07096022894976 
   62.240142954771407   191.19979800207238 
   36.112252365084181   176.11485333675941 
   41.633725327271279   196.72127096425953 
   191.40012168195926   178.67737785644988 
   170.79370405445914   184.19885081863697 
   176.31517701664623   204.80526844613715 
   155.70875938914611   210.32674140832424 
   114.49592413414589   221.36968733269845 
   88.368033544458655   206.28474266738542 
   93.889506506645759   226.89116029488554 
   67.761615916958519   211.80621562957251 
   161.23023235133323   230.93315903582439 
   140.62381472383311   236.45463199801148 
   120.01739709633299   241.97610496019857 
   163.79275687102373   75.645289718949272 
   137.66486628133649   60.560345053636247 
   55.239195771336007   82.646236902384672 
   40.154251106022976   108.77412749207193 
   189.92064746071097   90.730234384262275 
   25.069306440709962   134.90201808175917 
   212.00653930945941   173.15590489426279 
   196.92159464414638      199.28379548395 
   73.283088879145623   232.41263325707266 
    47.15519828945839   217.32768859175962 
   181.83664997883335   225.41168607363727 
   99.410979468832878   247.49757792238569 
