   112.92423196488313   70.430832699425324 
   155.59089863154981   113.09749936609201 
   134.25756529821646   113.09749936609201 
   134.25756529821646   91.764166032758666 
   112.92423196488313   91.764166032758666 
   112.92423196488313   113.09749936609201 
    91.59089863154982   113.09749936609201 
    91.59089863154982   91.764166032758666 
   70.257565298216477   113.09749936609201 
   176.92423196488315   134.43083269942531 
   155.59089863154981   134.43083269942531 
   155.59089863154981   155.76416603275865 
   134.25756529821646   155.76416603275865 
   134.25756529821646   134.43083269942531 
   112.92423196488313   134.43083269942531 
   112.92423196488313   155.76416603275865 
    91.59089863154982   155.76416603275865 
    91.59089863154982   134.43083269942531 
   70.257565298216477   134.43083269942531 
   70.257565298216477   155.76416603275865 
   48.924231964883127   134.43083269942531 
   134.25756529821646   177.09749936609199 
   112.92423196488313   177.09749936609199 
   112.92423196488313   198.43083269942534 
    91.59089863154982   177.09749936609199 
   155.59089863154981   70.430832699425324 
   134.25756529821646   70.430832699425324 
   134.25756529821646   49.097499366091988 
   112.92423196488313   49.097499366091988 
    91.59089863154982   70.430832699425324 
    91.59089863154982   49.097499366091988 
   70.257565298216477   70.430832699425324 
   198.25756529821649   113.09749936609201 
   176.92423196488315   113.09749936609201 
   176.92423196488315   91.764166032758666 
   155.59089863154981   91.764166032758666 
   70.257565298216477   91.764166032758666 
   48.924231964883127   113.09749936609201 
   48.924231964883127   91.764166032758666 
   27.590898631549784   113.09749936609201 
   198.25756529821649   134.43083269942531 
   198.25756529821649   155.76416603275865 
   176.92423196488315   155.76416603275865 
   48.924231964883127   155.76416603275865 
   27.590898631549784   134.43083269942531 
   27.590898631549784   155.76416603275865 
   176.92423196488315   177.09749936609199 
   155.59089863154981   177.09749936609199 
   155.59089863154981   198.43083269942534 
   134.25756529821646   198.43083269942534 
    91.59089863154982   198.43083269942534 
   70.257565298216477   177.09749936609199 
   70.257565298216477   198.43083269942534 
   48.924231964883127   177.09749936609199 
   134.25756529821646   219.76416603275868 
   112.92423196488313   219.76416603275868 
    91.59089863154982   219.76416603275868 
   176.92423196488315   70.430832699425324 
   155.59089863154981   49.097499366091988 
   70.257565298216463   49.097499366091988 
   48.924231964883127   70.430832699425338 
   198.25756529821649   91.764166032758666 
   27.590898631549784   91.764166032758666 
   198.25756529821649   177.09749936609199 
   176.92423196488315   198.43083269942534 
   48.924231964883127   198.43083269942534 
   27.590898631549784   177.09749936609199 
   155.59089863154981   219.76416603275868 
   70.257565298216477   219.76416603275868 
