   50.712316238954124   78.140454323662453 
   50.712316238954124   109.01571759684315 
   93.378982905620788   78.140454323662453 
   93.378982905620788   109.01571759684315 
   72.045649572287459   51.013448011845909 
   114.71231623895412   74.392197362298319 
   114.71231623895412     105.267460635479 
   72.045649572287459   81.888711285026588 
   50.712316238954124   139.89098087002378 
   50.712316238954124   170.76624414320449 
   93.378982905620788   139.89098087002378 
   93.378982905620788   170.76624414320449 
   72.045649572287459   112.76397455820727 
   114.71231623895412   136.14272390865969 
   114.71231623895412   167.01798718184034 
   72.045649572287459   143.63923783138796 
   50.712316238954124   201.64150741638517 
   50.712316238954124   47.265191050481789 
   93.378982905620788   201.64150741638517 
   93.378982905620788   47.265191050481789 
   72.045649572287459   174.51450110456864 
   114.71231623895412   197.89325045502102 
   114.71231623895412   43.516934089117676 
   72.045649572287459   205.38976437774929 
   136.04564957228746   78.140454323662453 
   136.04564957228746   109.01571759684315 
   178.71231623895412   78.140454323662453 
   178.71231623895412   109.01571759684315 
    157.3789829056208   51.013448011845909 
   200.04564957228746   74.392197362298319 
   200.04564957228746     105.267460635479 
    157.3789829056208   81.888711285026588 
   136.04564957228746   139.89098087002378 
   136.04564957228746   170.76624414320449 
   178.71231623895412   139.89098087002378 
   178.71231623895412   170.76624414320449 
    157.3789829056208   112.76397455820727 
   200.04564957228746   136.14272390865969 
   200.04564957228746   167.01798718184034 
    157.3789829056208   143.63923783138796 
   136.04564957228746   201.64150741638517 
   136.04564957228746   47.265191050481789 
   178.71231623895412   201.64150741638517 
   178.71231623895412   47.265191050481789 
    157.3789829056208   174.51450110456864 
   200.04564957228746   197.89325045502102 
   200.04564957228746   43.516934089117676 
    157.3789829056208   205.38976437774929 
    221.3789829056208   78.140454323662453 
    221.3789829056208   109.01571759684315 
   8.0456495722874752   78.140454323662453 
   8.0456495722874752   109.01571759684315 
   242.71231623895414   51.013448011845909 
   29.378982905620781   74.392197362298319 
   29.378982905620781     105.267460635479 
   242.71231623895414   81.888711285026588 
    221.3789829056208   139.89098087002378 
    221.3789829056208   170.76624414320449 
   8.0456495722874752   139.89098087002378 
   8.0456495722874752   170.76624414320449 
   242.71231623895414   112.76397455820727 
   29.378982905620781   136.14272390865969 
   29.378982905620781   167.01798718184034 
   242.71231623895414   143.63923783138796 
    221.3789829056208   201.64150741638517 
    221.3789829056208   47.265191050481789 
   8.0456495722874752   201.64150741638517 
   8.0456495722874752   47.265191050481789 
   242.71231623895414   174.51450110456864 
   29.378982905620781   197.89325045502102 
   29.378982905620781   43.516934089117676 
   242.71231623895414   205.38976437774929 
