   67.326414383648057   91.364124070540925 
   51.888782747057718   118.10288641364808 
    104.2768316117841   112.69745740387425 
   88.839199975193765   139.43621974698141 
   99.365126153624374   78.538114142553653 
    124.6261687065342   120.11803832208773 
   109.18853706994388   146.85680066519487 
    83.92749451703402   105.27687648566081 
   36.451151110467393   144.84164875675521 
    21.01351947387705   171.58041109986235 
    73.40156833860344   166.17498209008855 
     57.9639367020131   192.91374443319569 
   68.489862880443681   132.01563882876795 
   93.750905433353537   173.59556300830204 
   78.313273796763198   200.33432535140915 
   53.052231243853335   158.75440117187512 
   98.201677656828707   37.886599384326672 
   82.764046020238382   64.625361727433798 
   135.15209488496475   59.219932717660008 
   119.71446324837443   85.958695060767127 
   130.24038942680502   25.060589456339386 
   155.50143197971488   66.640513635873418 
   140.06380034312451   93.379275978980615 
   114.80275779021467   51.799351799446534 
   141.22724883992018   134.03079073720758 
   125.78961720332984   160.76955308031475 
   178.17766606805623    155.3641240705409 
   162.74003443146586   182.10288641364806 
    173.2659606098965   121.20478080922032 
   198.52700316280632   162.78470498875438 
   183.08937152621596   189.52346733186153 
   157.82832897330613   147.94354315232749 
    110.3519855667395   187.50831542342186 
   94.914353930149176   214.24707776652903 
   147.30240279487555   208.84164875675521 
   131.86477115828521   235.58041109986237 
   142.39069733671579    174.6823054954346 
   167.65173988962562   216.26222967496869 
   152.21410825303528   243.00099201807581 
   126.95306570012546   201.42106783854177 
   172.10251211310083   80.553266050993344 
   156.66488047651052   107.29202839410047 
   209.05292934123688   101.88659938432666 
   193.61529770464654   128.62536172743378 
   204.14122388307715   67.727256123006043 
   229.40226643598697   109.30718030254008 
   213.96463479939661   136.04594264564724 
   188.70359224648681   94.466018466113212 
   215.12808329619227   176.69745740387424 
   199.69045165960193   203.43621974698141 
   30.375997155512042    70.03079073720761 
   14.938365518921698   96.769553080314765 
   247.16679506616856   163.87144747588698 
   50.725334250262101    77.45137165542107 
   35.287702613671776   104.19013399852821 
   231.72916342957825   190.61020981899415 
   184.25282002301162   230.17498209008855 
   168.81518838642126   256.91374443319569 
   216.29153179298791   217.34897216210129 
    19.85007097708143   130.92889634163538 
    4.412439340491086   157.66765868474252 
   200.85390015639754   244.08773450520843 
   246.00334656937292      123.21993271766 
   230.56571493278264   149.95869506076713 
   61.251260428692689   16.553266050993368 
   45.813628792102364   43.292028394100484 
   81.600597523442786    23.97384696920675 
   66.162965886852419   50.712609312313944 
