   41.063188382289574   93.586906505315056 
   33.072082224636034   123.41012069435465 
   82.276023637289811   104.62985242968929 
   74.284917479636263   134.45306661872885 
   68.690591879904105   72.905703481012011 
   103.85256155232908     106.530787189327 
   95.861455394675517   136.35400137836658 
    60.69948572225055   102.72891767005159 
   25.080976066982476   153.23333488339421 
   17.089869909328932    183.0565490724338 
   66.293811321982716   164.27628080776842 
   58.302705164329161     194.099494996808 
   52.708379564597003   132.55213185909116 
   87.870349237021955   166.17721556740614 
   79.879243079368422   196.00042975644573 
   44.717273406943441   162.37534604813075 
   57.045400697596676   33.940478127235956 
   49.054294539943136   63.763692316275502 
    98.25823595259692   44.983424051610179 
   90.267129794943372   74.806638240649718 
   36.726167249289887   192.19856023717034 
   119.83477386763619   46.884358811247857 
   111.84366770998263   76.707573000287439 
   76.681698037557652    43.08248929197245 
   123.48885889229007   115.67279835406352 
   115.49775273463651   145.49601254310306 
   164.70169414729031   126.71574427843773 
   156.71058798963676    156.5389584674773 
   151.11626238990462   94.991595329760443 
   186.27823206232955    128.6166790380754 
     178.287125904676   158.43989322711499 
   143.12515623225107   124.81480951880002 
   107.50664657698297   175.31922673214262 
   99.515540419329412   205.14244092118221 
   148.71948183198322   186.36217265651686 
   140.72837567432964   216.18538684555645 
    135.1340500745975   154.63802370783958 
   170.29601974702246   188.26310741615458 
   162.30491358936888   218.08632160519414 
   127.14294391694395    184.4612378968792 
   139.47107120759716   56.026369975984395 
   131.47996504994362   85.849584165023941 
   180.68390646259743   67.069315900358617 
   172.69280030494386   96.892530089398164 
    119.1518377592904   214.28445208591876 
   202.26044437763667   68.970250659996296 
    194.2693382199831   98.793464849035871 
   159.10736854755814   65.168381140720882 
   205.91452940229053   137.75869020281195 
   197.92342324463698   167.58190439185151 
    247.1273646572908   148.80163612718616 
   239.13625849963728   178.62485031622575 
   233.54193289990508   117.07748717850889 
   21.426891042328563   84.444895340578555 
   13.435784884675002   114.26810952961812 
   225.55082674225156   146.90070136754846 
   189.93231708698346   197.40511858089107 
   181.94121092932991   227.22833276993066 
    231.1451523419837   208.44806450526528 
   223.15404618433016   238.27127869430487 
   217.55972058459795   176.72391555658803 
    5.444678727021441   144.09132371865769 
   209.56861442694444   206.54712974562761 
   221.89674171759765   78.112261824732826 
    213.9056355599441   107.93547601377237 
   255.11847081494437    118.9784219381466 
   201.57750826929089   236.37034393466718 
   37.409103357635665   24.798466962499422 
   29.417997199982103   54.621681151539001 
   241.53303905755863   87.254272989469314 
