   89.050278491513581   19.920745569650105 
   67.218170460127567   41.752853601036115 
    119.2201678221396   50.090634900276129 
   97.388059790753587   71.922742931662157 
   123.31691327320233    15.82400011858736 
    136.9555304024629   62.525161650578866 
   115.12342237107686    84.35726968196488 
   101.48480524181632    37.65610814997337 
   45.386062428741553   63.584961632422143 
   23.553954397355525   85.417069663808164 
   75.555951759367588    93.75485096304817 
   53.723843727981553    115.5869589944342 
   79.652697210430304   59.488216181359391 
   93.291314339690828   106.18937771335092 
   71.459206308304829   128.02148574473694 
   57.820589179044276   81.320324212745419 
   1.7218463659694969   107.24917769519418 
   31.891735696595525    137.4190670258202 
   141.05227585352563   28.258526868890105 
    35.98848114765827   103.15243224413143 
   49.627098276918822   149.85359377612292 
   158.78763843384891   40.693053619192845 
    14.15637311627226   124.98454027551745 
   149.39005715276562   80.260524230902149 
   127.55794912137962   102.09263226228818 
   179.55994648339168   110.43041356152817 
   157.72783845200564    132.2625215929142 
   183.65669193445439   76.163778779839419 
   197.29530906371494   122.86494031183092 
   175.46320103232893   144.69704834321695 
    161.8245839030684   97.995886811225432 
   105.72584108999361   123.92474029367418 
    83.89373305860758   145.75684832506022 
   135.89573042061963   154.09462962430021 
   114.06362238923361   175.92673765568622 
   139.99247587168239   119.82799484261146 
   153.63109300094288   166.52915637460296 
   131.79898496955687   188.36126440598898 
   118.16036784029636   141.66010287399749 
   62.061625027221567   167.58895635644623 
   171.22216518415166   58.428416199516121 
   92.231514357847601    197.7588456870723 
    201.3920545147777   88.598305530142156 
   96.328259808910346    163.4922109053835 
   109.96687693817087   210.19337243737499 
   219.12741709510095   101.03283228044491 
   74.496151777524332   185.32431893676952 
   209.72983581401769   140.60030289215419 
   187.89772778263168    162.4324109235402 
    239.8997251446437   170.77019222278022 
   218.06761711325774   192.60230025416624 
   243.99647059570648   136.50355744109146 
   76.615751741210801   2.1853829893267989 
    54.78364370982478   24.017491020712828 
   222.16436256432044   158.33566547247747 
   166.06561975124566   184.26451895492625 
   144.23351171985965   206.09662698631226 
   196.23550908187167   214.43440828555228 
   174.40340105048568   236.26651631693829 
   200.33225453293443   180.16777350386349 
   32.951535678438759    45.84959905209886 
   11.119427647052744   67.681707083484866 
   178.50014650154841   201.99988153524956 
   122.40140368847361    227.9287350176983 
    231.5619438454037   118.76819486076818 
    156.6680384701624   223.83198956663551 
   134.83593043877639   245.66409759802156 
