   109.58797115843808   74.801242503700678 
   82.849208815330925   90.238874140291031 
   130.92130449177142   111.75165973183672 
   104.18254214866427   127.18929136842706 
   143.74731441975868   79.712947961860422 
   144.83405690689128    128.3527398652227 
   118.09529456378415   143.79037150181304 
   117.00855207665154   95.150579598450761 
   56.110446472223806   105.67650577688136 
   29.371684129116648    121.1141374134717 
   77.443779805557142    142.6269230050174 
   50.705017462449995   158.06455464160774 
     90.2697897335444    110.5882112350411 
   91.356532220677011   159.22800313840338 
   64.617769877569856   174.66563477499372 
   63.531027390437245   126.02584287163144 
   163.06549584465236   43.925979230519999 
   136.32673350154522   59.363610867110339 
    184.3988291779857   80.876396458656046 
   157.66006683487856   96.314028095246371 
   36.792265047330083   141.46347450822179 
   198.31158159310559   97.477476592041995 
   171.57281924999845   112.91510822863233 
   170.48607676286582   64.275316325270069 
   152.25463782510477   148.70207695997277 
   125.51587548199761   164.13970859656314 
   173.58797115843811   185.65249418810885 
   146.84920881533094   201.09012582469916 
   186.41398108642539   153.61378241813253 
   187.50072357355793   202.25357432149474 
   160.76196123045082   217.69120595808508 
   159.67521874331823    169.0514140547229 
   98.777113138890485   179.57734023315345 
    72.03835079578333   195.01497186974379 
   120.11044647222381    216.5277574612895 
   93.371684129116673   231.96538909787986 
   132.93645640021109   184.48904569131321 
   134.02319888734365   233.12883759467545 
   107.28443654423651   248.56646923126578 
   106.19769405710394   199.92667732790358 
   205.73216251131905   117.82681368679209 
   178.99340016821191    133.2644453233824 
   227.06549584465239   154.77723091492814 
   200.32673350154525   170.21486255151848 
    79.45893171399679   215.36430896449392 
   240.97824825977224   171.37831104831406 
    214.2394859166651   186.81594268490443 
   213.15274342953251   138.17615078154222 
   194.92130449177145   222.60291141624489 
   168.18254214866428    238.0405430528352 
   88.254637825104751   37.850825275564659 
   61.515875481997604   53.288456912155013 
   101.08064775309201   5.8121135055883331 
   102.16739024022462   54.451905408950594 
    75.42862789711748   69.889537045540933 
   74.341885409984855   21.249745142178657 
   141.44377980555717   253.47817468942557 
   34.777113138890478   68.726088548745352 
   8.0383507957833267   84.163720185335691 
   47.603123066877721      36.687376778769 
   48.689865554010332   85.327168682131287 
   21.951103210903174   100.76480031872164 
   20.864360723770574   52.125008415359353 
   248.39882917798568   191.72764814306419 
   221.66006683487856   207.16527977965455 
   141.73216251131902   6.9755620023839899 
   114.99340016821191   22.413193638974317 
    155.6449149264389   23.576642135769916 
   128.90615258333176   39.014273772360262 
