   132.49206020981251    11.68614595379222 
   102.66884602077293    19.67725211144576 
   143.53500613418672   52.898981208792456 
   113.71179194514714   60.890087366446011 
   164.21620915848979    25.27157771117794 
   152.67701729892323   72.535278548753467 
   122.85380310988366   80.526384706407015 
    134.3929949694502   33.262683868831481 
   72.845631831733357   27.668358269099322 
   43.022417642693775   35.659464426752862 
    83.88857775610758   68.881193524099558 
   54.065363567067998    76.87229968175312 
   104.56978078041064   41.253790026485042 
   93.030588920844082   88.517490864060562 
   63.207374731804514   96.508597021714124 
    74.74656659137105   49.244896184138597 
   13.199203453654196   43.650570584406424 
   162.31527439885207    3.695039796138659 
   24.242149378028426   84.863405839406667 
   173.35822032322628   44.907875051138909 
   44.923352402331489   57.236002341792137 
   33.384160542764945   104.49970317936766 
   182.50023148796276    64.54417239109992 
   194.03942334752932   17.280471553524379 
   154.57795205856092   94.111816463792721 
   124.75473786952136   102.10292262144625 
   165.62089798293513   135.32465171879295 
   135.79768379389557   143.31575787644653 
   186.30210100723821   107.69724822117844 
   174.76290914767165   154.96094905875393 
   144.93969495863209    162.9520552164075 
   156.47888681819865   115.68835437883197 
   94.931523680481789   110.09402877909982 
   65.108309491442213   118.08513493675338 
   105.97446960485601   151.30686403410004 
   76.151255415816436   159.29797019175362 
   126.65567262915906   123.67946053648554 
    115.1164807695925   170.94316137406102 
   85.293266580552938   178.93426753171462 
   96.832458440119481    131.6705666941391 
   35.285095302402638   126.07624109440692 
   184.40116624760049   86.120710306139159 
   46.328041226776854   167.28907634940717 
   195.44411217197472   127.33354556113942 
    67.00924425107992   139.66167285179264 
   55.470052391513384   186.92537368936814 
   204.58612333671121   146.96984290110038 
    216.1253151962778   99.706142063524879 
   176.66384390730934   176.53748697379319 
   146.84062971826981   184.52859313144677 
   187.70678983168361   217.75032222879349 
   157.88357564264402   225.74142838644704 
   208.38799285598665   190.12291873117894 
    196.8488009964201   237.38661956875444 
   167.02558680738051   245.37772572640796 
   178.56477866694706   198.11402488883246 
   117.01741552923023   192.51969928910032 
   87.194201340190659   200.51080544675386 
   128.06036145360446   233.73253454410056 
   98.237147264564868   241.72364070175416 
    148.7415644779075   206.10513104648601 
   137.20237261834095   253.36883188406154 
   118.91835028886793   214.09623720413958 
   57.370987151151077   208.50191160440744 
   206.48705809634893   168.54638081613965 
   68.413933075525293   249.71474685940768 
   217.53000402072317   209.75921607113992 
    89.09513609982838   222.08734336179313 
   226.67201518545966   229.39551341110089 
   238.21120704502621   182.13181257352539 
