    152.5790074149462   10.061091796996598 
   121.70374414176554   10.061091796996598 
    152.5790074149462   52.727758463663271 
   121.70374414176554   52.727758463663271 
   179.70601372676273   31.394425130329942 
   156.32726437631035   74.061091796996607 
   125.45200110312967   74.061091796996607 
   148.83075045358208   31.394425130329942 
   90.828480868584876   10.061091796996598 
   59.953217595404176   10.061091796996598 
   90.828480868584876   52.727758463663271 
   59.953217595404183   52.727758463663271 
   117.95548718040141   31.394425130329942 
   94.576737829948982   74.061091796996607 
   63.701474556768318   74.061091796996607 
   87.080223907220713   31.394425130329942 
   214.32953396130756   10.061091796996598 
   183.45427068812691   10.061091796996598 
   214.32953396130756   52.727758463663264 
   183.45427068812691   52.727758463663271 
   56.204960634040042   31.394425130329942 
   218.07779092267165   74.061091796996593 
     187.202527649491   74.061091796996607 
   210.58127699994344   31.394425130329942 
    152.5790074149462   95.394425130329935 
   121.70374414176554   95.394425130329935 
    152.5790074149462   138.06109179699661 
   121.70374414176554   138.06109179699661 
   179.70601372676279   116.72775846366328 
   156.32726437631035   159.39442513032992 
   125.45200110312967   159.39442513032992 
   148.83075045358208   116.72775846366328 
   90.828480868584876   95.394425130329935 
   59.953217595404183   95.394425130329935 
   90.828480868584876   138.06109179699661 
   59.953217595404183   138.06109179699661 
   117.95548718040141   116.72775846366328 
   94.576737829948982   159.39442513032992 
   63.701474556768318   159.39442513032992 
   87.080223907220713   116.72775846366328 
   214.32953396130756   95.394425130329935 
   183.45427068812691   95.394425130329935 
   214.32953396130756   138.06109179699661 
   183.45427068812691   138.06109179699661 
   56.204960634040049   116.72775846366328 
   218.07779092267165   159.39442513032992 
     187.202527649491   159.39442513032992 
   210.58127699994344   116.72775846366328 
   152.57900741494623   180.72775846366326 
   121.70374414176554   180.72775846366326 
   152.57900741494623   223.39442513032995 
   121.70374414176554   223.39442513032995 
   179.70601372676279   202.06109179699661 
   156.32726437631035   244.72775846366326 
   125.45200110312967   244.72775846366326 
   148.83075045358208   202.06109179699661 
   90.828480868584876   180.72775846366326 
   59.953217595404183   180.72775846366326 
   90.828480868584876   223.39442513032995 
    59.95321759540419   223.39442513032995 
   117.95548718040141   202.06109179699661 
   94.576737829948982   244.72775846366326 
   63.701474556768325   244.72775846366326 
   87.080223907220713   202.06109179699661 
   214.32953396130756   180.72775846366326 
   183.45427068812691   180.72775846366326 
   214.32953396130759   223.39442513032995 
   183.45427068812694   223.39442513032995 
   56.204960634040049   202.06109179699661 
   218.07779092267165   244.72775846366326 
   187.20252764949106   244.72775846366326 
   210.58127699994344   202.06109179699661 
