   21.136508297073359   28.221408900743892 
   21.136508297073359   70.888075567410553 
   39.611716911141379    38.88807556741056 
   39.611716911141379   60.221408900743896 
   21.136508297073359   92.221408900743896 
   21.136508297073359   134.88807556741057 
   39.611716911141379   102.88807556741055 
   39.611716911141379   124.22140890074388 
   21.136508297073359   156.22140890074388 
   21.136508297073359   198.88807556741054 
   39.611716911141379   166.88807556741057 
   39.611716911141379   188.22140890074391 
   21.136508297073359   220.22140890074388 
   21.136508297073359   6.8880755674105423 
   39.611716911141379   230.88807556741057 
   39.611716911141379   252.22140890074385 
   58.086925525209395   28.221408900743892 
   58.086925525209395   70.888075567410553 
   76.562134139277418    38.88807556741056 
   76.562134139277418   60.221408900743896 
   58.086925525209395   92.221408900743896 
   58.086925525209395   134.88807556741057 
   76.562134139277418   102.88807556741055 
   76.562134139277418   124.22140890074388 
   58.086925525209395   156.22140890074388 
   58.086925525209395   198.88807556741054 
   76.562134139277418   166.88807556741057 
   76.562134139277418   188.22140890074391 
   58.086925525209395   220.22140890074388 
   58.086925525209395   6.8880755674105423 
   76.562134139277418   230.88807556741057 
   76.562134139277418   252.22140890074385 
   95.037342753345456   28.221408900743892 
   95.037342753345456   70.888075567410553 
   113.51255136741348    38.88807556741056 
   113.51255136741348   60.221408900743896 
   95.037342753345456   92.221408900743896 
   95.037342753345456   134.88807556741057 
   113.51255136741348   102.88807556741055 
   113.51255136741348   124.22140890074388 
   95.037342753345456   156.22140890074388 
   95.037342753345456   198.88807556741054 
   113.51255136741348   166.88807556741057 
   113.51255136741348   188.22140890074391 
   95.037342753345456   220.22140890074388 
   95.037342753345456   6.8880755674105423 
   113.51255136741348   230.88807556741057 
   113.51255136741348   252.22140890074385 
    131.9877599814815   28.221408900743892 
    131.9877599814815   70.888075567410553 
   150.46296859554951    38.88807556741056 
   150.46296859554951   60.221408900743896 
    131.9877599814815   92.221408900743896 
    131.9877599814815   134.88807556741057 
   150.46296859554951   102.88807556741055 
   150.46296859554951   124.22140890074388 
    131.9877599814815   156.22140890074388 
    131.9877599814815   198.88807556741054 
   150.46296859554951   166.88807556741057 
   150.46296859554951   188.22140890074391 
    131.9877599814815   220.22140890074388 
    131.9877599814815   6.8880755674105423 
   150.46296859554951   230.88807556741057 
   150.46296859554951   252.22140890074385 
   168.93817720961755   28.221408900743892 
   168.93817720961755   70.888075567410553 
   187.41338582368559    38.88807556741056 
   187.41338582368559   60.221408900743896 
   168.93817720961755   92.221408900743896 
   168.93817720961755   134.88807556741057 
   187.41338582368559   102.88807556741055 
   187.41338582368559   124.22140890074388 
   168.93817720961755   156.22140890074388 
   168.93817720961755   198.88807556741054 
   187.41338582368559   166.88807556741057 
   187.41338582368559   188.22140890074391 
   168.93817720961755   220.22140890074388 
   168.93817720961755   6.8880755674105423 
   187.41338582368559   230.88807556741057 
   187.41338582368559   252.22140890074385 
    205.8885944377536   28.221408900743892 
    205.8885944377536   70.888075567410553 
   224.36380305182161    38.88807556741056 
   224.36380305182161   60.221408900743896 
    205.8885944377536   92.221408900743896 
    205.8885944377536   134.88807556741057 
   224.36380305182161   102.88807556741055 
   224.36380305182161   124.22140890074388 
    205.8885944377536   156.22140890074388 
    205.8885944377536   198.88807556741054 
   224.36380305182161   166.88807556741057 
   224.36380305182161   188.22140890074391 
    205.8885944377536   220.22140890074388 
    205.8885944377536   6.8880755674105423 
   224.36380305182161   230.88807556741057 
   224.36380305182161   252.22140890074385 
