   58.054122462799128   35.917194587197898 
   47.011176538424913   77.130029842198127 
   73.139067128112146   51.002139252510908 
   67.617594165925027   71.608556880011037 
   41.489703576237808   97.736447469698263 
   30.446757651863575   138.94928272469852 
   56.574648241550811   112.82139213501128 
   51.053175279363707    133.4278097625114 
    24.92528468967647   159.55570035219864 
   13.882338765302258   200.76853560719888 
   40.010229354989484   174.64064501751164 
   34.488756392802372   195.24706264501182 
   8.3608658031151535   221.37495323469898 
   63.575595424986233   15.310776959697783 
   84.182013052486354   9.7893039975106575 
   93.745484755612267   45.480666290323789 
   82.702538831238044    86.69350154532404 
   108.83042942092527   60.565610955636807 
   103.30895645873817   81.172028583136935 
    77.18106586905094   107.29991917282416 
   66.138119944676717    148.5127544278244 
   92.266010534363957   122.38486383813719 
   86.744537572176839   142.99128146563731 
   60.616646982489598   169.11917205532455 
    49.57370105811539   210.33200731032477 
   75.701591647802616   184.20411672063756 
   70.180118685615497   204.81053434813771 
   44.052228095928285   230.93842493782486 
   99.266957717799372   24.874248662823664 
   119.87337534529951    19.35277570063656 
   129.43684704842539   55.044137993449702 
    118.3939011240512   96.256973248449924 
   144.52179171373842   70.129082658762712 
    139.0003187515513   90.735500286262848 
   112.87242816186409   116.86339087595006 
   101.82948223748986   158.07622613095032 
    127.9573728271771   131.94833554126311 
   122.43589986498999    152.5547531687632 
   96.308009275302751   178.68264375845044 
   85.265063350928543   219.89547901345068 
   111.39295394061575   193.76758842376344 
   105.87148097842865   214.37400605126359 
   79.743590388741438   240.50189664095078 
   134.95832001061251   34.437720365949581 
   161.08621060029975   8.3098297762623297 
   155.56473763811263   28.916247403762462 
   165.12820934123852   64.607609696575594 
   154.08526341686431   105.82044495157585 
   180.21315400655155   79.692554361888611 
   174.69168104436446   100.29897198938875 
   148.56379045467722   126.42686257907597 
   137.52084453030298    167.6396978340762 
   163.64873511999025   141.51180724438896 
    158.1272621578031   162.11822487188911 
   131.99937156811586   188.24611546157635 
   120.95642564374167   229.45895071657657 
   147.08431623342889   203.33106012688938 
   141.56284327124177    223.9374777543895 
   115.43495268155456   250.06536834407672 
   170.64968230342564   44.001192069075479 
   196.77757289311288   17.873301479388211 
   191.25609993092576   38.479719106888368 
    200.8195716340517   74.171081399701507 
   189.77662570967749   115.38391665470175 
   215.90451629936473    89.25602606501451 
   210.38304333717758   109.86244369251465 
   184.25515274749037   135.99033428220187 
   173.21220682311613   177.20316953720214 
   199.34009741280337    151.0752789475149 
   193.81862445061626   171.68169657501502 
   167.69073386092904   197.80958716470224 
   156.64778793655481   239.02242241970251 
   182.77567852624205    212.8945318300153 
   177.25420556405493   233.50094945751545 
   206.34104459623879   53.564663772201385 
   232.46893518592603   27.436773182514134 
   226.94746222373894   48.043190810014266 
   236.51093392686485   83.734553102827405 
   225.46798800249064   124.94738835782766 
   251.59587859217783   98.819497768140423 
   246.07440562999074   119.42591539564056 
    219.9465150403035   145.55380598532778 
   208.90356911592929   186.76664124032803 
   235.03145970561647   160.63875065064079 
   229.50998674342941   181.24516827814091 
   203.38209615374217   207.37305886782815 
   192.33915022936796   248.58589412282842 
   218.46704081905517   222.45800353314118 
   212.94556785686805    243.0644211606413 
   242.03240688905191   63.128135475327298 
