    85.96776014742413   18.418667712590647 
   107.30109348075746   18.418667712590647 
   75.301093480757459    36.89387632665867 
   53.967760147424123   73.844293554794731 
   85.967760147424144   55.369084940726694 
   75.301093480757473   73.844293554794731 
   43.301093480757459   92.319502168862755 
   21.967760147424137    129.2699193969988 
    53.96776014742413   110.79471078293079 
   43.301093480757466    129.2699193969988 
   11.301093480757482   147.74512801106681 
   21.967760147424158   166.22033662513485 
   11.301093480757503   184.69554523920286 
   117.96776014742413    36.89387632665867 
   149.96776014742412   18.418667712590629 
   139.30109348075746    36.89387632665867 
   107.30109348075746   55.369084940726694 
    85.96776014742413   92.319502168862755 
   117.96776014742413   73.844293554794717 
   107.30109348075746   92.319502168862741 
   75.301093480757459   110.79471078293078 
    53.96776014742413   147.74512801106684 
    85.96776014742413    129.2699193969988 
   75.301093480757459   147.74512801106684 
    43.30109348075748   166.22033662513482 
   21.967760147424158   203.17075385327087 
   53.967760147424144   184.69554523920289 
   43.301093480757487   203.17075385327084 
   171.30109348075746   18.418667712590647 
   149.96776014742414   55.369084940726687 
   181.96776014742414    36.89387632665867 
   171.30109348075746   55.369084940726694 
   139.30109348075746   73.844293554794717 
   117.96776014742413   110.79471078293078 
   149.96776014742414   92.319502168862741 
   139.30109348075749   110.79471078293078 
   107.30109348075746    129.2699193969988 
    85.96776014742413   166.22033662513485 
   117.96776014742413   147.74512801106684 
   107.30109348075747   166.22033662513488 
   75.301093480757487   184.69554523920286 
   53.967760147424151   221.64596246733888 
   85.967760147424173   203.17075385327087 
   75.301093480757501   221.64596246733888 
   203.30109348075746    36.89387632665867 
   181.96776014742414   73.844293554794717 
   213.96776014742412   55.369084940726687 
   203.30109348075749   73.844293554794717 
   171.30109348075746   92.319502168862741 
   149.96776014742414    129.2699193969988 
   181.96776014742414   110.79471078293075 
   171.30109348075746   129.26991939699877 
   139.30109348075746   147.74512801106681 
   117.96776014742413   184.69554523920289 
   149.96776014742414   166.22033662513488 
   139.30109348075746   184.69554523920289 
    107.3010934807575   203.17075385327087 
   85.967760147424158   240.12117108140694 
   117.96776014742416   221.64596246733888 
    107.3010934807575   240.12117108140694 
   235.30109348075749   55.369084940726694 
   213.96776014742417   92.319502168862741 
   245.96776014742414   73.844293554794703 
   235.30109348075749   92.319502168862741 
   203.30109348075749   110.79471078293075 
   181.96776014742414   147.74512801106684 
   213.96776014742417   129.26991939699877 
   203.30109348075749   147.74512801106681 
   171.30109348075746   166.22033662513485 
   149.96776014742414   203.17075385327087 
   181.96776014742414   184.69554523920289 
   171.30109348075746   203.17075385327092 
   139.30109348075752   221.64596246733888 
   149.96776014742414   240.12117108140694 
   245.96776014742414   110.79471078293078 
   235.30109348075749   129.26991939699877 
   213.96776014742417   166.22033662513488 
   245.96776014742414   147.74512801106678 
   235.30109348075749   166.22033662513482 
   203.30109348075749   184.69554523920289 
   181.96776014742414   221.64596246733893 
   213.96776014742412   203.17075385327092 
   203.30109348075749   221.64596246733893 
   171.30109348075752   240.12117108140694 
