   90.581616401608528   17.041262473843005 
   126.27297869442167   7.4777907707171014 
   111.18803402910865    22.56273543603011 
   75.496671736295511   32.126207139156037 
   45.326782405669476   62.296096469782057 
   81.018144698482629   52.732624766656144 
   65.933200033169612   67.817569431969162 
   30.241837740356491    77.38104113509506 
   35.763310702543585   97.987458762595196 
   20.678366037230564   113.07240342790823 
   146.87939632192177   12.999263732904208 
   116.70950699129575   43.169153063530246 
   152.40086928410889   33.605681360404319 
   137.31592461879586   48.690626025717336 
   101.62456232598275   58.254097728843249 
   71.454672995356717   88.423987059469283 
   107.14603528816986    78.86051535634337 
   92.061090622856824   93.945460021656388 
   56.369728330043721    103.5089317247823 
   26.199838999417693   133.67882105540832 
   61.891201292230811   124.11534935228241 
   46.806256626917794   139.20029401759544 
   11.114894334104683   148.76376572072135 
   16.636367296291766   169.37018334822147 
   182.57075861473493   3.4357920297782827 
   173.00728691160901   39.127154322591444 
   142.83739758098301   69.297043653217472 
   178.52875987379613   59.733571950091573 
   163.44381520848313   74.818516615404576 
   127.75245291566998   84.381988318530489 
   97.582563585043957   114.55187764915652 
    133.2739258778571   104.98840594603061 
   118.18898121254409   120.07335061134363 
   82.497618919730954   129.63682231446953 
   52.327729589104933   159.80671164509556 
   88.019091881918058   150.24323994196965 
   72.934147216605027   165.32818460728268 
   37.242784923791902   174.89165631040859 
   188.09223157692205   24.042209657278416 
   42.764257885979021   195.49807393790869 
   208.69864920442217   29.563682619465521 
   199.13517750129625   65.255044912278663 
   168.96528817067022   95.424934242904698 
   204.65665046348337   85.861462539778799 
   189.57170579817034    100.9464072050918 
   153.88034350535722   110.50987890821771 
   123.71045417473117   140.67976823884374 
   159.40181646754434   131.11629653571782 
    144.3168718022313   146.20124120103085 
   108.62550950941818   155.76471290415677 
   78.455620178792159   185.93460223478277 
    114.1469824716053   176.37113053165689 
   99.062037806292267   191.45607519696992 
   63.370675513479128    201.0195469000958 
   214.22012216660923   50.170100246965646 
   68.892148475666247   221.62596452759593 
   234.82653979410938    55.69157320915275 
    225.2630680909835   91.382935501965903 
   195.09317876035749   121.55282483259194 
   230.78454105317061   111.98935312946604 
   215.69959638785761   127.07429779477904 
   180.00823409504446   136.63776949790494 
   149.83834476441842   166.80765882853098 
   185.52970705723158   157.24418712540506 
   170.44476239191854   172.32913179071809 
   134.75340009910542   181.89260349384401 
   104.58351076847939   212.06249282447001 
   140.27487306129254   202.49902112134413 
   125.18992839597951   217.58396578665716 
   89.498566103166382   227.14743748978304 
   240.34801275629653   76.297990836652886 
   95.020039065353487   247.75385511728317 
   251.39095868067074   117.51082609165314 
   221.22106935004473   147.68071542227918 
   256.91243164285777   138.11724371915324 
   241.82748697754482   153.20218838446624 
    206.1361246847317   162.76566008759218 
   175.96623535410566   192.93554941821822 
   211.65759764691879   183.37207771509227 
   196.57265298160576   198.45702238040531 
   160.88129068879266   208.02049408353122 
   130.71140135816665   238.19038341415725 
   166.40276365097975   228.62691171103131 
   151.31781898566672   243.71185637634434 
   115.62645669285362   253.27532807947028 
