   145.41617672352788   22.004683925191465 
   108.46575949539184   43.338017258524815 
   145.41617672352788   43.338017258524808 
   126.94096810945987   54.004683925191479 
   89.990550881323813   54.004683925191479 
   53.040133653187773   75.338017258524815 
   89.990550881323813   75.338017258524829 
   71.515342267255804   86.004683925191472 
   34.564925039119728     86.0046839251915 
   34.564925039119728   107.33801725852483 
   16.089716425051733    118.0046839251915 
   163.89138533759592    11.33801725852479 
   200.84180256573197    11.33801725852479 
   182.36659395166396   22.004683925191443 
   163.89138533759589   54.004683925191479 
   126.94096810945987   75.338017258524829 
   163.89138533759589     75.3380172585248 
   145.41617672352788   86.004683925191472 
   108.46575949539184     86.0046839251915 
   71.515342267255804   107.33801725852483 
   108.46575949539184   107.33801725852483 
   89.990550881323827   118.00468392519149 
   53.040133653187773    118.0046839251915 
   16.089716425051733   139.33801725852484 
   53.040133653187759   139.33801725852484 
    34.56492503911975    150.0046839251915 
   182.36659395166396   43.338017258524808 
   219.31701117979998   43.338017258524793 
     200.841802565732   54.004683925191451 
   182.36659395166396   86.004683925191472 
   145.41617672352788    107.3380172585248 
   182.36659395166396    107.3380172585248 
   163.89138533759592   118.00468392519149 
   126.94096810945987   118.00468392519149 
   89.990550881323827   139.33801725852481 
   126.94096810945987   139.33801725852484 
   108.46575949539186    150.0046839251915 
   71.515342267255789    150.0046839251915 
    34.56492503911975   171.33801725852484 
   71.515342267255789   171.33801725852484 
   53.040133653187794    182.0046839251915 
   16.089716425051755   182.00468392519147 
     200.841802565732   75.338017258524786 
   237.79221979386801     75.3380172585248 
   219.31701117980001   86.004683925191458 
   200.84180256573197   118.00468392519146 
   163.89138533759589   139.33801725852481 
   200.84180256573197   139.33801725852479 
   182.36659395166396   150.00468392519147 
   145.41617672352788   150.00468392519147 
   108.46575949539186   171.33801725852479 
   145.41617672352788   171.33801725852481 
   126.94096810945989   182.00468392519147 
   89.990550881323813   182.00468392519147 
   53.040133653187773   203.33801725852481 
   89.990550881323813   203.33801725852481 
   71.515342267255804   214.00468392519144 
   34.564925039119771   214.00468392519144 
   219.31701117980001   107.33801725852479 
   256.26742840793611   107.33801725852479 
   237.79221979386801   118.00468392519144 
   219.31701117979998   150.00468392519147 
   182.36659395166396   171.33801725852479 
   219.31701117980001   171.33801725852481 
     200.841802565732    182.0046839251915 
   163.89138533759592   182.00468392519147 
   126.94096810945989   203.33801725852479 
   163.89138533759595   203.33801725852481 
   145.41617672352794    214.0046839251915 
   108.46575949539184    214.0046839251915 
   71.515342267255804   235.33801725852481 
   108.46575949539186   235.33801725852484 
   89.990550881323855   246.00468392519147 
   53.040133653187802   246.00468392519147 
   237.79221979386801   139.33801725852476 
   256.26742840793611   150.00468392519147 
   237.79221979386801   182.00468392519147 
     200.841802565732   203.33801725852481 
   126.94096810945987   11.338017258524832 
   108.46575949539184   22.004683925191486 
   182.36659395166396    214.0046839251915 
   145.41617672352791   235.33801725852481 
   71.515342267255789   43.338017258524836 
   53.040133653187794   54.004683925191493 
   126.94096810945989   246.00468392519147 
   16.089716425051712   75.338017258524857 
   256.26742840793611   171.33801725852479 
