   213.64473930332019    16.54821776200162 
   172.43190404831992   27.591163686375829 
   208.12326634113307   37.154635389501742 
   187.51684871363295    42.67610835168886 
   151.82548642081983   33.112636648562955 
   110.61265116581956   44.155582572937163 
   146.30401345863268   53.719054276063069 
   125.69759583113257   59.240527238250174 
   90.006233538319435   49.677055535124268 
   48.793398283319192   60.720001459498491 
   84.484760576132317   70.283473162624404 
   63.878342948632202   75.804946124811508 
   28.186980655819077   66.241474421685595 
   22.665507693631952   86.847892049185717 
   2.0590900661318594   92.369365011372821 
   223.20821100644611   52.239580054814752 
   181.99537575144583   63.282525979188961 
   217.68673804425899   72.845997682314859 
   197.08032041675881   78.367470644501978 
   161.38895812394571   68.803998941376079 
   120.17612286894546   79.846944865750302 
   155.86748516175859   89.410416568876187 
   135.26106753425847   94.931889531063305 
   99.569705241445348   85.368417827937407 
   58.356869986445091    96.41136375231163 
   94.048232279258215   105.97483545543753 
   73.441814651758108   111.49630841762463 
   37.750452358944983   101.93283671449873 
    32.22897939675785   122.53925434199884 
   11.622561769257763   128.06072730418595 
   232.77168270957199   87.930942347627891 
   191.55884745457175   98.973888272002114 
   227.25020974738487   108.53735997512801 
   206.64379211988475   114.05883293731512 
   170.95242982707163   104.49536123418922 
   129.73959457207135   115.53830715856343 
   165.43095686488451   125.10177886168935 
   144.82453923738439   130.62325182387644 
   109.13317694457125   121.05978012075056 
   67.920341689571003   132.10272604512477 
   103.61170398238411   141.66619774825068 
   83.005286354884007    147.1876707104378 
   47.313924062070882   137.62419900731186 
   6.1010888070706368   148.66714493168607 
    41.79245109988377   158.23061663481201 
   21.186033472383667    163.7520895969991 
   242.33515441269788   123.62230464044103 
   201.12231915769763   134.66525056481524 
   236.81368145051081   144.22872226794115 
   216.20726382301066   149.75019523012827 
   180.51590153019751   140.18672352700233 
   139.30306627519727   151.22966945137657 
   174.99442856801039   160.79314115450248 
    154.3880109405103   166.31461411668957 
   118.69664864769715   156.75114241356368 
   77.483813392696902   167.79408833793789 
   113.17517568551003   177.35756004106381 
   92.568758058009905   182.87903300325092 
   56.877395765196773   173.31556130012498 
   15.664560510196539   184.35850722449919 
   51.355922803009662   193.92197892762513 
   30.749505175509569   199.44345188981222 
   251.89862611582379   159.31366693325415 
   210.68579086082357   170.35661285762836 
    246.3771531536367    179.9200845607543 
   225.77073552613655   185.44155752294139 
   190.07937323332342   175.87808581981548 
   148.86653797832315   186.92103174418972 
   184.55790027113633    196.4845034473156 
   163.95148264363618   202.00597640950272 
   128.26012035082306   192.44250470637684 
   87.047285095822801   203.48545063075105 
   122.73864738863593   213.04892233387696 
    102.1322297611358   218.57039529606405 
   66.440867468322693   209.00692359293816 
   25.228032213322443   220.04986951731237 
   60.919394506135575   229.61334122043826 
   40.312976878635475   235.13481418262541 
   220.24926256394946   206.04797515044149 
   198.55979463800719    1.463273096688632 
   177.95337701050707   6.9847460588757366 
   199.64284493644931   211.56944811262861 
   158.43000968144906   222.61239403700284 
   136.74054175550683   18.027691983249969 
    116.1341241280067   23.549164945437074 
   137.82359205394894   228.13386699918996 
   96.610756798948699   239.17681292356417 
   74.921288873006432   34.592110869811293 
   54.314871245506303   40.113583831998397 
   76.004339171448592   244.69828588575126 
   34.791503916448349    255.7412318101255 
   13.102035990506069   51.156529756372606 
