   233.10608220680587   25.527256329613511 
   190.43941554013921   25.527256329613511 
   222.43941554013924   44.002464943681517 
   201.10608220680587   44.002464943681531 
   169.10608220680589   25.527256329613511 
   126.43941554013921   25.527256329613511 
   158.43941554013921   44.002464943681531 
   137.10608220680589   44.002464943681531 
   105.10608220680588   25.527256329613511 
   62.439415540139208   25.527256329613511 
   94.439415540139208   44.002464943681531 
    73.10608220680588   44.002464943681531 
   41.106082206805901   25.527256329613511 
   254.43941554013927   25.527256329613511 
   30.439415540139237   44.002464943681538 
   9.1060822068059277   44.002464943681538 
   233.10608220680587    62.47767355774954 
   190.43941554013921   62.477673557749547 
   222.43941554013924   80.952882171817549 
   201.10608220680587   80.952882171817564 
   169.10608220680589   62.477673557749547 
   126.43941554013921   62.477673557749547 
   158.43941554013921   80.952882171817564 
   137.10608220680589   80.952882171817564 
   105.10608220680588   62.477673557749547 
   62.439415540139223   62.477673557749547 
   94.439415540139208   80.952882171817564 
    73.10608220680588   80.952882171817564 
   41.106082206805915   62.477673557749561 
   254.43941554013927    62.47767355774954 
   30.439415540139237   80.952882171817578 
   9.1060822068059277   80.952882171817578 
   233.10608220680587   99.428090785885587 
   190.43941554013921   99.428090785885587 
   222.43941554013924   117.90329939995364 
   201.10608220680587   117.90329939995364 
   169.10608220680589   99.428090785885587 
   126.43941554013921   99.428090785885587 
   158.43941554013921   117.90329939995364 
   137.10608220680589   117.90329939995364 
   105.10608220680588   99.428090785885587 
   62.439415540139223   99.428090785885601 
   94.439415540139208   117.90329939995364 
    73.10608220680588   117.90329939995364 
   41.106082206805915   99.428090785885601 
   254.43941554013927   99.428090785885587 
   30.439415540139237   117.90329939995364 
   9.1060822068059277   117.90329939995364 
   233.10608220680587   136.37850801402163 
   190.43941554013921   136.37850801402163 
   222.43941554013924   154.85371662808967 
   201.10608220680587   154.85371662808967 
   169.10608220680589   136.37850801402163 
   126.43941554013921   136.37850801402163 
   158.43941554013921   154.85371662808967 
   137.10608220680589   154.85371662808967 
   105.10608220680588   136.37850801402163 
   62.439415540139223   136.37850801402163 
   94.439415540139208   154.85371662808967 
    73.10608220680588   154.85371662808967 
   41.106082206805915   136.37850801402163 
   254.43941554013927   136.37850801402163 
   30.439415540139237   154.85371662808967 
   9.1060822068059277   154.85371662808967 
   233.10608220680587   173.32892524215771 
   190.43941554013921   173.32892524215771 
   222.43941554013924   191.80413385622572 
   201.10608220680587   191.80413385622572 
   169.10608220680589   173.32892524215771 
   126.43941554013921   173.32892524215771 
   158.43941554013921   191.80413385622572 
   137.10608220680589   191.80413385622572 
   105.10608220680588   173.32892524215771 
   62.439415540139223   173.32892524215771 
   94.439415540139208   191.80413385622572 
    73.10608220680588   191.80413385622572 
   41.106082206805915   173.32892524215771 
   254.43941554013927   173.32892524215771 
   30.439415540139237   191.80413385622575 
   9.1060822068059277   191.80413385622575 
   233.10608220680587   210.27934247029373 
   190.43941554013921   210.27934247029376 
   222.43941554013924   228.75455108436174 
   201.10608220680592   228.75455108436174 
   169.10608220680589   210.27934247029376 
   126.43941554013921   210.27934247029376 
   158.43941554013921   228.75455108436174 
   137.10608220680589   228.75455108436174 
   105.10608220680588   210.27934247029376 
   62.439415540139223   210.27934247029376 
   94.439415540139208   228.75455108436174 
    73.10608220680588   228.75455108436174 
   41.106082206805915   210.27934247029376 
   254.43941554013927   210.27934247029373 
   30.439415540139237   228.75455108436174 
   9.1060822068059277   228.75455108436174 
