   103.21969791124205   119.05897671464933 
   113.60369791124208   148.87612145258981 
   59.988337911242056    178.6932661905303 
    80.75761791124205    59.43005421748159 
    70.37297791124206   208.51219992137521 
   91.142257911242055   89.247198955422093 
   167.21969791124206   119.05897671464933 
   177.60369791124205   148.87612145258981 
   123.98833791124204    178.6932661905303 
   144.75761791124208    59.43005421748159 
   134.37297791124206   208.51219992137521 
   155.14225791124207   89.247198955422093 
   231.21969791124206   119.05897671464933 
   241.60369791124208   148.87612145258981 
   187.98833791124207    178.6932661905303 
   208.75761791124205    59.43005421748159 
   198.37297791124209   208.51219992137521 
   219.14225791124207   89.247198955422093 
   39.219697911242029   119.05897671464933 
   49.603697911242051   148.87612145258981 
   251.98833791124204    178.6932661905303 
   16.757617911242065    59.43005421748159 
   6.3729779112420548   208.51219992137521 
   27.142257911242034   89.247198955422093 
