   85.462473173975738   62.427132875520407 
   79.546708597903105   93.441537686894378 
   18.205872435884835   92.456262498268345 
   6.3745572998041808    154.4872614343187 
   12.289767619618399   123.47253662294472 
   89.908992200907022   30.570656004053689 
   140.88809901617984   94.427132875520414 
    134.9723344401072   125.44153768689438 
   73.631498278088898   124.45626249826834 
   61.800183142008265    186.4872614343187 
   67.715393461822472   155.47253662294472 
   145.33461804311111   62.570656004053689 
   196.31372485838389    126.4271328755204 
   190.39796028231129   157.44153768689438 
   129.05712412029297   156.45626249826833 
   117.22580898421235   218.48726143431867 
   123.14101930402656   187.47253662294474 
   200.76024388531519   94.570656004053689 
   251.73935070058792   158.42713287552039 
   24.121082755699032   61.441537686894371 
   184.48274996249702   188.45626249826833 
   172.65143482641642    250.4872614343187 
   178.56664514623063   219.47253662294472 
   256.18586972751922   126.57065600405366 
