   117.19759259592819   34.744233527414885 
   119.51052144735647    66.23296066033538 
   60.004815608813175   81.157434550883423 
   64.631446671292167   144.13694813955155 
    62.31789962733508   112.64805536244219 
   66.944993715249282   175.62584091666091 
   179.01684547842856   51.308652413976219 
   181.32977432985683   82.797379546896707 
   121.82406849131354    97.72185343744475 
   126.45069955379255   160.70136702611288 
   124.13715250983545   129.21247424900352 
   128.76424659774966   192.19025980322223 
   240.83609836092896   67.873071300537546 
   243.14902721235723   99.361798433458034 
   183.64332137381393   114.28627232400606 
   188.26995243629293   177.26578591267418 
   185.95640539233582   145.77689313556482 
   190.58349948025005   208.75467868978356 
   55.378339713427806   18.179814640853557 
   57.691268564856102   49.668541773774066 
   245.46257425631433   130.85069121056742 
   2.8121937887918413   127.57252925299024 
   247.77565827483622   162.34131202212617 
   5.1257408327489218   159.06142203009958 
