   109.65928251068009   47.700637649819797 
   95.917974086702685   76.127139705479422 
   36.922284215126204   59.299260313539946 
   9.4393074548371185   116.15443453055332 
   23.180163330474556   87.727479926553741 
    122.1993530000823   18.080487713670276 
   154.91411650661914   92.955471645758848 
   141.17280808264175   121.38197370141845 
   82.177118211065249   104.55409430947898 
   54.694141450776165   161.40926852649235 
   68.434997326413608   132.98231392249278 
   167.45418699602135   63.335321709609318 
   200.16895050255818   138.21030564169789 
   186.42764207858076   166.63680769735748 
    127.4319522070043   149.80892830541802 
    99.94897544671521   206.66410252243136 
   113.68983132235265   178.23714791843182 
   212.70902099196039   108.59015570554834 
   245.42378449849718    183.4651396376369 
    50.66314009076364   30.872305709540385 
   172.68678620294332   195.06376230135703 
   145.20380944265426   251.91893651837043 
    158.9446653182917   223.49198191437088 
