   119.23943637070009   50.337547973472617 
   98.609031559326127   74.238928135340487 
   45.978946747952172   42.715236711262691 
   4.7172278119018181   90.520000043967457 
   25.347312623275776   66.618065625841183 
   139.01847324216678   24.972289241176671 
    151.2394363707001   105.76317381567669 
   130.60903155932616   129.66455397754459 
   77.978946747952165   98.140862553466746 
   36.717227811901829   145.94562588617154 
   57.347312623275783   122.04369146804525 
   171.01847324216678   80.397915083380752 
    183.2394363707001   161.18879965788076 
   162.60903155932613   185.09017981974864 
   109.97894674795216    153.5664883956708 
   68.717227811901836   201.37125172837563 
   89.347312623275798   177.46931731024932 
   203.01847324216681   135.82354092558484 
   215.23943637070013   216.61442550008485 
   66.609031559326127   18.813302293136413 
   141.97894674795219   208.99211423787492 
   100.71722781190185   256.79687757057968 
   121.34731262327583   232.89494315245338 
   235.01847324216681   191.24916676778889 
