   60.212307620471179   64.696600931884092 
    34.09873441623985   82.444019640827207 
   111.99580975765831    27.56679696650378 
    138.1092173177008   9.8187600650318494 
   85.882402197615832   45.314833867975686 
   76.776726507032507   126.51585381438447 
    50.66315330280117   144.26327252332757 
   180.78877179875403   53.889513020625081 
   128.56022864421965   89.386049849004138 
   154.67363620426212   71.638012947532218 
   102.44682108417716   107.13408675047606 
   93.341145393593848   188.33510669688485 
    67.22757218936249   206.08252540582794 
   197.35319068531535   115.70876590312547 
   145.12464753078098    151.2053027315045 
   171.23805509082345   133.45726583003258 
   119.01123997073849   168.95333963297645 
   109.90556428015518   250.15435957938521 
   213.91760957187665   177.52801878562585 
    161.6890664173423    213.0245556140049 
   187.80247397738481     195.276518712533 
    135.5756588572998   230.77259251547682 
