   23.114108922670304   9.3047960901704023 
   48.714108922670306   34.904796090170386 
   48.714108922670306   9.3047960901704023 
   23.114108922670304   34.904796090170386 
   23.114108922670304   60.504796090170387 
   48.714108922670306   86.104796090170382 
   48.714108922670306   60.504796090170387 
   23.114108922670304   86.104796090170382 
   23.114108922670304   111.70479609017039 
   48.714108922670306   137.30479609017041 
   48.714108922670306   111.70479609017039 
   23.114108922670304   137.30479609017041 
   23.114108922670304   162.90479609017038 
   48.714108922670306   188.50479609017037 
   48.714108922670306   162.90479609017038 
   23.114108922670304   188.50479609017037 
   23.114108922670304    214.1047960901704 
   48.714108922670306   239.70479609017039 
   48.714108922670306    214.1047960901704 
   23.114108922670304   239.70479609017039 
     74.3141089226703   9.3047960901704023 
   99.914108922670295   34.904796090170386 
   99.914108922670295   9.3047960901704023 
     74.3141089226703   34.904796090170386 
     74.3141089226703   60.504796090170387 
   99.914108922670295   86.104796090170382 
   99.914108922670295   60.504796090170387 
     74.3141089226703   86.104796090170382 
     74.3141089226703   111.70479609017039 
   99.914108922670295   137.30479609017041 
   99.914108922670295   111.70479609017039 
     74.3141089226703   137.30479609017041 
     74.3141089226703   162.90479609017038 
   99.914108922670295   188.50479609017037 
   99.914108922670295   162.90479609017038 
     74.3141089226703   188.50479609017037 
     74.3141089226703    214.1047960901704 
   99.914108922670295   239.70479609017039 
   99.914108922670295    214.1047960901704 
     74.3141089226703   239.70479609017039 
    125.5141089226703   9.3047960901704023 
   151.11410892267031   34.904796090170386 
   151.11410892267031   9.3047960901704023 
    125.5141089226703   34.904796090170386 
    125.5141089226703   60.504796090170387 
   151.11410892267031   86.104796090170382 
   151.11410892267031   60.504796090170387 
    125.5141089226703   86.104796090170382 
    125.5141089226703   111.70479609017039 
   151.11410892267031   137.30479609017041 
   151.11410892267031   111.70479609017039 
    125.5141089226703   137.30479609017041 
    125.5141089226703   162.90479609017038 
   151.11410892267031   188.50479609017037 
   151.11410892267031   162.90479609017038 
    125.5141089226703   188.50479609017037 
    125.5141089226703    214.1047960901704 
   151.11410892267031   239.70479609017039 
   151.11410892267031    214.1047960901704 
    125.5141089226703   239.70479609017039 
   176.71410892267028   9.3047960901704023 
   202.31410892267027   34.904796090170386 
   202.31410892267027   9.3047960901704023 
   176.71410892267028   34.904796090170386 
   176.71410892267028   60.504796090170387 
   202.31410892267027   86.104796090170382 
   202.31410892267027   60.504796090170387 
   176.71410892267028   86.104796090170382 
   176.71410892267028   111.70479609017039 
   202.31410892267027   137.30479609017041 
   202.31410892267027   111.70479609017039 
   176.71410892267028   137.30479609017041 
   176.71410892267028   162.90479609017038 
   202.31410892267027   188.50479609017037 
   202.31410892267027   162.90479609017038 
   176.71410892267028   188.50479609017037 
   176.71410892267028    214.1047960901704 
   202.31410892267027   239.70479609017039 
   202.31410892267027    214.1047960901704 
   176.71410892267028   239.70479609017039 
   227.91410892267032   9.3047960901704023 
   253.51410892267032   34.904796090170386 
   253.51410892267032   9.3047960901704023 
   227.91410892267032   34.904796090170386 
   227.91410892267032   60.504796090170387 
   253.51410892267032   86.104796090170382 
   253.51410892267032   60.504796090170387 
   227.91410892267032   86.104796090170382 
   227.91410892267032   111.70479609017039 
   253.51410892267032   137.30479609017041 
   253.51410892267032   111.70479609017039 
   227.91410892267032   137.30479609017041 
   227.91410892267032   162.90479609017038 
   253.51410892267032   188.50479609017037 
   253.51410892267032   162.90479609017038 
   227.91410892267032   188.50479609017037 
   227.91410892267032    214.1047960901704 
   253.51410892267032   239.70479609017039 
   253.51410892267032    214.1047960901704 
   227.91410892267032   239.70479609017039 
