    145.5621056031639   66.147344155797285 
    115.7449608652234   76.531344155797285 
    85.92781612728291   22.915984155797268 
   205.19102810033164    43.68526415579727 
   56.108882396437984    33.30062415579728 
   175.37388336239115   54.069904155797275 
    145.5621056031639   130.14734415579727 
    115.7449608652234   140.53134415579729 
    85.92781612728291   86.915984155797275 
   205.19102810033164   107.68526415579727 
   56.108882396437998    97.30062415579728 
   175.37388336239115   118.06990415579729 
    145.5621056031639   194.14734415579727 
    115.7449608652234   204.53134415579729 
    85.92781612728291   150.91598415579728 
   205.19102810033164   171.68526415579728 
   56.108882396437998   161.30062415579729 
   175.37388336239115   182.06990415579727 
    145.5621056031639    2.147344155797279 
    115.7449608652234   12.531344155797303 
    85.92781612728291    214.9159841557973 
   205.19102810033164   235.68526415579731 
   56.108882396438005   225.30062415579729 
   175.37388336239115   246.06990415579727 
