   70.724428165376423   12.717895428754213 
   45.996727012376269   6.0921278741296705 
   39.370959457751738   30.819829027129824 
   57.472893056127361   62.173297734754499 
   64.098660610751892   37.445596581754359 
   32.745191903127207   55.547530180129968 
   26.119424348502672   80.275231333130108 
     44.2213579468783   111.62870004075481 
   50.847125501502831   86.900998887754653 
   19.493656793878156   105.00293248613028 
   12.867889239253612   129.73063363913042 
   30.969822837629248   161.08410234675506 
   37.595590392253769   136.35640119375495 
   6.2421216846290939   154.45833479213056 
   17.718287728380187   210.53950465275537 
   24.344055283004707   185.81180349975523 
   120.17983047137672   25.969430538003273 
   126.80559802600123   1.2417293850031195 
   95.452129318376564   19.343662983378731 
   88.826361763752018   44.071364136378882 
   106.92829536212766   75.424832844003561 
   113.55406291675217   50.697131691003413 
   82.200594209127502    68.79906528937903 
   75.574826654502957    93.52676644237917 
   93.676760252878594   124.88023515000387 
   100.30252780750313   100.15253399700372 
   68.949059099878426   118.25446759537932 
   62.323291545253895   142.98216874837948 
   80.425225143629532   174.33563745600415 
   87.050992698254063   149.60793630300401 
   55.697523990629378   167.70986990137962 
   49.071756436004847   192.43757105437973 
   67.173690034380471   223.79103976200446 
   73.799457589005002   199.06333860900426 
   42.445988881380316    217.1652722073799 
   151.53329917900138   7.8674969396276619 
   169.63523277737701   39.220965647252335 
   176.26100033200154    14.49326449425218 
   144.90753162437684   32.595198092627797 
   138.28176406975234   57.322899245627944 
   156.38369766812795   88.676367953252623 
   163.00946522275248   63.948666800252475 
   131.65599651512778   82.050600398628092 
   125.03022896050327   106.77830155162823 
   143.13216255887889   138.13177025925293 
   149.75793011350342   113.40406910625278 
   118.40446140587872   131.50600270462837 
    111.7786938512542   156.23370385762851 
   129.88062744962983   187.58717256525318 
   136.50639500425436   162.85947141225307 
   105.15292629662966   180.96140501062868 
   98.527158742005142   205.68910616362879 
   116.62909234038075   237.04257487125349 
    123.2548598950053   212.31487371825335 
   91.901391187380597   230.41680731662899 
   200.98870148500168   21.119032048876722 
   219.09063508337726   52.472500756501383 
   225.71640263800182   27.744799603501242 
   194.36293393037715   45.846733201876852 
   187.73716637575262   70.574434354877013 
   205.83909997412823   101.92790306250168 
   212.46486752875273    77.20020190950153 
   181.11139882112806   95.302135507877153 
   174.48563126650356   120.02983666087729 
   192.58756486487914   151.38330536850199 
   199.21333241950367   126.65560421550184 
     167.859863711879   144.75753781387743 
    161.2340961572545    169.4852389668776 
   179.33602975563011   200.83870767450225 
   185.96179731025461   176.11100652150213 
   154.60832860262997   194.21294011987771 
   147.98256104800544   218.94064127287785 
   166.08449464638105   250.29410998050253 
   172.71026220100558   225.56640882750239 
   141.35679349338091   243.66834242587802 
   250.44410379100199   34.370567158125773 
   243.81833623637746   59.098268311125913 
    237.1925686817529   83.825969464126075 
   255.29450228012854   115.17943817175075 
   230.56680112712837   108.55367061712623 
   223.94103357250381   133.28137177012636 
   242.04296717087945   164.63484047775106 
   248.66873472550398   139.90713932475089 
   217.31526601787928    158.0090729231265 
   210.68949846325478   182.73677407612664 
   228.79143206163042   214.09024278375131 
   235.41719961625492    189.3625416307512 
   204.06373090863025    207.4644752291268 
   197.43796335400575   232.19217638212689 
   222.16566450700589   238.81794393675148 
   190.81219579938119   256.91987753512706 
