    64.07031750418659   9.3784161220564908 
   73.440567841068216   44.348666458938105 
   86.240567841068213   22.178416122056472 
   51.270317504186593   31.548666458938111 
   38.470317504186589   53.718916795819752 
   47.840567841068207   88.689167132701371 
   60.640567841068211   66.518916795819734 
   25.670317504186585   75.889167132701388 
   12.870317504186593   98.059417469583011 
   22.240567841068231    133.0296678064646 
    35.04056784106821   110.85941746958299 
   9.4405678410682263   155.19991814334622 
   143.38106851483147    25.60816578517484 
   156.18106851483145   3.4379154482932224 
   121.21081817794985   12.808165785174836 
   108.41081817794985    34.97841612205648 
   117.78106851483149   69.948666458938106 
   130.58106851483146    47.77841612205647 
   95.610818177949852   57.148666458938109 
   82.810818177949855   79.318916795819732 
    92.18106851483148   114.28916713270138 
   104.98106851483148   92.118916795819743 
   70.010818177949844   101.48916713270138 
   57.210818177949854     123.659417469583 
   66.581068514831486   158.62966780646462 
   79.381068514831469     136.459417469583 
   44.410818177949864   145.82966780646461 
   31.610818177949866   167.99991814334624 
   40.981068514831492   202.97016848022787 
   53.781068514831496   180.79991814334625 
   18.810818177949862   190.17016848022789 
    178.3513188517131   16.237915448293229 
   187.72156918859474   51.208165785174842 
   200.52156918859473   29.037915448293219 
   165.55131885171312   38.408165785174845 
   152.75131885171311   60.578416122056467 
   162.12156918859475   95.548666458938101 
   174.92156918859476   73.378416122056464 
    139.9513188517131   82.748666458938104 
    127.1513188517131   104.91891679581974 
   136.52156918859473   139.88916713270137 
   149.32156918859474   117.71891679581972 
   114.35131885171309   127.08916713270136 
   101.55131885171312   149.25941746958301 
   110.92156918859475   184.22966780646462 
   123.72156918859476     162.059417469583 
   88.751318851713108   171.42966780646464 
   75.951318851713125   193.59991814334626 
   85.321569188594765   228.57016848022786 
   98.121569188594776   206.39991814334624 
   63.151318851713121   215.77016848022785 
   222.69181952547635   41.837915448293217 
   232.06206986235796   76.808165785174822 
   244.86206986235797   54.637915448293207 
   209.89181952547636   64.008165785174839 
   197.09181952547635   86.178416122056461 
   206.46206986235799   121.14866645893807 
   219.26206986235798   98.978416122056458 
   184.29181952547637    108.3486664589381 
   171.49181952547636   130.51891679581973 
   180.86206986235797   165.48916713270137 
   193.66206986235798   143.31891679581972 
   158.69181952547635   152.68916713270139 
   145.89181952547636   174.85941746958298 
   155.26206986235798   209.82966780646458 
   168.06206986235799   187.65941746958296 
   133.09181952547638    197.0296678064646 
   120.29181952547638   219.19991814334625 
   129.66206986235801   254.17016848022783 
   142.46206986235799   231.99991814334621 
   107.49181952547639   241.37016848022787 
   254.23232019923958   89.608165785174833 
   241.43232019923963   111.77841612205646 
   250.80257053612129   146.74866645893809 
   228.63232019923962   133.94866645893808 
   215.83232019923963   156.11891679581973 
   225.20257053612127   191.08916713270136 
   238.00257053612123   168.91891679581971 
   203.03232019923962   178.28916713270135 
   190.23232019923961   200.45941746958297 
   199.60257053612128   235.42966780646461 
   212.40257053612129   213.25941746958298 
   177.43232019923963    222.6296678064646 
   164.63232019923964   244.79991814334622 
