   112.46416710844878   2.0189309923641665 
   76.260299911697558   2.0189309923641665 
   76.260299911697558   38.222798189115402 
   94.362233510073168   20.120864590739778 
   58.158366313321942   20.120864590739803 
   40.056432714946332   38.222798189115402 
   40.056432714946318   74.426665385866642 
   58.158366313321942   56.324731787491011 
    21.95449911657072   56.324731787491025 
   3.8525655181951084   74.426665385866627 
   3.8525655181951084   110.63053258261786 
    21.95449911657072   92.528598984242251 
   148.66803430520002   2.0189309923641665 
       148.6680343052   38.222798189115387 
    166.7699679035756   20.120864590739778 
   130.56610070682439   20.120864590739778 
   112.46416710844878   38.222798189115402 
   112.46416710844878   74.426665385866627 
   130.56610070682439   56.324731787491011 
   94.362233510073168   56.324731787491011 
   76.260299911697572   74.426665385866627 
   76.260299911697558   110.63053258261786 
   94.362233510073182   92.528598984242223 
   58.158366313321942   92.528598984242251 
   40.056432714946347   110.63053258261786 
   40.056432714946347   146.83439977936908 
   58.158366313321956   128.73246618099347 
   21.954499116570744   128.73246618099347 
   3.8525655181951084   146.83439977936908 
   3.8525655181951084    183.0382669761203 
    21.95449911657072   164.93633337774469 
   184.87190150195124   38.222798189115387 
   184.87190150195124   74.426665385866642 
   202.97383510032685   56.324731787491011 
    166.7699679035756   56.324731787491004 
       148.6680343052   74.426665385866627 
   148.66803430520002   110.63053258261786 
   166.76996790357563   92.528598984242251 
   130.56610070682439   92.528598984242237 
   112.46416710844881   110.63053258261785 
   112.46416710844881   146.83439977936911 
   130.56610070682441   128.73246618099347 
   94.362233510073168   128.73246618099347 
   76.260299911697572   146.83439977936908 
   76.260299911697587    183.0382669761203 
   94.362233510073196   164.93633337774472 
   58.158366313321956   164.93633337774469 
   40.056432714946347    183.0382669761203 
   40.056432714946347   219.24213417287157 
    58.15836631332197   201.14020057449594 
    21.95449911657072   201.14020057449594 
   221.07576869870249   74.426665385866627 
   221.07576869870249   110.63053258261785 
   239.17770229707807   92.528598984242223 
   202.97383510032685   92.528598984242237 
   184.87190150195124   110.63053258261786 
   184.87190150195124   146.83439977936908 
   202.97383510032685   128.73246618099347 
   166.76996790357563   128.73246618099347 
   148.66803430520002   146.83439977936908 
   148.66803430520002    183.0382669761203 
   166.76996790357563   164.93633337774469 
   130.56610070682441   164.93633337774469 
   112.46416710844881    183.0382669761203 
   112.46416710844881   219.24213417287154 
   130.56610070682441   201.14020057449591 
   94.362233510073196   201.14020057449594 
   76.260299911697587   219.24213417287154 
   76.260299911697572   255.44600136962276 
   94.362233510073196   237.34406777124713 
   58.158366313321956   237.34406777124718 
   239.17770229707807   128.73246618099347 
   221.07576869870249   146.83439977936908 
   221.07576869870249    183.0382669761203 
   239.17770229707807   164.93633337774469 
   202.97383510032688   164.93633337774469 
   184.87190150195124    183.0382669761203 
   184.87190150195124   219.24213417287154 
   202.97383510032685   201.14020057449591 
   166.76996790357563   201.14020057449594 
   148.66803430520002   219.24213417287154 
   148.66803430520002   255.44600136962276 
   166.76996790357563   237.34406777124713 
   130.56610070682444   237.34406777124713 
   112.46416710844881   255.44600136962276 
