    149.4305117304329   10.853392430307334 
   114.46026139355128   1.4831420934256965 
   105.09001105666967   36.453392430307332 
   127.26026139355129   23.653392430307338 
    92.29001105666967   14.283142093425701 
   70.119760719788047   27.083142093425693 
   60.749510382906422   62.053392430307326 
   82.919760719788044   49.253392430307322 
   47.949510382906418   39.883142093425697 
   25.779260046024799   52.683142093425694 
    16.40900970914317   87.653392430307321 
     38.5792600460248   74.853392430307323 
   3.6090097091431677   65.483142093425698 
   184.40076206731456   20.223642767188949 
   175.03051173043292   55.193893104070582 
   197.20076206731454   42.393893104070578 
   162.23051173043291   33.023642767188953 
   140.06026139355129   45.823642767188957 
   130.69001105666968   80.793893104070577 
    152.8602613935513    67.99389310407058 
   117.89001105666968   58.623642767188961 
   95.719760719788056   71.423642767188952 
   86.349510382906416   106.39389310407059 
   108.51976071978807   93.593893104070588 
   73.549510382906419   84.223642767188963 
   51.379260046024804   97.023642767188946 
   42.009009709143179   131.99389310407057 
   64.179260046024808   119.19389310407057 
   29.209009709143189   109.82364276718896 
   7.0387593722615582   122.62364276718895 
   219.37101240419619    29.59389310407056 
   19.838759372261539   144.79389310407058 
   206.57101240419618   7.4236427671889427 
   210.00076206731453   64.564143440952193 
   200.63051173043291   99.534393777833827 
   222.80076206731454    86.73439377783383 
   187.83051173043293   77.364143440952205 
   165.66026139355131   90.164143440952188 
    156.2900110566697   125.13439377783384 
   178.46026139355132   112.33439377783384 
   143.49001105666966    102.9641434409522 
   121.31976071978804    115.7641434409522 
   111.94951038290642   150.73439377783384 
   134.11976071978808   137.93439377783383 
   99.149510382906428   128.56414344095219 
   76.979260046024805   141.36414344095218 
   67.609009709143194   176.33439377783384 
   89.779260046024802   163.53439377783383 
   54.809009709143183   154.16414344095219 
   32.638759372261546    166.9641434409522 
   244.97101240419622   73.934393777833819 
   45.438759372261558   189.13439377783385 
    232.1710124041962   51.764143440952182 
   235.60076206731461   108.90464411471547 
   226.23051173043294   143.87489445159707 
   248.40076206731456   131.07489445159706 
   213.43051173043293   121.70464411471548 
    191.2602613935513   134.50464411471549 
   181.89001105666966   169.47489445159707 
   204.06026139355129   156.67489445159708 
   169.09001105666968   147.30464411471547 
   146.91976071978809   160.10464411471546 
   137.54951038290642   195.07489445159709 
   159.71976071978804   182.27489445159708 
   124.74951038290644   172.90464411471547 
   102.57926004602481   185.70464411471548 
   93.209009709143174   220.67489445159708 
    115.3792600460248   207.87489445159707 
   80.409009709143191   198.50464411471549 
   58.238759372261562   211.30464411471547 
   71.038759372261552   233.47489445159707 
   251.83051173043293   188.21539512536035 
   239.03051173043295   166.04514478847872 
   216.86026139355127   178.84514478847868 
   207.49001105666969   213.81539512536037 
   229.66026139355134   201.01539512536036 
   194.69001105666968   191.64514478847869 
   172.51976071978805    204.4451447884787 
   163.14951038290641   239.41539512536033 
   185.31976071978806   226.61539512536035 
   150.34951038290643   217.24514478847871 
   128.17926004602481   230.04514478847872 
   140.97926004602479   252.21539512536037 
   106.00900970914319   242.84514478847871 
   83.838759372261563   255.64514478847866 
