   197.84729797361348    23.85135928950989 
   179.74536437523787   55.204827997134551 
   204.47306552823801    48.57906044251002 
   173.11959682061331   30.477126844134421 
   148.39189566761317   37.102894398758949 
   130.28996206923756   68.456363106383606 
    155.0176632222377   61.830595551759082 
   123.66419451461302   43.728661953383479 
   98.936493361612889    50.35442950800801 
   80.834559763237252   81.707898215632667 
   105.56226091623741   75.082130661008136 
   74.208792208612735   56.980197062632541 
   49.481091055612588   63.605964617257072 
   31.379157457236964   94.959433324881729 
   56.106858610237119   88.333665770257198 
   24.753389902612433   70.231732171881603 
   229.20076668123812   41.953292887885489 
   6.6514563042368096   101.58520087950626 
   222.57499912661362    17.22559173488537 
   211.09883308286254   73.306761595510181 
    192.9968994844869   104.66023030313485 
   217.72460063748704   98.034462748510308 
   186.37113192986237   79.932529150134712 
   161.64343077686223   86.558296704759229 
   143.54149717848662   117.91176541238391 
   168.26919833148676   111.28599785775937 
   136.91572962386206   93.184064259383774 
   112.18802847086195   99.809831814008291 
   94.086094872486314   131.16330052163298 
   118.81379602548648   124.53753296700843 
   87.460327317861797   106.43559936863284 
   62.732626164861657   113.06136692325735 
   44.630692566486026   144.41483563088204 
   69.358393719486173   137.78906807625748 
   38.004925011861495    119.6871344778819 
   13.277223858861328   126.31290203250641 
   242.45230179048721   91.408695193885791 
   19.902991413485871   151.04060318550657 
   235.82653423586268   66.680994040885651 
   224.35036819211157   122.76216390151046 
   206.24843459373599   154.11563260913516 
   230.97613574673613   147.48986505451063 
   199.62266703911143   129.38793145613499 
   174.89496588611132   136.01369901075952 
   156.79303228773568   167.36716771838422 
   181.52073344073582   160.74140016375969 
   150.16726473311112   142.63946656538405 
     125.439563580111   149.26523412000859 
   107.33762998173539   180.61870282763329 
   132.06533113473554   173.99293527300875 
   100.71186242711086   155.89100167463312 
   75.984161274110718   162.51676922925765 
   57.882227675735095   193.87023793688238 
   82.609928828735249   187.24447038225779 
   51.256460121110557   169.14253678388218 
   26.528758968110402   175.76830433850674 
   255.70383689973625    140.8640974998861 
   33.154526522734933   200.49600549150688 
   249.07806934511174   116.13639634688595 
   237.60190330136066   172.21756620751077 
   219.49996970298503   203.57103491513541 
   244.22767085598517   196.94526736051091 
    212.8742021483605    178.8433337621353 
   188.14650099536036   185.46910131675983 
   170.04456739698475    216.8225700243845 
   194.77226854998489   210.19680246975994 
   163.41879984236019   192.09486887138434 
   138.69109868936008   198.72063642600889 
   120.58916509098444   230.07410513363354 
   145.31686624398461   223.44833757900903 
   113.96339753635991   205.34640398063343 
    89.23569638335978   211.97217153525796 
   71.133762784984143   243.32564024288263 
   95.861463937984297    236.6998726882581 
   64.507995230359626   218.59793908988246 
   39.780294077359464   225.22370664450699 
   46.406061631983995   249.95140779750713 
   250.85343841060975   221.67296851351105 
   166.49382926598878   5.7494256911342543 
   226.12573725760959   228.29873606813558 
   201.39803610460945   234.92450362276008 
    117.0384269599885   19.000960800383339 
   141.76612811298864   12.375193245758796 
   176.67033495160925   241.55027117738464 
   151.94263379860914   248.17603873200918 
   67.583024653988204   32.252495909632387 
   92.310725806988358   25.626728355007856 
   127.21493264560897   254.80180628663373 
   18.127622347987902   45.504031018881449 
   42.855323500988057   38.878263464256918 
