   234.33619808875838   27.843215421764125 
   208.73619808875839   53.443215421764123 
   234.33619808875838   53.443215421764108 
   208.73619808875839   27.843215421764135 
   183.13619808875836   27.843215421764135 
    157.5361980887584   53.443215421764123 
   183.13619808875839   53.443215421764123 
    157.5361980887584   27.843215421764135 
    131.9361980887584   27.843215421764135 
   106.33619808875838   53.443215421764123 
    131.9361980887584   53.443215421764123 
   106.33619808875838   27.843215421764135 
     80.7361980887584   27.843215421764135 
   55.136198088758412   53.443215421764123 
     80.7361980887584   53.443215421764123 
   55.136198088758398   27.843215421764135 
    29.53619808875839    27.84321542176415 
   3.9361980887583923   53.443215421764137 
     29.5361980887584   53.443215421764137 
   3.9361980887583923    27.84321542176415 
   234.33619808875838   79.043215421764131 
   208.73619808875839   104.64321542176411 
   234.33619808875838   104.64321542176411 
   208.73619808875839   79.043215421764131 
   183.13619808875839   79.043215421764131 
    157.5361980887584   104.64321542176411 
   183.13619808875839   104.64321542176411 
    157.5361980887584   79.043215421764131 
    131.9361980887584   79.043215421764131 
   106.33619808875838   104.64321542176411 
    131.9361980887584   104.64321542176411 
   106.33619808875838   79.043215421764131 
     80.7361980887584   79.043215421764131 
   55.136198088758412   104.64321542176411 
     80.7361980887584   104.64321542176411 
   55.136198088758412   79.043215421764131 
     29.5361980887584   79.043215421764131 
   3.9361980887583923   104.64321542176413 
     29.5361980887584   104.64321542176411 
   3.9361980887583923   79.043215421764131 
   234.33619808875838   130.24321542176412 
   208.73619808875839   155.84321542176414 
   234.33619808875838   155.84321542176414 
   208.73619808875839   130.24321542176412 
   183.13619808875839   130.24321542176412 
    157.5361980887584   155.84321542176414 
   183.13619808875839   155.84321542176414 
    157.5361980887584   130.24321542176412 
    131.9361980887584   130.24321542176412 
   106.33619808875838   155.84321542176414 
    131.9361980887584   155.84321542176414 
   106.33619808875838   130.24321542176412 
     80.7361980887584   130.24321542176412 
   55.136198088758412   155.84321542176414 
     80.7361980887584   155.84321542176414 
   55.136198088758412   130.24321542176412 
     29.5361980887584   130.24321542176412 
   3.9361980887583923   155.84321542176414 
     29.5361980887584   155.84321542176414 
   3.9361980887583923   130.24321542176412 
   234.33619808875838   181.44321542176411 
   208.73619808875839    207.0432154217641 
   234.33619808875838    207.0432154217641 
   208.73619808875839   181.44321542176411 
   183.13619808875839   181.44321542176411 
    157.5361980887584    207.0432154217641 
   183.13619808875839    207.0432154217641 
    157.5361980887584   181.44321542176411 
    131.9361980887584   181.44321542176411 
   106.33619808875838    207.0432154217641 
    131.9361980887584    207.0432154217641 
   106.33619808875838   181.44321542176411 
     80.7361980887584   181.44321542176411 
   55.136198088758412    207.0432154217641 
     80.7361980887584    207.0432154217641 
   55.136198088758412   181.44321542176411 
     29.5361980887584   181.44321542176414 
   3.9361980887583923    207.0432154217641 
     29.5361980887584    207.0432154217641 
   3.9361980887583923   181.44321542176414 
   234.33619808875838   232.64321542176413 
   208.73619808875839   2.2432154217641274 
   234.33619808875838   2.2432154217641274 
   208.73619808875841   232.64321542176413 
   183.13619808875842   232.64321542176413 
    157.5361980887584   2.2432154217641274 
   183.13619808875836   2.2432154217641274 
    157.5361980887584   232.64321542176413 
    131.9361980887584   232.64321542176413 
   106.33619808875838   2.2432154217641274 
    131.9361980887584   2.2432154217641274 
   106.33619808875838   232.64321542176413 
     80.7361980887584   232.64321542176413 
   55.136198088758398   2.2432154217641274 
     80.7361980887584   2.2432154217641274 
    55.13619808875842   232.64321542176413 
   29.536198088758415   232.64321542176413 
   3.9361980887583923   2.2432154217641274 
    29.53619808875839   2.2432154217641274 
   3.9361980887583923   232.64321542176413 
