    27.35257696280572   26.007025440877626 
    45.45451056118133   51.607025440877621 
    27.35257696280572   77.207025440877615 
    45.45451056118133   102.80702544087762 
    27.35257696280572   128.40702544087762 
    45.45451056118133   154.00702544087761 
    27.35257696280572   179.60702544087761 
    45.45451056118133    205.2070254408776 
    27.35257696280572    230.8070254408776 
    45.45451056118133   256.40702544087765 
   63.556444159556946   26.007025440877626 
    81.65837775793257   51.607025440877621 
   63.556444159556946   77.207025440877615 
    81.65837775793257   102.80702544087762 
   63.556444159556946   128.40702544087762 
    81.65837775793257   154.00702544087761 
   63.556444159556946   179.60702544087761 
    81.65837775793257    205.2070254408776 
   63.556444159556946    230.8070254408776 
    81.65837775793257   256.40702544087765 
   99.760311356308179   26.007025440877626 
    117.8622449546838   51.607025440877621 
   99.760311356308179   77.207025440877615 
    117.8622449546838   102.80702544087762 
   99.760311356308179   128.40702544087762 
    117.8622449546838   154.00702544087761 
   99.760311356308179   179.60702544087761 
    117.8622449546838    205.2070254408776 
   99.760311356308179    230.8070254408776 
    117.8622449546838   256.40702544087765 
   135.96417855305941   26.007025440877626 
   154.06611215143502   51.607025440877621 
   135.96417855305941   77.207025440877615 
   154.06611215143502   102.80702544087762 
   135.96417855305941   128.40702544087762 
   154.06611215143502   154.00702544087761 
   135.96417855305941   179.60702544087761 
   154.06611215143502    205.2070254408776 
   135.96417855305941    230.8070254408776 
   154.06611215143502   256.40702544087765 
   172.16804574981063   26.007025440877626 
   190.26997934818624   51.607025440877621 
   172.16804574981063   77.207025440877615 
   190.26997934818624   102.80702544087762 
   172.16804574981063   128.40702544087762 
   190.26997934818624   154.00702544087761 
   172.16804574981063   179.60702544087761 
   190.26997934818624    205.2070254408776 
   172.16804574981063    230.8070254408776 
   190.26997934818624   256.40702544087765 
   208.37191294656185   26.007025440877626 
   226.47384654493749   51.607025440877621 
   208.37191294656185   77.207025440877615 
   226.47384654493749   102.80702544087762 
   208.37191294656185   128.40702544087762 
   226.47384654493749   154.00702544087761 
   208.37191294656185   179.60702544087761 
   226.47384654493749    205.2070254408776 
   208.37191294656185    230.8070254408776 
   226.47384654493749   256.40702544087765 
   244.57578014331312   26.007025440877626 
   9.2506433644301307   51.607025440877621 
   244.57578014331312   77.207025440877615 
   9.2506433644301307   102.80702544087762 
   244.57578014331312   128.40702544087762 
   9.2506433644301307   154.00702544087761 
   244.57578014331312   179.60702544087761 
   9.2506433644301307    205.2070254408776 
   244.57578014331312    230.8070254408776 
   9.2506433644301307   256.40702544087765 
