   50.417140515193779    23.54561919209949 
   26.306247792128445   43.588195176658829 
   37.165605405944731   73.001021498099789 
   13.054712682879375   93.043597482659123 
   23.914070296695666   122.45642380410008 
   10.662535187446606   171.91182611010038 
   74.528033238259113   3.5030432075401658 
   85.387390852075413   32.915869528981126 
   61.276498129010072   52.958445513540454 
   72.135855742826365   82.371271834981414 
    48.02496301976101   102.41384781954075 
   58.884320633577289   131.82667414098171 
   34.773427910511948   151.86925012554104 
   45.632785524328241   181.28207644698202 
   21.521892801262876   201.32465243154132 
   32.381250415079165   230.73747875298233 
   109.49828357514076   12.873293544421802 
   120.35764118895703   42.286119865862752 
   96.246748465891699   62.328695850422086 
   107.10610607970797   91.741522171863053 
   82.995213356642637   111.78409815642237 
   93.854570970458909   141.19692447786335 
   69.743678247393589   161.23950046242268 
   80.603035861209861   190.65232678386363 
    56.49214313814452   210.69490276842293 
   67.351500751960785   240.10772908986394 
   144.46853391202239   22.243543881303417 
   155.32789152583868   51.656370202744377 
   131.21699880277333   71.698946187303719 
   142.07635641658962   101.11177250874468 
   117.96546369352427   121.15434849330401 
   128.82482130734056   150.56717481474496 
   104.71392858427521   170.60975079930429 
   115.57328619809149   200.02257712074524 
   91.462393475026147    220.0651531053046 
   102.32175108884243   249.47797942674555 
     179.438784248904   31.613794218185053 
   190.29814186272031   61.026620539626002 
   166.18724913965494   81.069196524185344 
   177.04660675347125    110.4820228456263 
   152.93571403040588   130.52459883018562 
   163.79507164422219    159.9374251516266 
   139.68417892115684   179.98000113618593 
   150.54353653497313   209.39282745762688 
   126.43264381190777   229.43540344218621 
   214.40903458578561   40.984044555066681 
   225.26839219960192   70.396870876507634 
   201.15749947653657   90.439446861066969 
   212.01685709035289   119.85227318250794 
   187.90596436728754   139.89484916706726 
    198.7653219811038   169.30767548850821 
   174.65442925803845   189.35025147306757 
   185.51378687185473   218.76307779450852 
   161.40289414878939   238.80565377906782 
   249.37928492266727   50.354294891948307 
   236.12774981341823   99.809697197948594 
   246.98710742723455   129.22252351938957 
   222.87621470416917    149.2650995039489 
   233.73557231798549   178.67792582538985 
   209.62467959492011   198.72050180994918 
    220.4840372087364   228.13332813139013 
   196.37314448567105   248.17590411594949 
