   68.610128973864832   18.152355689377121 
   40.133394620052499   31.271639227070967 
    43.01012897386483    62.49285636314039 
   14.533394620052515   75.612139900834222 
   17.410128973864825   106.83335703690366 
   97.086863327677165   5.0330721516833208 
   99.963597681489517   36.254289287752748 
    71.48686332767717    49.37357282544658 
   74.363597681489523      80.594789961516 
   45.886863327677176   93.714073499209846 
   48.763597681489522   124.93529063527927 
   20.286863327677178    138.0545741729731 
   23.163597681489556   169.27579130904249 
   128.44033203530185   23.135005750058934 
   131.31706638911419   54.356222886128357 
   102.84033203530186   67.475506423822196 
   105.71706638911421   98.696723559891623 
   77.240332035301861   111.81600709758546 
     80.1170663891142   143.03722423365488 
    51.64033203530186   156.15650777134871 
    54.51706638911422   187.37772490741813 
   26.040332035301891   200.49700844511196 
   156.91706638911421   10.015722212365086 
   159.79380074292652   41.236939348434547 
   162.67053509673886   72.458156484503974 
   134.19380074292653   85.577440022197806 
   137.07053509673887   116.79865715826722 
   108.59380074292653   129.91794069596108 
   111.47053509673887   161.13915783203049 
   82.993800742926553   174.25844136972432 
   85.870535096738905   205.47965850579371 
   57.393800742926565   218.59894204348757 
   188.27053509673888   28.117655810740686 
   191.14726945055119   59.338872946810156 
   194.02400380436353   90.560090082879569 
    165.5472694505512   103.67937362057341 
   168.42400380436354   134.90059075664283 
    139.9472694505512   148.01987429433669 
   142.82400380436354    179.2410914304061 
   114.34726945055122    192.3603749680999 
   117.22400380436358   223.58159210416932 
   88.747269450551229   236.70087564186321 
   219.62400380436355   46.219589409116296 
   222.50073815817586   77.440806545185765 
    225.3774725119882   108.66202368125518 
   196.90073815817587   121.78130721894902 
   199.77747251198821   153.00252435501844 
   171.30073815817588   166.12180789271227 
   174.17747251198821   197.34302502878174 
   145.70073815817588   210.46230856647554 
   148.57747251198825   241.68352570254493 
   120.10073815817591   254.80280924023873 
   250.97747251198822   64.321523007491919 
   253.85420686580059   95.542740143561403 
   256.73094121961293   126.76395727963082 
    228.2542068658006   139.88324081732466 
   231.13094121961296   171.10445795339407 
    202.6542068658006   184.22374149108791 
   205.53094121961294   215.44495862715735 
   177.05420686580061   228.56424216485118 
