   107.55216238260661   16.833649076070824 
   76.650228784230976   22.135582674446432 
   71.348295185855363    53.03751627282206 
   40.446361587479757   58.339449871197658 
   35.144427989104138   89.241383469573293 
   4.2424943907285195   94.543317067948891 
    138.4540959809822   11.531715477695194 
    133.1521623826066   42.433649076070807 
   102.25022878423098    47.73558267444642 
   96.948295185855372    78.63751627282204 
   66.046361587479751   83.939449871197652 
   60.744427989104132   114.84138346957329 
   29.842494390728529   120.14331706794889 
   24.540560792352945   151.04525066632448 
   169.35602957935785   6.2297818793195399 
    164.0540959809822   37.131715477695188 
   158.75216238260657   68.033649076070802 
   127.85022878423099   73.335582674446414 
   122.54829518585535   104.23751627282203 
    91.64636158747976   109.53944987119765 
   86.344427989104133   140.44138346957328 
   55.442494390728527   145.74331706794888 
   50.140560792352929   176.64525066632447 
   19.238627193977315    181.9471842647001 
   194.95602957935782   31.829781879319537 
   189.65409598098219    62.73171547769519 
   184.35216238260662    93.63364907607081 
     153.450228784231   98.935582674446408 
   148.14829518585537   129.83751627282203 
   117.24636158747975   135.13944987119766 
   111.94442798910414   166.04138346957328 
   81.042494390728521   171.34331706794887 
   75.740560792352937   202.24525066632447 
   44.838627193977324   207.54718426470012 
   220.55602957935784   57.429781879319549 
   215.25409598098221    88.33171547769517 
   209.95216238260659   119.23364907607079 
     179.050228784231    124.5355826744464 
   173.74829518585534   155.43751627282205 
   142.84636158747975   160.73944987119765 
   137.54442798910412   191.64138346957327 
   106.64249439072853   196.94331706794887 
   101.34056079235293   227.84525066632449 
   70.438627193977325   233.14718426470006 
   246.15602957935783   83.029781879319543 
   240.85409598098221   113.93171547769516 
   235.55216238260658   144.83364907607077 
   204.65022878423099    150.1355826744464 
   199.34829518585533   181.03751627282199 
   168.44636158747974   186.33944987119764 
   163.14442798910412   217.24138346957324 
   132.24249439072852   222.54331706794886 
   126.94056079235291   253.44525066632445 
   230.25022878423096   175.73558267444639 
   224.94829518585536   206.63751627282204 
   194.04636158747974   211.93944987119764 
   188.74442798910414   242.84138346957323 
   157.84249439072852   248.14331706794883 
