   152.87138314336551   1.5041589999718918 
   108.53088246960225   27.104158999971901 
   77.309665333532806   24.227424646159569 
   64.190381795838988   52.704158999971909 
   32.969164659769561   49.827424646159564 
    19.84988112207575   78.304158999971904 
   184.09260027943495   4.3808933537842236 
   170.97331674174112   32.857627707596578 
   139.75209960567167   29.980893353784232 
   126.63281606797786   58.457627707596572 
   95.411598931908429   55.580893353784241 
   82.292315394214597   84.057627707596581 
   51.071098258145177   81.180893353784256 
   37.951814720451374   109.65762770759657 
   6.7305975843819255   106.78089335378424 
   202.19453387781056   35.734362061408909 
   189.07525034011672   64.211096415221235 
   157.85403320404728   61.334362061408903 
   144.73474966635348   89.811096415221243 
   113.51353253028405   86.934362061408919 
   100.39424899259022   115.41109641522125 
   69.173031856520794   112.53436206140893 
   56.053748318826983   141.01109641522123 
   24.832531182757538   138.13436206140892 
   11.713247645063714   166.61109641522125 
   220.29646747618617   67.087830769033587 
   207.17718393849236   95.564565122845934 
   175.95596680242292   92.687830769033596 
   162.83668326472912   121.16456512284594 
   131.61546612865968   118.28783076903362 
   118.49618259096584   146.76456512284597 
   87.274965454896417    143.8878307690336 
   74.155681917202614   172.36456512284593 
   42.934464781133173   169.48783076903359 
   29.815181243439348   197.96456512284595 
    238.3984010745618   98.441299476658273 
   225.27911753686794   126.91803383047061 
   194.05790040079853   124.04129947665828 
   180.93861686310473   152.51803383047061 
   149.71739972703529   149.64129947665828 
   136.59811618934145   178.11803383047064 
   105.37689905327204   175.24129947665827 
   92.257615515578237    203.7180338304706 
   61.036398379508782   200.84129947665829 
   47.917114841814964   229.31803383047065 
   256.50033467293736   129.79476818428293 
   243.38105113524358   158.27150253809526 
   212.15983399917417   155.39476818428295 
   199.04055046148034   183.87150253809526 
   167.81933332541092   180.99476818428295 
   154.70004978771706   209.47150253809525 
   123.47883265164765   206.59476818428294 
   110.35954911395383   235.07150253809527 
   79.138331977884391   232.19476818428294 
   230.26176759754978   186.74823689190762 
     217.142484059856   215.22497124571996 
   185.92126692378653   212.34823689190762 
    172.8019833860927   240.82497124571998 
   141.58076625002326   237.94823689190758 
