   252.92935750660615   8.2551015482875805 
   227.32935750660616   26.357035146663183 
   201.72935750660614   8.2551015482875805 
   176.12935750660617   26.357035146663193 
   150.52935750660617   8.2551015482875805 
   124.92935750660617   26.357035146663193 
   99.329357506606172   8.2551015482875805 
   73.729357506606178   26.357035146663193 
   48.129357506606169   8.2551015482875805 
   22.529357506606175   26.357035146663204 
   252.92935750660615   44.458968745038796 
   227.32935750660616   62.560902343414419 
   201.72935750660616   44.458968745038803 
   176.12935750660617   62.560902343414426 
   150.52935750660617   44.458968745038803 
   124.92935750660617   62.560902343414426 
   99.329357506606172   44.458968745038803 
   73.729357506606192   62.560902343414426 
   48.129357506606183   44.458968745038803 
   22.529357506606175    62.56090234341444 
   252.92935750660615   80.662835941790036 
   227.32935750660616   98.764769540165645 
   201.72935750660616   80.662835941790036 
   176.12935750660617   98.764769540165659 
   150.52935750660617   80.662835941790036 
   124.92935750660617   98.764769540165659 
   99.329357506606172   80.662835941790036 
   73.729357506606192   98.764769540165659 
   48.129357506606183    80.66283594179005 
   22.529357506606175   98.764769540165659 
   252.92935750660615   116.86670313854128 
   227.32935750660616   134.96863673691689 
   201.72935750660616   116.86670313854128 
   176.12935750660617   134.96863673691689 
   150.52935750660617   116.86670313854128 
   124.92935750660617   134.96863673691689 
   99.329357506606172   116.86670313854128 
   73.729357506606192   134.96863673691689 
   48.129357506606183   116.86670313854128 
   22.529357506606175   134.96863673691689 
   252.92935750660615    153.0705703352925 
   227.32935750660616   171.17250393366811 
   201.72935750660616    153.0705703352925 
   176.12935750660617   171.17250393366811 
   150.52935750660617    153.0705703352925 
   124.92935750660617   171.17250393366811 
   99.329357506606172    153.0705703352925 
   73.729357506606192   171.17250393366811 
   48.129357506606183    153.0705703352925 
   22.529357506606175   171.17250393366811 
   252.92935750660615   189.27443753204369 
   227.32935750660616   207.37637113041933 
   201.72935750660616   189.27443753204372 
   176.12935750660617   207.37637113041933 
   150.52935750660617   189.27443753204372 
   124.92935750660617   207.37637113041933 
   99.329357506606172   189.27443753204372 
   73.729357506606192   207.37637113041933 
   48.129357506606183   189.27443753204372 
   22.529357506606175   207.37637113041933 
   252.92935750660615   225.47830472879497 
   227.32935750660616    243.5802383271706 
   201.72935750660619   225.47830472879497 
   176.12935750660617    243.5802383271706 
   150.52935750660617   225.47830472879497 
   124.92935750660617    243.5802383271706 
   99.329357506606172   225.47830472879497 
   73.729357506606206    243.5802383271706 
   48.129357506606198   225.47830472879497 
   22.529357506606175    243.5802383271706 
