   180.40452659252011    18.14496654971763 
   160.36195060796078   42.255859272782985 
    130.9491242865198   31.396501658966692 
   110.90654830196048   55.507394382032047 
   81.493721980519524   44.648036768215754 
   61.451145995960189   68.758929491281108 
   32.038319674519244   57.899571877464808 
   11.995743689959918    82.01046460053017 
   209.81735291396112   29.004324163533923 
   189.77477692940172   53.115216886599264 
   169.73220094484242   77.226109609664633 
   140.31937462340144   66.366751995848318 
    120.2767986388421   90.477644718913695 
   90.863972317401164    79.61828710509738 
   70.821396332841815   103.72917982816274 
   41.408570011400869   92.869822214346442 
   21.365994026841555   116.98071493741179 
   219.18760325084273   63.974574500415557 
   199.14502726628336   88.085467223480904 
   179.10245128172403   112.19635994654625 
   149.68962496028308   101.33700233272997 
   129.64704897572375   125.44789505579531 
   100.23422265428279   114.58853744197901 
    80.19164666972344   138.69943016504436 
   50.778820348282494   127.84007255122808 
   30.736244363723166   151.95096527429342 
   1.3234180422822071   141.09160766047714 
   228.55785358772434   98.944824837297162 
     208.515277603165   123.05571756036252 
   188.47270161860567   147.16661028342784 
   159.05987529716469   136.30725266961159 
   139.01729931260536   160.41814539267693 
   109.60447299116441   149.55878777886065 
   89.561897006605065   173.66968050192597 
   60.149070685164119   162.81032288810971 
   40.106494700604792   186.92121561117503 
   10.693668379163821   176.06185799735877 
   237.92810392460595   133.91507517417878 
   217.88552794004661   158.02596789724416 
   197.84295195548731   182.13686062030948 
   168.43012563404633   171.27750300649322 
     148.387549649487   195.38839572955854 
   118.97472332804605   184.52903811574225 
    98.93214734348669    208.6399308388076 
   69.519321022045744   197.78057322499131 
   49.476745037486417   221.89146594805669 
   20.063918716045457   211.03210833424038 
   247.29835426148762   168.88532551106042 
   227.25577827692823   192.99621823412579 
   207.21320229236892   217.10711095719111 
   177.80037597092797   206.24775334337482 
   157.75779998636861   230.35864606644017 
   128.34497366492766   219.49928845262392 
   108.30239768036832   243.61018117568921 
   78.889571358927384   232.75082356187295 
   58.846995374368042   256.86171628493827 
   29.434169052927082   246.00235867112204 
   256.66860459836926   203.85557584794205 
   236.62602861380989   227.96646857100743 
   150.99170027107914   7.2856089359013829 
   187.17062630780958   241.21800368025649 
   101.53629796507884   20.537144045150445 
    137.7152240018093   254.46953878950555 
   52.080895659078564   33.788679154399503 
     2.62549335307828   47.040214263648565 
