    83.31534819078685   2.6786250001289962 
   76.689580636162319   27.406326153129143 
   51.961879483162171   20.780558598504612 
    45.33611192853764    45.50825975150476 
   70.063813081537802    52.13402730612929 
   63.438045526913257   76.861728459129438 
   38.710344373913102   70.235960904504907 
   32.084576819288571   94.963662057505047 
   56.812277972288726   101.58942961212958 
   50.186510417664202   126.31713076512975 
   25.458809264664044   119.69136321050522 
   18.833041710039513   144.41906436350536 
   43.560742863039671   151.04483191812989 
   36.934975308415133   175.77253307113006 
   12.207274155414986   169.14676551650552 
   5.5815066007904344   193.87446666950567 
   30.309207753790602    200.5002342241302 
   23.683440199166075   225.22793537713034 
     108.043049343787   9.3043925547535249 
   132.77075049678714   15.930160109378054 
   126.14498294216261   40.657861262378198 
   101.41728178916247   34.032093707753667 
   94.791514234537942   58.759794860753814 
   119.51921538753808   65.385562415378359 
   112.89344783291355     90.1132635683785 
   88.165746679913411   83.487496013753955 
   81.539979125288866   108.21519716675411 
   106.26768027828903   114.84096472137865 
   99.641912723664504   139.56866587437881 
   74.914211570664349   132.94289831975428 
   68.288444016039819   157.67059947275442 
   93.016145169039959   164.29636702737895 
   86.390377614415428   189.02406818037912 
   61.662676461415273   182.39830062575459 
    55.03690890679075   207.12600177875473 
   79.764610059790897   213.75176933337926 
   73.138842505166366    238.4794704863794 
   48.411141352166219   231.85370293175487 
   157.49845164978728   22.555927664002581 
   182.22615280278745   29.181695218627112 
   175.60038524816292   53.909396371627267 
   150.87268409516275   47.283628817002736 
   144.24691654053822    72.01132997000289 
   168.97461769353839   78.637097524627407 
   162.34885013891386   103.36479867762758 
   137.62114898591369   96.739031123003031 
   130.99538143128919   121.46673227600319 
   155.72308258428933   128.09249983062773 
    149.0973150296648   152.82020098362787 
   124.36961387666464   146.19443342900334 
   117.74384632204011   170.92213458200348 
   142.47154747504027   177.54790213662801 
   135.84577992041571   202.27560328962821 
   111.11807876741557   195.64983573500365 
   104.49231121279104   220.37753688800379 
   129.22001236579118   227.00330444262832 
   122.59424481116666   251.73100559562849 
   97.866543658166506    245.1052380410039 
   206.95385395578759    35.80746277325165 
   231.68155510878776   42.433230327876188 
   225.05578755416323   67.160931480876329 
   200.32808640116306   60.535163926251798 
   193.70231884653853   85.262865079251952 
    218.4300199995387   91.888632633876483 
   211.80425244491417   116.61633378687662 
     187.076551291914   109.99056623225209 
   180.45078373728947   134.71826738525223 
   205.17848489028964   141.34403493987676 
   198.55271733566511    166.0717360928769 
   173.82501618266494    159.4459685382524 
   167.19924862804041   184.17366969125257 
   191.92694978104058   190.79943724587707 
   185.30118222641605   215.52713839887724 
   160.57348107341588   208.90137084425271 
   153.94771351879135   233.62907199725288 
   178.67541467179151   240.25483955187741 
   256.40925626178785   49.058997882500719 
   249.78348870716334    73.78669903550086 
   243.15772115253881   98.514400188501014 
   236.53195359791428   123.24210134150115 
   229.90618604328975   147.96980249450129 
   254.63388719628992   154.59557004912585 
   248.00811964166539   179.32327120212599 
   223.28041848866522   172.69750364750143 
   216.65465093404069    197.4252048005016 
   241.38235208704086   204.05097235512613 
   234.75658453241633    228.7786735081263 
   210.02888337941616   222.15290595350177 
   203.40311582479166   246.88060710650194 
   228.13081697779182   253.50637466112647 
