    12.81803750957584   26.410776731056412 
   38.418037509575839   26.410776731056412 
   38.418037509575839   52.010776731056417 
    12.81803750957584   52.010776731056417 
    12.81803750957584   77.610776731056418 
   38.418037509575839   77.610776731056418 
   38.418037509575839   103.21077673105641 
    12.81803750957584   103.21077673105641 
    12.81803750957584   128.81077673105642 
   38.418037509575839   128.81077673105642 
   38.418037509575839   154.41077673105642 
    12.81803750957584   154.41077673105642 
    12.81803750957584   180.01077673105641 
   38.418037509575839   180.01077673105641 
   38.418037509575839    205.6107767310564 
    12.81803750957584    205.6107767310564 
    12.81803750957584    231.2107767310564 
   38.418037509575839    231.2107767310564 
   38.418037509575839   256.81077673105642 
    12.81803750957584   256.81077673105642 
   64.018037509575834   26.410776731056412 
   89.618037509575842   26.410776731056412 
   89.618037509575842   52.010776731056417 
   64.018037509575834   52.010776731056417 
   64.018037509575834   77.610776731056418 
   89.618037509575842   77.610776731056418 
   89.618037509575842   103.21077673105641 
   64.018037509575834   103.21077673105641 
   64.018037509575834   128.81077673105642 
   89.618037509575842   128.81077673105642 
   89.618037509575842   154.41077673105642 
   64.018037509575834   154.41077673105642 
   64.018037509575834   180.01077673105641 
   89.618037509575842   180.01077673105641 
   89.618037509575842    205.6107767310564 
   64.018037509575834    205.6107767310564 
   64.018037509575834    231.2107767310564 
   89.618037509575842    231.2107767310564 
   89.618037509575842   256.81077673105642 
   64.018037509575834   256.81077673105642 
   115.21803750957584   26.410776731056412 
   140.81803750957584   26.410776731056412 
   140.81803750957584   52.010776731056417 
   115.21803750957584   52.010776731056417 
   115.21803750957584   77.610776731056418 
   140.81803750957584   77.610776731056418 
   140.81803750957584   103.21077673105641 
   115.21803750957584   103.21077673105641 
   115.21803750957584   128.81077673105642 
   140.81803750957584   128.81077673105642 
   140.81803750957584   154.41077673105642 
   115.21803750957584   154.41077673105642 
   115.21803750957584   180.01077673105641 
   140.81803750957584   180.01077673105641 
   140.81803750957584    205.6107767310564 
   115.21803750957584    205.6107767310564 
   115.21803750957584    231.2107767310564 
   140.81803750957584    231.2107767310564 
   140.81803750957584   256.81077673105642 
   115.21803750957584   256.81077673105642 
   166.41803750957584   26.410776731056412 
   192.01803750957583   26.410776731056412 
   192.01803750957583   52.010776731056417 
   166.41803750957584   52.010776731056417 
   166.41803750957584   77.610776731056418 
   192.01803750957583   77.610776731056418 
   192.01803750957583   103.21077673105641 
   166.41803750957584   103.21077673105641 
   166.41803750957584   128.81077673105642 
   192.01803750957583   128.81077673105642 
   192.01803750957583   154.41077673105642 
   166.41803750957584   154.41077673105642 
   166.41803750957584   180.01077673105641 
   192.01803750957583   180.01077673105641 
   192.01803750957583    205.6107767310564 
   166.41803750957584    205.6107767310564 
   166.41803750957584    231.2107767310564 
   192.01803750957583    231.2107767310564 
   192.01803750957583   256.81077673105642 
   166.41803750957584   256.81077673105642 
   217.61803750957586   26.410776731056412 
   243.21803750957582   26.410776731056412 
   243.21803750957582   52.010776731056417 
   217.61803750957586   52.010776731056417 
   217.61803750957586   77.610776731056418 
   243.21803750957582   77.610776731056418 
   243.21803750957582   103.21077673105641 
   217.61803750957586   103.21077673105641 
   217.61803750957586   128.81077673105642 
   243.21803750957582   128.81077673105642 
   243.21803750957582   154.41077673105642 
   217.61803750957586   154.41077673105642 
   217.61803750957586   180.01077673105641 
   243.21803750957582   180.01077673105641 
   243.21803750957582    205.6107767310564 
   217.61803750957586    205.6107767310564 
   217.61803750957586    231.2107767310564 
   243.21803750957582    231.2107767310564 
   243.21803750957582   256.81077673105642 
   217.61803750957586   256.81077673105642 
