   99.466705872356158   5.0574006566745675 
   64.496455535474524   14.427650993556213 
   86.666705872356147   27.227650993556214 
    73.86670587235615   49.397901330437847 
    51.69645553547452   36.597901330437857 
    38.89645553547453   58.768151667319472 
    61.06670587235616   71.568151667319455 
   48.266705872356155   93.738402004201092 
   26.096455535474533   80.938402004201109 
   13.296455535474532   103.10865234108273 
   35.466705872356158   115.90865234108273 
   22.666705872356157   138.07890267796435 
   9.8667058723561567   160.24915301484597 
   156.60720654611941   8.4871503197929457 
    143.8072065461194   30.657400656674568 
   121.63695620923778   17.857400656674567 
   108.83695620923778   40.027650993556215 
   131.00720654611939   52.827650993556212 
   118.20720654611941   74.997901330437841 
   96.036956209237786   62.197901330437844 
   83.236956209237775   84.368151667319466 
   105.40720654611943   97.168151667319464 
   92.607206546119414   119.33840200420109 
   70.436956209237778   106.53840200420109 
   57.636956209237781   128.70865234108271 
   79.807206546119417   141.50865234108272 
    67.00720654611942   163.67890267796435 
   44.836956209237776   150.87890267796436 
   32.036956209237779   173.04915301484598 
   54.207206546119416   185.84915301484597 
   41.407206546119426   208.01940335172765 
   19.236956209237778   195.21940335172761 
   178.77745688300104   21.287150319792943 
   200.94770721988266   34.087150319792933 
    188.1477072198827   56.257400656674569 
   165.97745688300105   43.457400656674565 
   153.17745688300104   65.627650993556216 
   175.34770721988266   78.427650993556213 
   162.54770721988268   100.59790133043784 
   140.37745688300106   87.797901330437838 
   127.57745688300105   109.96815166731946 
    149.7477072198827   122.76815166731946 
   136.94770721988269   144.93840200420109 
   114.77745688300105   132.13840200420111 
   101.97745688300105   154.30865234108273 
   124.14770721988269   167.10865234108272 
   111.34770721988269   189.27890267796434 
   89.177456883001057   176.47890267796436 
   76.377456883001059   198.64915301484601 
   98.547707219882696   211.44915301484596 
   85.747707219882699   233.61940335172758 
   63.577456883001062   220.81940335172763 
   223.11795755676428   46.887150319792937 
   245.28820789364593   59.687150319792934 
   232.48820789364595   81.857400656674571 
   210.31795755676433   69.057400656674574 
   197.51795755676429    91.22765099355621 
   219.68820789364597   104.02765099355621 
   206.88820789364593   126.19790133043783 
    184.7179575567643   113.39790133043783 
   171.91795755676432   135.56815166731946 
   194.08820789364597   148.36815166731947 
   181.28820789364593   170.53840200420109 
   159.11795755676431   157.73840200420108 
   146.31795755676433    179.9086523410827 
   168.48820789364595   192.70865234108274 
   155.68820789364597   214.87890267796436 
   133.51795755676432   202.07890267796438 
   120.71795755676432     224.249153014846 
   142.88820789364595   237.04915301484598 
   107.91795755676432   246.41940335172762 
   254.65845823052757    94.65740065667454 
   241.85845823052759   116.82765099355619 
    251.2287085674092   151.79790133043781 
   229.05845823052758   138.99790133043783 
   216.25845823052754   161.16815166731945 
   238.42870856740916   173.96815166731943 
   225.62870856740918   196.13840200420105 
   203.45845823052755   183.33840200420107 
   190.65845823052757   205.50865234108269 
   212.82870856740922   218.30865234108273 
   200.02870856740918   240.47890267796436 
   177.85845823052756   227.67890267796432 
   165.05845823052758   249.84915301484594 
