   167.97108511066875   10.465380465509766 
   149.86915151229312   28.567314063885384 
   131.76721791391751   10.465380465509766 
    113.6652843155419   28.567314063885384 
   131.76721791391751      46.669247662261 
    113.6652843155419    64.77118126063661 
   95.563350717166273   46.669247662261007 
   77.461417118790663    64.77118126063661 
   95.563350717166287   82.873114859012233 
   77.461417118790663   100.97504845738786 
   59.359483520415047   82.873114859012233 
   41.257549922039431   100.97504845738786 
   59.359483520415047   119.07698205576347 
   41.257549922039431   137.17891565413908 
   23.155616323663825   119.07698205576347 
    5.053682725288188    137.1789156541391 
   23.155616323663804   155.28084925251471 
    5.053682725288188   173.38278285089035 
   186.07301870904436   28.567314063885384 
   204.17495230741997   46.669247662260986 
   186.07301870904436    64.77118126063661 
   167.97108511066875      46.669247662261 
   149.86915151229312    64.77118126063661 
   167.97108511066875   82.873114859012233 
   149.86915151229312   100.97504845738786 
   131.76721791391751   82.873114859012233 
   113.66528431554191   100.97504845738786 
   131.76721791391753   119.07698205576347 
   113.66528431554191   137.17891565413908 
   95.563350717166301   119.07698205576347 
   77.461417118790663   137.17891565413908 
   95.563350717166301   155.28084925251471 
   77.461417118790678   173.38278285089032 
   59.359483520415061   155.28084925251471 
   41.257549922039424   173.38278285089035 
    59.35948352041504   191.48471644926596 
   41.257549922039431   209.58665004764154 
   23.155616323663804   191.48471644926596 
   222.27688590579561    64.77118126063661 
   240.37881950417122   82.873114859012205 
   222.27688590579561   100.97504845738786 
   204.17495230741997   82.873114859012233 
   186.07301870904436   100.97504845738786 
   204.17495230741997   119.07698205576347 
   186.07301870904436   137.17891565413908 
   167.97108511066875   119.07698205576347 
   149.86915151229314   137.17891565413908 
   167.97108511066875   155.28084925251468 
   149.86915151229314   173.38278285089032 
   131.76721791391753   155.28084925251471 
   113.66528431554191   173.38278285089032 
   131.76721791391753    191.4847164492659 
   113.66528431554191   209.58665004764154 
   95.563350717166301   191.48471644926593 
   77.461417118790663   209.58665004764154 
   95.563350717166273   227.68858364601715 
   77.461417118790663   245.79051724439279 
   59.359483520415047   227.68858364601718 
   240.37881950417122   119.07698205576347 
   222.27688590579561   137.17891565413908 
   240.37881950417122   155.28084925251471 
   222.27688590579561   173.38278285089032 
   204.17495230741997   155.28084925251471 
   186.07301870904439   173.38278285089032 
   204.17495230741997    191.4847164492659 
   186.07301870904439   209.58665004764154 
   167.97108511066875    191.4847164492659 
   149.86915151229314   209.58665004764154 
   167.97108511066875   227.68858364601715 
   149.86915151229314   245.79051724439279 
   131.76721791391753   227.68858364601715 
   113.66528431554191   245.79051724439279 
   95.563350717166273   10.465380465509766 
   77.461417118790649   28.567314063885384 
   240.37881950417122    191.4847164492659 
   222.27688590579561   209.58665004764151 
   59.359483520415047      46.669247662261 
   41.257549922039431    64.77118126063661 
   204.17495230741997   227.68858364601715 
   186.07301870904439   245.79051724439279 
   23.155616323663825   82.873114859012233 
   5.0536827252882093   100.97504845738786 
