   184.44072399355042   13.909652578165808 
    162.2704736566688   26.709652578165809 
   149.47047365666882   4.5394022412841855 
   127.30022331978718   17.339402241284187 
   140.10022331978718   39.509652578165806 
   117.92997298290555   52.309652578165817 
   105.12997298290553   30.139402241284184 
   82.959722646023906   42.939402241284185 
   95.759722646023917   65.109652578165822 
   73.589472309142295   77.909652578165819 
    60.78947230914229   55.739402241284182 
   38.619221972260654   68.539402241284179 
   51.419221972260665    90.70965257816583 
   29.248971635379018   103.50965257816583 
   16.448971635379017   81.339402241284205 
   7.0787212984973964   116.30965257816585 
   197.24072399355046   36.079902915047434 
   210.04072399355042   58.250153251929056 
   187.87047365666879   71.050153251929061 
   175.07047365666881   48.879902915047431 
   152.90022331978719   61.679902915047435 
   165.70022331978717   83.850153251929072 
   143.52997298290555   96.650153251929069 
   130.72997298290557   74.479902915047447 
   108.55972264602391   87.279902915047444 
   121.35972264602391   109.45015325192908 
   99.189472309142289   122.25015325192908 
   86.389472309142292   100.07990291504746 
   64.219221972260669   112.87990291504745 
   77.019221972260667   135.05015325192909 
   54.848971635379023    147.8501532519291 
   42.048971635379019   125.67990291504745 
   19.878721298497396   138.47990291504749 
   32.678721298497386   160.65015325192911 
   10.508470961615773   173.45015325192909 
   222.84072399355045   80.420403588810686 
   235.64072399355044   102.59065392569232 
   213.47047365666882   115.39065392569232 
   200.67047365666883   93.220403588810683 
   178.50022331978718   106.02040358881069 
   191.30022331978719   128.19065392569235 
   169.12997298290554   140.99065392569233 
   156.32997298290556   118.82040358881071 
   134.15972264602394   131.62040358881069 
   146.95972264602392   153.79065392569231 
   124.78947230914231   166.59065392569232 
   111.98947230914229    144.4204035888107 
   89.819221972260664   157.22040358881071 
   102.61922197226066   179.39065392569233 
   80.448971635379024   192.19065392569235 
   67.648971635379013   170.02040358881072 
   45.478721298497398   182.82040358881073 
   58.278721298497395   204.99065392569236 
   36.108470961615772   217.79065392569237 
   23.308470961615772   195.62040358881072 
   248.44072399355045   124.76090426257394 
   239.07047365666884   159.73115459945558 
   226.27047365666883   137.56090426257396 
    204.1002233197872   150.36090426257394 
   216.90022331978719   172.53115459945556 
   194.72997298290557   185.33115459945557 
   181.92997298290555   163.16090426257395 
   159.75972264602393   175.96090426257396 
   172.55972264602394   198.13115459945558 
   150.38947230914232   210.93115459945557 
   137.58947230914231   188.76090426257394 
   115.41922197226066   201.56090426257396 
    128.2192219722607   223.73115459945558 
   106.04897163537905   236.53115459945562 
   93.248971635379021     214.360904262574 
   71.078721298497399   227.16090426257401 
   83.878721298497396   249.33115459945563 
    48.90847096161577   239.96090426257399 
   251.87047365666882    181.9014049363372 
    229.7002233197872   194.70140493633721 
   92.329972982905531   7.9691519044025405 
   207.52997298290558   207.50140493633722 
   185.35972264602393   220.30140493633721 
   70.159722646023909   20.769151904402541 
   47.989472309142286   33.569151904402553 
    163.1894723091423   233.10140493633719 
   141.01922197226068   245.90140493633723 
   25.819221972260664    46.36915190440255 
   3.6489716353790196   59.169151904402575 
