   252.74431497580647   44.822897016443406 
   252.74431497580647     70.4228970164434 
   227.14431497580648     70.4228970164434 
   227.14431497580648   44.822897016443406 
   201.54431497580649    44.82289701644342 
   201.54431497580649   70.422897016443414 
   175.94431497580646   70.422897016443414 
   175.94431497580646    44.82289701644342 
   150.34431497580647    44.82289701644342 
   150.34431497580647   70.422897016443414 
   124.74431497580647   70.422897016443414 
   124.74431497580647    44.82289701644342 
   99.144314975806481    44.82289701644342 
   99.144314975806481   70.422897016443414 
   73.544314975806472   70.422897016443414 
   73.544314975806472    44.82289701644342 
   47.944314975806478    44.82289701644342 
   47.944314975806478   70.422897016443414 
   22.344314975806476   70.422897016443429 
   22.344314975806476   44.822897016443427 
   252.74431497580647   96.022897016443423 
   252.74431497580647   121.62289701644342 
   227.14431497580648   121.62289701644342 
   227.14431497580648   96.022897016443423 
   201.54431497580649   96.022897016443423 
   201.54431497580649   121.62289701644342 
   175.94431497580646   121.62289701644342 
   175.94431497580646   96.022897016443423 
   150.34431497580647   96.022897016443423 
   150.34431497580647   121.62289701644342 
   124.74431497580647   121.62289701644342 
   124.74431497580647   96.022897016443423 
   99.144314975806481   96.022897016443423 
   99.144314975806481   121.62289701644342 
   73.544314975806472   121.62289701644342 
   73.544314975806472   96.022897016443423 
   47.944314975806478   96.022897016443423 
   47.944314975806478   121.62289701644342 
   22.344314975806476   121.62289701644342 
   22.344314975806476   96.022897016443423 
   252.74431497580647   147.22289701644343 
   252.74431497580647   172.82289701644342 
   227.14431497580648   172.82289701644342 
   227.14431497580648   147.22289701644343 
   201.54431497580649   147.22289701644343 
   201.54431497580649   172.82289701644342 
   175.94431497580646   172.82289701644342 
   175.94431497580646   147.22289701644343 
   150.34431497580647   147.22289701644343 
   150.34431497580647   172.82289701644342 
   124.74431497580647   172.82289701644342 
   124.74431497580647   147.22289701644343 
   99.144314975806481   147.22289701644343 
   99.144314975806481   172.82289701644342 
   73.544314975806472   172.82289701644342 
   73.544314975806472   147.22289701644343 
   47.944314975806478   147.22289701644343 
   47.944314975806478   172.82289701644342 
   22.344314975806476   172.82289701644342 
   22.344314975806476   147.22289701644343 
   252.74431497580647   198.42289701644341 
   252.74431497580647   224.02289701644341 
   227.14431497580648   224.02289701644341 
   227.14431497580648   198.42289701644341 
   201.54431497580649   198.42289701644341 
   201.54431497580649   224.02289701644341 
   175.94431497580646   224.02289701644341 
   175.94431497580646   198.42289701644341 
   150.34431497580647   198.42289701644341 
   150.34431497580647   224.02289701644341 
   124.74431497580647   224.02289701644341 
   124.74431497580647   198.42289701644341 
   99.144314975806481   198.42289701644341 
   99.144314975806481   224.02289701644341 
   73.544314975806486   224.02289701644341 
   73.544314975806472   198.42289701644341 
   47.944314975806478   198.42289701644341 
   47.944314975806485   224.02289701644341 
   22.344314975806476   224.02289701644341 
   22.344314975806476   198.42289701644341 
   252.74431497580647   249.62289701644343 
   252.74431497580647   19.222897016443419 
   227.14431497580648   19.222897016443419 
   227.14431497580648   249.62289701644343 
   201.54431497580649   249.62289701644343 
   201.54431497580649   19.222897016443419 
   175.94431497580646   19.222897016443419 
   175.94431497580646   249.62289701644343 
   150.34431497580647   249.62289701644343 
   150.34431497580647   19.222897016443419 
   124.74431497580647   19.222897016443419 
   124.74431497580647   249.62289701644343 
   99.144314975806481   249.62289701644343 
   99.144314975806481   19.222897016443419 
   73.544314975806472   19.222897016443419 
   73.544314975806486   249.62289701644343 
   47.944314975806485   249.62289701644343 
   47.944314975806464   19.222897016443419 
   22.344314975806476   19.222897016443419 
   22.344314975806476   249.62289701644343 
