   203.72215071679054    23.48528919191234 
   178.99444956379043   30.111056746536892 
   172.36868200916589   5.3833555935367245 
   147.64098085616573   12.009123148161253 
   154.26674841079026   36.736824301161413 
   129.53904725779012   43.362591855785936 
   122.91327970316559   18.634890702785782 
   98.185578550165431   25.260658257410309 
   104.81134610478995   49.988359410410474 
   80.083644951789822   56.614126965035005 
   73.457877397165291   31.886425812034851 
   48.730176244165136   38.512193366659382 
   55.355943798789674   63.239894519659536 
   30.628242645789516    69.86566207428406 
   24.002475091164989   45.137960921283906 
   5.9005414927893707   76.491429628908591 
   228.44985186979071   16.859521637287813 
    210.3479182714151   48.212990344912498 
   216.97368582603963   72.940691497912638 
   192.24598467303946   79.566459052537184 
   185.62021711841493   54.838757899537029 
   160.89251596541479   61.464525454161553 
   167.51828352003932   86.192226607161714 
   142.79058236703918   92.817994161786245 
   136.16481481241465   68.090293008786077 
   111.43711365941451   74.716060563410622 
   118.06288121403904   99.443761716410762 
   93.335180061038884   106.06952927103529 
   86.709412506414353   81.341828118035153 
   61.981711353414205   87.967595672659684 
   68.607478908038729   112.69529682565982 
   43.879777755038582   119.32106438028435 
   37.254010200414044   94.593363227284215 
     12.5263090474139   101.21913078190873 
   19.152076602038427   125.94683193490889 
   241.70138697903977   66.314923943288122 
   235.07561942441524   41.587222790287967 
   223.59945338066416   97.668392650912793 
   230.22522093528869   122.39609380391295 
   205.49751978228852   129.02186135853748 
   198.87175222766399   104.29416020553732 
   174.14405107466385   110.91992776016185 
   180.76981862928841   135.64762891316201 
   156.04211747628824   142.27339646778654 
   149.41634992166371   117.54569531478639 
   124.68864876866355   124.17146286941092 
    131.3144163232881   148.89916402241107 
   106.58671517028795    155.5249315770356 
   99.960947615663414   130.79723042403543 
    75.23324646266326   137.42299797865996 
   81.859014017287805   162.15069913166013 
   57.131312864287644   168.77646668628466 
   50.505545309663113   144.04876553328452 
   25.777844156662958   150.67453308790905 
   32.403611711287496   175.40223424090919 
   254.95292208828883   115.77032624928842 
    248.3271545336643   91.042625096288276 
   236.85098848991322   147.12379495691309 
   243.47675604453775   171.85149610991326 
   218.74905489153758   178.47726366453779 
   212.12328733691305   153.74956251153762 
   187.39558618391294   160.37533006616215 
   194.02135373853747   185.10303121916232 
    169.2936525855373   191.72879877378685 
   162.66788503091277   167.00109762078668 
   137.94018387791263   173.62686517541121 
   144.56595143253713   198.35456632841138 
   119.83825027953701   204.98033388303591 
   113.21248272491248   180.25263273003574 
   88.484781571912322   186.87840028466027 
   95.110549126536853   211.60610143766044 
   70.382847973536698   218.23186899228497 
   63.757080418912167    193.5041678392848 
   39.029379265912027   200.12993539390936 
   45.655146820536551   224.85763654690948 
   250.10252359916228    196.5791972629134 
   256.72829115378681   221.30689841591354 
   232.00059000078667   227.93266597053807 
   225.37482244616217    203.2049648175379 
     200.647121293162   209.83073237216243 
    207.2728888477865    234.5584335251626 
   182.54518769478636   241.18420107978713 
   175.91942014016183   216.45649992678696 
   151.19171898716166   223.08226748141149 
   157.81748654178622   247.80996863441166 
   133.08978538878605   254.43573618903619 
   126.46401783416152   229.70803503603602 
   101.73631668116138   236.33380259066055 
   77.008615528161243   242.95957014528508 
   52.280914375161096   249.58533769990962 
