   85.820936164215354   50.708982747362754 
   65.706416451349526   79.154849414029414 
   105.93485245355825    107.6007160806961 
   75.763676307782447    107.6007160806961 
   55.649760018439537   50.708982747362754 
   95.877592597125357   79.154849414029414 
   85.820936164215354   136.04231608069611 
   65.706416451349526   164.48818274736277 
   105.93485245355825    192.9340494140294 
   75.763676307782447    192.9340494140294 
   55.649760018439537   136.04231608069611 
   95.877592597125357   164.48818274736277 
   85.820936164215354   221.37564941402943 
   65.706416451349526   249.82151608069609 
   105.93485245355825   22.267382747362785 
   75.763676307782447   22.267382747362785 
   55.649760018439537   221.37564941402943 
   95.877592597125357   249.82151608069609 
     146.163288455767   50.708982747362754 
   126.04876874290116   79.154849414029414 
   166.27720474510988    107.6007160806961 
   136.10602859933408    107.6007160806961 
   115.99211230999116   50.708982747362754 
   156.21994488867699   79.154849414029414 
     146.163288455767   136.04231608069611 
   126.04876874290116   164.48818274736277 
   166.27720474510988    192.9340494140294 
   136.10602859933408    192.9340494140294 
   115.99211230999116   136.04231608069611 
   156.21994488867699   164.48818274736277 
     146.163288455767   221.37564941402943 
   126.04876874290116   249.82151608069609 
   166.27720474510988   22.267382747362785 
   136.10602859933408   22.267382747362785 
   115.99211230999116   221.37564941402943 
   156.21994488867699   249.82151608069609 
   206.50564074731858   50.708982747362754 
   186.39112103445277   79.154849414029414 
   226.61955703666149    107.6007160806961 
   196.44838089088566    107.6007160806961 
   176.33446460154281   50.708982747362754 
    216.5622971802286   79.154849414029414 
   206.50564074731858   136.04231608069611 
   186.39112103445277   164.48818274736277 
   226.61955703666149    192.9340494140294 
   196.44838089088566    192.9340494140294 
   176.33446460154281   136.04231608069611 
    216.5622971802286   164.48818274736277 
   206.50564074731858   221.37564941402943 
   186.39112103445277   249.82151608069609 
   226.61955703666149   22.267382747362785 
   196.44838089088566   22.267382747362785 
   176.33446460154281   221.37564941402943 
    216.5622971802286   249.82151608069609 
   25.478583872663759   50.708982747362754 
    246.7334733260044   79.154849414029414 
    45.59250016200663    107.6007160806961 
   15.421324016230844    107.6007160806961 
   236.67681689309441   50.708982747362754 
   35.535240305573758   79.154849414029414 
   25.478583872663759   136.04231608069611 
    246.7334733260044   164.48818274736277 
    45.59250016200663    192.9340494140294 
   15.421324016230844    192.9340494140294 
   236.67681689309441   136.04231608069611 
   35.535240305573758   164.48818274736277 
   25.478583872663759   221.37564941402943 
    246.7334733260044   249.82151608069609 
    45.59250016200663   22.267382747362785 
   15.421324016230844   22.267382747362785 
   236.67681689309441   221.37564941402943 
   35.535240305573758   249.82151608069609 
