      127.75010497033   42.289001080086258 
   100.95863884849203   64.559577559815153 
   132.45399208646211   102.44806021638337 
   103.31087383774056   94.639185216713713 
   98.606986721608465   34.480126080416603 
   130.10175709721358   72.368452559484808 
   105.66421312158155   124.71467159008675 
   78.872746999743597   146.98524806981567 
   110.36810023771369   184.87373072638385 
   81.224981988992141    177.0648557267142 
   76.521094872860047   116.90579659041711 
   108.01586524846513   154.79412306948532 
   83.578321272833122   207.14034210008728 
   56.786855150995166   229.41091857981615 
   154.53988393521055   20.022389706382857 
     125.396765686489   12.213514706713214 
   54.435203024111608    199.3314671004176 
   85.929973399716715   237.21979357948578 
   186.03634146777307   57.906751079425554 
    159.2448753459351   80.177327559154449 
   190.74022858390518   118.06581021572265 
   161.59711033518366   110.25693521605301 
   156.89322321905155   50.097876079755899 
   188.38799359465665   87.986202558824104 
   163.95044961902462   140.33242158942608 
   137.15898349718665   162.60299806915495 
   168.65433673515673   200.49148072572314 
   139.51121848643521   192.68260572605354 
    134.8073313703031   132.52354658975639 
   166.30210174590823    170.4118730688246 
   141.86455777027618   222.75809209942656 
   115.07309164843824   245.02866857915541 
    212.8261204326536   35.640139705722156 
    183.6830021839321   27.831264706052519 
   112.72143952155469   214.94921709975691 
   144.21620989715979   252.83754357882506 
   244.32257796521614   73.524501078764843 
   217.53111184337814   95.795077558493745 
   249.02646508134828   133.68356021506196 
   219.88334683262673    125.8746852153923 
   215.17945971649459   65.715626079095202 
   246.67423009209972   103.60395255816341 
   222.23668611646772   155.95017158876536 
   195.44521999462972   178.22074806849423 
    226.9405732325998   216.10923072506245 
   197.79745498387825   208.30035572539282 
   193.09356786774617    148.1412965890957 
   224.58833824335127   186.02962306816391 
   200.15079426771931   238.37584209876584 
   241.96923868137515   43.449014705391804 
   171.00767601899773   230.56696709909619 
   69.463868472886986   26.671251080746959 
   42.672402351049016   48.941827560475872 
   74.167755589019038   86.830310217044058 
   45.024637340297566   79.021435217374432 
   40.320750224165458   18.862376081077315 
   71.815520599770565    56.75070256014552 
   47.377976624138554   109.09692159074747 
   20.586510502300584   131.36749807047639 
   52.081863740270599   169.25598072704454 
   22.938745491549138   161.44710572737492 
   18.234858375417019   101.28804659107783 
   49.729628751022126   139.17637307014601 
   25.292084775390105     191.522592100748 
   96.253647437767484   4.4046397070435699 
   27.643736902273687    221.6020435801465 
