   129.70365820462806    40.17192488015089 
   95.366279698621753   46.063076807601369 
   103.69781437558423   94.623141918020579 
   82.363571126532349   73.288898668968699 
   108.36941495557616   18.837681631098999 
   116.70052294767365   67.397320056653243 
   69.363879543375987   100.51170354140295 
   35.026501037369698   106.40285546885342 
   43.358035714332182   154.96292057927263 
   22.023792465280302   133.62867733022077 
   48.029636294324092   79.177460292351071 
   56.360744286421586   127.73709871790531 
   9.0241008821239372   160.85148220265503 
   164.03759303683623   34.283363256768553 
   142.70334978778436   12.949120007716663 
   177.04030160892566   7.0575413954011985 
   172.37214470273182   82.840411378254657 
   138.03476619672554   88.731563305705137 
   146.36630087368798   137.29162841612433 
   125.03205762463612   115.95738516707246 
   151.03790145367995   61.506168129202777 
   159.36900944577744   110.06580655475702 
   112.03236604147976   143.18019003950673 
   77.694987535473473   149.07134196695719 
   86.026522212435921   197.63140707737637 
   64.692278963384069   176.29716382832453 
   90.698122792427867   121.84594679045485 
   99.029230784525382   170.40558521600909 
   51.692587380227714   203.51996870075877 
   198.37454485797755   28.391784644453086 
   206.70607953493999   76.951849754872285 
   185.37183628588815   55.617606505820426 
   30.358344131175826    182.1857254517069 
   219.70878810702945   49.726027893504977 
   215.04063120083555   125.50889787635842 
   180.70325269482927   131.40004980380886 
   189.03478737179177   179.96011491422809 
   167.70054412273987   158.62587166517619 
   193.70638795178368   104.17465462730654 
    202.0374959438812   152.73429305286075 
   154.70085253958351   185.84867653761049 
   120.36347403357722   191.73982846506092 
   128.69500871053972   240.29989357548016 
   107.36076546148782   218.96565032642826 
   133.36660929053164   164.51443328855859 
   141.69771728262913   213.07407171411282 
   94.361073878331467   246.18845519886256 
   241.04303135608129   71.060271142556829 
   249.37456603304378   119.62033625297606 
   228.04032278399188   98.286093003924179 
   73.026830629279573   224.85421194981066 
   223.37173919293309   174.06853630191264 
   61.029327877480469   51.954655419916818 
   210.36903062084369   201.29435816327998 
    236.3748744498875   146.84314112541031 
   74.032036449569915    24.72883355854951 
   197.36933903768733   228.51716303571428 
   163.03196053168102   234.40831496316471 
    176.0350957886354   207.18291978666238 
   13.692257788317864   85.068612219801579 
