   81.440939890821923   65.054781893939747 
   49.798321501223924   79.632365203505131 
   70.414235700319836   124.38142637060783 
   44.285230696022914   109.29583829771991 
   55.311934886524995   49.969193821051839 
   75.927326505520853   94.717953276393047 
   38.774273224155245   138.95561635021187 
   7.1316548345572652   153.53319965977724 
   27.747569033653178   198.28226082687991 
   1.6185640293562473     183.196672753992 
   12.645268219858327   123.87002827732395 
   33.260659838854195   168.61878773266517 
   92.464988167890581   5.7315307472330259 
   113.08090236698649   50.480591914335719 
   86.951897362689579   35.395003841447817 
   118.59399317218751   20.817118820120939 
   133.69894989941577    95.22595803971555 
   102.05633150981777   109.80354134928095 
   122.67224570891369   154.55260251638362 
    96.54324070461675   139.46701444349571 
   107.56994489511885   80.140369966827649 
   128.18533651411471   124.88912942216886 
   91.032283232749094   169.12679249598767 
    59.38966484315111   183.70437580555304 
   80.005579042247007   228.45343697265574 
     53.8765740379501   213.36784889976784 
    64.90327822845218   154.04120442309977 
   85.518669847448038   198.78996387844094 
   176.36561656608242    21.32512358344346 
   144.72299817648442   35.902706893008848 
   165.33891237558032   80.651768060111522 
   139.20990737128344    65.56617998722362 
   150.23661156178551    6.239535510555565 
   170.85200318078134   50.988294965896749 
   185.95695990800962   125.39713418549135 
    154.3143415184116   139.97471749505675 
   174.93025571750752   184.72377866215945 
   148.80125071321061   169.63819058927152 
   159.82795490371271   110.31154611260344 
   180.44334652270854   155.06030556794465 
   143.29029324134294   199.29796864176348 
   111.64767485174492   213.87555195132887 
   106.13458404654394   243.53902504554364 
   117.16128823704601   184.21238056887557 
   137.77667985604188   228.96114002421677 
   228.62362657467628   51.496299729219267 
   196.98100818507825   66.073883038784643 
   217.59692238417418   110.82294420588732 
   191.46791737987726   95.737356132999437 
   202.49462157037937   36.410711656331365 
   223.11001318937519   81.159471111672559 
   238.21496991660348   155.56831033126718 
   206.57235152700548   170.14589364083255 
   18.156225691725982   94.210250224832009 
   201.05926072180446   199.80936673504735 
   212.08596491230657   140.48272225837928 
   232.70135653130239   185.23148171372048 
   195.54830324993679   229.46914478753931 
   163.90568486033882    244.0467280971047 
   169.41929824563988   214.38355671465141 
   249.23901819367214   96.245059184560475 
    60.82289235839265   20.309415768559901 
   243.72592738847112   125.90853227877524 
   254.75263157897319   66.581887802107175 
