   151.00469938127537   64.889021969561014 
   116.31259635884415   61.692270246629668 
    111.7919711939502   110.75405111239228 
   96.706383121062302   84.625046108095333 
   135.91911130838744   38.760016965264079 
   131.39818443173206   87.821275250926604 
   77.103864925003265   107.55568863622769 
   42.411761902572053   104.35893691329633 
   37.891136737678089   153.42071777905895 
   22.805548664790198   127.29171277476202 
   62.018276852115349   81.426683631930757 
   57.497349975459969   130.48794191759328 
   3.2030304687311877   150.22235530289436 
   190.21343081511625   19.025603579962983 
   185.69280565022228    68.08738444572559 
   170.60721757733438   41.958379441428669 
   205.29901888800416   45.154608584259925 
    181.1758755270512   117.14703197815486 
   146.48377250461996   113.95028025522352 
   141.96314733972602   163.01206112098612 
   126.87755926683812    136.8830561166892 
   166.09028745416327   91.018026973857914 
   161.56936057750789   140.07928525952045 
   107.27504107077908   159.81369864482153 
    72.58293804834787   156.61694692189019 
   68.062312883453913    205.6787277876528 
   52.976724810566019   179.54972278335589 
   92.189452997891166   133.68469364052459 
     87.6685261212358   182.74595192618713 
   33.374206614507017   202.48036531148819 
   220.38460696089203   71.283613588556847 
   215.86398179599811   120.34539445431945 
   200.77839372311021   94.216389450022533 
   18.288618541619101   176.35136030719127 
   235.47019503377996   97.412618592853775 
   211.34705167282698   169.40504198674867 
   176.65494865039577   166.20829026381736 
   172.13432348550185   215.27007112957995 
   157.04873541261395   189.14106612528303 
   196.26146359993911   143.27603698245176 
    191.7405367232837   192.33729526811427 
   137.44621721655488   212.07170865341536 
   102.75411419412369   208.87495693048405 
   83.147900956341829   231.80773279194972 
     122.360629143667   185.94270364911844 
    117.8397022670116   235.00396193478096 
   63.545382760282827   254.73837532008201 
   250.55578310666786   123.54162359715066 
   246.03515794177392   172.60340446291329 
   230.94956986888599   146.47439945861635 
   48.459794687394918   228.60937031578516 
   120.83352323549956   12.631011960967177 
    206.8261247961716   218.46630027241119 
   81.620795048174386   58.496041103798404 
   66.535206975286485   32.367036099501519 
   226.43263974571491   195.53404699104559 
   101.22700828595625   35.563265242332768 
   46.932688779227462   55.297678627633857 
   7.7199605919022627   101.16270777046509 
   152.53180528944281    238.2007136577123 
   27.326173829684159   78.229931908999447 
   155.52162950444645    15.82937443713174 
