   218.39437965802952    71.36382053854139 
   185.71176160874109   59.297018512264017 
   168.64704973629196   105.51703584579467 
   160.83817473662231   76.373917597073145 
   210.58550465835989   42.220702289819869 
   193.52063660841074   88.440136760985567 
   135.96870914802901   93.449712387289836 
    103.2860910987406   81.382910361012449 
   86.221379226291461   127.60292769454311 
   78.412504226621806   98.459809445821577 
   128.15983414835938     64.3065941385683 
   111.09496609841024   110.52602860973398 
   53.543038638028541   115.53560423603827 
   20.860420588740105    103.4688022097609 
   3.7957087162909504   149.68881954329154 
   45.734163638358901   86.392485987316746 
   28.669295588409749   132.61192045848244 
   234.01212965736886   129.65005703598445 
   201.32951160808042   117.58325500970707 
   184.26479973563127   163.80327234323775 
   176.45592473596162    134.6601540945162 
    226.2032546576992   100.50693878726292 
   209.13838660775005   146.72637325842862 
   151.58645914736832   151.73594888473289 
   118.90384109807991   139.66914685845552 
   101.83912922563076   185.88916419198617 
   94.030254225961102   156.74604594326465 
   143.77758414769866   122.59283063601137 
   126.71271609774955   168.81226510717707 
   69.160788637367844   173.82184073348134 
   36.478170588079401   161.75503870720397 
   19.413458715630238   207.97505604073464 
   11.604583715960594   178.83193779201309 
   61.351913637698196   144.67872248475979 
   44.287045587749056   190.89815695592551 
   249.62987965670811   187.93629353342752 
    216.9472616074197   175.86949150715014 
   199.88254973497058   222.08950884068079 
    192.0736747353009   192.94639059195924 
   241.82100465703849     158.793175284706 
   224.75613660708933   205.01260975587164 
    167.2042091467076   210.02218538217596 
   134.52159109741919   197.95538335589856 
   117.45687922497005   244.17540068942927 
   109.64800422530041   215.03228244070772 
   159.39533414703797   180.87906713345444 
   142.33046609708884   227.09850160462011 
    84.77853863670714   232.10807723092438 
   52.095920587418689   220.04127520464704 
   27.222333715299879   237.11817428945614 
   76.969663637037499   202.96495898220289 
   59.904795587088344   249.18439345336853 
   202.77662965869024   13.077584041098371 
    170.0940116094018   1.0107820148209872 
   153.02929973695268   47.230799348351617 
   145.22042473728303   18.087681099630107 
   177.90288660907146   30.153900263542518 
   120.35095914868972   35.163475889846808 
   87.668341099401317   23.096673863569436 
   70.603629226952165   69.316691197100056 
   62.794754227282525   40.173572948378542 
   175.01308414637728   239.16530363089751 
   95.477216099070958   52.239792112290964 
    37.92528863868926   57.249367738595247 
   5.2426705894008183    45.18256571231786 
   13.051545589070461   74.325683961039402 
