   176.99908660435895   65.586488963411043 
   148.55321993769229   45.471969250545222 
   120.10735327102563   85.700405252753953 
   120.10735327102563   55.529229106978129 
   176.99908660435895   35.415312817635233 
   148.55321993769229   75.643145396321046 
   91.665753271025622   65.586488963411043 
    63.21988660435894   45.471969250545222 
   34.774019937692294   85.700405252753953 
   34.774019937692294   55.529229106978136 
   91.665753271025622   35.415312817635233 
    63.21988660435894   75.643145396321046 
   6.3324199376922934   65.586488963411057 
    233.8865532710256   45.471969250545214 
   205.44068660435892   85.700405252753939 
   205.44068660435892   55.529229106978129 
   6.3324199376922934   35.415312817635247 
    233.8865532710256   75.643145396321032 
   176.99908660435895   125.92884125496268 
   148.55321993769229   105.81432154209685 
   120.10735327102563   146.04275754430557 
   120.10735327102563   115.87158139852977 
   176.99908660435895   95.757665109186846 
   148.55321993769229   135.98549768787268 
   91.665753271025622   125.92884125496268 
    63.21988660435894   105.81432154209685 
   34.774019937692294   146.04275754430557 
   34.774019937692294   115.87158139852977 
   91.665753271025622   95.757665109186874 
    63.21988660435894   135.98549768787268 
   6.3324199376922934   125.92884125496268 
    233.8865532710256   105.81432154209685 
   205.44068660435892   146.04275754430557 
   205.44068660435892   115.87158139852977 
   6.3324199376922934   95.757665109186874 
    233.8865532710256   135.98549768787268 
   176.99908660435895    186.2711935465143 
   148.55321993769229   166.15667383364845 
   120.10735327102563   206.38510983585724 
   120.10735327102563   176.21393369008138 
   176.99908660435895   156.10001740073849 
   148.55321993769229   196.32784997942431 
   91.665753271025622    186.2711935465143 
    63.21988660435894   166.15667383364845 
   34.774019937692294   206.38510983585724 
   34.774019937692294    176.2139336900814 
   91.665753271025622   156.10001740073849 
    63.21988660435894   196.32784997942431 
   6.3324199376922934   186.27119354651433 
    233.8865532710256   166.15667383364845 
   205.44068660435892   206.38510983585724 
   205.44068660435892   176.21393369008138 
   6.3324199376922934   156.10001740073849 
    233.8865532710256   196.32784997942429 
   176.99908660435898   246.61354583806599 
   148.55321993769229   226.49902612520015 
   120.10735327102563   25.358052961202322 
   120.10735327102563   236.55628598163307 
   176.99908660435898   216.44236969229016 
   148.55321993769229   15.300793104769447 
   91.665753271025622   246.61354583806599 
   63.219886604358955   226.49902612520015 
   34.774019937692287   25.358052961202322 
   34.774019937692309   236.55628598163307 
   91.665753271025622   216.44236969229016 
   63.219886604358933   15.300793104769447 
   6.3324199376922934   246.61354583806599 
    233.8865532710256   226.49902612520015 
   205.44068660435892   25.358052961202322 
   205.44068660435892   236.55628598163307 
   6.3324199376922934   216.44236969229016 
    233.8865532710256   15.300793104769447 
