     49.5769964060798   47.383255582298162 
   81.576996406079786   79.383255582298162 
     49.5769964060798   111.38325558229818 
   81.576996406079786   143.38325558229815 
     49.5769964060798   175.38325558229815 
   81.576996406079786   207.38325558229818 
     49.5769964060798   239.38325558229815 
   81.576996406079786   15.383255582298155 
    113.5769964060798   47.383255582298162 
   145.57699640607979   79.383255582298162 
    113.5769964060798   111.38325558229818 
   145.57699640607979   143.38325558229815 
    113.5769964060798   175.38325558229815 
   145.57699640607979   207.38325558229818 
    113.5769964060798   239.38325558229815 
   145.57699640607979   15.383255582298155 
   177.57699640607979   47.383255582298162 
   209.57699640607979   79.383255582298162 
   177.57699640607979   111.38325558229818 
   209.57699640607979   143.38325558229815 
   177.57699640607979   175.38325558229815 
   209.57699640607979   207.38325558229818 
   177.57699640607979   239.38325558229815 
   209.57699640607979   15.383255582298155 
   241.57699640607979   47.383255582298162 
   17.576996406079804   79.383255582298162 
   241.57699640607979   111.38325558229818 
   17.576996406079804   143.38325558229815 
   241.57699640607979   175.38325558229815 
   17.576996406079804   207.38325558229818 
   241.57699640607979   239.38325558229815 
   17.576996406079804   15.383255582298155 
