   94.855139555754874   26.428266240979731 
   55.663303671224021   49.055683238949243 
   78.290720669193561   88.247519123480089 
   39.098884784662694   110.87493612144962 
   61.726301782632234   150.06677200598048 
   22.534465898101367   172.69418900394999 
   45.161882896070907   211.88602488848085 
   134.04697544028573   3.8008492430102176 
   156.67439243825524   42.992685127541058 
   117.48255655372441    65.62010212551057 
   140.10997355169394   104.81193801004142 
   100.91813766716308   127.43935500801095 
   123.54555466513258   166.63119089254181 
   84.353718780601753   189.25860789051131 
   106.98113577857126   228.45044377504215 
    195.8662283227861   20.365268129571533 
   218.49364532075563   59.557104014102386 
   179.30180943622477   82.184521012071897 
   201.92922643419433   121.37635689660276 
   162.73739054966344    144.0037738945723 
   185.36480754763298   183.19560977910314 
   146.17297166310212   205.82302677707264 
   168.80038866107165    245.0148626616035 
    33.03588667325451   9.8638473544183913 
   241.12106231872514   98.748939898633211 
   16.471467786693168   71.683100236918762 
   224.55664343216381    160.5681927811336 
   207.99222454560248   222.38744566363394 
