   95.484931033969829   4.8103607367523882 
   107.19774395507186   48.523173657854407 
   63.484931033969829   60.235986578956457 
   75.197743955071886   103.94879950005848 
   31.484931033969836   115.66161242116053 
   43.197743955071878   159.37442534226258 
    150.9105568761739   36.810360736752379 
   162.62336979727593     80.5231736578544 
    118.9105568761739   92.235986578956457 
   130.62336979727593   135.94879950005847 
   86.910556876173914    147.6616124211605 
   98.623369797275927   191.37442534226255 
   54.910556876173914   203.08723826336458 
   194.62336979727593    25.09754781565033 
   206.33618271837798   68.810360736752358 
   218.04899563948004    112.5231736578544 
   174.33618271837798   124.23598657895643 
   186.04899563948004   167.94879950005844 
   142.33618271837798   179.66161242116053 
   154.04899563948004   223.37442534226253 
   110.33618271837798   235.08723826336461 
   250.04899563948001   57.097547815650337 
   51.772118112867801   16.523173657854425 
   229.76180856058207   156.23598657895644 
   19.772118112867812   71.948799500058499 
   197.76180856058207   211.66161242116053 
