    111.4084488552778   15.902116798692429 
   66.153614859338774   15.902116798692454 
   66.153614859338759   61.156950794631477 
   20.898780863399725   61.156950794631506 
   20.898780863399711   106.41178479057054 
   156.66328285121685   15.902116798692429 
   156.66328285121685    61.15695079463147 
    111.4084488552778   61.156950794631477 
    111.4084488552778   106.41178479057054 
   66.153614859338759   106.41178479057054 
   66.153614859338745   151.66661878650959 
    20.89878086339975   151.66661878650956 
    20.89878086339975    196.9214527824486 
   201.91811684715589   61.156950794631477 
   201.91811684715589   106.41178479057054 
   156.66328285121688   106.41178479057054 
   156.66328285121688   151.66661878650959 
   111.40844885527781   151.66661878650959 
   111.40844885527781   196.92145278244863 
   66.153614859338802    196.9214527824486 
   66.153614859338802   242.17628677838766 
   247.17295084309492   106.41178479057051 
   247.17295084309498   151.66661878650956 
   201.91811684715589   151.66661878650956 
   201.91811684715589    196.9214527824486 
   156.66328285121685   196.92145278244863 
   156.66328285121685   242.17628677838766 
   111.40844885527784   242.17628677838761 
