   161.17709640651759   16.095425204263179 
   149.46428348541554   59.808238125365214 
   105.75147056431349   48.095425204263201 
   94.038657643211479   91.808238125365207 
   50.325844722109437   80.095425204263194 
   38.613031801007402   123.80823812536524 
   204.88990932761959   27.808238125365207 
   193.17709640651756   71.521051046467235 
   181.46428348541554   115.23386396756928 
   137.75147056431351   103.52105104646725 
   126.03865764321149   147.23386396756928 
   82.325844722109451   135.52105104646725 
   70.613031801007409   179.23386396756931 
   26.900218879905349   167.52105104646725 
   236.88990932761962   83.233863967569278 
   225.17709640651756   126.94667688867132 
   213.46428348541556   170.65948980977336 
   169.75147056431351   158.94667688867133 
   158.03865764321151   202.65948980977336 
   114.32584472210945   190.94667688867133 
   102.61303180100741   234.65948980977339 
   58.900218879905367   222.94667688867133 
   117.46428348541554   4.3826122831611425 
   201.75147056431351   214.37230273087542 
   62.038657643211465   36.382612283161151 
   146.32584472210945   246.37230273087536 
   6.6130318010073941   68.382612283161166 
