   239.52385421003586   21.866701717862281 
   207.52385421003589   53.866701717862284 
   175.52385421003589   21.866701717862295 
   143.52385421003589   53.866701717862284 
   111.52385421003588   21.866701717862295 
   79.523854210035879   53.866701717862284 
   47.523854210035886   21.866701717862295 
   15.523854210035916   53.866701717862298 
   239.52385421003592   85.866701717862298 
   207.52385421003589   117.86670171786227 
   175.52385421003589   85.866701717862298 
   143.52385421003589   117.86670171786227 
   111.52385421003588   85.866701717862298 
   79.523854210035879   117.86670171786227 
     47.5238542100359   85.866701717862298 
   15.523854210035916   117.86670171786227 
   239.52385421003592   149.86670171786227 
   207.52385421003589    181.8667017178623 
   175.52385421003589   149.86670171786227 
   143.52385421003589    181.8667017178623 
   111.52385421003588   149.86670171786227 
   79.523854210035879    181.8667017178623 
     47.5238542100359   149.86670171786227 
   15.523854210035916    181.8667017178623 
   239.52385421003592   213.86670171786224 
   207.52385421003589    245.8667017178623 
   175.52385421003589   213.86670171786227 
   143.52385421003589    245.8667017178623 
   111.52385421003588   213.86670171786227 
   79.523854210035879    245.8667017178623 
     47.5238542100359   213.86670171786227 
   15.523854210035916    245.8667017178623 
