   164.76478282556272   37.714945873019502 
   125.57294694103184    15.08752887504998 
   102.94552994306235   54.279364759580837 
   63.753694058531487   31.651947761611307 
   41.126277060561961   70.843783646142157 
   1.9344411760311329   48.216366648172638 
   226.58403570806308   21.150526986458178 
   203.95661871009355   60.342362870989021 
   181.32920171212405   99.534198755519867 
   142.13736582759319   76.906781757550348 
   119.50994882962367   116.09861764208119 
   80.318112945092821   93.471200644111661 
   57.690695947123288   132.66303652864252 
    18.49886006259246   110.03561953067299 
   243.14845459462444    82.96977986895854 
   220.52103759665491    122.1616157534894 
   197.89362059868535   161.35345163802026 
   158.70178471415451   138.72603464005073 
   136.07436771618501   177.91787052458159 
   96.882531831654163   155.29045352661205 
   74.255114833684615   194.48228941114292 
   35.063278949153791   171.85487241317338 
   237.08545648321623   183.98086863598976 
    214.4580394852467    223.1727045205206 
   175.26620360071584   200.54528752255109 
   152.63878660274634   239.73712340708192 
   113.44695071821548   217.10970640911242 
   90.819533720245943   256.30154229364325 
   51.627697835715118   233.67412529567372 
