   1.1887956171823655   126.21062727513566 
   19.474509902896649   97.821113443242638 
   1.1887956171823655   182.98965493892169 
   19.474509902896649   154.60014110702869 
   1.1887956171823655   239.76868260270768 
   19.474509902896649   211.37916877081469 
   1.1887956171823655   69.431599611349625 
   19.474509902896649   41.042085779456599 
   37.760224188610941   126.21062727513566 
   56.045938474325233   97.821113443242638 
   37.760224188610941   182.98965493892169 
   56.045938474325233   154.60014110702869 
   37.760224188610941   239.76868260270768 
   56.045938474325233   211.37916877081469 
   37.760224188610941   69.431599611349625 
   56.045938474325233   41.042085779456599 
   74.331652760039518   126.21062727513566 
   92.617367045753795   97.821113443242638 
   74.331652760039518   182.98965493892169 
   92.617367045753795   154.60014110702869 
   74.331652760039518   239.76868260270768 
   92.617367045753795   211.37916877081469 
   74.331652760039518   69.431599611349625 
   92.617367045753795   41.042085779456599 
   110.90308133146809   126.21062727513566 
   129.18879561718236   97.821113443242638 
   110.90308133146809   182.98965493892169 
   129.18879561718236   154.60014110702869 
   110.90308133146809   239.76868260270768 
   129.18879561718236   211.37916877081469 
   110.90308133146809   69.431599611349625 
   129.18879561718236   41.042085779456599 
   147.47450990289664   126.21062727513566 
   165.76022418861092   97.821113443242638 
   147.47450990289664   182.98965493892169 
   165.76022418861092   154.60014110702869 
   147.47450990289664   239.76868260270768 
   165.76022418861092   211.37916877081469 
   147.47450990289664   69.431599611349625 
   165.76022418861092   41.042085779456599 
   184.04593847432523   126.21062727513566 
   202.33165276003953   97.821113443242638 
   184.04593847432523   182.98965493892169 
   202.33165276003953   154.60014110702869 
   184.04593847432523   239.76868260270768 
   202.33165276003953   211.37916877081469 
   184.04593847432523   69.431599611349625 
   202.33165276003953   41.042085779456599 
   220.61736704575381   126.21062727513566 
   238.90308133146812   97.821113443242638 
   220.61736704575381   182.98965493892169 
   238.90308133146812   154.60014110702869 
   220.61736704575381   239.76868260270768 
   238.90308133146812   211.37916877081469 
   220.61736704575381   69.431599611349625 
   238.90308133146812   41.042085779456599 
