   33.495852474771091   83.574663031597112 
   58.506243016380829   60.885189536027013 
   18.800358752980369    138.4189922436295 
   43.810749294590117   115.72951874805941 
   4.1048650311896706    193.2633214556619 
   29.115255572799409    170.5738479600918 
   48.191346196561803   28.730333819564727 
   73.201736738171533   6.0408603239946297 
   68.821139836199876   93.040045252489307 
   93.831530377809614   70.350571756919194 
   54.125646114409157    147.8843744645217 
   79.136036656018916   125.19490096895159 
   39.430152392618453   202.72870367655406 
   64.440542934228205   180.03923018098399 
   83.516633557990573   38.195716040456915 
   108.52702409960033   15.506242544886817 
   104.14642719762865   102.50542747338149 
   129.15681773923839    79.81595397781139 
   89.450933475837942   157.34975668541387 
   114.46132401744767   134.66028318984377 
   74.755439754047231   212.19408589744626 
   99.765830295656968   189.50461240187619 
   118.84192091941937   47.661098261349103 
   143.85231146102907   24.971624765779001 
   139.47171455905746   111.97080969427367 
   164.48210510066718   89.281336198703571 
   124.77622083726673   166.81513890630606 
   149.78661137887647   144.12566541073596 
   110.08072711547604   221.65946811833845 
   135.09111765708576   198.96999462276835 
   154.16720828084814   57.126480482241298 
    179.1775988224579   34.437006986671193 
    174.7970019204862   121.43619191516586 
   199.80739246209598   98.746718419595766 
   160.10150819869551   176.28052112719826 
   185.11189874030524   153.59104763162816 
    145.4060144769048   231.12485033923062 
   170.41640501851452   208.43537684366055 
   189.49249564227694   66.591862703133472 
   214.50288618388669   43.902389207563374 
   210.12228928191502   130.90157413605806 
   235.13267982352474   108.21210064048795 
   195.42679556012428   185.74590334809042 
     220.437186101734   163.05642985252032 
   180.73130183833356   240.59023256012281 
   205.74169237994329   217.90075906455274 
   224.81778300370573   76.057244924025667 
   249.82817354531539   53.367771428455555 
   245.44757664334378   140.36695635695023 
   23.180955654952051   51.419807315134825 
   230.75208292155304   195.21128556898262 
   8.4854619331613286   106.26413652716721 
   216.05658919976236   250.05561478101501 
