   53.767563753576965   50.626457922426596 
   83.798213767296062   35.183274885774665 
   25.378049921683971   99.798538281444692 
   55.408699935403064   84.355355244792776 
   27.019186103510041   133.52743560381091 
   82.157077585469963   1.4543775634085019 
   85.439349949122146   68.912172208140873 
   115.46999996284127   53.468989171488964 
   57.049836117229141   118.08425256715897 
   87.080486130948259   102.64106953050707 
   28.660322285336132   167.25633292617707 
    58.69097229905524   151.81314988952519 
   113.82886378101514   19.740091849122763 
   30.301458467162227   200.98523024854327 
   117.11113614466734   87.197886493855165 
   147.14178615838642   71.754703457203235 
   88.721622312774343   136.36996685287326 
   118.75227232649343   120.92678381622133 
   60.332108480881331   185.54204721189137 
   90.362758494600413   170.09886417523947 
   145.50064997656037   38.025806134837055 
   61.973244662707387   219.27094453425758 
   148.78292234021254   105.48360077956944 
   178.81357235393165   90.040417742917512 
   120.39340850831952   154.65568113858754 
   150.42405852203865   139.21249810193564 
   92.003894676426526   203.82776149760562 
   122.03454469014562   188.38457846095375 
   177.17243617210553   56.311520420551339 
   93.645030858252596   237.55665881997189 
    180.4547085357577   123.76931506528372 
   210.48535854947681    108.3261320286318 
   152.06519470386471   172.94139542430182 
   182.09584471758379   157.49821238764991 
   123.67568087197171   222.11347578331993 
   153.70633088569079   206.67029274666803 
   208.84422236765073   74.597234706265624 
   125.31681705379778   255.84237310568614 
   212.12649473130293   142.05502935099801 
   242.15714474502198   126.61184631434608 
    183.7369808994099   191.22710971001609 
   213.76763091312895   175.78392667336416 
    155.3474670675169    240.3991900690342 
   185.37811708123596    224.9560070323823 
   240.51600856319592   92.882948991979887 
   243.79828092684807   160.34074363671226 
   52.126427571750895   16.897560600060388 
   215.40876709495507    209.5128239957304 
   23.736913739857876   66.069640959078498 
