   49.151831731043565   42.106613752076662 
   82.156202046432696   34.962148577224106 
   9.0029962408018935   82.255449242318335 
   42.007366556191045   75.110984067465779 
   1.8585310659493681   115.25981955770746 
   89.300667221285238   1.9577782618349873 
   75.011736871580155   67.966518892613237 
   108.01610718696931   60.822053717760696 
   34.862901381338496    108.1153543828549 
   67.867271696727641   100.97088920800236 
   27.718436206485961   141.11972469824406 
   115.16057236182183   27.817683402371578 
   148.16494267721097   20.673218227519033 
   100.87164201211677   93.826424033149834 
   133.87601232750589   86.681958858297293 
   60.722806521875086   133.97525952339151 
   93.727176837264224   126.83079434853896 
   20.573971031633413   174.12409501363319 
   53.578341347022551   166.97962983878065 
   141.02047750235843   53.677588542908161 
   174.02484781774757   46.533123368055612 
   126.73154715265336   119.68632917368643 
   159.73591746804249   112.54186399883388 
   86.582711662411697   159.83516466392811 
   119.58708197780084   152.69069948907557 
   46.433876172170017   199.98400015416979 
   79.438246487559155   192.83953497931725 
   166.88038264289503   79.537493683444765 
    199.8847529582842   72.393028508592224 
   152.59145229318995   145.54623431422303 
   185.59582260857908   138.40176913937049 
   112.44261680294828   185.69506980446471 
   145.44698711833743   178.55060462961217 
   72.293781312706614   225.84390529470636 
   105.29815162809577   218.69944011985382 
   192.74028778343163   105.39739882398136 
   225.74465809882076   98.252933649128806 
   178.45135743372654   171.40613945475963 
   211.45572774911571   164.26167427990706 
   138.30252194348489   211.55497494500128 
   171.30689225887403   204.41050977014874 
   98.153686453243211   251.70381043524299 
   131.15805676863235   244.55934526039039 
   218.60019292396819   131.25730396451794 
   251.60456323935733    124.1128387896654 
   204.31126257426317   197.26604459529622 
   237.31563288965231   190.12157942044368 
   164.16242708402149    237.4148800855379 
   197.16679739941065   230.27041491068533 
   244.46009806450482   157.11720910505454 
