   116.75395614726992   11.736732076401518 
    150.4828534696361   13.377868258227611 
   67.581875788251807   40.126245908294536 
   101.31077311061802    41.76738209012062 
   18.409795429233728   68.515759740187562 
   52.138692751599905   70.156895922013646 
   2.9666123925817796   98.546409753906673 
    135.0396704329842   43.408518271946704 
    168.7685677553504   45.049654453772789 
   85.867590073966113   71.798032103839731 
   119.59648739633232   73.439168285665801 
    36.69550971494801   100.18754593573274 
   70.424407037314197   101.82868211755884 
   184.21175079200231   15.019004440053683 
   21.252326678296082   130.21819594945185 
    153.3253847186985   75.080304467491885 
   187.05428204106468   76.721440649317955 
   104.15330435968039   103.46981829938491 
    137.8822016820466   105.11095448121098 
   54.981224000662309   131.85933213127794 
   88.710121323028488   133.50046831310399 
   202.49746507771661    46.69079063559888 
   39.538040964010364   161.88998214499702 
   171.61109900441278   106.75209066303707 
   205.33999632677899   108.39322684486315 
    122.4390186453947   135.14160449493011 
   156.16791596776088   136.78274067675616 
   73.266938286376586    163.5311183268231 
   106.99583560874277   165.17225450864919 
   220.78317936343086   78.362576831144068 
   57.823755249724663   193.56176834054222 
   189.89681329012708   138.42387685858225 
   223.62571061249326   140.06501304040833 
   140.72473293110897   166.81339069047527 
   174.45363025347518   168.45452687230136 
   91.552652572090878    195.2029045223683 
   125.28154989445707   196.84404070419436 
   239.06889364914517   110.03436302668923 
   76.109469535438947   225.23355453608741 
   208.18252757584136   170.09566305412741 
   241.91142489820757   171.73679923595353 
   159.01044721682325   198.48517688602044 
   192.73934453918946   200.12631306784652 
   109.83836685780517   226.87469071791347 
   143.56726418017135   228.51582689973955 
   94.395183821153239   256.90534073163258 
   226.46824186155567   201.76744924967267 
   177.29616150253756   230.15696308156564 
   83.025058824903752   10.095595894575469 
   33.852978465885649   38.485109726468501 
