   107.30408231876436   27.711506651418585 
   139.45893803522665   38.026403471237614 
   52.459753106731974   42.407000373209286 
    84.61460882319426   52.721897193028326 
   29.770279611161872   67.417390914819038 
   162.14841153079675   13.016012929627866 
   194.30326724725904   23.330909749446906 
   116.76946453965654   63.036794012847352 
   148.92432025611882   73.351690832666392 
   61.925135327624155   77.732287734638064 
   94.079991044086455   88.047184554457104 
   7.0808061155917725   92.427781456428775 
   39.235661832054056   102.74267827624783 
   171.61379375168892   48.341300291056648 
   203.76864946815124   58.656197110875688 
   126.23484676054873   98.362081374276144 
   158.38970247701101   108.67697819409518 
   71.390517548516343   113.05757509606684 
   103.54537326497865   123.37247191588588 
   16.546188336483958   127.75306881785757 
   48.701044052946244   138.06796563767659 
   181.07917597258111   83.666587652485433 
   213.23403168904343   93.981484472304473 
   135.70022898144092   133.68736873570492 
   167.85508469790321   144.00226555552396 
   80.855899769408538   148.38286245749563 
   113.01075548587082   158.69775927731467 
   26.011570557376146   163.07835617928635 
   58.166426273838432   173.39325299910539 
   190.54455819347331   118.99187501391422 
    222.6994139099356   129.30677183373325 
   145.16561120233311   169.01265609713371 
   177.32046691879538   179.32755291695275 
   90.321281990300719   183.70814981892443 
     122.476137706763   194.02304663874347 
   35.476952778268341   198.40364354071514 
   67.631808494730606   208.71854036053418 
   200.00994041436547     154.317162375343 
    232.1647961308278   164.63205919516201 
   154.63099342322528   204.33794345856251 
   186.78584913968757   214.65284027838155 
     99.7866642111929   219.03343718035322 
   131.94151992765518   229.34833400017223 
   44.942334999160529   233.72893090214396 
   77.097190715622801   244.04382772196294 
   209.47532263525767   189.64244973677179 
   241.63017835171999   199.95734655659084 
   164.09637564411747    239.6632308199913 
   129.99355581433446   2.7011161098088472 
   109.25204643208509   254.35872454178198 
   75.149226602302093   17.396609831599545 
   20.304897390269684   32.092103553390267 
   218.94070485614986   224.96773709820059 
