    21.92417571180825   25.134058327553191 
   47.524175711808262   50.734058327553193 
    21.92417571180825   76.334058327553194 
   47.524175711808262    101.9340583275532 
    21.92417571180825   127.53405832755321 
   47.524175711808262   153.13405832755319 
    21.92417571180825   178.73405832755321 
   47.524175711808262   204.33405832755321 
    21.92417571180825    229.9340583275532 
   47.524175711808262   255.53405832755317 
   73.124175711808263   25.134058327553191 
   98.724175711808272   50.734058327553193 
   73.124175711808263   76.334058327553194 
   98.724175711808272    101.9340583275532 
   73.124175711808263   127.53405832755321 
   98.724175711808272   153.13405832755319 
   73.124175711808263   178.73405832755321 
   98.724175711808272   204.33405832755321 
   73.124175711808263    229.9340583275532 
   98.724175711808272   255.53405832755317 
   124.32417571180827   25.134058327553191 
   149.92417571180826   50.734058327553193 
   124.32417571180827   76.334058327553194 
   149.92417571180826    101.9340583275532 
   124.32417571180827   127.53405832755321 
   149.92417571180826   153.13405832755319 
   124.32417571180827   178.73405832755321 
   149.92417571180826   204.33405832755321 
   124.32417571180827    229.9340583275532 
   149.92417571180826   255.53405832755317 
   175.52417571180825   25.134058327553191 
   201.12417571180828   50.734058327553193 
   175.52417571180825   76.334058327553194 
   201.12417571180828    101.9340583275532 
   175.52417571180825   127.53405832755321 
   201.12417571180828   153.13405832755319 
   175.52417571180825   178.73405832755321 
   201.12417571180828   204.33405832755321 
   175.52417571180825    229.9340583275532 
   201.12417571180828   255.53405832755317 
   226.72417571180827   25.134058327553191 
   252.32417571180824   50.734058327553193 
   226.72417571180827   76.334058327553194 
   252.32417571180824    101.9340583275532 
   226.72417571180827   127.53405832755321 
   252.32417571180824   153.13405832755319 
   226.72417571180827   178.73405832755321 
   252.32417571180824   204.33405832755321 
   226.72417571180827    229.9340583275532 
   252.32417571180824   255.53405832755317 
