   154.45095717122416   3.2961800878927341 
   182.84047100311719   21.581894373607039 
   97.671929507438136   3.2961800878927341 
   126.06144333933116   21.581894373607039 
   40.892901843652091   3.2961800878927341 
    69.28241567554511   21.581894373607039 
   211.22998483501016   3.2961800878927341 
   239.61949866690327   21.581894373607039 
   154.45095717122416    39.86760865932132 
   182.84047100311719   58.153322945035605 
   97.671929507438136    39.86760865932132 
   126.06144333933116   58.153322945035605 
   40.892901843652105    39.86760865932132 
   69.282415675545124   58.153322945035605 
   211.22998483501021    39.86760865932132 
   239.61949866690327    58.15332294503559 
   154.45095717122416   76.439037230749889 
   182.84047100311719   94.724751516464167 
   97.671929507438136   76.439037230749889 
   126.06144333933116   94.724751516464167 
   40.892901843652105   76.439037230749889 
   69.282415675545124   94.724751516464167 
   211.22998483501021   76.439037230749889 
   239.61949866690327   94.724751516464167 
   154.45095717122416   113.01046580217844 
   182.84047100311719   131.29618008789274 
   97.671929507438136   113.01046580217844 
   126.06144333933116   131.29618008789274 
   40.892901843652105   113.01046580217844 
   69.282415675545124   131.29618008789274 
   211.22998483501021   113.01046580217844 
   239.61949866690327   131.29618008789274 
   154.45095717122416   149.58189437360701 
   182.84047100311719   167.86760865932129 
   97.671929507438136   149.58189437360701 
   126.06144333933116   167.86760865932129 
   40.892901843652105   149.58189437360701 
   69.282415675545124   167.86760865932129 
   211.22998483501021   149.58189437360701 
   239.61949866690327   167.86760865932129 
   154.45095717122419   186.15332294503557 
   182.84047100311719   204.43903723074988 
   97.671929507438136   186.15332294503557 
   126.06144333933116   204.43903723074988 
   40.892901843652105   186.15332294503557 
   69.282415675545124   204.43903723074988 
   211.22998483501021   186.15332294503557 
   239.61949866690327   204.43903723074988 
   154.45095717122419   222.72475151646418 
   182.84047100311719   241.01046580217849 
   97.671929507438136   222.72475151646418 
   126.06144333933116   241.01046580217849 
   40.892901843652112   222.72475151646418 
   69.282415675545138   241.01046580217849 
   211.22998483501021   222.72475151646418 
   239.61949866690327   241.01046580217849 
