    87.45917633414885   8.0160217557980076 
    96.82942667103049   42.986272092679641 
   61.859176334148856   52.356522429561267 
   71.229426671030495     87.3267727664429 
   36.259176334148854    96.69702310332454 
   45.629426671030494   131.66727344020615 
   10.659176334148873   141.03752377708778 
   20.029426671030485   176.00777411396945 
   131.79967700791212   33.616021755797995 
   141.16992734479376   68.586272092679636 
    106.1996770079121   77.956522429561261 
   115.56992734479377   112.92677276644291 
   80.599677007912121   122.29702310332455 
    89.96992734479376   157.26727344020617 
   54.999677007912126   166.63752377708778 
   64.369927344793751   201.60777411396944 
   29.399677007912114   210.97802445085108 
   166.76992734479376   24.245771418916366 
   176.14017768167537   59.216021755797989 
   185.51042801855701    94.18627209267963 
   150.54017768167537   103.55652242956127 
   159.91042801855701   138.52677276644289 
   124.94017768167537   147.89702310332453 
   134.31042801855702   182.86727344020616 
   99.340177681675371    192.2375237770878 
   108.71042801855701   227.20777411396941 
   73.740177681675362   236.57802445085107 
   211.11042801855703    49.84577141891635 
   220.48067835543864   84.816021755797991 
   229.85092869232031   119.78627209267964 
   194.88067835543862   129.15652242956128 
   204.25092869232029   164.12677276644291 
   169.28067835543865   173.49702310332455 
   178.65092869232029   208.46727344020613 
   143.68067835543866    217.8375237770878 
    153.0509286923203   252.80777411396943 
    255.4509286923203   75.445771418916365 
   52.488925997267231   17.386272092679647 
   239.22117902920192   154.75652242956127 
   26.888925997267233   61.726772766442899 
    213.6211790292019   199.09702310332452 
   1.2889259972672333   106.06727344020615 
   188.02117902920193   243.43752377708776 
