   58.187152731021939   20.812662260086629 
   76.289086329397549   52.166130967711297 
    44.93561762177287   70.268064566086906 
   63.037551220148487   101.62153327371161 
   31.684082512523819   119.72346687208722 
   49.786016110899432   151.07693557971189 
    18.43254740327475   169.17886917808752 
   36.534481001650363   200.53233788571217 
   5.1810122940256829   218.63427148408783 
   89.540621438646625   2.7107286617109789 
   107.64255503702222    34.06419736933568 
   125.74448863539784   65.417666076960359 
   94.391019927773172   83.519599675335982 
   112.49295352614878   114.87306838296065 
    81.13948481852411   132.97500198133625 
   99.241418416899734   164.32847068896095 
   67.887949709275034   182.43040428733659 
   85.989883307650672   213.78387299496126 
   54.636414600025979   231.88580659333684 
   138.99602374464692   15.962263770960046 
   157.09795734302253   47.315732478584749 
   175.19989094139814   78.669201186209435 
   143.84642223377347    96.77113478458503 
   161.94835583214908   128.12460349220973 
   130.59488712452443   146.22653709058534 
   148.69682072290004   177.58000579821001 
   117.34335201527536   195.68193939658565 
   135.44528561365095   227.03540810421032 
    104.0918169060263   245.13734170258596 
    188.4514260506472    29.21379888020909 
   206.55335964902284   60.567267587833804 
   224.65529324739845   91.920736295458497 
   193.30182453977378   110.02266989383411 
   211.40375813814944   141.37613860145879 
   180.05028943052471    159.4780721998344 
   198.15222302890038    190.8315409074591 
   166.79875432127565   208.93347450583471 
   184.90068791965132   240.28694321345938 
   237.90682835664757   42.465333989458166 
   256.00876195502315   73.818802697082873 
   26.833684023397225   38.914595858462228 
   242.75722684577406   123.27420500308317 
   13.582148914148169    88.36999816446253 
   229.50569173652499   172.72960730908346 
   216.25415662727593   222.18500961508377 
