   135.32730794166051   6.0683858132955191 
   135.32730794166048   42.272253010046732 
    99.12344074490926   42.272253010046747 
    99.12344074490926   78.476120206797972 
   62.919573548158034   78.476120206798001 
   62.919573548158041   114.67998740354921 
   26.715706351406805   114.67998740354922 
   26.715706351406784   150.88385460030048 
   171.53117513841173   6.0683858132955191 
   171.53117513841173   42.272253010046732 
   171.53117513841173   78.476120206797972 
   135.32730794166048   78.476120206797972 
   135.32730794166051   114.67998740354921 
    99.12344074490926   114.67998740354921 
   99.123440744909288   150.88385460030045 
   62.919573548158034   150.88385460030045 
    62.91957354815802    187.0877217970517 
   26.715706351406805   187.08772179705167 
   207.73504233516297   42.272253010046747 
   207.73504233516297   78.476120206797944 
   207.73504233516297   114.67998740354921 
   171.53117513841173   114.67998740354921 
   171.53117513841173   150.88385460030042 
   135.32730794166048   150.88385460030042 
   135.32730794166051   187.08772179705164 
    99.12344074490926   187.08772179705164 
    99.12344074490926   223.29158899380292 
   62.919573548158041   223.29158899380292 
   243.93890953191422   78.476120206797972 
   243.93890953191422   114.67998740354921 
   243.93890953191422   150.88385460030045 
   207.73504233516297   150.88385460030045 
     207.735042335163   187.08772179705167 
   171.53117513841173   187.08772179705167 
   171.53117513841175   223.29158899380292 
   135.32730794166051   223.29158899380292 
    99.12344074490926    6.068385813295496 
   243.93890953191422   187.08772179705167 
    62.91957354815802   42.272253010046732 
     207.735042335163   223.29158899380292 
   26.715706351406805   78.476120206797972 
