   172.05384960443601   8.5265101625678135 
   127.71334893067274   34.126510162567811 
   92.743098593791103   24.756259825686183 
   83.372848256909492   59.726510162567806 
   48.402597920027851    50.35625982568618 
   39.032347583146212   85.326510162567814 
    4.062097246264587   75.956259825686189 
   207.02409994131762   17.896760499449428 
     197.653849604436   52.867010836331062 
   162.68359926755437   43.496760499449422 
   153.31334893067276   78.467010836331056 
    118.3430985937911   69.096760499449431 
   108.97284825690949   104.06701083633106 
   74.002597920027853   94.696760499449439 
   64.632347583146213   129.66701083633109 
   29.662097246264597   120.29676049944945 
   20.291846909382983   155.26701083633108 
   232.62409994131764   62.237261173212666 
   223.25384960443603   97.207511510094321 
   188.28359926755437   87.837261173212681 
   178.91334893067275   122.80751151009433 
   143.94309859379112   113.43726117321269 
   134.57284825690948   148.40751151009431 
   99.602597920027861    139.0372611732127 
   90.232347583146236   174.00751151009433 
   55.262097246264609   164.63726117321269 
   45.891846909382991   199.60751151009433 
   248.85384960443602   141.54801218385759 
   213.88359926755442   132.17776184697595 
   204.51334893067278   167.14801218385759 
   169.54309859379111   157.77776184697598 
    160.1728482569095   192.74801218385758 
   125.20259792002788   183.37776184697597 
   115.83234758314624   218.34801218385761 
   80.862097246264611   208.97776184697597 
   71.491846909383014   243.94801218385763 
   239.48359926755435    176.5182625207392 
   230.11334893067274   211.48851285762083 
   195.14309859379114   202.11826252073922 
   185.77284825690953   237.08851285762083 
   150.80259792002786   227.71826252073919 
   106.46209724626461   253.31826252073918 
