   175.80976454900636   30.982552089284937 
   144.45629584138169   12.880618490909345 
   126.35436224300607   44.234087198534006 
   95.000893535381365     26.1321536001584 
    76.89895993700577   57.485622307783061 
   45.545491229381085   39.383688709407458 
   27.443557631005433   70.737157417032137 
   225.26516685500661   17.731016980035879 
   207.16323325663106    49.08448568766056 
   189.06129965825542   80.437954395285246 
   157.70783095063075   62.336020796909629 
   139.60589735225511   93.689489504534308 
   108.25242864463043   75.587555906158698 
   90.150495046254832   106.94102461378337 
   58.797026338630154   88.839091015407746 
   40.695092740254488   120.19255972303245 
    9.341624032629845   102.09062612465682 
   238.51670196425573   67.186419286036184 
   220.41476836588009   98.539887993660869 
   202.31283476750448   129.89335670128557 
   170.95936605987978   111.79142310290993 
    152.8574324615042    143.1448918105346 
    121.5039637538795   125.04295821215901 
   103.40203015550389   156.39642691978366 
   72.048561447879209   138.29449332140805 
   53.946627849503557   169.64796202903273 
    22.59315914187891   151.54602843065712 
   251.76823707350476   116.64182159203649 
   233.66630347512915   147.99529029966118 
   215.56436987675355   179.34875900728588 
   184.21090116912887   161.24682540891024 
   166.10896757075326   192.60029411653491 
   134.75549886312857   174.49836051815933 
   116.65356526475297     205.851829225784 
   85.300096557128271   187.74989562740836 
   67.198162958752619   219.10336433503306 
   35.844694251127976   201.00143073665743 
   246.91783858437822   197.45069260566146 
   228.81590498600258   228.80416131328613 
   197.46243627837791   210.70222771491052 
    179.3605026800023   242.05569642253519 
    148.0070339723776   223.95376282415958 
   129.90510037400202   255.30723153178425 
   98.551631666377332   237.20529793340862 
   49.096229360377038   250.45683304265773 
