   247.58514741324444   27.407279216005833 
   221.98514741324442   53.007279216005841 
   196.38514741324443   27.407279216005843 
    170.7851474132444   53.007279216005841 
   145.18514741324441   27.407279216005843 
   119.58514741324441   53.007279216005841 
   93.985147413244405   27.407279216005843 
   68.385147413244383   53.007279216005841 
   42.785147413244388   27.407279216005843 
    17.18514741324444   53.007279216005855 
   247.58514741324444   78.607279216005836 
   221.98514741324442   104.20727921600584 
   196.38514741324443   78.607279216005836 
    170.7851474132444   104.20727921600584 
   145.18514741324441   78.607279216005836 
   119.58514741324441   104.20727921600584 
   93.985147413244405   78.607279216005836 
   68.385147413244383   104.20727921600584 
   42.785147413244403   78.607279216005836 
    17.18514741324444   104.20727921600584 
   247.58514741324444   129.80727921600587 
   221.98514741324442   155.40727921600583 
   196.38514741324443   129.80727921600587 
    170.7851474132444   155.40727921600583 
   145.18514741324441   129.80727921600587 
   119.58514741324441   155.40727921600583 
   93.985147413244405   129.80727921600587 
   68.385147413244383   155.40727921600583 
   42.785147413244403   129.80727921600587 
    17.18514741324444   155.40727921600583 
   247.58514741324444   181.00727921600586 
   221.98514741324442   206.60727921600585 
   196.38514741324443   181.00727921600586 
    170.7851474132444   206.60727921600585 
   145.18514741324441   181.00727921600586 
   119.58514741324441   206.60727921600585 
   93.985147413244405   181.00727921600586 
   68.385147413244383   206.60727921600585 
   42.785147413244403   181.00727921600586 
    17.18514741324444   206.60727921600588 
   247.58514741324444   232.20727921600584 
   221.98514741324442   1.8072792160058571 
   196.38514741324443   232.20727921600584 
    170.7851474132444   1.8072792160058571 
   145.18514741324441   232.20727921600584 
   119.58514741324441   1.8072792160058571 
   93.985147413244405   232.20727921600584 
   68.385147413244383   1.8072792160058571 
   42.785147413244417   232.20727921600584 
    17.18514741324444   1.8072792160058571 
