   12.861856207929032   67.009373853713484 
   44.861856207929044   44.381956855743972 
   44.861856207929044   67.009373853713484 
   12.861856207929032   44.381956855743972 
   12.861856207929032   112.26420784965254 
   44.861856207929044   89.636790851683017 
   44.861856207929044   112.26420784965254 
   12.861856207929032   89.636790851683017 
   12.861856207929032   157.51904184559154 
   44.861856207929044   134.89162484762204 
   44.861856207929044   157.51904184559154 
   12.861856207929032   134.89162484762204 
   12.861856207929032   202.77387584153061 
   44.861856207929044   180.14645884356108 
   44.861856207929044   202.77387584153061 
   12.861856207929032   180.14645884356108 
   12.861856207929032   21.754539857774436 
   44.861856207929044   225.40129283950012 
   44.861856207929044   21.754539857774436 
   12.861856207929032   225.40129283950012 
   76.861856207929037   67.009373853713484 
   108.86185620792902   44.381956855743972 
   108.86185620792902   67.009373853713484 
   76.861856207929037   44.381956855743972 
   76.861856207929037   112.26420784965254 
   108.86185620792902   89.636790851683017 
   108.86185620792902   112.26420784965254 
   76.861856207929037   89.636790851683017 
   76.861856207929037   157.51904184559154 
   108.86185620792902   134.89162484762204 
   108.86185620792902   157.51904184559154 
   76.861856207929037   134.89162484762204 
   76.861856207929037   202.77387584153061 
   108.86185620792902   180.14645884356108 
   108.86185620792902   202.77387584153061 
   76.861856207929037   180.14645884356108 
   76.861856207929037   21.754539857774436 
   108.86185620792902   225.40129283950012 
   108.86185620792902   21.754539857774436 
   76.861856207929037   225.40129283950012 
   140.86185620792904   67.009373853713484 
   172.86185620792904   44.381956855743972 
   172.86185620792904   67.009373853713484 
   140.86185620792904   44.381956855743972 
   140.86185620792904   112.26420784965254 
   172.86185620792904   89.636790851683017 
   172.86185620792904   112.26420784965254 
   140.86185620792904   89.636790851683017 
   140.86185620792904   157.51904184559154 
   172.86185620792904   134.89162484762204 
   172.86185620792904   157.51904184559154 
   140.86185620792904   134.89162484762204 
   140.86185620792904   202.77387584153061 
   172.86185620792904   180.14645884356108 
   172.86185620792904   202.77387584153061 
   140.86185620792904   180.14645884356108 
   140.86185620792904   21.754539857774436 
   172.86185620792904   225.40129283950012 
   172.86185620792904   21.754539857774436 
   140.86185620792904   225.40129283950012 
   204.86185620792904   67.009373853713484 
   236.86185620792904   44.381956855743972 
   236.86185620792904   67.009373853713484 
   204.86185620792904   44.381956855743972 
   204.86185620792904   112.26420784965254 
   236.86185620792904   89.636790851683017 
   236.86185620792904   112.26420784965254 
   204.86185620792904   89.636790851683017 
   204.86185620792904   157.51904184559154 
   236.86185620792904   134.89162484762204 
   236.86185620792904   157.51904184559154 
   204.86185620792904   134.89162484762204 
   204.86185620792904   202.77387584153061 
   236.86185620792904   180.14645884356108 
   236.86185620792904   202.77387584153061 
   204.86185620792904   180.14645884356108 
   204.86185620792904   21.754539857774436 
   236.86185620792904   225.40129283950012 
   236.86185620792904   21.754539857774436 
   204.86185620792904   225.40129283950012 
