   56.292271972187848   22.317198685169551 
   93.058304873989073   8.7430016678992182 
   87.201898413438059   30.599408128450222 
    44.57945905108582   66.030011606271586 
   81.345491952887045   52.455814589001236 
   75.489085492336031   74.312221049552264 
   50.435865511636841   44.173605145720565 
   32.866646129983792   109.74282452737363 
   69.632679031785003   96.168627510103249 
   63.776272571233989   118.02503397065428 
   38.723052590534799     87.8864180668226 
   21.153833208881753   153.45563744847567 
   57.919866110682968   139.88144043120531 
   52.063459650131946   161.73784689175633 
   27.010239669432771   131.59923098792464 
   9.4410202877797147    197.1684503695777 
    46.20705318958094   183.59425335230731 
   40.350646729029918   205.45065981285833 
   15.297426748330734   175.31204390902667 
   118.11152485468824   38.881617571730885 
   154.87755775648944   25.307420554460538 
   149.02115129593841   47.163827015011542 
   123.96793131523926   17.025211111179868 
   106.39871193358623   82.594430492832927 
   143.16474483538741   69.020233475562563 
   137.30833837483638   90.876639936113577 
   112.25511839413724   60.738024032281899 
   94.685899012484185   126.30724341393496 
   131.45193191428535   112.73304639666458 
   125.59552545373434    134.5894528572156 
    100.5423054730352   104.45083695338393 
   82.973086091382143     170.020056335037 
   119.73911899318333   156.44585931776663 
    113.8827125326323   178.30226577831766 
   88.829492551933171   148.16364987448597 
   71.260273170280115     213.732869256139 
   108.02630607208128   200.15867223886866 
   102.16989961153028   222.01507869941963 
   77.116679630831143   191.87646279558797 
   179.93077773718861   55.446036458292213 
   216.69681063898983   41.871839441021862 
    210.8404041784388   63.728245901572876 
   185.78718419773961   33.589629997741191 
   168.21796481608658    99.15884937939424 
    204.9839977178878    85.58465236212389 
   199.12759125733675   107.44105882267492 
   174.07437127663758   77.302442918843212 
   156.50515189498455   142.87166230049627 
   193.27118479678575    129.2974652832259 
   187.41477833623475   151.15387174377693 
   162.36155835553555   121.01525583994524 
   144.79233897388249   186.58447522159832 
   181.55837187568372   173.01027820432796 
   175.70196541513269   194.86668466487896 
   150.64874543443352    164.7280687610473 
   133.07952605278047   230.29728814270032 
   169.84555895458169   216.72309112542999 
   163.98915249403066   238.57949758598102 
   138.93593251333147    208.4408816821493 
   241.75003061968897    72.01045534485354 
      247.60643708024   50.154048884302519 
   230.03721769858691   115.72326826595557 
   235.89362415913791    93.86686180540454 
   218.32440477748489    159.4360811870576 
   255.09043767928611   145.86188416978723 
   249.23403121873511   167.71829063033826 
   224.18081123803591   137.57967472650657 
   206.61159185638286   203.14889410815962 
   243.37762475818406   189.57469709088929 
   237.52121829763303   211.43110355144032 
   212.46799831693386   181.29248764760862 
    194.8987789352808   246.86170702926168 
   231.66481183708203   233.28751001199129 
   225.80840537653103   255.14391647254232 
   200.75518539583186   225.00530056871065 
