   136.33438136267762   3.1680598953395127 
   120.33438136267762   19.168059895339496 
   65.706964364708099   28.540642897369981 
    104.3343813626776   35.168059895339503 
   88.334381362677618   51.168059895339496 
   81.706964364708099   12.540642897369978 
   33.706964364708107   60.540642897369985 
   72.334381362677632   67.168059895339496 
   56.334381362677625   83.168059895339496 
   49.706964364708107   44.540642897369978 
   1.7069643647080981   92.540642897369978 
   40.334381362677625   99.168059895339496 
   24.334381362677622   115.16805989533951 
   17.706964364708103   76.540642897369992 
   8.3343813626776395    131.1680598953395 
   142.96179836064715   41.795476893309015 
   181.58921535861666   48.422893891278534 
   165.58921535861666   64.422893891278534 
   158.96179836064715   25.795476893309019 
   110.96179836064715   73.795476893309015 
   149.58921535861666    80.42289389127852 
   133.58921535861666    96.42289389127852 
   126.96179836064715   57.795476893309015 
   78.961798360647151   105.79547689330903 
   117.58921535861667   112.42289389127852 
   101.58921535861667   128.42289389127853 
   94.961798360647165   89.795476893309015 
   46.961798360647151   137.79547689330903 
   85.589215358616656   144.42289389127853 
    69.58921535861667   160.42289389127853 
   62.961798360647151   121.79547689330903 
    14.96179836064718     169.795476893309 
   53.589215358616677   176.42289389127853 
   37.589215358616705   192.42289389127848 
   30.961798360647165   153.79547689330903 
   188.21663235658622   87.050310889248053 
   226.84404935455566   93.677727887217586 
   210.84404935455572   109.67772788721757 
   204.21663235658616   71.050310889248053 
   156.21663235658619   119.05031088924804 
   194.84404935455572   125.67772788721759 
   178.84404935455572   141.67772788721757 
   172.21663235658619   103.05031088924805 
   124.21663235658619   151.05031088924807 
   162.84404935455572   157.67772788721757 
   146.84404935455572   173.67772788721757 
   140.21663235658619   135.05031088924804 
   92.216632356586203   183.05031088924807 
   130.84404935455572   189.67772788721757 
   114.84404935455572    205.6777278872176 
    108.2166323565862   167.05031088924807 
   60.216632356586231   215.05031088924801 
   98.844049354555736   221.67772788721754 
    82.84404935455575   237.67772788721757 
   76.216632356586203   199.05031088924804 
   233.47146635252523   132.30514488518708 
   256.09888335049476   154.93256188315658 
    249.4714663525252   116.30514488518708 
    201.4714663525252   164.30514488518708 
   240.09888335049476   170.93256188315658 
   224.09888335049473   186.93256188315661 
   217.47146635252523   148.30514488518708 
   169.47146635252523   196.30514488518708 
   208.09888335049476   202.93256188315658 
   192.09888335049476   218.93256188315661 
   185.47146635252523   180.30514488518705 
   137.47146635252523   228.30514488518705 
   176.09888335049476   234.93256188315658 
   160.09888335049476   250.93256188315658 
   153.47146635252523   212.30514488518708 
   121.47146635252523   244.30514488518708 
