   101.59748722505483   25.383565937056936 
   140.62400864514163   21.787647994791506 
   129.31030014615686   41.383565937056936 
   112.91119572403959   5.7876479947915209 
   78.970070227085316   64.575401821587775 
   117.99659164717211   60.979483879322366 
   106.68288314818734   80.575401821587789 
   90.283778726070068   44.979483879322366 
   56.342653229115797   103.76723770611864 
   95.369174649202577   100.17131976385322 
   84.055466150217839   119.76723770611864 
   67.656361728100549   84.171319763853219 
   33.715236231146271    142.9590735906495 
   72.741757651233073   139.36315564838404 
   61.428049152248313   158.95907359064947 
   45.028944730131037   123.36315564838407 
   11.087819233176768    182.1509094751803 
   50.114340653263554   178.55499153291493 
   38.800632154278809    198.1509094751803 
   22.401527732161512   162.55499153291493 
   157.02311306725889   57.383565937056936 
   196.04963448734568   53.787647994791506 
   184.73592598836092   73.383565937056929 
   168.33682156624366   37.787647994791513 
   134.39569606928939   96.575401821587789 
   173.42221748937618   92.979483879322359 
   162.10850899039141   112.57540182158777 
   145.70940456827415   76.979483879322359 
   111.76827907131988   135.76723770611861 
   150.79480049140665   132.17131976385321 
   139.48109199242191   151.76723770611864 
   123.08198757030463   116.17131976385321 
   89.140862073350362    174.9590735906495 
   128.16738349343714   171.36315564838407 
   116.85367499445238   190.95907359064947 
   100.45457057233513   155.36315564838407 
   66.513445075380858    214.1509094751803 
   105.53996649546762   210.55499153291493 
   94.226257996482872    230.1509094751803 
   77.827153574365596    194.5549915329149 
   212.44873890946297   89.383565937056929 
   251.47526032954977   85.787647994791499 
     240.161551830565   105.38356593705691 
   223.76244740844774   69.787647994791499 
   189.82132191149347   128.57540182158777 
   228.84784333158029   124.97948387932236 
   217.53413483259553   144.57540182158777 
   201.13503041047821   108.97948387932234 
   167.19390491352397   167.76723770611864 
   206.22042633361076   164.17131976385321 
   194.90671783462599   183.76723770611861 
    178.5076134125087   148.17131976385321 
   144.56648791555443   206.95907359064947 
   183.59300933564123   203.36315564838407 
   172.27930083665646   222.95907359064947 
    155.8801964145392   187.36315564838404 
   121.93907091758493   246.15090947518027 
   160.96559233767169    242.5549915329149 
   133.25277941656967    226.5549915329149 
   73.884674303952806   9.3835659370569502 
    245.2469477536975   160.57540182158775 
    62.57096580496804   28.979483879322384 
   51.257257305983288   48.575401821587796 
   256.56065625268229   140.97948387932234 
   222.61953075572802   199.76723770611861 
   39.943548806998528   68.171319763853234 
   28.629840308013776   87.767237706118649 
   233.93323925471273   180.17131976385318 
   199.99211375775849   238.95907359064941 
   17.316131809029013   107.36315564838408 
   6.0024233100442492    126.9590735906495 
   211.30582225674326   219.36315564838401 
