   180.33933599458007    46.47215542810217 
   210.47795189841176   71.525375408801338 
   188.62154543786073   77.381781869352352 
   202.19574245513107   40.615748967551148 
   136.62652307347804   58.184968349204198 
    166.7651389773097   83.238188329903366 
    144.9087325167587    89.09459479045438 
   158.48292953402907   52.328561888653191 
   92.913710152375998    69.89778127030624 
   123.05232605620768   94.951001251005408 
   101.19591959565668   100.80740771155642 
   114.77011661292703   64.041374809755212 
   49.200897231273956   81.610594191408282 
   79.339513135105634   106.66381417210744 
   57.483106674554612   112.52022063265846 
   71.057303691824984   75.754187730857254 
   5.4880843101719474    93.32340711251031 
   35.626700214003641   118.37662709320946 
   13.770293753452618   124.23303355376048 
    27.34449077072297   87.467000651959282 
   196.90375488114142   108.29140831060255 
   227.04237078497306   133.34462829130169 
   205.18596432442206   139.20103475185269 
    218.7601613416924   102.43500185005152 
   153.19094196003937   120.00422123170458 
   183.32955786387106   145.05744121240372 
   161.47315140332003   150.91384767295474 
   175.04734842059037   114.14781477115356 
   109.47812903893733   131.71703415280663 
     139.616744942769   156.77025413350574 
   117.76033848221797   162.62666059405677 
   131.33453549948834    125.8606276922556 
   65.765316117835283   143.42984707390866 
   95.903932021666947    168.4830670546078 
   74.047525561115933    174.3394735151588 
   87.621722578386297   137.57344061335763 
   22.052503196733269   155.14265999501069 
   52.191119100564954    180.1958799757098 
    30.33471264001394   186.05228643626086 
   43.908909657284305   149.28625353445966 
   213.46817376770272   170.11066119310289 
   243.60678967153439   195.16388117380205 
   221.75038321098339   201.02028763435308 
   235.32458022825375   164.25425473255189 
   169.75536084660069   181.82347411420491 
   199.89397675043236   206.87669409490414 
   178.03757028988136   212.73310055545514 
   191.61176730715169   175.96706765365391 
   126.04254792549865   193.53628703530694 
   156.18116382933033   218.58950701600614 
   134.32475736877933   224.44591347655717 
   147.89895438604967   187.67988057475594 
   82.329735004396611     205.249099956409 
   112.46835090822829   230.30231993710819 
   90.611944447677274   236.15872639765919 
   104.18614146494762     199.392693495858 
   38.616922083294604   216.96191287751103 
   68.755537987126289   242.01513285821019 
    46.89913152657526   247.87153931876119 
   60.473328543845625   211.10550641696003 
   230.03259265426402   231.92991407560322 
    193.9135330118504   9.7061225263009341 
    172.0571265512994   15.562528986851953 
   251.88899911481505   226.07350761505222 
   186.31977973316202   243.64272699670531 
   150.20072009074838   21.418935447402973 
   128.34431363019735    27.27534190795399 
   208.17618619371299   237.78632053615428 
   142.60696681205997   255.35553991780731 
   106.48790716964636   33.131748368505008 
   84.631500709095334   38.988154829056022 
   164.46337327261099   249.49913345725631 
   62.775094248544306   44.844561289607036 
   40.918687787993285   50.700967750158057 
     19.0622813274423   56.557374210709064 
