   136.40319935000471   15.642107352375316 
   171.99911729227014   32.041211774492595 
   152.40319935000471   43.354920273477347 
   155.99911729227014   4.3283988533905529 
   97.211363465473866   38.269524350344831 
   132.80728140773931   54.668628772462121 
   113.21136346547389    65.98233727144688 
   116.80728140773928   26.955815851360079 
   58.019527580943027   60.896941348314357 
   93.615445523208464   77.296045770431633 
   74.019527580943034   88.609754269416413 
   77.615445523208464   49.583232849329598 
   18.827691696412177    83.52435834628389 
   54.423609638677604    99.92346276840118 
   34.827691696412181   111.23717126738593 
   38.423609638677604   72.210649847299123 
   15.231773754146792   122.55087976637068 
   191.59503523453554   20.727503275507836 
   168.40319935000474    71.06773319457939 
   203.99911729227014   87.466837616696637 
   184.40319935000474   98.780546115681403 
   187.99911729227017   59.754024695594623 
   129.21136346547388   93.695150192548908 
   164.80728140773931   110.09425461466617 
   145.21136346547388   121.40796311365094 
   148.80728140773928   82.381441693564142 
   90.019527580943034   116.32256719051843 
   125.61544552320845    132.7216716126357 
   106.01952758094303   144.03538011162047 
   109.61544552320846   105.00885869153367 
   50.827691696412181   138.94998418848795 
   86.423609638677604   155.34908861060521 
   66.827691696412174   166.66279710958997 
   70.423609638677618   127.63627568950319 
   207.59503523453557   48.440316196609857 
   47.231773754146793   177.97650560857471 
   223.59503523453557   76.153129117711885 
   31.231773754146797   150.26369268747271 
   200.40319935000471   126.49335903678345 
   235.99911729227017   142.89246345890075 
   216.40319935000474   154.20617195788552 
   219.99911729227014   115.17965053779869 
   161.21136346547388   149.12077603475296 
   196.80728140773934   165.51988045687028 
   177.21136346547391   176.83358895585505 
   180.80728140773931   137.80706753576823 
   122.01952758094305    171.7481930327225 
   157.61544552320848   188.14729745483982 
   138.01952758094305   199.46100595382455 
   141.61544552320848   160.43448453373773 
   82.827691696412174   194.37561003069203 
   118.42360963867763   210.77471445280932 
   98.827691696412202   222.08842295179409 
   102.42360963867762   183.06190153170726 
   239.59503523453554   103.86594203881393 
   79.231773754146815   233.40213145077882 
   255.59503523453557   131.57875495991598 
   63.231773754146793    205.6893185296768 
   232.40319935000477   181.91898487898752 
   251.99911729227017   170.60527638000275 
   193.21136346547391   204.54640187695702 
   81.211363465473895   10.556711429242798 
   212.80728140773931   193.23269337797231 
   154.01952758094305   227.17381887492655 
   61.615445523208464   21.870419928227562 
   42.019527580943034   33.184128427212322 
   173.61544552320848   215.86011037594179 
   114.82769169641219   249.80123587289609 
   22.423609638677608   44.497836926197095 
   2.8276916964121734   55.811545425181862 
   134.42360963867762   238.48752737391132 
