   193.03955097453485   17.802941708489286 
   215.66696797250438   49.802941708489278 
   193.03955097453485   49.802941708489286 
   215.66696797250438   17.802941708489286 
   147.78471697859581   17.802941708489286 
   170.41213397656534   49.802941708489286 
   147.78471697859581   49.802941708489286 
   170.41213397656534   17.802941708489286 
   102.52988298265679   17.802941708489286 
   125.15729998062631   49.802941708489286 
   102.52988298265679   49.802941708489286 
   125.15729998062631   17.802941708489286 
   57.275048986717721   17.802941708489286 
   79.902465984687254   49.802941708489286 
   57.275048986717728   49.802941708489286 
    79.90246598468724   17.802941708489286 
   238.29438497047389   17.802941708489286 
   34.647631988748245   49.802941708489293 
   238.29438497047389   49.802941708489278 
   34.647631988748245   17.802941708489286 
   193.03955097453485   81.802941708489286 
   215.66696797250438   113.80294170848927 
   193.03955097453485   113.80294170848927 
   215.66696797250438   81.802941708489271 
   147.78471697859581   81.802941708489286 
   170.41213397656534   113.80294170848927 
   147.78471697859581   113.80294170848927 
   170.41213397656534   81.802941708489286 
   102.52988298265679   81.802941708489286 
   125.15729998062631   113.80294170848927 
   102.52988298265679   113.80294170848927 
   125.15729998062631   81.802941708489286 
   57.275048986717728   81.802941708489286 
   79.902465984687254   113.80294170848927 
   57.275048986717728   113.80294170848927 
   79.902465984687254   81.802941708489286 
   238.29438497047389   81.802941708489271 
   34.647631988748245   113.80294170848927 
   238.29438497047389   113.80294170848927 
   34.647631988748245     81.8029417084893 
   193.03955097453485   145.80294170848927 
   215.66696797250438   177.80294170848927 
   193.03955097453485    177.8029417084893 
   215.66696797250438   145.80294170848927 
   147.78471697859581   145.80294170848927 
   170.41213397656534    177.8029417084893 
   147.78471697859581    177.8029417084893 
   170.41213397656534   145.80294170848927 
   102.52988298265679   145.80294170848927 
   125.15729998062631    177.8029417084893 
   102.52988298265679    177.8029417084893 
   125.15729998062631   145.80294170848927 
   57.275048986717728   145.80294170848927 
   79.902465984687254    177.8029417084893 
   57.275048986717728    177.8029417084893 
   79.902465984687254   145.80294170848927 
   238.29438497047389   145.80294170848927 
   34.647631988748245   177.80294170848933 
   238.29438497047389   177.80294170848927 
   34.647631988748245   145.80294170848927 
   193.03955097453485   209.80294170848924 
   215.66696797250438    241.8029417084893 
   193.03955097453485    241.8029417084893 
   215.66696797250438   209.80294170848924 
   147.78471697859581   209.80294170848924 
   170.41213397656534    241.8029417084893 
   147.78471697859581    241.8029417084893 
   170.41213397656534   209.80294170848924 
   102.52988298265679   209.80294170848924 
   125.15729998062631    241.8029417084893 
   102.52988298265679    241.8029417084893 
   125.15729998062631   209.80294170848924 
   57.275048986717728   209.80294170848924 
   79.902465984687268    241.8029417084893 
   57.275048986717742    241.8029417084893 
   79.902465984687254   209.80294170848924 
   238.29438497047389   209.80294170848924 
   34.647631988748245    241.8029417084893 
   238.29438497047389    241.8029417084893 
   34.647631988748245   209.80294170848924 
