   47.466636380043305   49.308920854141626 
   57.850636380043312   79.126065592082128 
   4.2352763800432918   108.94321033002262 
   25.004556380043294   168.57928879880802 
   14.619916380043303   138.76214406086751 
   35.389196380043309    198.3964335367485 
    111.4666363800433   49.308920854141626 
    121.8506363800433   79.126065592082128 
   68.235276380043302   108.94321033002262 
   89.004556380043311   168.57928879880802 
   78.619916380043307   138.76214406086751 
   99.389196380043302    198.3964335367485 
    175.4666363800433   49.308920854141626 
   185.85063638004331   79.126065592082128 
    132.2352763800433   108.94321033002262 
   153.00455638004328   168.57928879880802 
   142.61991638004329   138.76214406086751 
    163.3891963800433    198.3964335367485 
   239.46663638004327   49.308920854141626 
   249.85063638004331   79.126065592082128 
    196.2352763800433   108.94321033002262 
   217.00455638004331   168.57928879880802 
   206.61991638004329   138.76214406086751 
   227.38919638004327    198.3964335367485 
