   85.498801008714111   142.63989081485946 
   87.811729860142393   174.12861794777993 
   28.306024021599097   189.05309183832799 
   79.235198605752103   79.229160484439475 
   76.921651561795002   47.740267707330098 
   81.548745649709218   110.71805326154883 
   147.31805389121448   159.20430970142078 
   149.63098274264277   190.69303683434129 
   90.125276904099465   205.61751072488931 
   141.05445148825248   95.793579371000803 
   138.74090444429538   64.304686593891432 
   143.36799853220961   127.28247214811016 
   209.13730677371484   175.76872858798211 
   211.45023562514311   207.25745572090261 
   151.94452978659984   222.18192961145061 
   202.87370437075285   112.35799825756212 
   200.56015732679577    80.86910548045276 
      205.18725141471    143.8468910346715 
   23.679548126213732   126.07547192829813 
   25.992476977642038   157.56419906121863 
   213.76378266910021   238.74634849801197 
   17.415945723251749   62.664741597878141 
   19.729492767208807    94.15363437498749 
