   45.068318579652484   181.09220575558342 
   128.60219922449693    57.17528032531839 
   67.261363062478623   56.190005136692356 
   55.430047926397968   118.22100407274273 
    61.34525824621219   87.206279261368763 
   49.514837606583761   149.23572888411672 
   100.49394442185657   213.09220575558342 
   184.02782506670101   89.175280325318383 
   122.68698890468271   88.190005136692363 
   110.85567376860205   150.22100407274272 
   116.77088408841627   119.20627926136875 
   104.94046344878784   181.23572888411672 
   155.91957026406067   245.09220575558342 
   239.45345090890504   121.17528032531838 
   178.11261474688678   120.19000513669235 
   166.28129961080614   182.22100407274274 
   172.19650993062035   151.20627926136876 
   160.36608929099194    213.2357288841167 
   73.176573382292858   25.175280325318386 
   233.53824058909086   152.19000513669235 
   221.70692545301023   214.22100407274277 
   227.62213577282446   183.20627926136876 
