    86.27039534037516   128.74639485113428 
   72.529086916397773   157.17289690679391 
    140.0342984657039   13.844116093971792 
   112.55132170541482   70.699290310985162 
   126.29217758105226   42.272335706985587 
   98.810465829777371   99.126244914984738 
   131.52522933631423   174.00122884707332 
    117.7839209123368   202.42773090273295 
   185.28913246164294   59.098950089910836 
   157.80615570135384    115.9541243069242 
   171.54701157699131   87.527169702924638 
   144.06529982571641   144.38107891092378 
   176.78006333225326   219.25606284301239 
   163.03875490827588   247.68256489867201 
   230.54396645758197   104.35378408584988 
   203.06098969729291   161.20895830286324 
   216.80184557293038   132.78200369886366 
   189.32013382165547   189.63591290686281 
   41.015561344436108   83.491560855195232 
   27.274252920458721   111.91806291085486 
   67.296487709475784   25.444456315046132 
   53.555631833838326   53.871410919045687 
