   61.069021525774097    70.15194704916874 
   34.955448321542754   87.899365758111855 
   112.85252366296123   33.022143083788428 
   138.96593122300371   15.274106182316473 
   86.739116102918757   50.770179985260334 
   77.633440412335432   131.97119993166913 
   51.519867208104088   149.71861864061222 
   181.64548570405697   59.344859137909715 
   129.41694254952256   94.841395966288772 
   155.53035010956503   77.093359064816852 
   103.30353498948007   112.58943286776071 
   94.197859298896759    193.7904528141695 
   68.084286094665416   211.53787152311259 
   198.20990459061827   121.16411202041009 
   145.98136143608389   156.66064884878915 
   172.09476899612639   138.91261194731723 
   119.86795387604141    174.4086857502611 
   110.76227818545807   255.60970569666981 
   214.77432347717959   182.98336490291047 
   162.54578032264521   218.47990173128954 
   188.65918788268769    200.7318648298176 
   136.43237276260274   236.22793863276141 
