   74.059140218117463   93.047844872452458 
    53.42873540674352   116.94922503432032 
   114.46826190095815   43.780651722030207 
   135.09834671233213   19.878717303903912 
   93.838177089584192   67.682586140156488 
   106.05914021811746   148.47347071465651 
   85.428735406743527   172.37485087652439 
   32.798650595369551   140.85115945244658 
   146.46826190095817    99.20627756423427 
   167.09834671233216   75.304343146107982 
   125.83817708958419   123.10821198236056 
   138.05914021811751    203.8990965568606 
   117.42873540674351   227.80047671872845 
   64.798650595369551   196.27678529465064 
    178.4682619009582   154.63190340643837 
   199.09834671233213   130.72996898831207 
   157.83817708958421   178.53383782456467 
   42.059140218117456   37.622219030248374 
    21.42873540674351   61.523599192116258 
   96.798650595369566   251.70241113685472 
    210.4682619009582   210.05752924864245 
   231.09834671233219   186.15559483051612 
   189.83817708958421    233.9594636667687 
