   111.47240190322739   71.141357824839559 
   81.655257165286898    81.52535782483956 
   51.838112427346402   27.909997824839543 
    171.1013244003951   48.679277824839545 
   200.91846913833561   38.294637824839555 
   141.28417966245459   59.063917824839557 
   111.47240190322739   135.14135782483956 
   81.655257165286898   145.52535782483955 
   51.838112427346417   91.909997824839536 
    171.1013244003951   112.67927782483955 
   200.91846913833561   102.29463782483955 
   141.28417966245459   123.06391782483956 
   111.47240190322739   199.14135782483956 
   81.655257165286898   209.52535782483955 
   51.838112427346417   155.90999782483954 
    171.1013244003951   176.67927782483955 
   200.91846913833561   166.29463782483955 
   141.28417966245459   187.06391782483956 
   111.47240190322739   7.1413578248395524 
   81.655257165286898   17.525357824839578 
   51.838112427346417   219.90999782483956 
    171.1013244003951    240.6792778248396 
   200.91846913833561   230.29463782483958 
   141.28417966245459   251.06391782483956 
