    13.41317522694834    34.97484492931364 
   31.515108825323953   60.574844929313642 
    13.41317522694834   86.174844929313636 
   31.515108825323953   111.77484492931363 
    13.41317522694834   137.37484492931364 
   31.515108825323953   162.97484492931366 
    13.41317522694834   188.57484492931363 
   31.515108825323953   214.17484492931362 
    13.41317522694834   239.77484492931364 
   31.515108825323953   9.3748449293136442 
   49.617042423699566    34.97484492931364 
   67.718976022075182   60.574844929313642 
   49.617042423699566   86.174844929313636 
   67.718976022075182   111.77484492931363 
   49.617042423699566   137.37484492931364 
   67.718976022075182   162.97484492931366 
   49.617042423699566   188.57484492931363 
   67.718976022075182   214.17484492931362 
   49.617042423699566   239.77484492931364 
   67.718976022075182   9.3748449293136442 
   85.820909620450792    34.97484492931364 
    103.9228432188264   60.574844929313642 
   85.820909620450792   86.174844929313636 
    103.9228432188264   111.77484492931363 
   85.820909620450792   137.37484492931364 
    103.9228432188264   162.97484492931366 
   85.820909620450792   188.57484492931363 
    103.9228432188264   214.17484492931362 
   85.820909620450792   239.77484492931364 
    103.9228432188264   9.3748449293136442 
   122.02477681720204    34.97484492931364 
   140.12671041557766   60.574844929313642 
   122.02477681720204   86.174844929313636 
   140.12671041557766   111.77484492931363 
   122.02477681720204   137.37484492931364 
   140.12671041557766   162.97484492931366 
   122.02477681720204   188.57484492931363 
   140.12671041557766   214.17484492931362 
   122.02477681720204   239.77484492931364 
   140.12671041557766   9.3748449293136442 
   158.22864401395327    34.97484492931364 
   176.33057761232888   60.574844929313642 
   158.22864401395327   86.174844929313636 
   176.33057761232888   111.77484492931363 
   158.22864401395327   137.37484492931364 
   176.33057761232888   162.97484492931366 
   158.22864401395327   188.57484492931363 
   176.33057761232888   214.17484492931362 
   158.22864401395327   239.77484492931364 
   176.33057761232888   9.3748449293136442 
   194.43251121070449    34.97484492931364 
   212.53444480908007   60.574844929313642 
   194.43251121070449   86.174844929313636 
   212.53444480908007   111.77484492931363 
   194.43251121070449   137.37484492931364 
   212.53444480908007   162.97484492931366 
   194.43251121070449   188.57484492931363 
   212.53444480908007   214.17484492931362 
   194.43251121070449   239.77484492931364 
   212.53444480908007   9.3748449293136442 
   230.63637840745571    34.97484492931364 
   248.73831200583135   60.574844929313642 
   230.63637840745571   86.174844929313636 
   248.73831200583135   111.77484492931363 
   230.63637840745571   137.37484492931364 
   248.73831200583135   162.97484492931366 
   230.63637840745571   188.57484492931363 
   248.73831200583135   214.17484492931362 
   230.63637840745571   239.77484492931364 
   248.73831200583135   9.3748449293136442 
