   84.950956239884505   15.522010072679263 
   56.474221886072172   28.641293610373086 
   59.350956239884503    59.86251074644251 
   30.874221886072171   72.981794284136342 
   33.750956239884502   104.20301142020578 
   5.2742218860721737    117.3222949578996 
    8.150956239884529   148.54351209396901 
   113.42769059369682   2.4027265349854394 
   116.30442494750918    33.62394367105486 
   87.827690593696843   46.743227208748685 
   90.704424947509182   77.964444344818119 
   62.227690593696842   91.083727882511951 
   65.104424947509187   122.30494501858139 
   36.627690593696848   135.42422855627521 
     39.5044249475092   166.64544569234462 
    11.02769059369686   179.76472923003845 
   144.78115930132151    20.50466013336105 
   147.65789365513385   51.725877269430477 
   119.18115930132151   64.845160807124302 
   122.05789365513385   96.066377943193743 
   93.581159301321534   109.18566148088755 
   96.457893655133859   140.40687861695702 
   67.981159301321526   153.52616215465082 
   70.857893655133878   184.74737929072023 
   42.381159301321532   197.86666282841406 
   173.25789365513384   7.3853765956672044 
   176.13462800894621   38.606593731736666 
   179.01136236275855   69.827810867806093 
   150.53462800894621   82.947094405499925 
   153.41136236275855   114.16831154156937 
   124.93462800894622   127.28759507926318 
   127.81136236275856   158.50881221533263 
   99.334628008946211   171.62809575302646 
   102.21136236275856   202.84931288909587 
   73.734628008946231    215.9685964267897 
   204.61136236275857   25.487310194042827 
   207.48809671657088   56.708527330112275 
   210.36483107038322   87.929744466181717 
   181.88809671657089   101.04902800387553 
   184.76483107038322   132.27024513994496 
   156.28809671657089   145.38952867763879 
   159.16483107038323   176.61074581370823 
    130.6880967165709   189.73002935140207 
   133.56483107038324   220.95124648747148 
    105.0880967165709   234.07053002516528 
   235.96483107038318   43.589243792418436 
   238.84156542419558   74.810460928487871 
   241.71829977800789   106.03167806455733 
   213.24156542419556   119.15096160225114 
   216.11829977800789   150.37217873832057 
   187.64156542419556    163.4914622760144 
    190.5182997780079   194.71267941208384 
    162.0415654241956   207.83196294977765 
   164.91829977800791   239.05318008584709 
   136.44156542419557   252.17246362354092 
   244.59503413182023   137.25289520062677 
   247.47176848563259   168.47411233669621 
   218.99503413182026   181.59339587439001 
    221.8717684856326   212.81461301045948 
   193.39503413182027   225.93389654815329 
