   40.171813597505604   14.799697407278712 
   51.031171211321883    44.21252372871966 
   26.920278488256542   64.255099713278994 
   37.779636102072828   93.667926034719954 
   13.668743379007472    113.7105020192793 
   24.528100992823752   143.12332834072026 
   11.276565883574703   192.57873064672052 
   75.142063934387238   24.169947744160325 
   86.001421548203524   53.582774065601285 
   61.890528825138176    73.62535005016062 
   72.749886438954462   103.03817637160158 
   48.638993715889114   123.08075235616091 
   59.498351329705386    152.4935786776019 
    35.38745860664006   172.53615466216121 
   46.246816220456338   201.94898098360218 
   22.135923497390998   221.99155696816152 
   99.252956657452586   4.1273717596010027 
   110.11231427126886   33.540198081041964 
   120.97167188508513   62.953024402482924 
   96.860779162019796   82.995600387042245 
   107.72013677583607    112.4084267084832 
   83.609244052770734   132.45100269304257 
   94.468601666587006   161.86382901448354 
   70.357708943521686   181.90640499904282 
   81.217066557337944   211.31923132048379 
    57.10617383427261   231.36180730504313 
   134.22320699433419   13.497622096482615 
   145.08256460815048    42.91044841792359 
   155.94192222196679    72.32327473936455 
   131.83102949890142   92.365850723923884 
   142.69038711271773   121.77867704536484 
   118.57949438965234   141.82125302992421 
   129.43885200346867   171.23407935136515 
   105.32795928040331   191.27665533592446 
   116.18731689421959   220.68948165736541 
    92.07642417115423   240.73205764192474 
   169.19345733121585   22.867872433364255 
   180.05281494503208   52.280698754805215 
    190.9121725588484   81.693525076246175 
   166.80127983578305    101.7361010608055 
   177.66063744959934   131.14892738224646 
   153.54974472653396   151.19150336680582 
   164.40910234035027   180.60432968824679 
   140.29820961728493    200.6469056728061 
   151.15756723110121   230.05973199424702 
   127.04667450803584   250.10230797880641 
   204.16370766809746    32.23812277024588 
   215.02306528191372    61.65094909168684 
   225.88242289573003     91.0637754131278 
   201.77153017266468   111.10635139768713 
   212.63088778648094   140.51917771912809 
   188.51999506341559   160.56175370368746 
   199.37935267723191   189.97458002512843 
   175.26845995416656   210.01715600968771 
   186.12781756798285   239.42998233112868 
   239.13395800497912   41.608373107127505 
   249.99331561879538    71.02119942856848 
   236.74178050954629   120.47660173456877 
    247.6011381233626   149.88942805600973 
   223.49024540029725   169.93200404056907 
   234.34960301411357   199.34483036201004 
   210.23871029104822   219.38740634656932 
   221.09806790486454   248.80023266801035 
