   118.80417887762285    29.32632251325942 
   87.902245279247225   34.628256111635018 
   82.600311680871613   65.530189710010646 
   51.698378082495999   70.832123308386258 
    46.39644448412038   101.73405690676188 
   15.494510885744779   107.03599050513749 
    10.19257728736917    137.9379241035131 
   149.70611247599845   24.024388914883779 
   144.40417887762283   54.926322513259407 
   113.50224527924723   60.228256111635012 
   108.20031168087161   91.130189710010626 
   77.298378082496015   96.432123308386252 
   71.996444484120374   127.33405690676187 
   41.094510885744775   132.63599050513747 
    35.79257728736917   163.53792410351306 
   4.8906436889935403   168.83985770188872 
   180.60804607437407    18.72245531650815 
   175.30611247599845   49.624388914883774 
   170.00417887762285   80.526322513259387 
   139.10224527924723   85.828256111635014 
    133.8003116808716   116.73018971001063 
     102.898378082496   122.03212330838623 
   97.596444484120383   152.93405690676187 
   66.694510885744776   158.23599050513749 
   61.392577287369164   189.13792410351309 
   30.490643688993551   194.43985770188871 
   206.20804607437407   44.322455316508147 
   200.90611247599847   75.224388914883789 
   195.60417887762284    106.1263225132594 
   164.70224527924722   111.42825611163502 
   159.40031168087162   142.33018971001064 
     128.498378082496   147.63212330838624 
   123.19644448412038   178.53405690676186 
   92.294510885744785   183.83599050513749 
   86.992577287369173   214.73792410351308 
   56.090643688993559   220.03985770188871 
   231.80804607437406   69.922455316508149 
   226.50611247599849   100.82438891488377 
   221.20417887762281   131.72632251325939 
   190.30224527924722   137.02825611163502 
   185.00031168087162   167.93018971001064 
   154.09837808249603   173.23212330838624 
    148.7964444841204   204.13405690676186 
   117.89451088574477   209.43599050513745 
   112.59257728736918    240.3379241035131 
   81.690643688993561   245.63985770188867 
    252.1061124759984   126.42438891488375 
   246.80417887762283   157.32632251325938 
   215.90224527924724   162.62825611163498 
   210.60031168087158    193.5301897100106 
   179.69837808249599   198.83212330838623 
   174.39644448412037   229.73405690676182 
   143.49451088574475   235.03599050513742 
   93.204178877622851   3.7263225132594235 
   241.50224527924723   188.22825611163501 
   57.000311680871633   39.930189710010659 
   205.29837808249601   224.43212330838625 
   20.796444484120411   76.134056906761899 
