   157.26201374966192   7.4892066668507162 
   144.14273021196809   35.965941020663045 
   112.92151307589866   33.089206666850714 
   99.802229538204827   61.565941020663054 
   68.581012402135414   58.689206666850708 
   55.461728864441582   87.165941020663055 
   24.240511728372159   84.289206666850717 
   11.121228190678359   112.76594102066304 
   188.48323088573139   10.365941020663024 
   175.36394734803753   38.842675374475391 
    162.2446638103437   67.319409728287724 
   131.02344667427428     64.4426753744754 
   117.90416313658045   92.919409728287746 
   86.682946000511038   90.042675374475394 
   73.563662462817192   118.51940972828773 
   42.342445326747772   115.64267537447539 
   29.223161789053993   144.11940972828771 
     206.585164484107   41.719409728287701 
   193.46588094641314   70.196144082100062 
   180.34659740871933   98.672878435912409 
   149.12538027264989   95.796144082100056 
   136.00609673495606   124.27287843591242 
   104.78487959888665   121.39614408210005 
   91.665596061192815   149.87287843591241 
   60.444378925123395   146.99614408210007 
   47.325095387429606   175.47287843591238 
   16.103878251360172   172.59614408210004 
   224.68709808248263   73.072878435912372 
   211.56781454478877   101.54961278972475 
   198.44853100709494   130.02634714353707 
   167.22731387102553   127.14961278972474 
    154.1080303333317   155.62634714353706 
   122.88681319726228   152.74961278972475 
   109.76752965956844   181.22634714353708 
   78.546312523499026   178.34961278972477 
   65.427028985805222   206.82634714353705 
   34.205811849735781   203.94961278972474 
   242.78903168085822   104.42634714353704 
   229.66974814316441   132.90308149734943 
   216.55046460547055   161.37981585116174 
   185.32924746940114   158.50308149734943 
   172.20996393170731   186.97981585116173 
   140.98874679563789   184.10308149734942 
   127.86946325794405   212.57981585116175 
   96.648246121874635   209.70308149734944 
   83.528962584180832   238.17981585116172 
   52.307745448111405   235.30308149734941 
   247.77168174153999    164.2565502049741 
   234.65239820384616   192.73328455878641 
   203.43118106777678   189.85655020497413 
   190.31189753008292    218.3332845587864 
    159.0906803940135   215.45655020497406 
   145.97139685631964   243.93328455878643 
   114.75017972025024   241.05655020497409 
   126.04079661359248   4.6124723130383849 
   221.53311466615236   221.21001891259874 
   81.700295939829218   30.212472313038393 
   177.19261399238911   246.81001891259874 
   37.359795266065973   55.812472313038391 
