   178.64030163771395   23.255974034028299 
   149.22747531627294    12.39661642021203 
   129.18489933171364    36.50750914327736 
   99.772073010272663   25.648151529461078 
   79.729497025713314   49.759044252526422 
   50.316670704272369   38.899686638710143 
   30.274094719713045   63.010579361775484 
    228.0957039437142   10.004438924779238 
   208.05312795915486   34.115331647844577 
   188.01055197459556   58.226224370909911 
   158.59772565315458   47.366866757093639 
   138.55514966859525   71.477759480158966 
    109.1423233471543   60.618401866342701 
   89.099747362594954   84.729294589408042 
   59.686921041154008    73.86993697559177 
    39.64434505659468   97.980829698657104 
   10.231518735153708   87.121472084840818 
   237.46595428059587   44.974689261660849 
   217.42337829603647   69.085581984726204 
    197.3808023114772   93.196474707791538 
   167.96797599003622   82.337117093975252 
   147.92540000547689   106.44800981704061 
   118.51257368403591   95.588652203224314 
   98.469997699476565   119.69954492628966 
   69.057171378035633   108.84018731247338 
   49.014595393476306   132.95108003553872 
   19.601769072035321   122.09172242172244 
   246.83620461747748   79.944939598542476 
   226.79362863291814   104.05583232160784 
   206.75105264835881   128.16672504467317 
   177.33822632691783    117.3073674308569 
    157.2956503423585   141.41826015392226 
   127.88282402091755   130.55890254010595 
    107.8402480363582   154.66979526317132 
   78.427421714917259   143.81043764935501 
   58.384845730357931   167.92133037242039 
    28.97201940891696   157.06197275860407 
   256.20645495435906   114.91518993542414 
   236.16387896979975   139.02608265848946 
   216.12130298524045   163.13697538155481 
   186.70847666379947   152.27761776773852 
   166.66590067924014   176.38851049080387 
   137.25307435779916   165.52915287698758 
   117.21049837323984    189.6400456000529 
   87.797672051798884   178.78068798623664 
   67.755096067239563   202.89158070930199 
   38.342269745798582    192.0322230954857 
   245.53412930668136   173.99633299537109 
   225.49155332212206   198.10722571843641 
   196.07872700068111   187.24786810462015 
   176.03615101612178    211.3587608276855 
    146.6233246946808   200.49940321386921 
   126.58074871012145   224.61029593693453 
   97.167922388680523   213.75093832311828 
   77.125346404121188   237.86183104618362 
   47.712520082680221   227.00247343236731 
   254.90437964356303   208.96658333225272 
   205.44897733756272   222.21811844150176 
   119.81464899483201   1.5372588063957608 
   155.99357503156244   235.46965355075085 
   70.359246688831703   14.788793915644822 
   106.53817272556213   248.72118865999994 
   20.903844382831419   28.040329024893882 
