   210.44031590903296   10.610919930813029 
   184.84031590903294   28.712853529188642 
   159.24031590903294   10.610919930813029 
   133.64031590903295   28.712853529188642 
   108.04031590903297   10.610919930813029 
   82.440315909032961   28.712853529188642 
   56.840315909032931   10.610919930813029 
   31.240315909032972   28.712853529188653 
   5.6403159090329735   10.610919930813029 
   236.04031590903296   28.712853529188628 
   210.44031590903296   46.814787127564252 
   184.84031590903294   64.916720725939868 
   159.24031590903294   46.814787127564252 
   133.64031590903295   64.916720725939868 
   108.04031590903297   46.814787127564252 
   82.440315909032961   64.916720725939868 
   56.840315909032945   46.814787127564252 
   31.240315909032983   64.916720725939882 
   5.6403159090329735   46.814787127564266 
   236.04031590903296   64.916720725939854 
   210.44031590903296   83.018654324315477 
   184.84031590903294   101.12058792269109 
   159.24031590903294   83.018654324315477 
   133.64031590903295   101.12058792269109 
   108.04031590903297   83.018654324315477 
   82.440315909032961   101.12058792269109 
   56.840315909032945   83.018654324315477 
   31.240315909032983   101.12058792269109 
   5.6403159090329735   83.018654324315477 
   236.04031590903296   101.12058792269109 
   210.44031590903296   119.22252152106672 
   184.84031590903294   137.32445511944235 
   159.24031590903294   119.22252152106672 
   133.64031590903295   137.32445511944235 
   108.04031590903297   119.22252152106672 
   82.440315909032961   137.32445511944235 
   56.840315909032945   119.22252152106672 
   31.240315909032983   137.32445511944235 
   5.6403159090329735   119.22252152106672 
   236.04031590903296   137.32445511944235 
   210.44031590903296   155.42638871781796 
   184.84031590903294   173.52832231619357 
   159.24031590903294   155.42638871781796 
   133.64031590903295   173.52832231619357 
   108.04031590903297   155.42638871781796 
   82.440315909032961   173.52832231619357 
   56.840315909032945   155.42638871781796 
   31.240315909032983   173.52832231619357 
   5.6403159090329735   155.42638871781796 
   236.04031590903296   173.52832231619357 
   210.44031590903296   191.63025591456918 
   184.84031590903294   209.73218951294479 
   159.24031590903297   191.63025591456918 
   133.64031590903295   209.73218951294479 
   108.04031590903297   191.63025591456918 
   82.440315909032961   209.73218951294479 
   56.840315909032945   191.63025591456918 
   31.240315909032983   209.73218951294481 
   5.6403159090329735   191.63025591456918 
   236.04031590903296   209.73218951294476 
   210.44031590903296   227.83412311132039 
   184.84031590903294   245.93605670969603 
   159.24031590903297   227.83412311132039 
   133.64031590903295   245.93605670969603 
   108.04031590903297   227.83412311132039 
   82.440315909032961   245.93605670969603 
   56.840315909032959   227.83412311132039 
   31.240315909032994   245.93605670969603 
   5.6403159090329735   227.83412311132039 
   236.04031590903296   245.93605670969603 
