   87.483661474245352   20.768077853291153 
   67.369141761379538    49.21394451995782 
   107.59757776358826   77.659811186624481 
   77.426401617812459   77.659811186624481 
   57.312485328469549   20.768077853291153 
   97.540317907155369    49.21394451995782 
   87.483661474245352   106.10141118662449 
   67.369141761379538   134.54727785329115 
   107.59757776358826   162.99314451995781 
   77.426401617812459   162.99314451995781 
   57.312485328469549   106.10141118662449 
   97.540317907155369   134.54727785329115 
   87.483661474245352   191.43474451995783 
   67.369141761379538   219.88061118662449 
   107.59757776358826   248.32647785329118 
   77.426401617812459   248.32647785329118 
   57.312485328469549   191.43474451995783 
   97.540317907155369   219.88061118662449 
     147.826013765797   20.768077853291153 
   127.71149405293117    49.21394451995782 
   167.93993005513988   77.659811186624481 
   137.76875390936408   77.659811186624481 
   117.65483762002118   20.768077853291153 
   157.88267019870702    49.21394451995782 
     147.826013765797   106.10141118662449 
   127.71149405293117   134.54727785329115 
   167.93993005513988   162.99314451995781 
   137.76875390936408   162.99314451995781 
   117.65483762002118   106.10141118662449 
   157.88267019870702   134.54727785329115 
     147.826013765797   191.43474451995783 
   127.71149405293117   219.88061118662449 
   167.93993005513988   248.32647785329118 
   137.76875390936408   248.32647785329118 
   117.65483762002118   191.43474451995783 
   157.88267019870702   219.88061118662449 
   208.16836605734863   20.768077853291153 
   188.05384634448279    49.21394451995782 
   228.28228234669155   77.659811186624481 
   198.11110620091571   77.659811186624481 
    177.9971899115728   20.768077853291153 
   218.22502249025865    49.21394451995782 
   208.16836605734863   106.10141118662449 
   188.05384634448279   134.54727785329115 
   228.28228234669155   162.99314451995781 
   198.11110620091571   162.99314451995781 
    177.9971899115728   106.10141118662449 
   218.22502249025865   134.54727785329115 
   208.16836605734863   191.43474451995783 
   188.05384634448279   219.88061118662449 
   228.28228234669155   248.32647785329118 
   198.11110620091571   248.32647785329118 
    177.9971899115728   191.43474451995783 
   218.22502249025865   219.88061118662449 
   27.141309182693774   20.768077853291153 
   248.39619863603448    49.21394451995782 
   47.255225472036649   77.659811186624481 
    17.08404932626086   77.659811186624481 
   238.33954220312447   20.768077853291153 
   37.197965615603771    49.21394451995782 
   27.141309182693774   106.10141118662449 
   248.39619863603448   134.54727785329115 
   47.255225472036649   162.99314451995781 
    17.08404932626086   162.99314451995781 
   238.33954220312447   106.10141118662449 
   37.197965615603771   134.54727785329115 
   27.141309182693774   191.43474451995783 
   248.39619863603448   219.88061118662449 
   47.255225472036649   248.32647785329118 
    17.08404932626086   248.32647785329118 
   238.33954220312447   191.43474451995783 
   37.197965615603771   219.88061118662449 
