   102.43065698599608   70.292945992829047 
   75.639190864158124   92.563522472557949 
    107.1345441021282   130.45200512912615 
   77.991425853406668   122.64313012945649 
   73.287538737274559   62.484070993159392 
   104.78230911287967    100.3723974722276 
   80.344765137247649   152.71861650282955 
   53.553299015409692   174.98919298255845 
   85.048652253379757   212.87767563912666 
   55.905534004658229   205.06880063945704 
   51.201646888526128   144.90974150315989 
   82.696417264131227    182.7980679822281 
   58.258873288499224   235.14428701283003 
    97.72508271290657   10.137851962557452 
   129.22043595087663    48.02633461912567 
    100.0773177021551   40.217459619456022 
   29.115755039777703   227.33541201316035 
   126.86820096162809   17.946726962227117 
   160.71689348343915   85.910695992168343 
   133.92542736160118   108.18127247189724 
   165.42078059957126   146.06975512846546 
   136.27766235084974    138.2608801287958 
   131.57377523471763   78.101820992498688 
    163.0685456103227    115.9901474715669 
    138.6310016346907   168.33636650216886 
   111.83953551285273   190.60694298189773 
   143.33488875082281   228.49542563846595 
   114.19177050210129   220.68655063879632 
    109.4878833859692    160.5274915024992 
   140.98265376157428   198.41581798156741 
   116.54510978594227   250.76203701216934 
    156.0113192103496   25.755601961896758 
    187.5066724483197   63.644084618464973 
   158.36355419959816   55.835209618795318 
   87.401991537220752   242.95316201249969 
   185.15443745907115   33.564476961566399 
   219.00312998088222   101.52844599150762 
   192.21166385904422   123.79902247123654 
    223.7070170970143   161.68750512780474 
   194.56389884829281   153.87863012813509 
    189.8600117321607   93.719570991837983 
   221.35478210776577   131.60789747090621 
   196.91723813213375   183.95411650150814 
    170.1257720102958   206.22469298123704 
   201.62112524826588   244.11317563780526 
   172.47800699954433    236.3043006381356 
   167.77411988341225   176.14524150183851 
   199.26889025901735    214.0335679809067 
    214.2975557077927   41.373351961236047 
   245.79290894576275   79.261834617804254 
   216.64979069704117   71.452959618134614 
   243.44067395651419   49.182226960905702 
   44.144420488553052   54.675195993489751 
   250.49790035648732   139.41677247057584 
   48.848307604685132   114.83425512978685 
   19.705189355963611   107.02538013011721 
   248.14624822960377   109.33732099117729 
   46.496072615436631   84.754647472888308 
   22.058528639804621   137.10086650349027 
   228.41200850773885   221.84244298057635 
   26.762415755936697   197.25992563978735 
    226.0603563808553   191.76299150117779 
   24.410180766688182   167.18031798288882 
   70.934199453433564   32.408584619786382 
    41.79108120471205   24.599709620116737 
   68.581964464185063   2.3289769628878085 
