   142.04662710931584   64.737994579468449 
   110.40400871971782   79.315577889033847 
   131.01992291881376   124.06463905613651 
   104.89091791451683   108.97905098324861 
   115.91762210501894   49.652406506580547 
   136.53301372401475   94.401165961921748 
   99.379960442649178   138.63882903574057 
   67.737342053051165   153.21641234530597 
   88.353256252147091   197.96547351240861 
   62.224251247850177   182.87988543952071 
    73.25095543835225   123.55324096285264 
   93.866347057348094   168.30200041819384 
     56.7132937759825   212.53966349201264 
   153.07067538638447   5.4147434327617567 
   173.68658958548042   50.163804599864449 
   147.55758458118348   35.078216526976547 
   30.584288771685596   197.45407541912476 
   179.19968039068141   20.500331505649672 
   194.30463711790969   94.909170725244252 
   162.66201872831169   109.48675403480965 
   183.27793292740759   154.23581520191232 
    157.1489279231107   139.15022712902442 
   168.17563211361278    79.82358265235635 
   188.79102373260861   124.57234210769757 
   151.63797045124304   168.81000518151637 
   119.99535206164502   183.38758849108177 
   140.61126626074093   228.13664965818444 
   114.48226125644402   213.05106158529654 
   125.50896544694611   153.72441710862844 
   146.12435706594195   198.47317656396964 
   108.97130378457636   242.71083963778847 
   205.32868539497832   35.585919578537577 
   225.94459959407428   80.334980745640252 
   199.81559458977736    65.24939267275235 
   82.842298780279435   227.62525156490054 
   231.45769039927524   50.671507651425486 
   246.56264712650352   125.08034687102007 
   214.92002873690552   139.65793018058545 
   235.53594293600148   184.40699134768815 
    209.4069379317045   169.32140327480022 
   220.43364212220661   109.99475879813215 
   241.04903374120249   154.74351825347338 
   203.89598045983686   198.98118132729221 
   172.25336207023886   213.55876463685757 
   166.74027126503788   243.22223773107237 
   177.76697545553995   183.89559325440428 
   198.38236707453581   228.64435270974548 
   252.07360459837119   95.420568818528167 
   89.788617100722036    34.56681843369266 
   58.145998711124015   49.144401743258058 
    78.76191291021992   93.893462910360711 
    52.63290790592302   78.807874837472824 
   63.659612096425086   19.481230360804748 
   84.275003715420951   64.229989816145974 
   47.121950434055364   108.46765288996477 
    15.47933204445736   123.04523619953017 
   36.095246243553255    167.7942973666328 
   9.9662412392563642   152.70870929374493 
   20.992945429758421   93.382064817076852 
   41.608337048754279   138.13082427241807 
   4.4552837673887087   182.36848734623689 
   121.42857957688656   19.992628454088653 
   95.299574572589648   4.9070403812007592 
