     114.156124250348    36.57725153628671 
    79.81874574434174   42.468403463737189 
   88.150280421304203   91.028468574156392 
   66.816037172252308   69.694225325104512 
   92.821881001296134   15.243008287234819 
   101.15298899339362   63.802646712789063 
    53.81634558909596   96.917030197538779 
   19.478967083089689   102.80818212498924 
   27.810501760052144   151.36824723540846 
   6.4762585110002568   130.03400398635657 
   32.482102340044072   75.582786948486898 
   40.813210332141573   124.14242537404114 
   148.49005908255623   30.688689912904351 
   127.15581583350435   9.3544466638524639 
   161.49276765464566   3.4628680515369985 
   156.82461074845179    79.24573803439047 
   122.48723224244549    85.13688996184095 
   130.81876691940795   133.69695507226012 
   109.48452367035608   112.36271182320827 
   135.49036749939992   57.911494785338597 
   143.82147549149738   106.47113321089282 
    96.48483208719972   139.58551669564253 
   62.147453581193453   145.47666862309299 
   70.478988258155894   194.03673373351219 
   49.144745009104014   172.70249048446036 
   75.150588838147854   118.25127344659066 
   83.481696830245326   166.81091187214489 
   36.145053425947694   199.92529535689459 
   182.82701090369756   24.797111300588888 
   191.15854558065999   73.357176411008098 
    169.8243023316081   52.022933161956217 
   14.810810176895822    178.5910521078427 
   204.16125415274945   46.131354549640761 
   199.49309724655552   121.91422453249422 
   165.15571874054925   127.80537645994468 
   173.48725341751174   176.36544157036391 
   152.15301016845984   155.03119832131202 
   178.15885399750368   100.57998128344235 
   186.48996198960114   149.13961970899658 
   139.15331858530348   182.25400319374629 
   104.81594007929719   188.14515512119675 
   113.14747475625965   236.70522023161598 
   91.813231507207774   215.37097698256409 
    117.8190753362516   160.91975994469442 
   126.15018332834909   209.47939837024865 
    78.81353992405144   242.59378185499833 
   225.49549740180129   67.465597798692627 
   233.82703207876378   116.02566290911186 
   212.49278882971188   94.691419660059978 
   57.479296674999567   221.25953860594643 
   246.82974065085318   88.799841047744508 
   242.16158374465934   164.58271103059801 
   207.82420523865304    170.4738629580485 
   45.481793923200449   48.359982076052638 
   194.82149666656363   197.69968481941581 
   220.82734049560744   143.24846778154614 
   229.15844848770493   191.80810620710037 
    181.8218050834073   224.92248969185007 
     147.484426577401   230.81364161930054 
   160.48756183435538   203.58824644279821 
   168.81866982645289   252.14788486835243 
   255.16127532781564   137.35990615816377 
