    134.3004756462382   50.340048915595865 
   99.608372623806957   47.143297192664541 
   95.087747458913029   96.205078058427134 
   80.002159386025113   70.076073054130205 
   119.21488757335027   24.211043911298948 
   114.69396069669487   73.272302196961462 
   60.399641189966076   93.006715582262544 
   25.707538167534871   89.809963859331191 
   21.186913002640932   138.87174472509381 
   6.1013249297530177   112.74273972079689 
    45.31405311707816    66.87771057796563 
   40.793126240422787   115.93896886362813 
   173.50920708007908   4.4766305259978409 
   168.98858191518511   53.538411391760462 
   153.90299384229721    27.40940638746353 
   188.59479515296698   30.605635530294773 
     164.471651792014   102.59805892418971 
   129.77954876958276   99.401307201258376 
   125.25892360468883   148.46308806702098 
   110.17333553180093   122.33408306272406 
    149.3860637191261   76.469053919892801 
   144.86513684247069    125.5303122055553 
   90.570817335741893   145.26472559085639 
   55.878714313310702   142.06797386792505 
   51.358089148416738   191.12975473368766 
   36.272501075528837   165.00074972939072 
   75.485229262853991   119.13572058655947 
   70.964302386198611   168.19697887222196 
   16.669982879469792   187.93139225752307 
   203.68038322585485   56.734640534591684 
   199.15975806096094   105.79642140035428 
   184.07416998807304   79.667416396057376 
   1.5843948065819013   161.80238725322616 
   218.76597129874281   82.863645538888619 
    194.6428279377898   154.85606893278353 
   159.95072491535859   151.65931720985222 
   155.43009975046468    200.7210980756148 
   140.34451167757675   174.59209307131789 
    179.5572398649019   128.72706392848664 
   175.03631298824652   177.78832221414913 
   120.74199348151771   197.52273559945021 
   86.049890459086512   194.32598387651885 
   81.529265294192584   243.38776474228152 
   66.443677221304654   217.25875973798458 
   105.65640540862979   171.39373059515333 
   101.13547853197443   220.45498888081582 
   46.841159025245616   240.18940226611687 
   233.85155937163069   108.99265054318552 
   229.33093420673677   158.05443140894815 
   214.24534613384881    131.9254264046512 
   31.755570952357708   214.06039726181996 
   248.93714744451862   135.12165554748245 
   224.81400408356564   207.11407894137744 
   190.12190106113442    203.9173272184461 
   64.916571313137212   43.947068049833298 
   170.51568782335261   226.85010307991178 
   209.72841601067776    180.9850739370805 
    84.52278455091907   21.014292188367662 
   150.91316962729357    249.7807456080441 
   116.22106660486236   246.58399388511276 
   135.82758155440564   223.65174060374721 
      10.621950094647   63.680958855034341 
   138.81740576940931   1.2804013831666201 
   244.41652227962467   184.18343641324509 
