   190.15561850139673   41.223844871287568 
   157.47300045210827   29.157042845010199 
   140.40828857965914   75.377060178540859 
   132.59941357998952   46.233941929819331 
   182.34674350172705   12.080726622566072 
   165.28187545177792   58.300161093731731 
    107.7299479913962   63.309736720036007 
   75.047329942107766   51.242934693758642 
   57.982618069658642    97.46295202728929 
   50.173743069989001   68.319833778567769 
   99.921072991726561     34.1666184713145 
   82.856204941777406   80.386052942480177 
   25.304277481395712    85.39562856878446 
    222.8339590896596   53.291168329792434 
   215.02508408998995   24.148050081070892 
   17.495402481726067   56.252510320062932 
   205.77336850073601   99.510081368730638 
   173.09075045144758   87.443279342453266 
   156.02603857899842    133.6632966759839 
    148.2171635793288   104.52017842726241 
   197.96449350106633   70.366963120009117 
   180.89962545111723   116.58639759117482 
   123.34769799073551   121.59597321747908 
   90.665079941447047   109.52917119120171 
   73.600368068997938   155.74918852473235 
   65.791493069328297   126.60607027601083 
   115.53882299106584   92.452854968757563 
   98.473954941116716   138.67228943992325 
   40.922027480735011   143.68186506622752 
   8.2394094314465587   131.61506303995014 
   238.45170908899891   111.57740482723548 
   230.64283408932926   82.434286578513962 
   33.113152481065356   114.53874681750598 
   16.048284431116222   160.75818128867169 
   221.39111850007529   157.79631786617369 
   188.70850045078689   145.72951583989629 
   171.64378857833773   191.94953317342703 
   163.83491357866811   162.80641492470545 
   213.58224350040567   128.65319961745217 
   196.51737545045651   174.87263408861784 
   138.96544799007481   179.88220971492214 
   106.28282994078636   167.81540768864474 
   89.218118068337247   214.03542502217545 
   81.409243068667593    184.8923067734539 
   131.15657299040515   150.73909146620062 
     114.091704940456   196.95852593736629 
   56.539777480074306   201.96810156367056 
   23.857159430785867   189.90129953739319 
   254.06945908833816   169.86364132467858 
   246.26058408866854   140.72052307595703 
   48.730902480404659   172.82498331494904 
   31.666034430455507   219.04441778611474 
   237.00886849941458   216.08255436361682 
   204.32625045012617   204.01575233733942 
   124.79053858031986    17.09082368109781 
   179.45266357800739   221.09265142214858 
   229.19999349974495   186.93943611489527 
   154.58319798941412   238.16844621236524 
   121.90057994012567   226.10164418608784 
   42.364868070319353   39.176715529846255 
   97.026993068006888   243.17854327089699 
   146.77432298974446   209.02532796364369 
   67.238454942438139   22.099816445037156 
   39.474909430125159   248.18753603483631 
   64.348652479743961   231.11121981239216 
