   194.11091488757333   95.885913583255956 
   165.66504822090667   75.771393870390142 
   137.21918155424001   115.99982987259887 
   137.21918155424001   85.828653726823063 
   194.11091488757333   65.714737437480153 
   165.66504822090667   105.94257001616597 
   108.77758155423999   95.885913583255956 
   80.331714887573355   75.771393870390142 
   51.885848220906666   115.99982987259887 
   51.885848220906666   85.828653726823063 
   108.77758155423999   65.714737437480153 
   80.331714887573355   105.94257001616597 
   23.444248220906662    95.88591358325597 
   250.99838155424001   75.771393870390128 
   222.55251488757332   115.99982987259887 
   222.55251488757332   85.828653726823063 
   23.444248220906662   65.714737437480167 
   250.99838155424001   105.94257001616597 
   194.11091488757333   156.22826587480759 
   165.66504822090667   136.11374616194175 
   137.21918155424001    176.3421821641505 
   137.21918155424001   146.17100601837467 
   194.11091488757333   126.05708972903177 
   165.66504822090667   166.28492230771758 
   108.77758155423999   156.22826587480759 
   80.331714887573355   136.11374616194175 
   51.885848220906666    176.3421821641505 
   51.885848220906666   146.17100601837467 
   108.77758155423999   126.05708972903177 
   80.331714887573355   166.28492230771758 
   23.444248220906662   156.22826587480759 
   250.99838155424001   136.11374616194175 
   222.55251488757332   176.34218216415047 
   222.55251488757332   146.17100601837467 
   23.444248220906662   126.05708972903177 
   250.99838155424001   166.28492230771758 
   194.11091488757336    216.5706181663592 
   165.66504822090667   196.45609845349335 
   137.21918155424001   236.68453445570211 
   137.21918155424001   206.51335830992628 
   194.11091488757333   186.39944202058342 
   165.66504822090667   226.62727459926919 
   108.77758155423999    216.5706181663592 
   80.331714887573355   196.45609845349335 
   51.885848220906674   236.68453445570211 
   51.885848220906666   206.51335830992628 
   108.77758155423999   186.39944202058342 
   80.331714887573355   226.62727459926919 
   23.444248220906662   216.57061816635922 
   250.99838155424001   196.45609845349335 
   222.55251488757332   236.68453445570211 
   222.55251488757332   206.51335830992628 
   23.444248220906662   186.39944202058345 
   250.99838155424001   226.62727459926919 
   194.11091488757333   35.543561291704357 
   165.66504822090667   15.429041578838527 
   137.21918155424001   55.657477581047225 
   137.21918155424001   25.486301435271439 
   194.11091488757336     246.741794312135 
   165.66504822090667   45.600217724614353 
   108.77758155423999   35.543561291704357 
   80.331714887573341   15.429041578838527 
   51.885848220906666   55.657477581047225 
   51.885848220906652   25.486301435271439 
   108.77758155423999     246.741794312135 
   80.331714887573355   45.600217724614353 
   23.444248220906662   35.543561291704364 
   250.99838155424001   15.429041578838527 
   222.55251488757332   55.657477581047218 
   222.55251488757332   25.486301435271439 
   23.444248220906662     246.741794312135 
   250.99838155424001   45.600217724614346 
