   53.238733858100765   39.538576601902911 
   85.238733858100773   71.538576601902918 
   53.238733858100765   103.53857660190292 
   85.238733858100773   135.53857660190292 
   53.238733858100765   167.53857660190292 
   85.238733858100773   199.53857660190292 
   53.238733858100765   231.53857660190289 
   85.238733858100773    7.538576601902907 
   117.23873385810077   39.538576601902911 
   149.23873385810074   71.538576601902918 
   117.23873385810077   103.53857660190292 
   149.23873385810074   135.53857660190292 
   117.23873385810077   167.53857660190292 
   149.23873385810074   199.53857660190292 
   117.23873385810077   231.53857660190289 
   149.23873385810074    7.538576601902907 
   181.23873385810077   39.538576601902911 
   213.23873385810077   71.538576601902918 
   181.23873385810077   103.53857660190292 
   213.23873385810077   135.53857660190292 
   181.23873385810077   167.53857660190292 
   213.23873385810077   199.53857660190292 
   181.23873385810077   231.53857660190289 
   213.23873385810077    7.538576601902907 
   245.23873385810077   39.538576601902911 
    21.23873385810078   71.538576601902918 
   245.23873385810077   103.53857660190292 
    21.23873385810078   135.53857660190292 
   245.23873385810077   167.53857660190292 
    21.23873385810078   199.53857660190292 
   245.23873385810077   231.53857660190289 
    21.23873385810078    7.538576601902907 
