   37.798498453058514   35.549871645873189 
    60.42591545102804   74.741707530404028 
   21.234079566497186   97.369124528373575 
   43.861496564466727   136.56096041290439 
   4.6696606799358467   159.18837741087393 
   27.297077677905385   198.38021329540479 
   76.990334337589374   12.922454647903688 
   99.617751335558893   52.114290532434516 
   122.24516833352841   91.306126416965355 
   83.053332448997566   113.93354341493489 
   105.68074944696708   153.12537929946572 
   66.488913562436238   175.75279629743525 
   89.116330560405757   214.94463218196611 
   49.924494675874911   237.57204917993562 
   138.80958722008972   29.486873534465005 
   161.43700421805926   68.678709418995851 
   184.06442121602879   107.87054530352668 
   144.87258533149793   130.49796230149622 
   167.50000232946746   169.68979818602705 
    128.3081664449366   192.31721518399658 
   150.93558344290611   231.50905106852741 
   111.74374755837528   254.13646806649697 
   200.62884010259009   46.051292421026332 
   223.25625710055962   85.243128305557178 
   245.88367409852916   124.43496419008802 
    206.6918382139983   147.06238118805754 
   229.31925521196783    186.2542170725884 
   190.12741932743694   208.88163407055788 
    212.7548363254065   248.07346995508877 
