   112.08793932269442   34.245830025879989 
   68.375126401592382   45.958642946982025 
   80.087939322694425   89.671455868084067 
   36.375126401592382   101.38426878918611 
   48.087939322694417   145.09708171028817 
   4.3751264015923983   156.80989463139016 
   16.087939322694439   200.52270755249219 
   155.80075224379644   22.533017104777947 
   167.51356516489849   66.245830025879982 
   123.80075224379647   77.958642946982025 
   135.51356516489849   121.67145586808407 
   91.800752243796467   133.38426878918611 
   103.51356516489849   177.09708171028814 
   59.800752243796467   188.80989463139019 
   71.513565164898509   232.52270755249219 
   211.22637808600052    54.53301710477794 
   222.93919100710258   98.245830025879982 
   179.22637808600055   109.95864294698201 
   190.93919100710258   153.67145586808405 
   147.22637808600055   165.38426878918611 
   158.93919100710255   209.09708171028814 
   115.22637808600054   220.80989463139016 
   56.662313480490347    2.245830025879993 
   234.65200392820458   141.95864294698197 
   24.662313480490354   57.671455868084088 
   202.65200392820458   197.38426878918605 
   170.65200392820461   252.80989463139014 
