   106.65296783465708    18.32472489620022 
   61.398133838718039    18.32472489620023 
   61.398133838718039   63.579558892139261 
   16.143299842779001   63.579558892139282 
   16.143299842779001   108.83439288807833 
    151.9078018305961    18.32472489620023 
    151.9078018305961   63.579558892139261 
   106.65296783465708   63.579558892139261 
   106.65296783465708    108.8343928880783 
   61.398133838718024   108.83439288807831 
   61.398133838718024   154.08922688401734 
   16.143299842779022   154.08922688401734 
   197.16263582653519   18.324724896200195 
   197.16263582653517   63.579558892139268 
   197.16263582653519   108.83439288807833 
   151.90780183059613   108.83439288807831 
   151.90780183059613   154.08922688401734 
   106.65296783465709   154.08922688401736 
   106.65296783465709    199.3440608799564 
   61.398133838718074   199.34406087995637 
   242.41746982247426   63.579558892139261 
    242.4174698224742    108.8343928880783 
    242.4174698224742   154.08922688401734 
   197.16263582653519   154.08922688401734 
   197.16263582653519    199.3440608799564 
   151.90780183059613    199.3440608799564 
   151.90780183059613   244.59889487589547 
   106.65296783465712   244.59889487589538 
