   186.09595162456353   42.146581326024524 
    142.3831387034615   30.433768404922485 
   130.67032578235947   74.146581326024517 
   86.957512861257442   62.433768404922489 
   75.244699940155385   106.14658132602453 
   31.531887019053379   94.433768404922503 
   19.819074097951301   138.14658132602455 
   229.80876454566558   53.859394247126538 
   218.09595162456353   97.572207168228587 
    174.3831387034615   85.859394247126545 
    162.6703257823595    129.5722071682286 
   118.95751286125741   117.85939424712654 
   107.24469994015539    161.5722071682286 
   63.531887019053372   149.85939424712654 
   51.819074097951322    193.5722071682286 
   250.09595162456353   152.99783301043266 
    206.3831387034615   141.28502008933063 
    194.6703257823595   184.99783301043266 
   150.95751286125744   173.28502008933063 
   139.24469994015541   216.99783301043269 
   95.531887019053386   205.28502008933063 
   83.819074097951329   248.99783301043269 
    238.3831387034615   196.71064593153469 
   98.670325782359456   18.720955483820436 
   182.95751286125744   228.71064593153469 
   43.244699940155364    50.72095548382044 
