   171.43542150458589   31.088851256489942 
   148.80800450661636   70.280687141020806 
   109.61616862208552   47.653270143051273 
   86.988751624115991   86.845106027582133 
   47.796915739585145     64.2176890296126 
   25.169498741615616   103.40952491414345 
   210.62725738911675   53.716268254459465 
   187.99984039114722   92.908104138990325 
   165.37242339317768   132.09994002352116 
   126.18058750864685   109.47252302555165 
   103.55317051067732   148.66435891008248 
   64.361334626146473   126.03694191211297 
   41.733917628176947   165.22877779664381 
    2.542081743646091   142.60136079867431 
   227.19167627567811   115.53552113695983 
   204.56425927770857   154.72735702149069 
   181.93684227973901   193.91919290602155 
   142.74500639520818   171.29177590805202 
   120.11758939723866   210.48361179258288 
     80.9257535127078   187.85619479461334 
   58.298336514738274    227.0480306791442 
   19.106500630207421   204.42061368117467 
   243.75609516223938   177.35477401946022 
   221.12867816426984   216.54660990399105 
   132.24358562005503   8.4614342585204021 
   159.30942528176951   233.11102879055235 
   70.424332737554664   25.025853145081733 
   97.490172399269113   249.67544767711371 
   8.6050798550542886   41.590272031643075 
