   27.296666303104015   90.719659682303018 
    45.58238058881831   62.330145850410005 
   27.296666303104015   147.49868734608904 
    45.58238058881831   119.10917351419602 
   27.296666303104015    204.2777150098751 
    45.58238058881831   175.88820117798207 
   27.296666303104015   33.940632018517007 
    45.58238058881831   232.66722884176809 
   63.868094874532588   90.719659682303018 
    82.15380916024688   62.330145850410005 
   63.868094874532588   147.49868734608904 
    82.15380916024688   119.10917351419602 
   63.868094874532588    204.2777150098751 
    82.15380916024688   175.88820117798207 
   63.868094874532588   33.940632018517007 
    82.15380916024688   232.66722884176809 
   100.43952344596117   90.719659682303018 
   118.72523773167545   62.330145850410005 
   100.43952344596117   147.49868734608904 
   118.72523773167545   119.10917351419602 
   100.43952344596117    204.2777150098751 
   118.72523773167545   175.88820117798207 
   100.43952344596117   33.940632018517007 
   118.72523773167545   232.66722884176809 
   137.01095201738974   90.719659682303018 
   155.29666630310402   62.330145850410005 
   137.01095201738974   147.49868734608904 
   155.29666630310402   119.10917351419602 
   137.01095201738974    204.2777150098751 
   155.29666630310402   175.88820117798207 
   137.01095201738974   33.940632018517007 
   155.29666630310402   232.66722884176809 
    173.5823805888183   90.719659682303018 
   191.86809487453257   62.330145850410005 
    173.5823805888183   147.49868734608904 
   191.86809487453257   119.10917351419602 
    173.5823805888183    204.2777150098751 
   191.86809487453257   175.88820117798207 
    173.5823805888183   33.940632018517007 
   191.86809487453257   232.66722884176809 
   210.15380916024685   90.719659682303018 
   228.43952344596116   62.330145850410005 
   210.15380916024685   147.49868734608904 
   228.43952344596116   119.10917351419602 
   210.15380916024685    204.2777150098751 
   228.43952344596116   175.88820117798207 
   210.15380916024685   33.940632018517007 
   228.43952344596116   232.66722884176809 
   246.72523773167546   90.719659682303018 
   9.0109520173897746   62.330145850410005 
   246.72523773167546   147.49868734608904 
   9.0109520173897746   119.10917351419602 
   246.72523773167546    204.2777150098751 
   9.0109520173897746   175.88820117798207 
   246.72523773167546   33.940632018517007 
   9.0109520173897746   232.66722884176809 
