   241.98204149573277   48.870930986577598 
   209.98204149573277   80.870930986577619 
   177.98204149573277   48.870930986577605 
    145.9820414957328   80.870930986577619 
   113.98204149573279   48.870930986577605 
   81.982041495732773   80.870930986577619 
   49.982041495732794   48.870930986577605 
   17.982041495732791   80.870930986577619 
   241.98204149573277   112.87093098657762 
   209.98204149573277    144.8709309865776 
   177.98204149573277   112.87093098657762 
    145.9820414957328    144.8709309865776 
   113.98204149573279   112.87093098657762 
   81.982041495732773    144.8709309865776 
   49.982041495732794   112.87093098657762 
   17.982041495732791    144.8709309865776 
   241.98204149573277    176.8709309865776 
   209.98204149573277    208.8709309865776 
   177.98204149573277    176.8709309865776 
    145.9820414957328    208.8709309865776 
   113.98204149573279    176.8709309865776 
   81.982041495732773    208.8709309865776 
   49.982041495732794    176.8709309865776 
   17.982041495732791   208.87093098657763 
   241.98204149573277    240.8709309865776 
   209.98204149573277   16.870930986577601 
    177.9820414957328    240.8709309865776 
    145.9820414957328   16.870930986577601 
   113.98204149573279    240.8709309865776 
   81.982041495732773   16.870930986577601 
   49.982041495732808    240.8709309865776 
   17.982041495732776   16.870930986577601 
