   34.859897726685915    52.16309966199114 
   59.870288268295667   29.473626166421042 
   20.164404004895204   107.00742887402352 
   45.174794546504955   84.317955378453419 
   5.4689102831045053    161.8517580860559 
   30.479300824714244    139.1622845904858 
   15.783807102923546   194.00661380251816 
   70.185185088114679   61.628481882883328 
   95.195575629724445   38.939008387313216 
   55.489691366323974   116.47281109491571 
   80.500081907933733   93.783337599345614 
   40.794197644533277   171.31714030694809 
   65.804588186143022   148.62766681137799 
   84.880678809905405   6.7841526708509194 
   51.109094464352324   203.47199602341038 
   105.51047244954349   71.093864103775516 
   130.52086299115322   48.404390608205404 
   90.814978727752774   125.93819331580789 
    115.8253692693625    103.2487198202378 
   76.119485005962062   180.78252252784029 
    101.1298755475718   158.09304903227019 
   120.20596617133421   16.249534891743107 
   86.434381825781088   212.93737824430258 
   140.83575981097226   80.559246324667697 
   165.84615035258201   57.869772829097592 
   126.14026608918157   135.40357553670009 
    151.1506566307913   112.71410204112999 
   111.44477236739084   190.24790474873248 
   136.45516290900059   167.55843125316238 
   155.53125353276297   25.714917112635291 
   121.75966918720988   222.40276046519475 
   176.16104717240106   90.024628545559892 
   201.17143771401081    67.33515504998978 
   161.46555345061034   144.86895775759228 
    186.4759439922201   122.17948426202217 
   146.77005972881963   199.71328696962468 
   171.78045027042936   177.02381347405455 
   190.85654089419177   35.180299333527479 
   157.08495654863867   231.86814268608694 
   211.48633453382985   99.490010766452073 
   236.49672507543957   76.800537270881961 
   196.79084081203914   154.33433997848445 
   221.80123135364883   131.64486648291435 
    182.0953470902484   209.17866919051687 
   207.10573763185812   186.48919569494674 
   226.18182825562056   44.645681554419667 
   192.41024391006744   241.33352490697914 
   246.81162189525861   108.95539298734425 
   232.11612817346787   163.79972219937665 
   217.42063445167722   218.64405141140904 
   242.43102499328697   195.95457791583894 
   227.73553127149626    250.7989071278713 
