   37.295593944126992   49.448518622678364 
   67.326243957846089   34.005335586026447 
   8.9060801122339726   98.620598981696489 
   38.936730125953076   83.177415945044572 
   10.547216294060066   132.34949630406268 
   68.967380139672173   67.734232908392642 
   98.998030153391284   52.291049871740732 
   40.577866307779161   116.90631326741075 
   70.608516321498271   101.46313023075885 
   12.188352475886159   166.07839362642886 
   42.219002489605252   150.63521058977696 
   97.356893971565171   18.562152549374542 
    127.3875439852843   3.1189695127226154 
   100.63916633521737   86.019947194106919 
   130.66981634893648   70.576764157455017 
   72.249652503324356   135.19202755312503 
   102.28030251704345   119.74884451647313 
   43.860138671431343   184.36410791214314 
    73.89078868515044   168.92092487549124 
   129.02868016711039   36.847866835088823 
   159.05933018082948   21.404683798436899 
   132.31095253076253    104.3056614798212 
   162.34160254448167   88.862478443169294 
   103.92143869886955   153.47774183883931 
   133.95208871258865   138.03455880218741 
   75.531924866976539   202.64982219785745 
   105.56257488069562   187.20663916120554 
   160.70046636265556   55.133581120803107 
   190.73111637637467   39.690398084151191 
   163.98273872630773   122.59137576553549 
   194.01338874002681   107.14819272888359 
    135.5932248944147   171.76345612455361 
   165.62387490813381   156.32027308790168 
   107.20371106252172    220.9355364835717 
   137.23436107624082   205.49235344691979 
   192.37225255820073   73.419295406517392 
   222.40290257191984   57.976112369865461 
   195.65452492185292   140.87709005124978 
   225.68517493557204   125.43390701459786 
    167.2650110899599   190.04917041026789 
   197.29566110367901   174.60598737361599 
    138.8754972580669     239.221250769286 
   168.90614727178598    223.7780677326341 
   224.04403875374592    91.70500969223167 
   254.07468876746501   76.261826655579739 
   227.32631111739812   159.16280433696406 
   198.93679728550509    208.3348846959822 
    228.9674472992242   192.89170165933029 
   200.57793346733121   242.06378201834841 
   255.71582494929109   109.99072397794596 
