    71.62906171424396   55.964784251395223 
   104.63343202963311   48.820319076542681 
   31.480226224002301   96.113619741636896 
   64.484596539391447    88.96915456678434 
   24.335761049149767   129.11799005702602 
   111.77789720448564   15.815948761153539 
   144.78226751987478   8.6714835863009938 
   97.488966854780571   81.824689391931813 
    130.4933371701697   74.680224217079271 
   57.340131364538905   121.97352488217348 
   90.344501679928044   114.82905970732094 
   17.191295874297239   162.12236037241516 
   50.195666189686357   154.97789519756262 
   137.63780234502227   41.675853901690132 
    170.6421726604114   34.531388726837584 
   123.34887199531715   107.68459453246841 
   156.35324231070629   100.54012935761587 
   83.200036505075502   147.83343002271008 
   116.20440682046464   140.68896484785753 
   43.051201014833836   187.98226551295173 
   76.055571330222946   180.83780033809921 
   163.49770748555883   67.535759042226729 
   196.50207780094797   60.391293867374181 
   149.20877713585378   133.54449967300499 
   182.21314745124289   126.40003449815245 
   109.05994164561211    173.6933351632467 
   142.06431196100124   166.54886998839413 
   68.911106155370447   213.84217065348835 
   101.91547647075954   206.69770547863581 
   189.35761262609546   93.395664182763326 
   222.36198294148457   86.251199007910756 
   175.06868227639038   159.40440481354159 
   208.07305259177949   152.25993963868902 
    134.9198467861487   199.55324030378327 
   167.92421710153783    192.4087751289307 
   94.771011295907044   239.70207579402492 
   127.77538161129614   232.55761061917241 
   215.21751776663203   119.25556932329991 
    248.2218880820212   112.11110414844734 
   200.92858741692694   185.26430995407819 
   233.93295773231611   178.11984477922562 
   160.77975192668526   225.41314544431984 
    193.7841222420744    218.2686802694673 
    241.0774229071686   145.11547446383651 
   226.78849255746354   211.12421509461478 
   78.773526889096516   22.960413936006088 
   186.63965706722189   251.27305058485643 
   38.624691398854857   63.109249426247764 
