    124.5185422463546   23.782089950912241 
   158.24743956872078   25.423226132738311 
   75.346461887336488   52.171603782805256 
   109.07535920970268   53.812739964631334 
   26.174381528318406   80.561117614698276 
   59.903278850684572   82.202253796524346 
   10.731198491666477   110.59176762841737 
   142.80425653206888   55.453876146457432 
   176.53315385443508   57.095012328283509 
    93.63217617305078   83.843389978350444 
   127.36107349541697   85.484526160176529 
   44.460095814032691   112.23290381024347 
   78.188993136398864   113.87403999206954 
   191.97633689108699   27.064362314564406 
   29.016912777380782   142.26355382396255 
   161.08997081778315   87.125662342002613 
   194.81886814014936   88.766798523828683 
   111.91789045876507   115.51517617389563 
   145.64678778113128    117.1563123557217 
   62.745810099746983   143.90469000578864 
   96.474707422113156   145.54582618761472 
   210.26205117680129   58.736148510109579 
   47.302627063095066   173.93534001950775 
   179.37568510349746   118.79744853754779 
   213.10458242586364   120.43858471937386 
   130.20360474447938   147.18696236944081 
   163.93250206684553   148.82809855126689 
   81.031524385461282   175.57647620133383 
   114.76042170782745   177.21761238315992 
    228.5477654625156   90.407934705654768 
   65.588341348809351   205.60712621505292 
   197.66139938921174   150.46923473309297 
   231.39029671157792   152.11037091491906 
   148.48931903019366     178.858748564986 
   182.21821635255984   180.49988474681206 
   99.317238671175559   207.24826239687903 
   133.04613599354172   208.88939857870506 
   246.83347974822988   122.07972090119996 
   83.874055634523629   237.27891241059808 
   215.94711367492604   182.14102092863817 
   249.67601099729222   183.78215711046423 
   166.77503331590793   210.53053476053117 
   200.50393063827411   212.17167094235725 
   117.60295295688984   238.92004859242419 
   151.33185027925603   240.56118477425022 
   234.23282796064032   213.81280712418334 
   185.06074760162224   242.20232095607633 
   90.789644923988405   22.140953769086167 
   41.617564564970301   50.530467600979186 
