   101.52163402844589   9.5584374172245177 
   133.67648974490817   19.873334237043537 
   46.677304816413482    24.25393113901524 
   78.832160532875761   34.568827958834255 
   23.987831320843359   49.264321680624967 
   188.52081895694059   5.1778405152528375 
   110.98701624933805   44.883724778653317 
   143.14187196580036    55.19862159847235 
    56.14268703730567   59.579218500444028 
   88.297542753767956   69.894115320263055 
   1.2983578252733055   74.274712222234726 
   33.453213541735558    84.58960904205378 
   165.83134546137046   30.188231056862598 
   197.98620117783275   40.503127876681638 
   120.45239847023024   80.209012140082081 
   152.60725418669256   90.523908959901121 
   65.608069258197858   94.904505861872792 
   97.762924974660137   105.21940268169183 
   10.763740046165493   109.59999958366349 
   42.918595762627746   119.91489640348253 
   175.29672768226266   65.513518418291383 
   207.45158339872495   75.828415238110409 
   129.91778069112243   115.53429950151087 
   162.07263640758472   125.84919632132991 
   75.073451479090039   130.22979322330161 
   107.22830719555233   140.54469004312062 
   20.229122267057679    144.9252869450923 
   52.383977983519934   155.24018376491134 
   184.76210990315482   100.83880577972016 
   216.91696561961714    111.1537025995392 
   139.38316291201463   150.85958686293966 
   171.53801862847692   161.17448368275868 
   84.538833699982234   165.55508058473035 
   116.69368941644451   175.86997740454939 
   29.694504487949867   180.25057430652109 
   61.849360204412122   190.56547112634013 
   194.22749212404702   136.16409314114892 
   226.38234784050934   146.47898996096797 
   148.84854513290679   186.18487422436843 
   181.00340084936911   196.49977104418747 
   94.004215920874415   200.88036794615917 
   126.15907163733669   211.19526476597821 
   39.159886708842052   215.57586166794982 
   71.314742425304303   225.89075848776892 
   203.69287434493921   171.48938050257772 
   235.84773006140148   181.80427732239679 
   158.31392735379902   221.51016158579728 
   190.46878307026128   231.82505840561632 
    103.4695981417666   236.20565530758796 
   135.62445385822892   246.52055212740703 
   48.625268929734254   250.90114902937864 
   213.15825656583138   206.81466786400657 
    245.3131122822937   217.12956468382561 
