   134.91236745461586   6.5264301590540539 
   163.30188128650886   24.812144444768336 
   78.133339790829822   6.5264301590540539 
   106.52285362272285   24.812144444768336 
   21.354312127043791   6.5264301590540539 
   49.743825958936803   24.812144444768336 
   191.69139511840186   6.5264301590540539 
   220.08090895029486   24.812144444768336 
   134.91236745461586   43.097858730482621 
   163.30188128650886   61.383573016196912 
   78.133339790829837   43.097858730482621 
   106.52285362272285   61.383573016196912 
   21.354312127043791   43.097858730482628 
    49.74382595893681   61.383573016196912 
   191.69139511840186   43.097858730482621 
   220.08090895029486   61.383573016196898 
   134.91236745461586   79.669287301911197 
   163.30188128650886   97.955001587625475 
   78.133339790829837   79.669287301911211 
   106.52285362272285   97.955001587625475 
   21.354312127043791   79.669287301911211 
    49.74382595893681   97.955001587625489 
   191.69139511840186   79.669287301911183 
   220.08090895029486   97.955001587625461 
   134.91236745461586   116.24071587333977 
   163.30188128650886   134.52643015905406 
   78.133339790829837   116.24071587333977 
   106.52285362272285   134.52643015905406 
   21.354312127043791   116.24071587333977 
    49.74382595893681   134.52643015905406 
   191.69139511840186   116.24071587333977 
   220.08090895029486   134.52643015905406 
   134.91236745461586   152.81214444476834 
   163.30188128650886   171.09785873048261 
   78.133339790829837   152.81214444476834 
   106.52285362272285   171.09785873048261 
   21.354312127043791   152.81214444476834 
    49.74382595893681   171.09785873048261 
   191.69139511840186   152.81214444476834 
   220.08090895029486   171.09785873048261 
   134.91236745461586   189.38357301619689 
   163.30188128650886    207.6692873019112 
   78.133339790829837   189.38357301619689 
   106.52285362272285    207.6692873019112 
   21.354312127043791   189.38357301619692 
    49.74382595893681    207.6692873019112 
   191.69139511840186   189.38357301619689 
   220.08090895029486    207.6692873019112 
   134.91236745461586   225.95500158762547 
   163.30188128650886   244.24071587333978 
   78.133339790829837   225.95500158762547 
   106.52285362272285   244.24071587333978 
   21.354312127043791   225.95500158762547 
   49.743825958936824   244.24071587333978 
   191.69139511840189   225.95500158762547 
   220.08090895029491   244.24071587333978 
