     46.8848261244867   43.955180903795537 
   72.484826124486702   69.555180903795531 
     46.8848261244867   95.155180903795539 
   72.484826124486702   120.75518090379553 
     46.8848261244867   146.35518090379554 
   72.484826124486702   171.95518090379554 
     46.8848261244867   197.55518090379556 
   72.484826124486702   223.15518090379555 
     46.8848261244867   248.75518090379552 
   72.484826124486702   18.355180903795539 
    98.08482612448671   43.955180903795537 
   123.68482612448672   69.555180903795531 
    98.08482612448671   95.155180903795539 
   123.68482612448672   120.75518090379553 
    98.08482612448671   146.35518090379554 
   123.68482612448672   171.95518090379554 
    98.08482612448671   197.55518090379556 
   123.68482612448672   223.15518090379555 
    98.08482612448671   248.75518090379552 
   123.68482612448672   18.355180903795539 
    149.2848261244867   43.955180903795537 
   174.88482612448669   69.555180903795531 
    149.2848261244867   95.155180903795539 
   174.88482612448669   120.75518090379553 
    149.2848261244867   146.35518090379554 
   174.88482612448669   171.95518090379554 
    149.2848261244867   197.55518090379556 
   174.88482612448669   223.15518090379555 
    149.2848261244867   248.75518090379552 
   174.88482612448669   18.355180903795539 
   200.48482612448669   43.955180903795537 
   226.08482612448671   69.555180903795531 
   200.48482612448669   95.155180903795539 
   226.08482612448671   120.75518090379553 
   200.48482612448669   146.35518090379554 
   226.08482612448671   171.95518090379554 
   200.48482612448669   197.55518090379556 
   226.08482612448671   223.15518090379555 
   200.48482612448669   248.75518090379552 
   226.08482612448671   18.355180903795539 
    251.6848261244867   43.955180903795537 
   21.284826124486681   69.555180903795531 
    251.6848261244867   95.155180903795539 
   21.284826124486681   120.75518090379553 
    251.6848261244867   146.35518090379554 
   21.284826124486681   171.95518090379554 
    251.6848261244867   197.55518090379556 
   21.284826124486681   223.15518090379555 
    251.6848261244867   248.75518090379552 
   21.284826124486681   18.355180903795539 
