   81.326058694819153   23.030696203446976 
   49.972589987194482   41.132629801822588 
   68.074523585570091   72.486098509447274 
   36.721054877945413   90.588032107822897 
   54.822988476321036   121.94150081544757 
   23.469519768696344   140.04343441382318 
   41.571453367071967   171.39690312144788 
   10.217984659447302   189.49883671982349 
   28.319918257822902   220.85230542744819 
   112.67952740244382   4.9287626050713502 
   130.78146100081946   36.282231312696041 
   99.427992293194777   54.384164911071657 
    117.5299258915704   85.737633618696336 
   86.176457183945701   103.83956721707196 
   104.27839078232134   135.19303592469663 
   72.924922074696639   153.29496952307227 
   91.026855673072262   184.64843823069694 
   59.673386965447584   202.75037182907255 
   77.775320563823215   234.10384053669725 
   162.13492970844413   18.180297714320417 
   180.23686330681974   49.533766421945096 
   148.88339459919507   67.635700020320712 
   166.98532819757068   98.989168727945398 
   135.63185948994601   117.09110232632104 
   153.73379308832162   148.44457103394569 
   122.38032438069693   166.54650463232133 
   140.48225797907256     197.899973339946 
   109.12878927144787   216.00190693832158 
    127.2307228698235   247.35537564594631 
   211.59033201444444   31.431832823569472 
   229.69226561282005   62.785301531194165 
   198.33879690519538   80.887235129569774 
   216.44073050357099   112.24070383719447 
   185.08726179594632   130.34263743557008 
   203.18919539432196   161.69610614319475 
   171.83572668669726   179.79803974157039 
   189.93766028507287   211.15150844919506 
   158.58419157744819   229.25344204757067 
    31.87065638881883   9.7791610941979084 
   247.79419921119566    94.13877023881885 
   18.619121279569764   59.234563400198205 
   234.54266410194663   143.59417254481914 
   5.3675861703206964   108.68996570619849 
   221.29112899269754   193.04957485081945 
   208.03959388344848   242.50497715681973 
