   120.22362623770695   18.959301091728211 
   85.253375900825333   28.329551428609836 
   94.623626237706972   63.299801765491459 
   59.653375900825338   72.670052102373106 
   69.023626237706978   107.64030243925471 
   34.053375900825337   117.01055277613635 
   43.423626237706969     151.980803113018 
   8.4533759008253302   161.35105344989964 
   17.823626237706993   196.32130378678124 
   155.19387657458859   9.5890507548465731 
   164.56412691147025   44.559301091728209 
   129.59387657458859   53.929551428609834 
   138.96412691147023   88.899801765491461 
   103.99387657458858     98.2700521023731 
   113.36412691147025   133.24030243925472 
   78.393876574588603   142.61055277613636 
   87.764126911470242   177.58080311301799 
   52.793876574588595   186.95105344989966 
   62.164126911470255   221.92130378678124 
   199.53437724835186   35.189050754846569 
    208.9046275852335   70.159301091728196 
   173.93437724835186   79.529551428609849 
    183.3046275852335   114.49980176549147 
   148.33437724835187   123.87005210237311 
   157.70462758523351   158.84030243925471 
   122.73437724835189   168.21055277613638 
   132.10462758523352   203.18080311301799 
   97.134377248351882   212.55105344989965 
   106.50462758523352   247.52130378678123 
   243.87487792211516   60.789050754846571 
   253.24512825899677    95.75930109172819 
   218.27487792211514   105.12955142860983 
   227.64512825899675   140.09980176549146 
   192.67487792211514    149.4700521023731 
   202.04512825899675   184.44030243925471 
   167.07487792211512   193.81055277613635 
   176.44512825899673   228.78080311301801 
   141.47487792211513   238.15105344989968 
    50.28312556394372   37.699801765491479 
   237.01537859587839    175.0700521023731 
   24.683125563943722   82.040302439254745 
   211.41537859587837   219.41055277613634 
