   119.55453162615444   20.402249654823617 
   83.350664429403224   20.402249654823617 
    83.35066442940321   56.606116851574868 
   47.146797232651991   56.606116851574853 
   47.146797232651984     92.8099840483261 
   10.942930035900742     92.8099840483261 
   10.942930035900767   129.01385124507732 
   155.75839882290569   20.402249654823617 
   155.75839882290569   56.606116851574853 
   119.55453162615444   56.606116851574853 
   119.55453162615444     92.8099840483261 
   83.350664429403224     92.8099840483261 
   83.350664429403224   129.01385124507732 
    47.14679723265197   129.01385124507735 
   47.146797232651991   165.21771844182854 
   10.942930035900742   165.21771844182857 
   191.96226601965694   20.402249654823592 
   191.96226601965691   56.606116851574846 
   191.96226601965691   92.809984048326086 
   155.75839882290569   92.809984048326072 
   155.75839882290569   129.01385124507732 
   119.55453162615444   129.01385124507732 
   119.55453162615444   165.21771844182854 
    83.35066442940321   165.21771844182854 
   83.350664429403224   201.42158563857981 
   47.146797232651984   201.42158563857981 
   228.16613321640816   56.606116851574832 
   228.16613321640816     92.8099840483261 
   228.16613321640816   129.01385124507732 
   191.96226601965694   129.01385124507732 
   191.96226601965694   165.21771844182857 
   155.75839882290569   165.21771844182854 
   155.75839882290569   201.42158563857981 
   119.55453162615444   201.42158563857981 
   119.55453162615447   237.62545283533106 
   83.350664429403238   237.62545283533106 
   228.16613321640816   165.21771844182854 
   228.16613321640816   201.42158563857978 
   191.96226601965694   201.42158563857976 
   191.96226601965691     237.625452835331 
   155.75839882290569   237.62545283533106 
