   181.08683601308303   2.0077426100666091 
   171.71658567620142   36.977992946948255 
   136.74633533931978   27.607742610066619 
   127.37608500243816   62.577992946948264 
   92.405834665556512   53.207742610066639 
   83.035584328674915   88.177992946948279 
    48.06533399179326    78.80774261006664 
   38.695083654911635   113.77799294694829 
   3.7248333180300093   104.40774261006665 
   206.68683601308305   46.348243283829881 
   197.31658567620144   81.318493620711521 
   162.34633533931981   71.948243283829882 
   152.97608500243817   106.91849362071153 
   118.00583466555652   97.548243283829905 
   108.63558432867491   132.51849362071152 
   73.665333991793275    123.1482432838299 
    64.29508365491165   158.11849362071155 
   29.324833318030031   148.74824328382991 
   19.954582981148381   183.71849362071157 
   232.28683601308305   90.688743957593147 
   222.91658567620144   125.65899429447477 
   187.94633533931983   116.28874395759314 
   178.57608500243819   151.25899429447477 
   143.60583466555653   141.88874395759316 
   134.23558432867492   176.85899429447477 
   99.265333991793284   167.48874395759316 
   89.895083654911659   202.45899429447479 
   54.924833318030025   193.08874395759318 
   45.554582981148393   228.05899429447479 
   248.51658567620146   169.99949496823805 
   213.54633533931982   160.62924463135641 
   204.17608500243821   195.59949496823805 
   169.20583466555655   186.22924463135641 
   159.83558432867494   221.19949496823807 
   124.86533399179328    211.8292446313564 
   115.49508365491168   246.79949496823806 
   80.524833318030034   237.42924463135643 
   239.14633533931979   204.96974530511966 
   101.77608500243817   18.237492273185005 
   194.80583466555655   230.56974530511968 
   57.435584328674913   43.837492273185013 
   150.46533399179327    256.1697453051197 
   13.095083654911624   69.437492273185029 
