   187.69012426198864   10.304784896147039 
   138.23472195598833   23.556320005396106 
   106.88125324836366   5.4543864070204808 
   88.779319649988068   36.807855114645164 
   57.425850942363375   18.705921516269548 
   39.323917343987752   50.059390223894226 
   7.9704486363630558   31.957456625518613 
   219.04359296961334   28.406718494522654 
   200.94165937123771   59.760187202147343 
   169.58819066361303   41.658253603771719 
    151.4862570652374   73.011722311396412 
   120.13278835761274   54.909788713020788 
   102.03085475923712   86.263257420645473 
    70.67738605161243   68.161323822269836 
   52.575452453236807   99.514792529894535 
   21.221983745612125   81.412858931518912 
   3.1200501472365447   112.76632763914358 
    232.2951280788624   77.862120800522959 
   214.19319448048677   109.21558950814763 
    182.8397257728621   91.113655909772021 
   164.73779217448649   122.46712461739669 
   133.38432346686179    104.3651910190211 
   115.28238986848618   135.71865972664577 
   83.928921160861492   117.61672612827016 
   65.826987562485868   148.97019483589483 
   34.473518854861176   130.86826123751922 
   16.371585256485588   162.22172994514386 
   245.54666318811144   127.31752310652325 
   227.44472958973583   158.67099181414795 
   196.09126088211113   140.56905821577232 
   177.98932728373555   171.92252692339702 
   146.63585857611085   153.82059332502138 
   128.53392497773524   185.17406203264608 
   97.180456270110554   167.07212843427047 
    79.07852267173493   198.42559714189514 
   47.725053964110245    180.3236635435195 
   29.623120365734668    211.6771322511442 
   240.69626469898489   208.12639412014823 
   209.34279599136022   190.02446052177262 
   191.24086239298458    221.3779292293973 
   159.88739368535991   203.27599563102169 
    141.7854600869843   234.62946433864639 
   110.43199137935962   216.52753074027075 
   92.330057780983992   247.88099944789542 
     60.9765890733593   229.77906584951981 
