   241.62558572615455   48.373822827003657 
   216.02558572615453   73.973822827003673 
   190.42558572615454   48.373822827003671 
   164.82558572615454   73.973822827003673 
   139.22558572615452   48.373822827003671 
   113.62558572615454   73.973822827003673 
   88.025585726154532   48.373822827003671 
   62.425585726154523   73.973822827003673 
   36.825585726154515   48.373822827003671 
   11.225585726154552   73.973822827003673 
   241.62558572615455   99.573822827003667 
   216.02558572615453   125.17382282700368 
   190.42558572615454   99.573822827003667 
   164.82558572615454   125.17382282700368 
   139.22558572615452   99.573822827003667 
   113.62558572615454   125.17382282700368 
   88.025585726154532   99.573822827003667 
   62.425585726154523   125.17382282700368 
   36.825585726154515   99.573822827003667 
   11.225585726154552   125.17382282700368 
   241.62558572615455   150.77382282700367 
   216.02558572615453   176.37382282700366 
   190.42558572615454   150.77382282700367 
   164.82558572615454   176.37382282700366 
   139.22558572615452   150.77382282700367 
   113.62558572615454   176.37382282700366 
   88.025585726154532   150.77382282700367 
   62.425585726154523   176.37382282700366 
   36.825585726154515   150.77382282700367 
   11.225585726154552   176.37382282700366 
   241.62558572615455   201.97382282700366 
   216.02558572615453   227.57382282700365 
   190.42558572615454   201.97382282700369 
   164.82558572615454   227.57382282700365 
   139.22558572615452   201.97382282700369 
   113.62558572615454   227.57382282700365 
   88.025585726154532   201.97382282700369 
   62.425585726154537   227.57382282700365 
   36.825585726154515   201.97382282700369 
   11.225585726154552   227.57382282700365 
   241.62558572615455   253.17382282700368 
   216.02558572615453   22.773822827003638 
   190.42558572615454   253.17382282700368 
   164.82558572615454   22.773822827003638 
   139.22558572615452   253.17382282700368 
   113.62558572615454   22.773822827003638 
   88.025585726154532   253.17382282700368 
   62.425585726154509   22.773822827003638 
   36.825585726154529   253.17382282700368 
   11.225585726154552   22.773822827003638 
