   49.601285428767227   143.97322326946141 
   81.601285428767241   111.97322326946143 
   81.601285428767241   127.97322326946141 
   65.601285428767241   127.97322326946141 
   65.601285428767241   143.97322326946141 
   81.601285428767241   143.97322326946141 
   81.601285428767241   159.97322326946141 
   65.601285428767241   159.97322326946141 
   81.601285428767241   175.97322326946141 
   113.60128542876723   79.973223269461428 
   113.60128542876723   95.973223269461428 
   97.601285428767241   95.973223269461428 
   97.601285428767241   111.97322326946143 
   113.60128542876723   111.97322326946143 
   113.60128542876723   127.97322326946141 
   97.601285428767241   127.97322326946141 
   97.601285428767241   143.97322326946141 
   113.60128542876723   143.97322326946141 
   113.60128542876723   159.97322326946141 
   97.601285428767241   159.97322326946141 
   97.601285428767241   175.97322326946141 
   113.60128542876723   175.97322326946141 
   113.60128542876723   191.97322326946144 
   97.601285428767241   191.97322326946144 
   113.60128542876723   207.97322326946141 
   129.60128542876723   63.973223269461414 
   129.60128542876723   79.973223269461428 
   145.60128542876723   79.973223269461428 
   145.60128542876723   95.973223269461428 
   129.60128542876723   95.973223269461428 
   129.60128542876723   111.97322326946143 
   145.60128542876723   111.97322326946143 
   145.60128542876723   127.97322326946141 
   129.60128542876723   127.97322326946141 
   129.60128542876723   143.97322326946141 
   145.60128542876723   143.97322326946141 
   145.60128542876723   159.97322326946141 
   129.60128542876723   159.97322326946141 
   129.60128542876723   175.97322326946141 
   145.60128542876723   175.97322326946141 
   145.60128542876723   191.97322326946144 
   129.60128542876723   191.97322326946144 
   129.60128542876723   207.97322326946141 
   145.60128542876723   207.97322326946141 
   129.60128542876723   223.97322326946141 
   161.60128542876723   95.973223269461428 
   161.60128542876723   111.97322326946143 
   177.60128542876726   111.97322326946143 
   177.60128542876726   127.97322326946141 
   161.60128542876723   127.97322326946141 
   161.60128542876723   143.97322326946141 
   177.60128542876726   143.97322326946141 
   177.60128542876726   159.97322326946141 
   161.60128542876723   159.97322326946141 
   161.60128542876723   175.97322326946141 
   177.60128542876726   175.97322326946141 
   161.60128542876723   191.97322326946144 
   193.60128542876726   127.97322326946141 
   193.60128542876726   143.97322326946141 
   209.60128542876726   143.97322326946141 
   193.60128542876726   159.97322326946141 
   49.601285428767227   111.97322326946143 
   49.601285428767227   127.97322326946141 
   33.601285428767234   127.97322326946141 
   33.601285428767234   143.97322326946141 
   49.601285428767227   159.97322326946141 
   33.601285428767234   159.97322326946141 
   49.601285428767227   175.97322326946141 
   81.601285428767241   79.973223269461428 
   81.601285428767241   95.973223269461428 
   65.601285428767241   95.973223269461428 
   65.601285428767241   111.97322326946143 
   65.601285428767241   175.97322326946141 
   81.601285428767241   191.97322326946144 
   65.601285428767241   191.97322326946144 
   81.601285428767241   207.97322326946141 
   113.60128542876723   47.973223269461421 
   113.60128542876723   63.973223269461414 
   97.601285428767241   63.973223269461414 
   97.601285428767241   79.973223269461428 
   97.601285428767241   207.97322326946141 
   113.60128542876723   223.97322326946141 
   97.601285428767241   223.97322326946141 
   113.60128542876723   239.97322326946139 
   129.60128542876723   47.973223269461421 
   145.60128542876723   47.973223269461421 
   145.60128542876723   63.973223269461414 
   145.60128542876723   223.97322326946141 
   129.60128542876723   239.97322326946139 
   145.60128542876723   239.97322326946139 
   161.60128542876723   63.973223269461414 
   161.60128542876723   79.973223269461428 
   177.60128542876726   79.973223269461428 
   177.60128542876726   95.973223269461428 
   177.60128542876726   191.97322326946144 
   161.60128542876723   207.97322326946141 
   177.60128542876726   207.97322326946141 
   161.60128542876723   223.97322326946141 
   193.60128542876726   95.973223269461428 
   193.60128542876726   111.97322326946143 
   209.60128542876726   111.97322326946143 
   209.60128542876726   127.97322326946141 
   209.60128542876726   159.97322326946141 
   193.60128542876726   175.97322326946141 
   209.60128542876726   175.97322326946141 
   193.60128542876726   191.97322326946144 
    225.6012854287672   127.97322326946141 
    225.6012854287672   143.97322326946141 
    225.6012854287672   159.97322326946141 
   49.601285428767227   79.973223269461428 
   49.601285428767227   95.973223269461428 
   33.601285428767234   95.973223269461428 
   33.601285428767234   111.97322326946143 
   33.601285428767234   175.97322326946141 
   49.601285428767227   191.97322326946144 
   33.601285428767234   191.97322326946144 
   49.601285428767227   207.97322326946141 
   81.601285428767241   47.973223269461421 
   81.601285428767241   63.973223269461414 
   65.601285428767241   63.973223269461414 
   65.601285428767241   79.973223269461428 
   65.601285428767241   207.97322326946141 
   81.601285428767241   223.97322326946141 
   65.601285428767241   223.97322326946141 
   81.601285428767241   239.97322326946139 
   97.601285428767241   47.973223269461421 
   97.601285428767241   239.97322326946139 
   161.60128542876723   47.973223269461421 
   177.60128542876726   47.973223269461421 
   177.60128542876726   63.973223269461414 
   177.60128542876726   223.97322326946141 
   161.60128542876723   239.97322326946139 
   177.60128542876726   239.97322326946139 
   193.60128542876726   63.973223269461414 
   193.60128542876726   79.973223269461428 
   209.60128542876726   79.973223269461428 
   209.60128542876726   95.973223269461428 
   209.60128542876726   191.97322326946144 
   193.60128542876726   207.97322326946141 
   209.60128542876726   207.97322326946141 
   193.60128542876726   223.97322326946141 
    225.6012854287672   95.973223269461428 
    225.6012854287672   111.97322326946143 
    225.6012854287672   175.97322326946141 
    225.6012854287672   191.97322326946144 
   49.601285428767227   63.973223269461414 
   33.601285428767234   79.973223269461428 
   33.601285428767234   207.97322326946141 
   49.601285428767227   223.97322326946141 
   65.601285428767241   47.973223269461421 
   65.601285428767241   239.97322326946139 
   193.60128542876726   47.973223269461421 
   209.60128542876726   63.973223269461414 
   209.60128542876726   223.97322326946141 
   193.60128542876726   239.97322326946139 
    225.6012854287672   79.973223269461428 
    225.6012854287672   207.97322326946141 
