   57.386063359757586   109.97625640883996 
    96.57789924428846   87.348839410870411 
   92.436794522648128   102.80365263149552 
    76.98198130202303   98.662547909855178 
   72.840876580382698   114.11736113048028 
   88.295689801007796   118.25846585212062 
    84.15458507936745   133.71327907274573 
   68.699771858742352   129.57217435110539 
   80.013480357727133   149.16809229337082 
   135.76973512881929   64.721422412900893 
   131.62863040717895   80.176235633526005 
   116.17381718655386   76.035130911885673 
   112.03271246491354   91.489944132510743 
   127.48752568553864   95.631048854151089 
    123.3464209638983   111.08586207477619 
   107.89160774327321   106.94475735313584 
   103.75050302163288   122.39957057376094 
   119.20531624225796   126.54067529540129 
   115.06421152061763   141.99548851602637 
   99.609398299992549   137.85438379438605 
   95.468293578352217   153.30919701501116 
    110.9231067989773   157.45030173665148 
   106.78200207733697   172.90511495727657 
   91.327188856711871   168.76401023563625 
   102.64089735569664   188.35992817790165 
   155.36565307108472   53.407713913916133 
    151.2245483494444   68.862527134541224 
   166.67936157006949    73.00363185618157 
   162.53825684842914   88.458445076806669 
   147.08344362780406   84.317340355166337 
   142.94233890616371   99.772153575791407 
   158.39715212678882   103.91325829743175 
   154.25604740514851   119.36807151805685 
   138.80123418452339   115.22696679641651 
   134.66012946288308    130.6817800170416 
   150.11494268350816   134.82288473868192 
   145.97383796186784   150.27769795930706 
   130.51902474124273   146.13659323766672 
    126.3779200196024    161.5914064582918 
    141.8327332402275   165.73251117993215 
   137.69162851858715   181.18732440055726 
   122.23681529796207   177.04621967891694 
   118.09571057632175   192.50103289954197 
   133.55052379694683   196.64213762118231 
    113.9546058546814   207.95584612016705 
   177.99307006905423   92.599549798447001 
   173.85196534741391   108.05436301907207 
   189.30677856803902   112.19546774071242 
   185.16567384639868   127.65028096133751 
   169.71086062577359   123.50917623969717 
   165.56975590413327    138.9639894603223 
   181.02456912475836   143.10509418196261 
   176.88346440311804    158.5599074025877 
   161.42865118249293   154.41880268094738 
   157.28754646085258   169.87361590157249 
   172.74235968147769   174.01472062321281 
   153.14644173921226   185.32842912219758 
   200.62048706702379   131.79138568297785 
   196.47938234538344   147.24619890360293 
   211.93419556600853   151.38730362524325 
    192.3382776237431   162.70101212422804 
   65.668272803038249   79.066629967589762 
   61.527168081397924    94.52144318821486 
    46.07235486077284   90.380338466574514 
   41.931250139132501   105.83515168719961 
   53.244958638117261   125.43106962946506 
   37.790145417492177   121.28996490782471 
   49.103853916476922   140.88588285009016 
   104.86010868756912   56.439212969620243 
   100.71900396592878   71.894026190245341 
   85.264190745303679    67.75292146860501 
   81.123086023663362    83.20773468923008 
    64.55866713710202   145.02698757173047 
   75.872375636086787   164.62290551399593 
   60.417562415461688   160.48180079235559 
   71.731270914446469   180.07771873462099 
   144.05194457209996    33.81179597165071 
   139.91083985045964   49.266609192275808 
   124.45602662983454    45.12550447063547 
   120.31492190819421   60.580317691260568 
   87.186084135071553    184.2188234562613 
   98.499792634056305   203.81474139852673 
   83.044979413431221   199.67363667688642 
   94.358687912415974   219.26955461915185 
   159.50675779272504   37.952900693291035 
   174.96157101335018   42.094005414931374 
   170.82046629170983   57.548818635556472 
   129.40941907530649   212.09695084180743 
   109.81350113304109   223.41065934079217 
   125.26831435366617   227.55176406243248 
   186.27527951233492   61.689923357196811 
    182.1341747906946   77.144736577821888 
   197.58898801131969   81.285841299462234 
   193.44788328967934   96.740654520087347 
   168.60125495983735   189.46953384383789 
   149.00533701757195   200.78324234282263 
   164.46015023819703   204.92434706446301 
    144.8642322959316   216.23805556344774 
   208.90269651030442   100.88175924172766 
   204.76159178866411   116.33657246235273 
   220.21640500928922   120.47767718399308 
   216.07530028764887   135.93249040461816 
   207.79309084436821   166.84211684586836 
   188.19717290210275   178.15582534485313 
   203.65198612272786   182.29693006649347 
   184.05606818046243   193.61063856547824 
   231.53011350827393   140.07359512625848 
   227.38900878663361   155.52840834688359 
   223.24790406499326   170.98322156750868 
   73.950482246318913   48.157003526339579 
   69.809377524678581   63.611816746964678 
   54.354564304053504   59.470712025324353 
   50.213459582413179   74.925525245949416 
   33.649040695851838   136.74477812844984 
   44.962749194836576   156.34069607071524 
   29.507935974211495   152.19959134907492 
   40.821644473196251   171.79550929134032 
   113.14231813084979   25.529586528370046 
   109.00121340920946   40.984399748995145 
   93.546400188584357    36.84329502735482 
   89.405295466944025   52.298108247979904 
   56.276457693821364   175.93661401298067 
   67.590166192806123    195.5325319552461 
   52.135352972181025   191.39142723360575 
   63.449061471165798   210.98734517587116 
   128.59713135147487   29.670691250010371 
   78.903874691790904   215.12844989751147 
   190.41638423397526   46.235110136571713 
   205.87119745460038   50.376214858212037 
      201.73009273296   65.831028078837136 
   160.31904551655671   220.37916028508809 
   140.72312757429128    231.6928687840728 
   156.17794079491637   235.83397350571315 
   217.18490595358509   69.972132800477468 
   213.04380123194477   85.426946021102552 
   228.49861445256985   89.568050742742898 
   224.35750973092954     105.022863963368 
   199.51088140108752   197.75174328711856 
   179.91496345882211   209.06545178610332 
    195.3697766794472   213.20655650774364 
   175.77385873718177   224.52026500672841 
   239.81232295155459   109.16396868500831 
   235.67121822991427    124.6187819056334 
   219.10679934335295   186.43803478813382 
    214.9656946217126   201.89284800875888 
   78.091586967959245   32.702190305714481 
   58.495669025693829   44.015898804699241 
   25.366831252571171   167.65440456969998 
   36.680539751555926   187.25032251196541 
   97.687504910224689   21.388481806729708 
     47.9942482505407   206.84624045423081 
   221.32601067522543   54.517319579852362 
   232.63971917421017   74.113237522117799 
   191.22867195780688   228.66136972836875 
   171.63275401554145   239.97507822735346 
   243.95342767319494   93.709155464383215 
   210.82458990007228   217.34766122938399 
