   78.611204442276389   81.168339177341849 
   123.86603843821543   81.168339177341878 
   112.55232993923067    92.48204767632663 
   101.23862144024592   81.168339177341849 
   89.924912941261155    92.48204767632663 
   101.23862144024592    103.7957561753114 
   89.924912941261155   115.10946467429616 
   78.611204442276389    103.7957561753114 
   78.611204442276389   126.42317317328093 
   169.12087243415445   81.168339177341849 
   157.80716393516971    92.48204767632663 
   146.49345543618495   81.168339177341863 
   135.17974693720018    92.48204767632663 
   146.49345543618495   103.79575617531138 
   135.17974693720018   115.10946467429615 
   123.86603843821543   103.79575617531138 
   112.55232993923067   115.10946467429615 
   123.86603843821543    126.4231731732809 
   112.55232993923066   137.73688167226567 
   101.23862144024591   126.42317317328092 
   89.924912941261141    137.7368816722657 
   101.23862144024591   149.05059017125043 
   89.924912941261127    160.3642986702352 
   78.611204442276389   149.05059017125043 
   78.611204442276389   171.67800716921997 
   191.74828943212401   81.168339177341863 
   180.43458093313922    92.48204767632663 
   191.74828943212401    103.7957561753114 
   180.43458093313922   115.10946467429616 
   169.12087243415448    103.7957561753114 
   157.80716393516974   115.10946467429616 
   169.12087243415448   126.42317317328092 
   157.80716393516974    137.7368816722657 
   146.49345543618497   126.42317317328092 
   135.17974693720018    137.7368816722657 
   146.49345543618497   149.05059017125043 
   135.17974693720018    160.3642986702352 
   123.86603843821544   149.05059017125043 
   112.55232993923067    160.3642986702352 
   123.86603843821544      171.67800716922 
   112.55232993923067   182.99171566820476 
   101.23862144024592      171.67800716922 
   89.924912941261155   182.99171566820473 
   101.23862144024594    194.3054241671895 
   78.611204442276417    194.3054241671895 
   191.74828943212401   126.42317317328093 
   180.43458093313924    137.7368816722657 
   191.74828943212404   149.05059017125043 
   180.43458093313927    160.3642986702352 
   169.12087243415451   149.05059017125043 
   157.80716393516974    160.3642986702352 
   169.12087243415451      171.67800716922 
   157.80716393516974   182.99171566820473 
   146.49345543618497      171.67800716922 
   135.17974693720021   182.99171566820476 
   146.49345543618497    194.3054241671895 
   123.86603843821544    194.3054241671895 
   191.74828943212404   171.67800716921997 
   180.43458093313924   182.99171566820471 
   191.74828943212404   194.30542416718947 
   169.12087243415448   194.30542416718947 
   101.23862144024591   58.540922179372338 
   89.924912941261155   69.854630678357097 
   78.611204442276403   58.540922179372352 
   67.297495943291636   69.854630678357111 
   67.297495943291608    92.48204767632663 
   55.983787444306863   81.168339177341878 
   55.983787444306849    103.7957561753114 
   146.49345543618497   58.540922179372352 
   135.17974693720018   69.854630678357111 
   123.86603843821541   58.540922179372352 
   112.55232993923067   69.854630678357111 
   67.297495943291608   115.10946467429616 
   67.297495943291622    137.7368816722657 
   55.983787444306849   126.42317317328093 
   55.983787444306884   149.05059017125043 
   191.74828943212401   58.540922179372338 
   180.43458093313922   69.854630678357083 
   169.12087243415448   58.540922179372338 
   157.80716393516971   69.854630678357111 
   67.297495943291636    160.3642986702352 
   67.297495943291622   182.99171566820471 
   55.983787444306863   171.67800716921997 
   55.983787444306884   194.30542416718947 
   203.06199793110878   69.854630678357111 
   214.37570643009354   81.168339177341878 
   203.06199793110878    92.48204767632663 
   89.924912941261169   205.61913266617424 
   67.297495943291665   205.61913266617424 
   78.611204442276431     216.932841165159 
   214.37570643009354    103.7957561753114 
   203.06199793110878   115.10946467429616 
   214.37570643009354   126.42317317328092 
   203.06199793110878    137.7368816722657 
   135.17974693720021   205.61913266617427 
    112.5523299392307   205.61913266617424 
   123.86603843821545     216.932841165159 
   101.23862144024594     216.932841165159 
   214.37570643009354   149.05059017125043 
   203.06199793110878   160.36429867023517 
   214.37570643009354   171.67800716921997 
   203.06199793110878   182.99171566820471 
   180.43458093313924   205.61913266617424 
   157.80716393516974   205.61913266617424 
   169.12087243415448     216.932841165159 
   146.49345543618497     216.932841165159 
   214.37570643009352   194.30542416718947 
   203.06199793110878   205.61913266617424 
   191.74828943212401     216.932841165159 
   123.86603843821541   35.913505181402819 
   112.55232993923066   47.227213680387578 
   101.23862144024591   35.913505181402833 
   89.924912941261155   47.227213680387592 
   44.670078945322111   92.482047676326644 
   44.670078945322096   115.10946467429616 
   33.356370446337337   103.79575617531141 
   33.356370446337351    126.4231731732809 
   169.12087243415448   35.913505181402833 
   157.80716393516971   47.227213680387578 
   146.49345543618497   35.913505181402819 
   135.17974693720018   47.227213680387578 
   44.670078945322111   137.73688167226567 
   44.670078945322125    160.3642986702352 
   33.356370446337351   149.05059017125043 
    33.35637044633738   171.67800716921997 
   180.43458093313922   47.227213680387578 
   44.670078945322125   182.99171566820471 
   225.68941492907828   92.482047676326644 
   237.00312342806305    103.7957561753114 
   225.68941492907831   115.10946467429616 
    112.5523299392307    228.2465496641438 
   89.924912941261184   228.24654966414377 
   101.23862144024596   239.56025816312851 
   237.00312342806305    126.4231731732809 
   225.68941492907828   137.73688167226567 
   237.00312342806305   149.05059017125043 
   225.68941492907828    160.3642986702352 
   157.80716393516974    228.2465496641438 
   135.17974693720021   228.24654966414377 
     146.493455436185   239.56025816312851 
   123.86603843821544   239.56025816312851 
   237.00312342806302   171.67800716921997 
   225.68941492907825   182.99171566820471 
   180.43458093313922   228.24654966414377 
   169.12087243415445   239.56025816312854 
   135.17974693720018   24.599796682418049 
   112.55232993923067   24.599796682418063 
   22.042661947352592   115.10946467429616 
   22.042661947352578   137.73688167226567 
   157.80716393516971   24.599796682418063 
   22.042661947352606   160.36429867023517 
   248.31683192704782   115.10946467429615 
   248.31683192704782   137.73688167226567 
   135.17974693720021   250.87396666211328 
    112.5523299392307   250.87396666211328 
   248.31683192704782   160.36429867023517 
   157.80716393516971   250.87396666211328 
