   67.412269994499354   96.731301460313233 
   111.12508291560141   85.018488539211219 
   103.12508291560141   98.874894999762233 
   89.268676455050382   90.874894999762233 
   81.268676455050397   104.73130146031325 
   95.125082915601396   112.73130146031325 
   87.125082915601396   126.58770792086428 
   73.268676455050382   118.58770792086428 
   79.125082915601396   140.44411438141529 
   154.83789583670341   73.305675618109177 
   146.83789583670341   87.162082078660191 
   132.98148937615241   79.162082078660177 
   124.98148937615241   93.018488539211191 
   138.83789583670344   101.01848853921121 
   130.83789583670344    114.8748949997622 
   116.98148937615241    106.8748949997622 
   108.98148937615241   120.73130146031323 
   122.83789583670344    128.7313014603132 
   114.83789583670344   142.58770792086426 
   100.98148937615241   134.58770792086426 
    92.98148937615241   148.44411438141529 
   106.83789583670344   156.44411438141529 
   98.837895836703439   170.30052084196632 
    84.98148937615241   162.30052084196629 
   90.837895836703439   184.15692730251732 
   176.69430229725447   67.449269157558135 
   168.69430229725447   81.305675618109177 
   182.55070875780547   89.305675618109177 
   174.55070875780547   103.16208207866019 
   160.69430229725444   95.162082078660191 
   152.69430229725444   109.01848853921121 
   166.55070875780547   117.01848853921121 
   158.55070875780549    130.8748949997622 
   144.69430229725444   122.87489499976222 
   136.69430229725447   136.73130146031323 
   150.55070875780549   144.73130146031323 
   142.55070875780547   158.58770792086426 
   128.69430229725447   150.58770792086426 
   120.69430229725447   164.44411438141529 
   134.55070875780547   172.44411438141529 
   126.55070875780547   186.30052084196632 
   112.69430229725445   178.30052084196629 
   104.69430229725447   192.15692730251732 
   118.55070875780549   200.15692730251732 
   96.694302297254467   206.01333376306832 
   188.40711521835649   111.16208207866019 
   180.40711521835649   125.01848853921121 
   194.26352167890755   133.01848853921121 
   186.26352167890755   146.87489499976223 
   172.40711521835649   138.87489499976223 
   164.40711521835652   152.73130146031323 
   178.26352167890755   160.73130146031323 
   170.26352167890752   174.58770792086426 
   156.40711521835649   166.58770792086429 
   148.40711521835652   180.44411438141529 
   162.26352167890752   188.44411438141529 
   140.40711521835652   194.30052084196629 
   200.11992813945852    154.8748949997622 
   192.11992813945855    168.7313014603132 
   205.97633460000955   176.73130146031323 
   184.11992813945852   182.58770792086426 
   83.412269994499354   69.018488539211219 
   75.412269994499354   82.874894999762219 
   61.555863533948326   74.874894999762219 
   53.555863533948333   88.731301460313233 
   59.412269994499361   110.58770792086426 
   45.555863533948333   102.58770792086426 
   51.412269994499354   124.44411438141529 
    127.1250829156014   57.305675618109177 
    119.1250829156014   71.162082078660205 
   105.26867645505037   63.162082078660205 
   97.268676455050368   77.018488539211219 
   65.268676455050382   132.44411438141529 
   71.125082915601396   154.30052084196632 
   57.268676455050382   146.30052084196632 
   63.125082915601418   168.15692730251732 
   170.83789583670341   45.592862697007135 
   162.83789583670344   59.449269157558135 
   148.98148937615241   51.449269157558128 
   140.98148937615241   65.305675618109163 
    76.98148937615241   176.15692730251729 
   82.837895836703439   198.01333376306835 
    68.98148937615241   190.01333376306835 
   74.837895836703453   211.86974022361932 
   184.69430229725447   53.592862697007135 
   198.55070875780547   61.592862697007142 
   190.55070875780549   75.449269157558135 
   110.55070875780549   214.01333376306835 
   88.694302297254481   219.86974022361935 
   102.55070875780551   227.86974022361935 
   204.40711521835652   83.449269157558149 
   196.40711521835649   97.305675618109163 
   210.26352167890752   105.30567561810918 
   202.26352167890752   119.16208207866021 
   154.26352167890752   202.30052084196635 
   132.40711521835652   208.15692730251732 
   146.26352167890755   216.15692730251732 
   124.40711521835651   222.01333376306832 
   216.11992813945852   127.16208207866019 
   208.11992813945852   141.01848853921118 
   221.97633460000958   149.01848853921123 
   213.97633460000955   162.87489499976223 
   197.97633460000955   190.58770792086426 
   176.11992813945855   196.44411438141529 
   189.97633460000955   204.44411438141526 
   168.11992813945852   210.30052084196632 
   227.83274106056055    170.8748949997622 
   219.83274106056058   184.73130146031323 
   211.83274106056055   198.58770792086423 
   99.412269994499354    41.30567561810917 
    91.41226999449934   55.162082078660198 
   77.555863533948312   47.162082078660198 
   69.555863533948326   61.018488539211212 
   37.555863533948326   116.44411438141529 
   43.412269994499354   138.30052084196632 
   29.555863533948326   130.30052084196632 
   35.412269994499361   152.15692730251732 
   143.12508291560138   29.592862697007142 
   135.12508291560141   43.449269157558142 
   121.26867645505038   35.449269157558135 
   113.26867645505038   49.305675618109177 
    49.26867645505039   160.15692730251732 
   55.125082915601411   182.01333376306835 
    41.26867645505039   174.01333376306835 
   47.125082915601425   195.86974022361935 
   156.98148937615241   37.592862697007128 
   60.981489376152425   203.86974022361932 
   212.40711521835649   69.592862697007135 
   226.26352167890752   77.592862697007135 
   218.26352167890752   91.449269157558149 
   138.26352167890755   230.01333376306837 
   116.40711521835652   235.86974022361935 
   130.26352167890755   243.86974022361935 
   232.11992813945855    99.44926915755812 
   224.11992813945849   113.30567561810916 
   237.97633460000955   121.30567561810916 
   229.97633460000955   135.16208207866018 
   181.97633460000955   218.30052084196632 
   160.11992813945852   224.15692730251732 
   173.97633460000958   232.15692730251729 
   152.11992813945852   238.01333376306835 
   243.83274106056055   143.16208207866018 
   235.83274106056055   157.01848853921121 
   203.83274106056058   212.44411438141529 
   195.83274106056052   226.30052084196632 
   107.41226999449935   27.449269157558131 
   85.555863533948326    33.30567561810917 
   21.555863533948337   144.15692730251732 
   27.412269994499358   166.01333376306835 
   129.26867645505038   21.592862697007138 
   33.268676455050397   187.86974022361935 
   240.11992813945852   85.592862697007121 
   245.97633460000955   107.44926915755812 
   165.97633460000958   246.01333376306835 
   144.11992813945855   251.86974022361935 
   251.83274106056052   129.30567561810915 
   187.83274106056055   240.15692730251729 
