    84.01136491589763   81.258196857580614 
   127.72417783699967   92.971009778682671 
   113.86777137644867   100.97100977868266 
   105.86777137644867   87.114603318131643 
   92.011364915897659   95.114603318131643 
   100.01136491589766   108.97100977868267 
    86.15495845534663   116.97100977868267 
    78.15495845534663   103.11460331813164 
   72.298551994795602   124.97100977868267 
   171.43699075810173   104.68382269978468 
    157.5805842975507   112.68382269978468 
    149.5805842975507   98.827416239233671 
   135.72417783699964   106.82741623923368 
   143.72417783699967   120.68382269978468 
   129.86777137644867   128.68382269978468 
   121.86777137644867   114.82741623923367 
   108.01136491589764   122.82741623923368 
   116.01136491589764   136.68382269978468 
   102.15495845534662   144.68382269978468 
   94.154958455346616   130.82741623923368 
   80.298551994795602   138.82741623923371 
   88.298551994795616   152.68382269978471 
   74.442145534244574   160.68382269978468 
   66.442145534244574   146.82741623923368 
   60.585739073693581   168.68382269978468 
   193.29339721865273   110.54022916033568 
   179.43699075810173   118.54022916033568 
   187.43699075810173   132.39663562088671 
    173.5805842975507   140.39663562088671 
   165.58058429755067    126.5402291603357 
   151.72417783699967   134.54022916033571 
   159.72417783699967   148.39663562088671 
   145.86777137644867   156.39663562088674 
   137.86777137644867   142.54022916033568 
   124.01136491589764   150.54022916033568 
   132.01136491589764   164.39663562088674 
   118.15495845534663   172.39663562088674 
   110.15495845534663   158.54022916033568 
   96.298551994795602   166.54022916033571 
    104.2985519947956   180.39663562088674 
   90.442145534244574   188.39663562088674 
   82.442145534244574   174.54022916033571 
   68.585739073693574   182.54022916033571 
   76.585739073693588   196.39663562088674 
   54.729332613142546   190.54022916033571 
   181.58058429755067   154.25304208143774 
   167.72417783699967   162.25304208143774 
   175.72417783699967   176.10944854198877 
    161.8677713764487   184.10944854198874 
    153.8677713764487   170.25304208143774 
   140.01136491589764   178.25304208143774 
   148.01136491589764   192.10944854198877 
   134.15495845534664    200.1094485419888 
   126.15495845534663   186.25304208143774 
    112.2985519947956   194.25304208143774 
   120.29855199479562   208.10944854198877 
   98.442145534244574   202.25304208143777 
   169.86777137644867   197.96585500253977 
   156.01136491589764   205.96585500253977 
   164.01136491589764    219.8222614630908 
   142.15495845534664   213.96585500253977 
   111.72417783699966   65.258196857580614 
   97.867771376448658   73.258196857580614 
   89.867771376448658   59.401790397029593 
   76.011364915897644     67.4017903970296 
   70.154958455346602   89.258196857580614 
   62.154958455346616     75.4017903970296 
   56.298551994795595   97.258196857580614 
    155.4369907581017   76.971009778682671 
    141.5805842975507   84.971009778682671 
    133.5805842975507   71.114603318131628 
   119.72417783699966   79.114603318131643 
   64.298551994795602   111.11460331813164 
   58.442145534244574   132.97100977868269 
   50.442145534244574   119.11460331813166 
   44.585739073693574   140.97100977868266 
   199.14980367920373   88.683822699784685 
   185.29339721865273    96.68382269978467 
   177.29339721865276   82.827416239233671 
    163.4369907581017   90.827416239233685 
   52.585739073693581   154.82741623923368 
    46.72933261314256   176.68382269978468 
   38.729332613142553   162.82741623923368 
    32.87292615259156   184.68382269978471 
   207.14980367920376    102.5402291603357 
   215.14980367920376   116.39663562088673 
   201.29339721865273   124.39663562088671 
   62.729332613142567   204.39663562088671 
   40.872926152591546   198.54022916033568 
   48.872926152591567   212.39663562088671 
   209.29339721865273   138.25304208143774 
   195.43699075810173   146.25304208143774 
   203.43699075810173   160.10944854198877 
   189.58058429755073   168.10944854198877 
   106.44214553424459    216.1094485419888 
   84.585739073693588   210.25304208143777 
   92.585739073693603   224.10944854198877 
    70.72933261314256   218.25304208143777 
    197.5805842975507   181.96585500253977 
   183.72417783699967   189.96585500253977 
   191.72417783699967    203.8222614630908 
   177.86777137644867    211.8222614630908 
   150.15495845534662   227.82226146309083 
   128.29855199479562   221.96585500253977 
   136.29855199479562    235.8222614630908 
   114.44214553424459   229.96585500253977 
   185.86777137644867    225.6786679236418 
   172.01136491589767    233.6786679236418 
   158.15495845534662    241.6786679236418 
    139.4369907581017   49.258196857580614 
   125.58058429755069   57.258196857580614 
   117.58058429755069     43.4017903970296 
   103.72417783699967   51.401790397029608 
   48.298551994795595   83.401790397029615 
   42.442145534244567   105.25819685758064 
   34.442145534244581   91.401790397029629 
   28.585739073693571   113.25819685758063 
   183.14980367920373   60.971009778682657 
   169.29339721865273   68.971009778682657 
   161.29339721865276   55.114603318131635 
   147.43699075810173   63.114603318131643 
   36.585739073693574   127.11460331813166 
   30.729332613142564   148.97100977868266 
    22.72933261314256   135.11460331813166 
   16.872926152591567   156.97100977868269 
   191.14980367920373   74.827416239233671 
   24.872926152591553   170.82741623923368 
   223.14980367920376   130.25304208143774 
   231.14980367920376   144.10944854198877 
   217.29339721865276   152.10944854198877 
   78.729332613142574   232.10944854198877 
   56.872926152591567   226.25304208143777 
   64.872926152591575   240.10944854198877 
   225.29339721865273   165.96585500253977 
    211.4369907581017   173.96585500253977 
   219.43699075810173    187.8222614630908 
    205.5805842975507    195.8222614630908 
   122.44214553424459   243.82226146309083 
   100.58573907369357    237.9658550025398 
   108.58573907369357    251.8222614630908 
    86.72933261314256    245.9658550025398 
    213.5805842975507   209.67866792364183 
   199.72417783699967    217.6786679236418 
   144.29855199479562    249.6786679236418 
    153.2933972186527   41.258196857580607 
    131.4369907581017     35.4017903970296 
   20.585739073693581     99.4017903970296 
   14.729332613142542   121.25819685758063 
   175.14980367920373   47.114603318131635 
   8.8729261525915621   143.11460331813163 
   239.14980367920373   157.96585500253977 
   233.29339721865276    179.8222614630908 
    72.87292615259156    253.9658550025398 
    227.4369907581017   201.67866792364177 
