   100.02082730506218   54.554762901305139 
   139.21266318959303   77.182179899274686 
   123.75784996896793   81.323284620915004 
    119.6167452473276   65.868471400289906 
   104.16193202670252   70.009576121930237 
   108.30303674834285   85.464389342555336 
   92.848223527717749   89.605494064195668 
   88.707118806077418   74.150680843570569 
   77.393410307092651   93.746598785836014 
   178.40449907412389   99.809596897244191 
   162.94968585349878   103.95070161888452 
   158.80858113185843   88.495888398259424 
   143.35376791123335    92.63699311989977 
   147.49487263287369   108.09180634052485 
   132.04005941224858   112.23291106216517 
   127.89895469060826   96.778097841540088 
   112.44414146998318   100.91920256318043 
   116.58524619162351   116.37401578380552 
   101.13043297099841   120.51512050544585 
   96.989328249358081   105.06030728482075 
   81.534515028732983    109.2014120064611 
   85.675619750373315   124.65622522708618 
   70.220806529748216   128.79732994872651 
   66.079701808107885   113.34251672810143 
   54.765993309123139   132.93843467036683 
   198.00041701638929   111.12330539622896 
   182.54560379576421   115.26441011786929 
   186.68670851740453   130.71922333849437 
   171.23189529677944   134.86032806013472 
    167.0907905751391   119.40551483950962 
   151.63597735451401   123.54661956114995 
   155.77708207615433   139.00143278177504 
   140.32226885552927   143.14253750341538 
   136.18116413388893   127.68772428279028 
   120.72635091326384   131.82882900443062 
   124.86745563490419   147.28364222505573 
   109.41264241427908   151.42474694669605 
   105.27153769263874   135.96993372607096 
   89.816724472013647   140.11103844771128 
   93.957829193653978   155.56585166833636 
    78.50301597302888   159.70695638997671 
   74.361911251388548    144.2521431693516 
   58.907098030763464   148.39324789099192 
   63.048202752403803   163.84806111161703 
   43.452284810138366   152.53435261263229 
   175.37300001841976   150.31514128075983 
   159.91818679779468   154.45624600240015 
   164.05929151943502   169.91105922302523 
   148.60447829880994   174.05216394466561 
   144.46337357716959   158.59735072404047 
   129.00856035654451   162.73845544568081 
   133.14966507818485   178.19326866630593 
   117.69485185755975   182.33437338794624 
   113.55374713591941   166.87956016732116 
    98.09893391529431   171.02066488896148 
   102.24003863693466   186.47547810958656 
   82.644120694669212   175.16176961060179 
   152.74558302045025   189.50697716529064 
   137.29076979982517   193.64808188693098 
   141.43187452146549   209.10289510755607 
   121.83595657920007    197.7891866085713 
   130.93045374631237    46.27255345802449 
   115.47564052568727   50.413658179664814 
   111.33453580404694   34.958844959039716 
   95.879722583421852   39.099949680680041 
     84.5660140844371   58.695867622945478 
   80.424909362796754    43.24105440232038 
   69.111200863811987   62.836972344585817 
    170.1222896308432   68.899970455994008 
   154.66747641021811   73.041075177634355 
   150.52637168857777   57.586261957009249 
   135.07155846795268   61.727366678649588 
   73.252305585452319   78.291785565210915 
   61.938597086467546   97.887703507476331 
   57.797492364827221   82.432890286851233 
   46.483783865842476   102.02880822911666 
   209.31412551537409   91.527387453963527 
   193.85931229474897   95.668492175603845 
   189.71820757310866   80.213678954978775 
   174.26339435248354   84.354783676619107 
   50.624888587482801   117.48362144974176 
   39.311180088498041   137.07953939200718 
   35.170075366857702   121.62472617138208 
   23.856366867872961    141.2206441136475 
    213.4552302370144   106.98220067458863 
   217.59633495865472   122.43701389521372 
   202.14152173802964   126.57811861685406 
   47.593389531778705   167.98916583325737 
     27.9974715895133   156.67545733427261 
   32.138576311153642   172.13027055489769 
   206.28262645966996   142.03293183747914 
   190.82781323904484   146.17403655911949 
   194.96891796068522    161.6288497797446 
   179.51410474006011   165.76995450138492 
   86.785225416309558   190.61658283122694 
   67.189307474044128   179.30287433224211 
   71.330412195684488   194.75768755286722 
   51.734494253419044   183.44397905388249 
   183.65520946170042   181.22476772200997 
   168.20039624107534   185.36587244365032 
   172.34150096271568    200.8206856642754 
    156.8866877420906   204.96179038591572 
   125.97706130084042   213.24399982919641 
   106.38114335857497   201.93029133021167 
   110.52224808021531   217.38510455083676 
   90.926330137949876   206.07139605185199 
   161.02779246373092   220.41660360654083 
   145.57297924310583   224.55770832818115 
   130.11816602248075   228.69881304982147 
   161.84008018756253   37.990344014743826 
   146.38526696693742   42.131448736384151 
    142.2441622452971   26.676635515759052 
   126.78934902467202   30.817740237399391 
   64.970096142171656   47.382159123960719 
   53.656387643186882   66.978077066226135 
   49.515282921546557   51.523263845601043 
   38.201574422561812   71.119181787866466 
    201.0319160720934   60.617761012713359 
   185.57710285146831   64.758865734353691 
   181.43599812982796   49.304052513728585 
   165.98118490920288   53.445157235368924 
   42.342679144202137   86.573995008491565 
   31.028970645217381   106.16991295075699 
   26.887865923577042   90.715099730131897 
   15.574157424592311   110.31101767239733 
   205.17302079373371   76.072574233338443 
   19.715262146232636   125.76583089302241 
   221.73743968029504   137.89182711583882 
   225.87854440193539   153.34664033646391 
    210.4237311813103   157.48774505810425 
   55.875598975059368   198.89879227450757 
   36.279681032793967    187.5850837755228 
   40.420785754434306   203.03989699614789 
   214.56483590295062   172.94255827872934 
   199.11002268232554   177.08366300036965 
   203.25112740396585   192.53847622099477 
   187.79631418334077   196.67958094263508 
   95.067434859590207   221.52620927247708 
   75.471516917324806   210.21250077349231 
   79.612621638965138   225.66731399411742 
   60.016703696699693   214.35360549513265 
   191.93741890498109   212.13439416326017 
     176.482605684356   216.27549888490051 
   114.66335280185562   232.83991777146184 
   99.208539581230525   236.98102249310216 
   177.29489340818765   33.849239293103487 
   157.69897546592219   22.535530794118728 
   34.060469700921473   55.664368567241368 
   22.746761201936717   75.260286509506798 
   196.89081135045305   45.162947792088261 
   11.433052702951972   94.856204451772228 
    230.0196491235757   168.80145355708899 
   218.70594062459099   188.39737149935442 
   64.157808418340039   229.80841871575774 
    44.56189047607463   218.49471021677297 
   207.39223212560617   207.99328944161985 
   83.753726360605455   241.12212721474248 
