   117.08372548139945   60.060509027431799 
   149.08372548139943    92.06050902743182 
   133.08372548139943    92.06050902743182 
   133.08372548139943    76.06050902743182 
   117.08372548139945    76.06050902743182 
   117.08372548139945    92.06050902743182 
   101.08372548139944    92.06050902743182 
   101.08372548139944    76.06050902743182 
   85.083725481399441    92.06050902743182 
   181.08372548139945   124.06050902743181 
   165.08372548139945   124.06050902743181 
   165.08372548139945   108.06050902743182 
   149.08372548139943   108.06050902743182 
   149.08372548139943   124.06050902743181 
   133.08372548139943   124.06050902743181 
   133.08372548139943   108.06050902743182 
   117.08372548139945   108.06050902743182 
   117.08372548139945   124.06050902743181 
   101.08372548139944   124.06050902743181 
   101.08372548139944   108.06050902743182 
   85.083725481399441   108.06050902743182 
   85.083725481399441   124.06050902743181 
   69.083725481399426   124.06050902743181 
   69.083725481399426   108.06050902743182 
   53.083725481399448   124.06050902743181 
   197.08372548139945   140.06050902743181 
   181.08372548139945   140.06050902743181 
   181.08372548139945   156.06050902743181 
   165.08372548139945   156.06050902743181 
   165.08372548139945   140.06050902743181 
   149.08372548139943   140.06050902743181 
   149.08372548139943   156.06050902743181 
   133.08372548139945   156.06050902743181 
   133.08372548139945   140.06050902743181 
   117.08372548139945   140.06050902743181 
   117.08372548139945   156.06050902743181 
   101.08372548139944   156.06050902743181 
   101.08372548139944   140.06050902743181 
   85.083725481399441   140.06050902743181 
   85.083725481399441   156.06050902743181 
   69.083725481399426   156.06050902743181 
   69.083725481399426   140.06050902743181 
   53.083725481399448   140.06050902743181 
   53.083725481399448   156.06050902743181 
   37.083725481399441   140.06050902743181 
   165.08372548139945   172.06050902743181 
   149.08372548139943   172.06050902743181 
   149.08372548139943   188.06050902743183 
   133.08372548139945   188.06050902743183 
   133.08372548139945   172.06050902743181 
   117.08372548139945   172.06050902743181 
   117.08372548139945   188.06050902743183 
   101.08372548139944   188.06050902743183 
   101.08372548139944   172.06050902743181 
   85.083725481399441   172.06050902743181 
   85.083725481399441   188.06050902743183 
   69.083725481399426   172.06050902743181 
   133.08372548139945   204.06050902743181 
   117.08372548139945   204.06050902743181 
   117.08372548139945   220.06050902743181 
   101.08372548139944   204.06050902743181 
   149.08372548139943   60.060509027431799 
   133.08372548139943   60.060509027431799 
   133.08372548139943    44.06050902743182 
   117.08372548139945    44.06050902743182 
   101.08372548139944   60.060509027431799 
   101.08372548139944    44.06050902743182 
   85.083725481399441   60.060509027431799 
   181.08372548139945    92.06050902743182 
   165.08372548139945    92.06050902743182 
   165.08372548139945    76.06050902743182 
   149.08372548139943    76.06050902743182 
   85.083725481399441    76.06050902743182 
   69.083725481399426   92.060509027431834 
   69.083725481399426   76.060509027431834 
   53.083725481399448   92.060509027431834 
   213.08372548139943   124.06050902743181 
   197.08372548139945   124.06050902743181 
   197.08372548139945   108.06050902743182 
   181.08372548139945   108.06050902743182 
   53.083725481399448   108.06050902743182 
   37.083725481399441   124.06050902743181 
   37.083725481399441   108.06050902743182 
   21.083725481399465   124.06050902743181 
   213.08372548139943   140.06050902743181 
   213.08372548139943   156.06050902743181 
   197.08372548139945   156.06050902743181 
   37.083725481399441   156.06050902743181 
   21.083725481399465   140.06050902743181 
   21.083725481399465   156.06050902743181 
   197.08372548139945   172.06050902743181 
   181.08372548139945   172.06050902743181 
   181.08372548139945   188.06050902743183 
   165.08372548139945   188.06050902743183 
   69.083725481399426   188.06050902743183 
   53.083725481399448   172.06050902743181 
   53.083725481399448   188.06050902743183 
   37.083725481399441   172.06050902743181 
   165.08372548139945   204.06050902743181 
   149.08372548139943   204.06050902743181 
   149.08372548139943   220.06050902743181 
   133.08372548139945   220.06050902743181 
   101.08372548139944   220.06050902743181 
   85.083725481399441   204.06050902743181 
   85.083725481399441   220.06050902743181 
   69.083725481399426   204.06050902743181 
   133.08372548139945   236.06050902743178 
   117.08372548139945   236.06050902743178 
   101.08372548139944   236.06050902743178 
   181.08372548139943   60.060509027431799 
   165.08372548139943   60.060509027431799 
   165.08372548139943    44.06050902743182 
   149.08372548139943    44.06050902743182 
   85.083725481399441    44.06050902743182 
   69.083725481399426   60.060509027431799 
   69.083725481399426    44.06050902743182 
   53.083725481399448   60.060509027431799 
   213.08372548139943   92.060509027431806 
   197.08372548139945   92.060509027431806 
   197.08372548139945   76.060509027431806 
   181.08372548139945    76.06050902743182 
   53.083725481399448   76.060509027431834 
   37.083725481399441   92.060509027431834 
   37.083725481399441   76.060509027431834 
   21.083725481399465   92.060509027431834 
   213.08372548139943   108.06050902743182 
   21.083725481399465   108.06050902743182 
   213.08372548139943   172.06050902743181 
   213.08372548139943   188.06050902743183 
   197.08372548139945   188.06050902743183 
   37.083725481399441   188.06050902743183 
   21.083725481399465   172.06050902743181 
   21.083725481399465   188.06050902743183 
   197.08372548139945   204.06050902743181 
   181.08372548139945   204.06050902743181 
   181.08372548139945   220.06050902743181 
   165.08372548139945   220.06050902743181 
   69.083725481399426   220.06050902743181 
   53.083725481399448   204.06050902743181 
   53.083725481399448   220.06050902743181 
   37.083725481399441   204.06050902743181 
   165.08372548139945   236.06050902743178 
   149.08372548139943   236.06050902743178 
   85.083725481399441   236.06050902743178 
   69.083725481399426   236.06050902743178 
   197.08372548139945   60.060509027431799 
   181.08372548139943    44.06050902743182 
   53.083725481399448    44.06050902743182 
   37.083725481399441   60.060509027431799 
   213.08372548139943   76.060509027431806 
   21.083725481399465   76.060509027431834 
   213.08372548139943   204.06050902743181 
   197.08372548139945   220.06050902743181 
   37.083725481399441   220.06050902743181 
   21.083725481399465   204.06050902743181 
   181.08372548139945   236.06050902743178 
   53.083725481399448   236.06050902743178 
