   21.822297159952178   34.438609377574629 
   30.398936598227131   17.202978458558878 
   13.281337173280145    74.55268146340407 
   14.562968744100136   87.313047035868081 
   9.3788764678811738   99.536127248322217 
   24.042208507962822   53.306946371927658 
   23.343351347454171   65.571448953766833 
   8.7495757002074246   142.10909630076705 
   32.226550211663181   43.234136537758801 
   42.935855016612749   19.289028131043505 
   46.884878433393503   7.8622761350662129 
   7.8467532040461867   155.15953557939756 
   19.255268193626989   109.47525992382594 
   26.349125368914763   89.773047315798649 
   34.803961495548627   68.548754349845396 
   33.807216156599409   80.514522674831852 
   19.482488324185049   136.43702467679086 
   23.479945097887867   122.56182188492825 
   29.485552079747684   101.90260976678979 
    58.36128413413806   5.2482207214898153 
   49.730235267340461   44.025103122450794 
   54.460878484958066    24.23033187538114 
    15.23913004179094   166.12459275658648 
   9.8668698236891945   177.97674305846266 
   47.799826251681587   64.328575205727986 
   59.073598835148033   35.317762799043095 
   63.797934257773221   15.787215521258137 
    44.65888499571647   83.101089709322423 
   30.131475227909537   143.88975492357162 
   56.327086701639061   54.930452686792997 
   41.537943039103041   103.12107356660097 
   5.9799088076179636   203.52152485217934 
   36.333378782292769   124.36473060913471 
   47.955844831120537    93.50494031858571 
   52.993407199819814   75.028599348748202 
   28.257543854490677   165.88944988943678 
   6.5646897631631873   215.63763852949666 
   19.289159412920995   187.05706070686242 
   38.996411090125306   136.13015659011754 
   34.887104262268878   155.47548306917389 
   17.148449618099871   199.01525931179273 
   72.253295737296114   33.125295521804219 
   74.764306112712291   20.834230270272187 
   51.465970478588936   110.10393125408228 
   62.567629823133601   81.967894590547033 
   48.446016461111306   120.82427930750588 
   59.707317712031241    93.50720514699448 
    71.10588737674756   56.489683948829878 
   36.422781520802211   175.35391334375657 
   31.892983977428564   186.38404612967486 
   18.301561807746673   218.20343183123606 
   50.762988956125795    138.1531757435757 
   62.629044998436093   104.85579358719708 
   25.693118905351092   208.22421811954823 
   76.718488492149163   67.365414888670273 
   47.452626604267152   157.33773699331601 
   73.282221250067266   78.628926327727058 
   83.759947453748339   38.109117065749658 
   87.148151021302837   17.757369012565096 
   57.777572384736956   128.72263083633612 
   20.653571826852961   229.67199323873282 
   83.806816670153964   50.119350491647374 
   91.745171128694352   5.9053131570238593 
   55.424541912628122    148.4332446142661 
   93.413396318846068   29.177251545666287 
   49.091848608369098   176.93029233460206 
   74.181652816966718   107.73406869042155 
   41.676168373018101   194.77392406450139 
   55.325232070832861   166.81487210401883 
   81.768708327237547   86.725333182933838 
   38.218046331756248   206.63399431383357 
   89.260495832306916   68.777353217331992 
   104.00950838996845   1.7680489567540767 
   70.086541931525488   129.41873785200528 
   94.358737634393435   58.001924806088709 
    31.93232978485074   232.89837765302173 
   82.490537665530525   98.729574983374036 
   77.367628866374261   119.41725626551313 
   92.375781656738312   80.594787149591326 
   53.332022968060862   188.70186067802976 
   67.353574834975404   150.31188670102958 
   105.62856299639857   32.293309073067107 
   42.525289788226473   227.33978499405464 
   75.479964727812543   140.96837334264723 
   47.228672396797307   215.43597758818777 
   67.548495637970618   162.66604567610045 
   107.11176442314938   57.060569794188908 
   116.93998378349843   3.2122183288830759 
   109.92963880220564   44.861976358436259 
   94.735300928546195   100.27822039816095 
   89.203574863573721    120.3670244042718 
   100.87058201066787   89.378260875038208 
    117.0925723161635   25.101767170207602 
   48.557153226940848   238.26239435140377 
   66.753240458852545   190.73721091739509 
   123.31562321103233    13.96293626801045 
   98.026680876258382   111.60562137521629 
   60.403636150421107   213.27139544486448 
   88.142036074690679   141.87288021530105 
   77.872605952513169   168.68042229629631 
   121.82295309279199   44.095847394839396 
    94.11208714556021   131.25887569902042 
   117.92870921783461   66.347703179800604 
   126.17011029648977   33.151235186974752 
   76.890269535462579   181.44832395525046 
   112.77688350290587   88.898311237299851 
   70.532580790505747   203.40734588635769 
   59.440866284771573   236.38718641109935 
   64.464491779627551   224.98025044708325 
   120.09508447793034   78.713478602440375 
   109.10526987900701   116.95126906324359 
   136.55350085546897   15.410856884396587 
   95.795261391571657   152.00884739000998 
   90.584582277811478   163.78087725465579 
   130.97015474944408    51.36703441594959 
   105.97263008152892   128.73343788948711 
   143.75037631025506   6.1371039833571404 
   130.40720868253555   62.862525961621209 
   119.73472820104834   98.943716163841685 
   138.45914175142815   34.697872287956713 
   89.329845725280336   183.61642338269237 
   75.566228006886888   228.70012969473754 
   84.127937162828957   204.61608033470074 
   119.87537573642861   111.23633388283039 
   145.09076223199193   25.259390569234014 
   132.25855311809443    83.06070957777041 
   98.075580431307799   173.68714755187673 
   142.04459640803583    46.35505442074421 
   76.131863468400425   240.85307654690297 
   92.491468631087571   195.18212603197495 
    108.3729015927435   149.06068398451325 
    113.5085669730514   137.34276284717942 
    131.1496139532058   95.038997257185002 
   143.16053936102193   66.043628262081867 
     156.531945118632    7.860709449309419 
   86.493033640627587   224.89821050670179 
   92.026663933158162   214.63469321039196 
   144.11094648637305   78.370525911893765 
    132.4063163103408   114.69779298170167 
   151.08132868032911   54.948827902074875 
   157.60084339520083   27.710679197934056 
     119.192867381764   155.27294554426072 
   139.31142413478062   103.91355575591514 
   126.16293227748406    135.3400266781988 
   111.58929333429792   175.10661431149575 
    104.7359037629593   196.28393010397033 
    86.88704801928057   244.77498838070025 
   164.11652040876533   17.238386859144352 
   92.725277854868182   234.78285026873195 
   128.71134531010546   146.92623498016079 
   113.24630188043044   187.22865624366025 
   135.87205272523121   126.62405992955131 
   104.42677892418797   216.82543622282677 
   122.82118228723795   166.80017399471993 
   154.00265732772465   86.431868659404699 
   165.81115347458859    37.69798693818948 
   150.79941958446838   99.244730747309575 
   164.00329732757538    50.98333181915374 
   110.72503670749539   206.88827265034942 
    176.8913157048155   17.964863400239771 
    103.5757831616033   236.55510790568297 
   111.08639381988145   227.48204244237456 
   139.76208200301528   151.16516065516353 
   124.04592965928114   193.20657006688666 
   177.54680915805486   31.195561357041743 
   148.70705643202967   129.66157895026075 
   137.35095802725149   163.69174623657165 
   122.63457288436744   206.15820566877736 
   166.96748090728821   84.797669257214778 
   107.11514902431948   247.85248533280259 
   160.43717788444067   106.76424056450271 
   174.94968997204379    58.81638485383634 
   159.44067645771486   120.36310508886892 
    149.8228651772786   142.90925236267682 
    176.3618380207603   73.344492942037078 
   135.63323951750399   190.39456995956692 
   170.38967674067604    97.81718253882201 
    120.7805868083372   234.90138553332147 
   187.42213498094063   38.583805953047111 
   185.83613582854497   51.292072999116684 
   148.00618169106443   169.73644931325956 
   118.51567046481861   247.16783932538274 
   133.57006554774111   213.10481404481075 
   145.50800431861137   182.12106359631491 
   160.16009609508475   149.83310792155706 
   140.01815764813315   202.53197016602297 
   171.69499672324883   124.15894465513468 
   159.22225541320165   162.53748677026064 
   132.15173378279161   235.32305773343251 
   189.07758962753772   76.142274388337185 
   181.21784660918135     103.365796907586 
   203.95764953736358   22.740332921905079 
   199.92804360339545   35.006886851362815 
   138.84814982971233   225.48021224671484 
     127.125196685288   255.72921446423547 
   180.81301812773017   115.62197747907877 
   197.95502473852326   55.189793182437171 
   154.85671111032829   189.57328180555044 
   151.22223234456712   201.21055874455942 
   172.51952444859526    146.1774146380495 
   136.51662990989465   247.84839862225539 
   178.04061170912638   135.10051427700012 
   198.91187534560933   67.249322851691261 
   195.82148530079246   87.535102911586733 
   193.34904841729991   99.668032716106694 
   207.51694858434857   45.943725049864312 
   148.46415110271354   234.49732311602932 
   171.38388776929875    166.3798722884998 
   216.26697460357926   20.976520221036601 
    166.8271031893743   189.15944752512652 
    159.8810516146701   208.67634180187937 
   180.02442804955388   156.02981088274683 
   192.23480508338943   120.17376383116289 
   148.33808304899776    248.3049483915903 
   173.39810399748075   178.65081055817143 
   191.16864575826182   132.71840028090176 
   158.92732815811311   230.88399959698472 
     210.288169710419   72.417307295676224 
   163.00070907352986   219.99642435924346 
   207.84554884193315   84.301146496219317 
   169.55074731609227   201.42665064043442 
   200.63138811521816   110.67613559937296 
   227.54816554164583   27.100483474959734 
    220.8106428061698   47.847356565175275 
   192.96323160670428   153.03477426623601 
    184.8423813662651   181.92348932339488 
   167.16034519042142   239.17893355762857 
    200.1124117746005    141.6004414754413 
   177.94211733858646   209.84935504302118 
   230.49502791217461   38.982361005399419 
   174.99849012006086   221.31978432370005 
   218.27306254743206   90.184476580907756 
   223.09601118845544   70.460642183244275 
   213.16672396683109    112.7479796278553 
   168.00318628519724   251.24325189708767 
   194.31300659320416   174.40587086387282 
   189.09542767406759   193.42084286260135 
   199.39773456182718   163.23775636105879 
    228.1340567377755   58.817893962834084 
   177.25797191325594   233.28928543735449 
   220.45641462114193   102.12553953307321 
   187.96603296033774   205.23083229951425 
    228.5400958634097   82.269270913585416 
   214.55680732755295    138.1829030067606 
   218.76099836386254   125.06136205030133 
   243.20100387911987   44.469413415923633 
   180.15028156076744   253.51346720794342 
   203.49643453631447   181.94145919398403 
   185.43680122815792   242.10329498994543 
   200.87385013880018   192.99249809022197 
   211.71928099311592   165.14144450993419 
   240.88472815292445   56.937434114041402 
   197.38934453671973   212.36901377223185 
   232.92410720481567   101.33150370756017 
   239.49743886137628   90.110912074957994 
   256.34706047714843   39.092608237841269 
   231.36958790684622   123.35573947602482 
   205.77473146870724   203.70181876933549 
   224.72166239266457   147.44540519694453 
   213.80113492762828     177.086761427661 
   199.09979572864785    224.3694148679578 
   222.07525357509573   159.48940279344089 
   195.63705353996775   236.41553551539769 
   237.29028541782526   112.07397322239841 
   222.73830746992937   184.65778423736307 
   253.25368598519253   91.205505520270165 
   217.08412169696012   205.41858024428808 
   241.48420919682823   130.40811876345347 
    204.8377133719865   244.05265400965834 
   237.99475482211488   149.92377469799092 
   231.96246433468423   167.45280354137998 
    211.0784297564623   225.59311678709915 
   249.32411590735899   112.34457286450298 
   224.77742594781222    196.5139962282577 
   204.23233505567876    256.1103906514661 
   219.14612481608637   217.04398670856958 
   233.21200207980004   179.28844680527843 
   245.99339177448243    141.5459908817229 
   214.61906685903588    236.9305894472397 
   251.61677643899142   123.90077028574696 
   242.36635494043756   161.89063701142808 
   230.32748453195512   219.65069291320873 
   236.68055859798304   198.65382108505156 
   242.34263892099497   187.51725674639559 
    225.9772295384584   240.04856193557364 
    226.2709125237304   252.29163322319431 
