   2.0839040000000146   19.032725333333321 
   2.3076480000000021   30.919146666666681 
                    1   116.00347733333335 
   5.2233173333333376   76.358805333333322 
   8.0670506666666668   41.124842666666673 
   11.973184000000007   1.2653013333333245 
   6.9910826666666557   95.746453333333349 
    11.56921599999999   13.034389333333335 
   9.5580800000000021   65.434090666666663 
   12.386709333333329   85.082090666666687 
   2.9742719999999885   203.18692266666665 
   4.8863359999999982    233.1913173333333 
   13.645376000000002   114.24714666666665 
   19.970965333333332   40.915008000000007 
   11.100650666666661   133.40209066666665 
   5.7504213333333309   191.49446399999997 
   17.048298666666657   102.86308266666668 
   21.862037333333319   18.658453333333334 
   9.6796800000000083   256.78589866666664 
   10.829973333333328   145.75306666666663 
   21.627797333333334   62.920682666666686 
   12.122602666666657   244.09785599999995 
             11.55616   172.74937600000001 
   11.983167999999994   223.17369599999995 
   25.666197333333336   30.066837333333329 
   12.787946666666661   210.95293866666665 
   26.072213333333334   51.375509333333348 
   30.520981333333324   9.9914879999999968 
   15.266026666666676   184.70858666666663 
   20.787776000000001   124.52017066666667 
   24.395498666666661   83.809258666666665 
    20.34950400000001   164.63852799999998 
   29.826709333333323   72.680853333333346 
   21.811690666666649   151.92300800000001 
   27.781269333333331   95.692010666666675 
   23.052181333333344   227.63108266666666 
   23.325504000000002   239.70907733333334 
    37.89454933333333   28.393536000000008 
   37.750677333333321   49.229546666666678 
   40.999658666666647   16.277055999999995 
   25.896938666666664   208.17892266666664 
   27.060799999999986    186.0868053333333 
   29.002815999999985   173.62779733333329 
   34.278463999999985   123.01250133333333 
   44.005525333333331   38.483093333333336 
   33.977493333333342   146.42225066666663 
   32.515903999999985    197.4780373333333 
   31.816085333333316   219.67972266666663 
   42.291434666666675   70.277354666666668 
   33.477695999999987   245.59050666666661 
   39.310229333333339   98.829376000000011 
    45.31095466666666   58.479850666666671 
   41.665941333333315   111.41646933333335 
    52.37604266666667    12.73188266666666 
   41.208298666666664   134.27274666666665 
   39.030335999999991   168.99957333333333 
   40.930453333333325    156.6811093333333 
   56.808853333333325                    1 
   56.090176000000007   40.779242666666654 
   42.081600000000009           226.816576 
   52.307264000000004   78.087146666666683 
   50.320959999999985   90.806677333333326 
   43.608896000000001   238.94594133333334 
   56.113727999999995   52.970730666666682 
   45.180650666666651   198.96761599999996 
   61.696746666666662   20.634175999999993 
   48.191722666666678   177.10589866666663 
   54.242794666666668   110.29109333333332 
   52.616682666666655   157.40089599999999 
   54.653247999999984   131.92155733333328 
   65.014165333333338   32.471530666666666 
   51.985642666666656    209.3236693333333 
   52.256064000000002   188.62214399999999 
   52.575807999999988    221.9109333333333 
   53.437845333333343   246.71605333333329 
   69.683008000000001   2.0509653333333517 
   60.120640000000002    98.43658666666667 
   56.308458666666652   168.99334399999995 
   60.290111999999986   120.64441600000001 
   63.693290666666663    71.98410666666669 
   65.621141333333341    59.33625600000002 
   71.712064000000012   13.908117333333333 
   62.187157333333317   150.90045866666665 
   64.875840000000011    139.5544533333333 
   63.664618666666655   207.65642666666662 
   64.328426666666658   227.48917333333333 
   78.014015999999998   32.571797333333322 
   65.758869333333351   248.12430933333331 
   75.752426666666665   75.184277333333341 
   64.796480000000003   188.55993599999996 
   81.892672000000005    20.36785066666668 
   77.325973333333337   54.126570666666673 
   73.541269333333332   96.310080000000013 
   72.402495999999999   118.53958400000002 
   67.712234666666674   169.99797333333331 
   70.765375999999989   158.83526399999997 
   71.637653333333347   237.64324266666662 
   70.740373333333324   198.53105066666666 
   70.152170666666677   217.34167466666665 
   82.786282666666679   64.658410666666683 
   78.279231999999993   107.59020800000002 
   84.448405333333326   43.194688000000014 
   77.420437333333339   138.46116266666661 
    82.24057599999999   85.379648000000003 
   73.451754666666659   180.11526399999997 
   91.780842666666643   12.884799999999995 
   80.932159999999996   127.23249066666668 
   81.704853333333332   157.73881599999999 
   81.203775999999991   214.12477866666663 
   82.284437333333329   201.98235733333331 
   84.101951999999983   241.23807999999997 
   86.611263999999991   147.03101866666663 
   86.310463999999982   253.64358399999995 
   94.557589333333325   65.892757333333336 
   90.258069333333339   110.56928000000001 
   97.632234666666648   42.806762666666664 
   95.470741333333322   78.616554666666673 
   92.246933333333317   123.44488533333333 
   88.047594666666683   167.73518933333332 
   85.977919999999997   179.21448533333333 
   103.03639466666667   17.653653333333327 
   89.889002666666656   221.73224533333328 
   105.59349333333333   31.047061333333325 
   102.13877333333333   55.314240000000005 
   93.095829333333342   233.50355199999996 
   93.089429333333342   196.79562666666661 
           100.722752   104.85408000000001 
   110.33410133333334   6.4355626666666774 
   97.895402666666669   151.68851199999997 
    96.82574933333332   185.47428266666665 
   99.368853333333334   215.29375999999999 
   107.32738133333332   81.697514666666663 
   98.882453333333345             164.1232 
   104.60772266666666   127.32447999999998 
   108.11970133333334   94.306709333333345 
   102.06845866666666   204.07711999999998 
   113.91579733333332    59.32669866666668 
   108.09964800000002   115.44300800000001 
   105.57890133333333   233.29431466666665 
   118.41269333333334   31.541909333333326 
   116.29804799999998   71.840917333333351 
   108.98822399999999   149.15274666666664 
   108.65457066666667   221.94190933333331 
   122.22939733333332   8.9925760000000086 
   112.90894933333333           137.912128 
   109.41446399999998   170.16454399999995 
   113.18380799999998   252.29770666666664 
   109.70050133333334   182.67577599999998 
   125.01049600000003   20.935914666666669 
   119.07863466666667   99.085375999999997 
   115.47150933333333   240.03991466666668 
   118.57994666666667   111.26679466666668 
   114.07093333333333   202.78926933333332 
   124.90792533333337   52.596714666666685 
   116.44618666666665   160.12157866666664 
   127.37397333333335   40.468288000000001 
   117.67805866666667    214.5660373333333 
   132.99018666666669   2.2810240000000097 
   120.08590933333332   192.26246399999999 
   124.53109333333332   144.13318399999994 
   129.03976533333338   72.404714666666678 
   130.53403733333334   95.587477333333325 
   128.87601066666667   116.23711999999999 
   126.44324266666666   232.87302399999996 
   134.70709333333335   60.170986666666671 
   137.22118400000002   22.376426666666671 
   127.93700266666664   219.87368533333333 
   127.98299733333336   157.50295466666665 
   134.16130133333334   83.736213333333339 
   139.43814400000002   34.769557333333339 
   133.70254933333337   137.93491199999997 
   134.81922133333333   126.36405333333332 
   136.33986133333337   106.73175466666667 
   142.87349333333336   11.029226666666666 
   133.42572800000002   196.58058666666662 
   136.15093333333337   210.14491733333332 
   137.27374933333337   238.49068799999998 
   137.30924800000003   251.68330666666662 
   139.82129066666667   164.62154666666666 
   146.42984533333339   53.929194666666653 
   146.06265600000003   83.935381333333353 
   143.80192000000002    143.8163413333333 
   150.37600000000006   41.034133333333344 
   146.62525866666672           112.695616 
   144.14060800000004   189.43204266666666 
   146.75069866666669   124.53706666666668 
   146.47635200000002   229.35643733333333 
   146.88552533333333   176.36247466666663 
   155.51793066666673   9.7860906666666772 
    146.9748693333334   216.05783466666665 
   147.73851733333336   155.25143466666663 
   153.26487466666669   74.222741333333332 
   153.14651733333338   93.940202666666664 
   155.28582400000005    62.11914666666668 
   152.03112533333336   135.51391999999996 
           155.112256   105.64008533333332 
   163.44369066666667             33.99456 
   155.52518400000005   195.71479466666668 
   164.10852266666672   20.232000000000003 
   156.87234133333334   208.17107199999998 
   157.30011733333336   234.64590933333329 
   157.94592000000003   247.50658133333334 
   160.05928533333338   154.30039466666665 
   164.08573866666669   79.124714666666662 
   160.11159466666672   175.82265599999997 
   162.21250133333339   141.91076266666667 
   164.41273600000002   90.477973333333338 
   167.68023466666671   60.768917333333349 
   166.06197333333338   110.09610666666667 
   166.77280000000002   226.19893333333329 
   166.64838400000005   164.76140799999999 
   165.79658666666671   187.91379199999997 
   168.12430933333334   213.41190399999996 
   175.84603733333336   15.321152000000014 
   171.91840000000002   99.553941333333327 
   175.65949866666668            40.310592 
   169.25105066666671           252.570176 
   172.78282666666669   71.768383999999998 
    170.8200746666667   121.24490666666667 
   176.22048000000004   52.629141333333337 
   170.59308800000002   133.77678933333331 
   178.64505600000001   2.8914133333333361 
   176.78666666666672   232.28405333333333 
   177.73437866666666   244.48996266666666 
   183.37499733333337   76.768320000000003 
   179.11865600000004   206.41704533333328 
    183.2867626666667   98.285120000000006 
    178.3021866666667   192.66344533333327 
   179.03144533333335   162.71673599999994 
   187.44130133333337   19.515370666666666 
   181.45687466666669   138.77237333333329 
   189.12177066666666    39.26918400000001 
   187.83187200000003    57.76219733333334 
   182.70726400000001   119.32661333333333 
   188.41324800000004   87.692778666666683 
   183.99289600000003   150.57593600000001 
    188.2873813333334   108.98071466666667 
   192.10212266666667   68.871146666666661 
    187.5002666666667   226.77100799999997 
   189.28859733333334   247.80081066666662 
   194.67953066666672   29.106666666666662 
   189.06161066666667   129.36138666666665 
   195.54438400000001   10.607253333333331 
   189.63334399999999   214.40117333333328 
   196.44166400000003   49.696831999999993 
    188.5803306666667   171.04202666666666 
   189.59955200000002   184.28567466666664 
   194.85753600000004    236.6675413333333 
   199.76241066666671   108.60465066666666 
   196.22662400000004   150.90745599999997 
   200.46461866666672   86.678933333333347 
   203.05141333333339   74.456384000000014 
   206.94440533333335   13.865365333333346 
   207.01070933333338   26.548544000000007 
   200.83974400000002   129.43340799999999 
   198.50749866666669   162.91189333333332 
   202.31438933333337   212.20247466666666 
   208.22397866666668   54.757183999999988 
   202.49009066666667   187.86310399999996 
   205.49356800000001   97.606037333333333 
   206.23272533333338   234.82109866666664 
   207.27874133333339   256.38747733333332 
   206.51918933333337   118.63413333333334 
   207.74833066666667    200.3777493333333 
            204.29216   141.18329599999998 
   214.03330133333338   3.9212160000000038 
   209.65587199999999   222.94705066666666 
    212.6614826666667   67.098175999999995 
    216.1791786666667   34.517567999999997 
   214.18766933333333           244.305984 
   217.24533333333338   46.992106666666679 
   211.45333333333338   177.95812266666664 
   210.06009600000002   165.24891733333328 
   216.60849066666665   101.16870400000001 
   217.45269333333334   113.30532266666665 
   224.82592000000002   71.722730666666664 
   216.34225066666667   142.01239466666667 
   225.99874133333338   7.3030613333333347 
   220.40872533333334   201.86826666666664 
   221.86809600000001   224.61147733333328 
   217.98969600000004   154.71246933333333 
   227.90483200000003   30.648725333333338 
   228.96364800000001   50.927936000000017 
   225.84889600000002   237.83353599999998 
   227.05593600000003   96.023786666666666 
   229.84667733333339   83.628949333333338 
   223.53030400000003   179.72904533333332 
   226.76844800000001   213.26530133333333 
   231.63961600000005   19.234538666666687 
   227.41945600000003   191.47799466666663 
   228.30598400000002   117.75528533333333 
           233.543744   62.598976000000008 
   225.83447466666667           131.441216 
   235.56477866666668   40.583914666666686 
   235.80925866666666           105.281856 
   231.23769600000006   169.62660266666663 
   237.55543466666668   147.51400533333333 
