   31.900570714103665    52.60693690911382 
   9.9799720918992527   85.300074121762862 
   27.650808916243189   64.979025596406757 
   50.494548785660619   23.804144841022268 
   62.445996492893563   6.6092941880922504 
   2.9505607175325621   105.17073176946855 
   43.735808370378251   49.906018635460505 
     51.1882218447657   37.538219858810571 
   62.336190284073048   19.137318787422554 
   31.953330993387361   77.483745424772934 
   23.696563879634414   87.541600238723547 
   81.858695886238905   4.9035925267565741 
   52.093031318621314   59.860963878922938 
   73.662544343088157   23.433652759361092 
     13.3305718172304   111.20994516166299 
   63.137058282620124   42.606409390449727 
   82.350599859414643   15.806256519437875 
   44.589012564730744   80.626028288277766 
   10.759545872596679   123.06456472534639 
   30.447637593661632   98.751181560385703 
   62.664233647375369   54.660181681763817 
   53.688009127696979   72.282765276659035 
   25.284861172179582   109.74785796384458 
    81.44498589223339   32.748137922639806 
    99.45050751001817   8.4441343305235179 
    75.75330406619257   42.321577359192318 
    93.70106483129581     18.8499491652755 
    50.02644311075457   91.881316986604205 
   42.796186240743815   101.36320923723676 
   21.432417528023414   128.58065675548551 
   73.506279209664413   59.659682576569232 
   93.586005851253006    30.56804249791006 
   11.915669048839254     148.354431310953 
   31.154923988822823   120.85455225513097 
   65.343384896260517   77.333760930866461 
   110.66419666483951   7.9920789740887814 
   82.722651131707451   52.365983479472789 
   20.736002636980871   140.26718139658541 
   75.348315992263935   70.795965279696105 
   8.1444901500682292    168.3715314347227 
   61.855825300493969   96.682978011825199 
   104.00001569040182   36.338277679315418 
   50.074556516173473   111.99928345722684 
   16.394935330767474   159.63363986335651 
    70.49487477694116   88.525550722850639 
    116.7660094161206   18.009071937264981 
   43.664655069278204   122.56020376809205 
   128.64779948855309   2.6116718469444096 
   94.432036958871478   56.224166968064416 
   30.795396503834386   146.30278679251504 
     5.95303627945359   190.18503288107073 
   114.35631661618122     29.7911022973929 
   12.760373715877359   180.00393591025247 
   104.05360078652416   48.447961570303093 
   128.59835755673413   14.832731784879236 
   28.028629948487513    158.5147003723915 
   62.904813144483931   109.15087776951243 
   86.384648623626205   75.698055099613001 
   42.466079792049882   143.67525837828083 
    96.65241770093121   68.776178710669441 
   50.090130590458074   133.39438836928505 
   83.375436032347721   87.681705531816704 
   13.310389687615604    199.5797496355608 
   125.78303076126613   34.456156834539875 
   115.24042862103951   52.428735385396749 
   134.53037432546094   25.515532016760442 
   25.500101805884334   184.15606358374797 
   37.554093953700097   165.60565941636142 
   45.465433144255925   155.78684998240789 
   75.341926333680476   114.59054182633899 
   126.03051255251648   46.249457798146111 
   63.376403423886572   134.71349411189814 
   36.582736597986198   178.19830770876362 
   24.875833187943634   197.07562188092533 
    108.6489358241267   72.927050474040755 
   91.791125604895697    96.16322361143601 
   117.16266885136186   64.219872308792219 
   156.96800689384744   7.6846897400862266 
   87.537685374228857   108.24182219790842 
   146.15519853933446   28.133513849274642 
   75.713216532373224   127.80711767118417 
   56.463632201212462   156.79245042400305 
   64.268414082050271   147.07440633106566 
   155.86006652016775   20.189810759056307 
   135.34805235904372   54.280306785028806 
   30.197603005532059   208.38907550400901 
   113.41800246676272   84.698443410979905 
   105.33804740979072   94.720728092528432 
   129.27270498935363   64.850221102961967 
   46.805939610480479   185.82069400836565 
   169.92334203975864   7.5479403716186573 
   150.27601831782303   39.637452624097705 
   60.344463121771199   168.39342742734439 
   98.992247860566536   113.55564465976575 
   74.029092225834489   153.54087453637098 
   88.532478874301219   132.49340264607716 
   147.23030982481174   51.547611812370661 
   47.521208888363709   198.19179527797885 
   58.106163299422285   180.39895910889175 
   41.738675059463276   209.38776833278686 
    166.4839288470844   27.537050769553101 
   110.00986457208235   106.22826340376712 
   71.430040026916203   165.42611699642106 
   99.052716962645817   125.54554376934298 
   126.33011080826307    85.10606906400065 
   134.32360379363251   75.116634416728715 
   162.31256688878565   38.820173618086557 
   181.41878365353466   13.921454107783696 
   85.567585080109893   152.69656800332888 
   93.569055238824802    144.2149804865218 
   179.14637056259966   26.074306370401064 
   58.469120127885802   202.58740877437219 
   49.127621385787798   220.09497521452667 
   158.43837741421578   58.134370626190091 
   135.17354359862122   93.907066157779781 
   68.997586129447143   186.61529340057308 
   167.89936537609006    49.50477078642637 
   147.06512831932821   76.457330572338833 
   122.69572384285696   111.09696927578348 
   110.59476520703802   129.77889778664459 
   80.803685075316849   171.99803952047475 
   89.029137697994429   163.85742032941309 
   69.159591420165413   198.22247867262072 
    59.24488096825835   214.21885558432464 
   146.52797491451614   88.308326227598627 
   121.15885587437255   123.23482801505696 
   158.69927670138875    70.55125847181472 
   104.97964054307134   149.54046166213467 
   135.69476041150162   105.98059082277844 
   186.61460049828983   36.421128679178828 
   80.715609867512356   183.62963025527927 
   180.20429770371283   47.968344144620261 
   113.63521758345026   141.57200779270502 
   99.051226972785159   168.37760717415114 
   70.424299939524616   216.95874459365871 
   77.431390773745505   206.98342992220466 
   108.65420191818411   161.55758799824252 
   156.10505219025328   95.262955131341911 
   130.04329731284068   131.80419871342653 
   170.31077048988055   76.807219945043173 
   150.53396635310315   106.73866285461327 
   125.32790139484632    143.9492320211956 
   199.56062035585364   38.198156530082706 
   99.546015430418748   180.20609109319781 
   92.013976591516311   189.11261571342555 
   187.56746500266294   57.726068278209034 
   74.142193537150646   227.88961731876873 
   183.08527340797957   70.603649182792097 
   167.95980879168408   89.892282386301218 
   71.033733562684048    239.6872812611725 
   89.382153666766499   207.89408540228348 
   211.59917267042383   29.566676271671199 
   141.96357834471669   132.08703165905106 
   199.49650969869666   51.659770112251941 
   116.09780599667705   171.23316487619917 
   98.278573703434333   199.95767389330098 
   85.571227705233483   227.05365079154188 
   159.26163779662991   115.33517248265697 
   110.73527294883273   182.49544590566609 
   134.09286163500738   153.48945422558219 
   153.64320971122305   126.65121538525358 
   93.517474504092121    218.6895582731039 
   176.15278142332971   99.255685523269591 
    143.0576936817925   144.94576030589539 
   81.949009698620912   245.74761241508574 
   193.93960226417306   77.441800121804008 
   171.95876168551214   111.28444213044968 
   126.97235373765234   174.58353834616327 
   90.288820141594982   237.45397566902781 
   223.15752642574995   35.560204315591832 
    208.5196315535654   59.821856616734131 
   135.98811081091353   166.80923969324306 
   116.83558973909476   192.99340861600007 
   110.82768933619218    203.9714720273075 
   204.95646431599647    71.55564064140178 
   160.74459104293649   136.26912878147147 
   154.22200523304068    146.5692028009388 
   104.55584780703794   223.57548421282314 
      189.03723551298   98.923412412206801 
    127.9467228674616   187.81180684134026 
   197.23710906126513   89.652910810936831 
   101.79132598033905   235.57802714196544 
   226.72294842694154   48.310280259104125 
   221.19452448100466   59.389876752580541 
    115.0283724928583   217.46649137346296 
   142.94265476135445   178.00790422760863 
   182.71151391735273   118.14356361036897 
   172.41421009618315   138.96756100960775 
   160.65349554936446   156.02166280467878 
   100.22870465985059   255.81493466204176 
   193.73642793693156   110.38250837937996 
   214.81097432168227   78.908504627858093 
   108.02200810034095   245.30405714431114 
   139.24720598344626   191.31241726771401 
   181.48114486641589   130.51769731865178 
   210.53435266752285   90.749750617611397 
   153.98450464704567   177.22577121604289 
   160.73700030007376   167.76344966711022 
   239.17431144959872   48.298574880377586 
    171.8700625034179   151.52170028709355 
   225.37961779439678   71.907695832701975 
    124.4219330067362   227.87600463278702 
   119.99986472259839   240.98566224211936 
   145.94017274756484   203.39644544555733 
   207.00952497119641   110.83833394224148 
   191.68843634719772   136.64085919960607 
   159.79010153994776   187.36892376260585 
   216.87452582645892   101.64396057754973 
    177.7955472154346    161.8292543730746 
   137.27556328523801   227.04262392871624 
   171.98345610875197    172.1469714680681 
   247.72379836718136   56.680274493812277 
   146.18751542719289    217.0965046908947 
   236.95158974162388    77.15332714300969 
   126.41720960086865    251.5183668632634 
   157.48174816841782   199.24030375058524 
   202.78206067614155    131.8305755551265 
   192.82082955208404   148.84721930126389 
    210.5840514719028   122.35902976335001 
   171.06801307823946   184.29341864168399 
   246.74218001227098   68.779548691492678 
   188.67326784128539   159.96248424522776 
   231.71126457925573   102.08135657241287 
   143.99351931255265   238.17593476639374 
   239.16830598050456   90.495045991305318 
   138.93205311944712   249.63696604031131 
   168.62736625055223   204.57706295057011 
   209.70221712437134   141.48624099046705 
   157.91153679540724   223.24204267879097 
   176.68692200638733   194.92393489502953 
   204.30877578867447   151.48195007820289 
   221.99304064083961   127.38690219308174 
   195.92799054954421   169.29637058636655 
   169.10318641726104   216.93111557989786 
   156.78931628771855   236.55576961540356 
   251.78871585913032   92.110884202514654 
   206.27088748494481   163.09480093013752 
    239.1324486350089   113.65910473552829 
   220.91228160465351   139.46401575449519 
   194.47422717799145   181.33056527474511 
   233.45899805405776   124.60777206263352 
   188.01170962500447   192.07000068799098 
   227.58540248320722    149.0901726811249 
   216.75058902037944   167.68015075594059 
   165.24465691061857   246.92189006123962 
   180.84956810854848   221.35190835215775 
   194.92223285963246   201.82819667206337 
   251.31182217966483   119.48835495182396 
   240.94823049935718   134.85882495768163 
    205.7279817869202   185.61286918283477 
   226.48642621784111   161.07015674238465 
   191.21671042550506     213.318392463225 
   215.73345448701812   179.44311677918859 
   239.09190139055124   146.61458262303583 
   206.21362075803984   197.48041114405345 
   252.43721175932387   132.17890968821263 
   184.95650005170646   233.33626423004728 
   179.21734761845218   245.31521050349286 
   225.85915339885639   184.85495046840646 
   201.64566965649411   219.72236120508762 
   237.43014203226369   166.21782626154302 
   245.78164659463781   156.92618537320109 
   216.37777276720013    203.4318501150012 
   197.61874639400909   231.25894622722592 
   188.59216690558443   254.85862451973651 
    236.3217879092752   178.19545058200418 
   226.69595403860512   196.91912657788882 
   213.49270872763196   215.33375961462309 
   201.30705342186903   250.76228039439255 
   206.45507716436813   239.05916704714647 
