   72.247306534579906   4.7333574816639308 
   31.880477328431578   46.001300942339384 
    42.27997784091972   35.983751228776995 
   57.810592111424711   21.095152203227691 
    13.36183721862135   69.589809934825354 
   2.7832482430666459   77.167943076670625 
   80.351843905465984   12.399224661682684 
   37.376405388234389   57.780048115466435 
   67.639036958662771   28.176568287133552 
   52.509923575369747    43.97183282684685 
   78.005169573551242   23.057703504184929 
    91.60599704291208   9.5755040396720847 
   24.753685730972425   75.895377144704838 
    6.403031564955139   89.742873629232903 
    48.93346421455999   55.492506766639693 
   35.702036870163312   70.191397528078042 
   72.745532086985861   39.187914155246787 
   96.427869435290091   20.372221315087231 
   64.770001162877577   46.962030898183869 
   88.181111206099402   28.935401343577482 
    116.5613227016327   2.5765724331961186 
   27.092757250775868   88.174461762490992 
   17.654771111254785   95.461938190525018 
   58.112109985395016   63.127781678877213 
   85.037107038954886    40.22443087308978 
   1.3654444638632111   111.27614942073794 
   115.98411237895918   14.801532269523113 
   45.652971468083692   78.086917905681517 
   107.37646193359556   22.837885690521958 
   68.902189885157426    58.46798193198336 
   130.74581684998387   3.4101664754013199 
   57.009098831467313   74.361358951799829 
   37.276301695435407   95.874179558338696 
     93.6028213381489   48.493394140827768 
   21.932318360329614   107.61937781453007 
   47.732280240750441   90.230660399930457 
      110.67777190371   34.092823245090663 
   13.007461698543844   116.16143892048885 
   126.13984018565584   22.295310400799977 
   79.214016699250749   65.225313064699662 
   135.94276130652017   15.512636561045959 
   105.30077354764852   44.849716266589397 
   90.520363745238839   60.204319402739564 
   122.92903988353329   34.087151305896505 
   35.062616235690029   108.18874396597765 
   66.400623341419234   81.952827184729273 
    6.384748612020803   136.24680138323851 
   78.110040108864482   77.924302202189438 
   16.409901137694504   128.28949307228589 
   60.392350221003717   92.749303101029781 
   147.45788398667619   21.073912601138893 
   155.99753150148857   11.918557984867144 
   115.13072688935308    52.31326416875698 
   100.29570958725496   66.944815737209353 
    125.8940159273899   45.941262862571421 
   6.1471909034314498    148.7219902816737 
   45.668056412749017   116.66201772426261 
   112.31744504905086   63.768771147595679 
   28.902045513933551   133.00239182440163 
   88.623462123465075   85.038663805244369 
   66.326103714772586   103.11996119931786 
   166.68050829412726   17.201727985110391 
   99.100680270868878   78.831691793697331 
   152.18206627740162   34.525278438755841 
   175.91756297070637   9.8969943803792066 
   59.091424593067117   113.68612018046834 
   136.44515030365378   51.478765029871859 
   42.605993665026475   129.52434664258843 
   16.510366869165502   152.53986909690713 
   26.564422148817979   145.17298552015484 
   147.87531457545475   46.317541722302998 
   119.23896071950443   73.937532346483167 
   90.183366081415741   97.643281528907949 
   79.784770665607539   105.23281888892022 
   170.96662379177195   28.072361489385564 
   110.63493066086052   82.574869962948114 
   164.73135242403285    37.74627616347216 
    137.4481181045611   63.657263236629682 
   17.256407892533254   164.74998534768341 
   185.78685784809807   17.380937127734295 
   68.780363872040368   121.78353745747238 
   34.318868123911457   153.94536356126363 
   53.775550432789501   137.36881956744446 
   131.42361358368572   74.373306227974751 
   11.987116041382054   175.76712383454816 
   156.23557192830719   56.164088503139432 
   81.319030217627187   117.55739969981694 
   183.06336159844378   29.269080319574172 
   28.732249376780782   164.75294199683779 
   65.735558301014905   133.38054121727171 
   102.55000371803933   101.37891722582607 
   112.85658097138915   93.798732531506303 
   149.28605860055484   65.983120344906325 
   174.18550962423512   46.877856906951379 
   45.682718978963706   156.11620777815952 
   55.606742035601187    149.9945562136395 
   168.84513751382102   58.028466984214781 
   140.54499690457121   83.636488028714169 
   186.59251457278313     41.2298726049222 
   108.81423817953588   112.16887644603116 
    20.89851693252643   184.59054932840434 
   151.91711430930005   77.749618542965138 
   124.81695087828656   98.391494784307469 
   92.312515511256677   125.54355042496965 
   75.788648144208793   140.45694909954872 
   36.085556503334267   173.52700955174913 
   46.137680910069548   167.79267902645569 
   18.050841418387261   195.84415940784254 
   121.23083715289103   109.69965202365542 
   87.686506040413136    136.8700509570306 
   137.58327920876229   95.697806385311864 
   65.250185121463844    158.0918528110862 
   106.19283683537647   123.96590657209254 
   173.38093901556599   69.955650012848494 
   32.990005178454723   184.73946790214032 
   207.97433751984838   33.655118490681936 
   164.20042271159247    79.45029520453248 
   199.76601572966499   44.256636582127932 
   75.673218147629811   152.63514560741322 
   54.648365331124509   174.75275181547383 
   65.689277690781765    170.6505519631886 
   128.68159302198245   118.89603768941681 
   94.050301136700753   147.44689007900416 
   147.17995896616247   104.74587687512391 
   120.33020561659318   128.53881703771418 
   86.352212514876854    157.9576571433436 
   185.42590529214647   75.022803605484441 
    52.06485736796435    186.3062505948584 
   42.484288331466722   192.95985764805602 
   168.78721132630622   90.781260880214361 
   205.32934332223243    56.51345582158806 
   161.12478351367113   102.05997230757561 
   141.52244097910483   116.77660296394035 
   35.081140547739096   210.42019837992652 
   199.28824536222518    69.80124051925435 
   105.49120588910343   150.80528147973212 
   181.87985717978199   88.009130768959125 
    70.37502354249996   181.92298805356904 
   226.24708699763613   45.227751013879988 
   45.728516870967603   205.05677647406381 
   218.51943791824613   55.440433537655011 
   126.53554845411635   139.10129529236636 
   62.280321555535657   191.41359048008277 
   92.349322776240072   169.44134279881709 
   118.17975624488483   148.57759719133733 
   147.01281777927079   127.94145322896779 
   103.21995628051523   163.50903745973613 
   169.83941638660113   111.47442593341879 
   139.84843449970569   138.47484771030526 
   80.011889592488515   187.97374037816206 
    208.9015185587572   78.582066129375733 
   188.48302017801879   98.228456702364767 
    90.73257874679048   182.79779416459991 
   65.455702407584056   203.13272195189245 
   56.811184357458451   212.18175787816315 
   182.00433814316017   108.64020618992114 
   227.06584348826857   64.875402688243042 
   122.54986471442602   159.70576087093875 
   113.58367530425724   167.96669894811478 
   159.54424335141829   130.95524415376138 
   77.529330079028625   201.00345184249417 
   169.86409535607356   124.12291067616913 
   221.86473558700465   75.797687043052278 
   209.04548927064297   91.820492888097121 
    200.8378312180248    101.0916998793985 
   57.375964685727737   226.30416239427183 
   239.96974651409195   61.649034723225874 
   94.551724697375775   195.41484188266767 
   148.45952431245303   147.88326735828235 
   133.12344548835185   165.33256591065782 
   117.34954123028469   178.76166636994876 
    161.1174824004531   143.24012139029898 
   189.62000262733278   118.29306228125493 
   87.538733922471764   207.30956211038168 
   144.06841759993767   159.51731974217964 
   182.42436334242115   128.62395646540523 
   105.41976359116856   197.51720045078304 
   229.13290328586709    85.96144004031089 
   114.39120256208079   190.12497416699307 
   221.07561196167279    95.03183624822762 
   129.34858893530392   177.31809750525699 
    201.6404709537768   114.26616647273895 
   63.755267105131331   238.79021245286606 
   250.53060766267603   69.944475085840438 
   90.876066740446944   220.71410427975746 
   173.82033328377727   147.11574537371118 
   152.34311314664853   168.07368137568119 
   108.40229851061558   208.81733249956906 
   185.72887132080464   140.78791278550571 
   132.40437634604575   188.80805849771124 
   76.386615350741849   241.31199282245581 
   124.11990575519181   197.26992803782926 
   227.16443868660104   105.34070641316653 
   241.20315192970665   90.670839085264291 
   87.569145170917039   234.01136232267356 
   211.46046823200226   122.32810395989023 
   103.10006114031539   219.68675920827098 
   164.30372441266053   166.29854542724581 
   150.27768252307388   180.15720477082621 
   174.29128525622829   159.16903853974694 
   251.38760147104603   83.106946131183037 
   120.09192383065995   208.76556096947766 
   223.08474557175651   116.77364631478596 
    143.3946032916275   189.82025828475375 
   240.01355319340004   103.61945388707565 
   199.94685404631275   145.05043542969386 
   79.994149697562136   253.80468025670277 
   210.14856076434936   135.78894314275695 
   112.48464657572127   227.72637097731757 
   168.48901214016232   177.41627032513881 
   97.303097924771592   242.98189619690595 
   122.76799301428649   220.48813180867108 
   160.69226798022729    185.6754585487337 
    184.0102134051962   166.97845405320084 
    147.9863397681915   200.71376056514157 
   234.27910198854929   122.31983741021357 
    245.5820700069323    115.8891858391693 
    109.7467894587456   239.78262079250771 
   92.773270061114061   255.55151684894602 
    221.9207309016023    140.6161254356571 
   159.58189537330293   197.40044297907352 
   204.11862566339443   158.15442516155792 
   179.84049334058903   178.36432892746444 
   143.46743340447165   211.96163836560692 
   195.80476960033246   167.26162863445808 
   134.44555037859857   220.66251376900209 
   232.68908848104664   133.80617801594821 
   183.79480039537552   189.38961328444842 
   256.94803275423777   123.71525513153368 
   168.51773387480509   204.54189714274739 
    119.9487375358968    247.0929659966543 
   227.15406024467131   151.78097570068456 
   138.59499627757558   231.87678231275311 
   214.37427614355408   166.93730232415382 
   200.38564491673739   179.10174136248358 
     153.229383815625   219.01071232815033 
   242.97539156876627   140.05743942503258 
   179.63262280310104   200.67695330015823 
   132.04185495584892   242.01639939854724 
   164.49077772651046   215.64079602969807 
     195.549954715046   189.97647797170774 
   254.48170464123771   136.50342646188486 
   225.49019084808734   163.68124718803537 
   150.62692916196517   230.59957021783038 
   239.18279512079192   151.21173022879429 
   212.17676174448999   179.48670915034236 
   172.87076618698515    223.4889496810525 
   140.45798694374173   250.90137146663795 
   188.87112563436801   208.48166231087652 
   199.34291320169231   201.66815484422659 
   244.93999442219794   161.57659570833087 
   236.01851678801722   170.59184135855125 
   158.90440033849441   238.97889494073982 
   216.92990712897279   191.39627296360698 
   184.70050047308092   219.76429582385072 
    170.5566149957688   235.35862890062205 
   153.03720162058889   249.72854718879915 
   256.98417628165589   159.55762671432541 
   211.34129716914632   203.26046126331838 
   236.86665271687977   182.70987910709044 
    228.7997070280997   192.28459518505798 
   190.04075190393769   230.14291877292206 
   182.05580797435826   239.32174556309303 
   216.67279933209721   215.13207135580507 
   247.89362658766626   188.26548320798926 
   234.30275518178448   203.35374656112864 
   201.06621728025766   233.89237227915359 
   186.58364462531992   250.14277976930867 
