   90.591968143541337   11.023092072556256 
     109.837479497777   2.0451035557361896 
   65.685226176543566   21.528661534708149 
   54.096137256810259   26.850970712296597 
   15.644056167523786   51.457521942227309 
   36.539864761308699   41.100278758563839 
   102.60100817779481   12.052479562012028 
   7.2661557047705321   61.555511346650569 
   49.399928525843599   39.254754587313769 
   85.734945945228262   22.871688184921521 
   121.08745136948383    6.073005087919773 
   28.527543421607849   51.620867111633594 
   74.714533873102312    29.05728922232062 
    5.741389588395335   74.701717630095899 
   140.58274838390676    5.782224425546171 
   109.61257395453504   22.285913061270563 
   121.04729927800888   18.259544958788378 
   33.796956251523277   62.913688525769132 
   93.141387131651712   32.444041956410956 
   54.961817157644582   50.894244283632801 
   75.339699563378147   42.256758627693912 
   46.760112397288943   61.059674930017302 
   27.332172136129582   74.953473977942977 
   161.55788383519302   6.6822001894798326 
   15.719654463416539   81.722563365012505 
   105.19394875097484   33.538229709099916 
      141.02251804028   17.809873414011722 
   87.511604310706474   43.354220074955414 
   130.82326855586683   24.752169774604106 
   67.813525213149831   52.812978266476783 
   182.18450604822362   3.8257738509775359 
   14.139285551094812   95.042969447502216 
   4.0911201129759318   102.81015105248945 
   151.12390639952702    24.85767554587898 
   162.33341690008345   19.250806860819587 
   52.815057862915531   71.451916113541358 
   107.48463611837236   46.007064613688591 
   35.502510517580369   83.818344502979201 
   133.83469377817394   36.583321929501075 
   96.232660130732071   51.869750517550635 
   72.871579402586022   65.332377110016893 
   47.056026233503005   81.778634062336039 
   146.10603742877237   36.216152609475316 
   183.45233158809737   16.236368101172335 
   64.579158292449563   74.294154429503806 
   24.750348364286491   101.91808269558832 
   173.80954578753875   24.151925701434447 
   5.5067200391036293   115.47610071440002 
   118.09470342176122   52.343877588216735 
   34.945748722949205   95.969738120298103 
   129.90408758439563   48.460752297332178 
   94.431494422722423   64.152365331760492 
   84.124957602422583   71.550199908921783 
   53.842672939520057   91.732405636844177 
   194.68042970269411   22.383524508022251 
   65.291061746534396    87.06495671539588 
    26.61537456035791   113.97784282463095 
   206.02335184129063   16.596356625035877 
   149.63733268895456   47.624226083304649 
   16.305404890180476   120.08461153138947 
   105.16961266139315   69.401614365486878 
   116.54801071639476   64.412233905492513 
   45.986780514318447   101.46017148426621 
   140.09009025753031   56.128130453233766 
   178.66902050219323   35.901578538645587 
    85.01647884995451   84.994776005674282 
   161.01429292395335   50.865144579346676 
   191.50653981718511   34.884777968691651 
   173.28817432237767   46.906594767492109 
   75.160713600899783   93.997348513506452 
   36.848523949616734   121.68267882160299 
   105.74091707971722   81.411259977946045 
   18.259367499858779   131.75023271410885 
   48.213619369700183   113.99812952205588 
   124.12645559990359   74.092213486090216 
   96.740563436748474   89.324014182236567 
   142.44369537222232   68.737174092834309 
   9.5127341893769124   140.48439542517988 
   160.61693620159153   62.821083880820282 
    30.72387981154402   133.83220132951547 
   117.42594326645543   83.654884354482846 
   71.053154641987774   107.99499703491944 
   198.98543021957897   44.688430796543734 
   135.55091947045949   78.723912025794718 
   153.80295087792027   72.601080431526341 
   179.17210676949441   58.042675380868062 
   220.06848515632481   36.687874725753396 
   60.630234171898955   116.29904655080921 
   171.39084828504957   66.391529672316523 
   211.35717293674236   44.649935360840949 
   101.14661635314472   101.04947369427194 
   17.792938682975123    150.8596663051521 
   30.112713583491587   146.78928903732509 
   93.029925701145658    110.9786650956902 
      80.721195993121   115.95598119809239 
   123.77870479985077   93.635555432026024 
   197.57753326088294    56.97128119892723 
   114.61222521907592     101.813701738248 
   50.172578040664213   145.61463347009314 
   136.68846045742848   92.300206810917061 
   189.09444928363112   64.708459145453617 
    161.1928310374374   82.941080329655193 
   172.06514609780001   77.653527743432889 
   14.842214161348512   162.96742151455541 
    40.30613202003795   154.20429567223269 
   215.80404736402707   55.867795803776787 
   80.676831442089096   129.96767287498344 
   99.624514095019123   121.05221924888308 
   207.22183845990244    63.40128434066299 
   120.61082753609843    112.0228497257314 
   111.44494622310623   119.77912026214943 
    61.77265364765087   149.19318845970108 
   74.410532424300797   142.20856726742187 
    93.26540682902214   131.84690370672922 
   191.60751937871959   77.166167166462031 
   182.02860670178171   83.920155728740014 
   148.50613702032385   105.23647904526779 
   165.84822389971487   94.584531962979909 
   37.779865525005107   167.18496174937687 
   25.600368044387825   171.76693596895723 
   225.40506139952123   62.783934317434593 
    235.2569941910748   57.042512598492614 
   132.78440892317076    118.2281965315488 
    161.2699121469926   105.68621539437521 
   178.42070418133687   95.216642587907074 
   117.28925575635479   129.28138797556173 
   210.74800271093633   74.772344779286712 
   64.032748404188425   161.99303540794415 
   145.45956877584049   117.61240405709665 
   100.92615019041696   141.23081509907763 
   202.44206004542096   83.464327677860027 
   82.224433559328332   152.57216637194293 
   112.26392509700685   138.96932394873747 
   222.86691284422378   74.492384862501908 
   128.89076559985119   129.46667246900799 
   47.151545328166939   176.22409932072026 
   25.842178722725688   184.85025501631782 
   75.788069268014212   162.77462707003153 
   59.203139006452346    173.5481198836865 
   172.13967367975005   113.45535996860221 
   182.60632173120121   106.53981684532413 
   103.00869969380489   153.18861664822288 
   130.75394061925451   141.14349293267429 
   93.292838923919078   158.63361748884873 
   120.57186978450254   147.28047158728532 
   154.80721595218969   129.16513723109455 
   207.67732584005847   94.841569491966311 
   229.30159069888947   84.637177037121134 
   46.232853963173845   188.69018053341077 
   35.230321712541276   193.28661166339998 
   82.677805706542159   172.52534463232055 
   220.32816094648356   93.460906121137285 
   114.61317911853465   157.37110860724249 
   151.08562116306385   140.82414863781167 
   66.771492685578238   183.75009831891668 
   140.69130797568923   146.35884608749566 
   176.75201112725779   125.11588543600485 
   193.53869190332298   113.12084809725617 
   94.306267470305258   170.81700188769693 
   242.16512281033653   86.217939685607902 
   168.29263516892152   133.64154447583979 
   205.16994506096532   107.99076312198868 
   78.704915003415252   183.09066674825345 
   189.89381295950324   125.62612191245577 
   54.076568937952864   198.76323205648345 
   120.74685860379596   167.57528377972466 
   36.215538159217871   206.13690727216297 
   224.70733641084851   104.34667332067635 
   65.636918893594057   196.01821753293066 
    140.9671363458464   158.08472283877674 
   158.95576843616695   150.69107824454258 
   245.81063320589905   98.120663043575959 
   216.76762867674222   113.73747159462333 
   102.51780131504695   180.01297971486099 
   170.18014828633139   146.67670109514637 
   132.98926598571848   167.08341403883739 
   236.50757849878306   106.41806015859167 
   114.73842271280827   178.08937020918032 
   152.80242049823212   161.25010564605694 
   48.751069180265617   210.08524390047344 
    85.81161451683171   192.85416737961569 
   196.32785474233205   136.46693451166962 
   98.164701572441899   191.99353112358736 
   77.213734751294666   201.72770678833723 
   179.86353852173269   155.02881430571108 
   224.88967355525872   123.90188038556852 
   190.48178474305362   148.39564424831525 
   236.63614021720596   118.54505985347515 
    140.5525634485715   176.83682685058895 
   122.43611289771461   187.13023537702901 
   152.59829759968426   173.46769041478376 
    209.5193215186228     139.488025194562 
   56.802093123439029   221.01468775633663 
   221.79602587148744   136.01204381655887 
   134.87023848496526   187.17386597517265 
   247.94266724275107   122.58150551886988 
   106.47855514240398   201.58655058011618 
   80.261176671675372   213.28076169421854 
   199.43336291413283   156.26375244854893 
    118.2052533076525   198.30277960735137 
   180.94527854302515   169.24454431650355 
   210.24627676138965   151.59864727652942 
   70.538290085202959   221.61441479688503 
   161.35669976717008   181.54734129532395 
   50.515351945260527   232.64622328836271 
   173.73321352405503   179.52032660949055 
   248.38703096334672   134.63397352664853 
   138.92404016474924    198.7875551150332 
   230.13278443591992   146.39647135392428 
   104.72299153879814    214.1654092227522 
   92.714402857249596   218.80498483244688 
   200.75990558452972   167.87330641875107 
   128.37767784681608   204.90369574534313 
    241.7792774367276   144.92789722798514 
   192.23330257815937   175.60378346241481 
   159.17346499234699   193.57045440714586 
   217.84229665525234   161.38194233467019 
   77.801320956678964    231.9436012832227 
   59.274016303700897   243.11429629695735 
   150.58072447074073   202.36210058080124 
   229.20557489472864   159.39719171931836 
   179.26012818022494   191.19515426974058 
    91.00654754601095   231.10671132807184 
   212.13472342095579   172.16011417161505 
   71.858739180435052   242.35739305196864 
   115.70139255244405   220.97447756425257 
   127.61867786638268   216.32011988295537 
   170.00606133169148   198.88094431144182 
   199.00189017532767   186.87112907619078 
   249.59843830226833   155.18460431965599 
   57.775030463256265   255.78376866148093 
   190.95749657937696   196.25960131858912 
   156.99381632358794   213.67043483687195 
   212.44794258583164   184.62676434575098 
   236.31821530642847   169.97647775501673 
   118.95953145866494   233.01808102127737 
    169.5020721633517   210.92747613207956 
   137.98281371077255   223.85195907531769 
   99.558471007327896   241.66606393217981 
    79.73776916313345   251.79460929636085 
   248.33052363406739   167.17872822800337 
   131.59212738884611   233.84664567050564 
   92.158574934721074   251.40932396369539 
   151.01131781129664   224.55422479071154 
   113.37415612699959   243.73466850082443 
   192.25176227059919   208.95432725427932 
   235.06168821027632   182.84413671672755 
   180.92666947182443   215.74935779303567 
   224.38918341358166   190.95994683149655 
   256.84997152759297   176.72556909869198 
   136.40880515176949   244.65806961290943 
   247.95795914831621    186.5445892095866 
   157.93918567140153   235.77779324587001 
    125.8462494284981   251.81078110909263 
   202.57483041969536   216.96628844517642 
   182.42449733823568   227.88137842531904 
   226.59064696379789   204.23902021814865 
   172.10401510031929   236.79259483063572 
   149.36066189681017    245.9343088810069 
   217.31626267810682   215.51048342641332 
   195.78850217085943   228.59233245468613 
   249.71659114920513   198.75177692027597 
