   107.50175435962079    5.577063054632557 
   3.2216704980634252   30.806079056702007 
   128.72648799996387   4.2052257520661591 
   96.473120005358552   12.685122849036437 
   24.662021614911101     28.7776948446494 
   118.02050559780314   11.790774313658176 
   164.49046549418918   1.1549202621409373 
   14.492481933988225   35.173752935104083 
   141.12870423058183   7.6974969384877872 
    47.22123636743801   29.135010706897599 
   35.963252631131354   33.318242625026294 
   99.873116728348677   24.541584092652329 
   78.372476226109725   34.801179644229386 
   113.14520606994377    24.09439597031675 
   90.737201760476907   33.800798839140043 
   56.193770739230985    38.45837409910343 
   16.157338676657673   46.877951352764448 
   143.29576891745626   19.969349190961218 
   208.50421218069138   5.8973995842654405 
    166.8503157579074   13.837326669290299 
   188.76938444824384   10.768340265480978 
   68.372691889612682   42.272245196189274 
   37.610058012696797   44.743733026712817 
   6.8686290582848866   54.512539523293661 
   156.29707025732876   21.533621271695392 
   133.93514120504329   29.925679650655184 
    120.9663412253566   33.458577174797149 
   27.578601264477779   50.411155418339618 
   219.86289609242218    10.07373628274939 
   200.24249767500177   14.978727384529794 
    49.24834504783589   48.440006694004857 
   178.76750758340174   19.016948183960025 
   92.380943145529571   46.700494535439063 
   9.4334844134044484   66.116997354759434 
   115.99224729523287   45.916071853735154 
   71.925194988808556   55.392221832659438 
   30.729110133601747    61.35300044955774 
   104.27617026558798   50.817936579743595 
   159.45598851975456   33.138890627447488 
   218.84835823699893   22.710579457884432 
   139.53268473296009   40.603126215547988 
   84.219883495356953   56.704448120025411 
   206.46240926637913   25.461273503208108 
    52.39536199774772   60.318363429582391 
   180.41295390180511    32.41887961193558 
   21.698822961403266   68.570580081278095 
   151.22043985593928   41.623187127951375 
   42.004179525781225   66.276618230220407 
   170.08361154080862   38.929055260966109 
   63.668594939992786   65.873431878213694 
   124.46233666502891    55.30326644355678 
   102.36534579711535     63.4186886937879 
    227.4568083809468    31.57755825428141 
   135.84988204373542    52.19637057988443 
   201.54364215401048    36.85919237799564 
    7.906835854087209   83.826709277515604 
   90.724347110256957   68.184335122207116 
   189.67359157859639    41.33742383654603 
   28.580209471418161   78.671174815326353 
   41.154870207572095   78.256790943060238 
   155.19961152909798   52.994305580650277 
   20.002198437174503    85.75737257344845 
   167.46593062010589   51.448957183532151 
   123.14251803375569   67.434804510208636 
   111.60330401572914   70.665073614169316 
   210.55726226407384    44.70880709702562 
   222.83929749350608   42.834381772926918 
   4.5531870196999229   94.665540621823681 
    145.0936710794364   60.357351268849179 
   63.997664652084239   79.692222784714488 
   51.503728412582994   85.615858145407799 
   88.404451922858613   81.277843456826844 
   187.05502262910329   54.554629789882775 
   23.756740210888605   96.767900014797064 
   175.20504721725567   60.699587327722853 
   131.03282301770716   77.525638540325005 
   208.00077494696973   56.457098422692603 
   110.47140202898142   82.438921131065726 
   75.791347393425411   87.345915397648326 
    143.9995699139574   73.044437052625909 
   13.691171089934203   102.15404214569593 
   227.65415005793335   54.145969915888905 
   197.25912943020595   61.770769130236047 
   99.762235368657272   88.611679183419355 
   46.616972612294724   97.776165093274116 
   34.506748262690934   101.13517681084406 
   121.97234325396329   87.676001560389281 
   218.70695080290028   61.648580472130753 
   167.61459191184468   73.157163054424714 
    237.4905629687606   61.576715984760376 
   10.809096997866527   113.20716821450362 
   155.39757767824224   78.480608621357987 
   75.551137862539889   100.65204365815855 
   198.48027749985607    74.23706370651071 
   32.289872278484061   113.26269586029412 
   105.07498103414419   100.77649590141615 
   52.133030914434478   108.80858031689871 
   118.02846094228686   100.03340575131175 
    188.0702925379359   81.727171991364983 
   174.89274842334623   83.349156490823745 
   21.277173425320463   119.04086065232562 
   64.598249004745028   108.83770266022181 
   222.26005947849049   72.933384103463453 
   211.28926009758362   78.460407339765894 
   137.70882532556337   104.09065056561964 
   235.07553953422061   74.984827015035961 
   85.841020463827434   109.99738125921529 
   42.948529592924814    118.8851377469546 
   99.091082370807754   111.70798565351681 
    125.9554021316425   109.83400298815118 
   18.869408042346414   130.83809617543437 
    171.2234028976489   96.871928960797902 
   6.8394979759581931   134.03031558345171 
   191.83294811460649    93.16428318140197 
   214.44114306380231   89.874239568924722 
   67.671859253230068   120.67553135534271 
   203.58011104909025   94.993916946784182 
   80.069861150914221    120.7881179722813 
   147.98743975600047   110.54958974259486 
   162.00244624326567   107.07388746322037 
   182.89665225067478   101.94528961558694 
   243.14238490617137   90.538946225440512 
   40.409113554628462   131.23257710811518 
   120.15557248112036   121.71851771258027 
   107.20517912117334   122.99207903890171 
   28.780828895917132   137.86991787527535 
   5.3746113542678362   146.21457677235097 
   224.59385778919574   99.018899019824005 
   62.359614339661341   132.46482391378879 
   206.76591270818855   105.68502135216083 
    146.8576794865979   123.49824804917843 
   236.99650086345076   101.70466193470602 
   50.700796634610512   137.82238511700646 
   187.86762712612426   112.99219826263617 
   83.139268645648883   132.39826295232257 
    166.8677983296007   119.10674192187687 
   199.40439370109041   113.74219762950936 
   217.92415553430251   108.86668412903269 
   126.86841908394061   132.87522335778161 
   72.938796883724592   138.96275495413275 
   104.05253815784287   135.69218000918997 
   25.846167049046684   150.49464955240146 
   158.01015669764038   127.29570854204995 
    13.67383045784336   155.30894385254859 
   139.20195910834565   133.40960767670961 
    92.62607948506303   139.81737024720988 
   47.241933772514507   149.72781643494577 
   186.78430869749693   125.08155107844058 
   216.70166088220114   120.62785176320953 
   175.99023793708224   127.82636820775588 
   205.27816874260856   123.92040409046632 
   243.03556731770624   115.28309438783502 
   36.319733727984826   156.67095140806205 
   122.75457213246601   144.67875833190485 
   110.93729816105832   146.27090497830207 
   76.585190725850069   150.41008095657915 
   162.14145965140335   138.49737346634316 
   196.91086649950108   132.12498836352441 
   55.873663263547115   157.66289364992636 
   88.923221858767945   151.82175032078382 
   236.42320859678082   125.58161500500188 
   143.87196107274042    145.2227961987721 
   224.95058793370009   128.23747599869506 
   173.81584282690838     139.856908458866 
   67.829130211649172   158.18126208682909 
   254.90290256890742   123.09725507900366 
   155.56943533498307   147.67443118310581 
   39.052809853950869   169.15049471474535 
   127.72392142418518   156.43868176740986 
   200.19451105029373   143.56897776594286 
   108.56304293264284   158.93833016220339 
   51.065377972416989   168.80581806643985 
   139.60082404505721   156.77924008214168 
   222.18213745630163   139.63519282401629 
   96.562859785422191   161.87354374974981 
   241.47143780566174   137.14928114036027 
    179.3674812409806   150.86484228862847 
   253.35235344750225   136.17677384998129 
   70.674378325499703   169.56214520873553 
   22.078743167246497   183.02537761631149 
   212.14707377309588   146.26243626839499 
   34.091380338350213   180.63976937144835 
   191.66956183778947   152.16970774812441 
   232.79488272499657   145.75591477049704 
   60.082852028659048   176.24087271908436 
     119.649531376238    165.9965646510922 
   159.90700002440093   158.94459777982124 
   80.784740779142751   175.95662134344786 
   172.06191489977786    161.3105011888841 
   93.445431698666198   174.07796646325471 
   149.30544491109561    165.2904836344766 
   20.638109729316998   194.87088002723561 
   216.92828913394399   157.64103502488646 
   196.76501150051914   162.89482172889919 
   229.43557152225122   157.50436453980055 
   40.163730826985891   192.58411512864603 
   61.804306995586025   187.99045813622573 
   74.341415319421955   186.64167299220765 
   124.59747510874469   178.63735506751652 
   208.76416210281749   166.15515416163959 
   101.90749670017426   184.40552869617048 
   52.213106621750498   196.20795176369981 
   30.586798972089021   201.27819783748728 
   177.60962464360108   172.72843007613855 
   149.25889712735008   177.23861374844131 
   189.78664772601763   172.59164370726174 
   137.71040172914903      182.77183628569 
   235.80437084718878   167.57554927832604 
   115.51448652207212   188.24542728875659 
    81.40724956201926   195.12964101763725 
    93.79775863362751   193.77676033327367 
   248.28379512978211   168.82088091526754 
   209.67398990667863   178.42231752012046 
   26.350038722497704    213.0410771389399 
   172.65823223681849   184.42430120879814 
   159.85801576304601   185.79773565763574 
   197.90401249273557   181.60045628772005 
   54.052161756059924   208.82668898055329 
   230.58371733857342    178.6239220057752 
    75.94828191513291   206.07693238565463 
   142.05256064196274   194.62887499210512 
   96.127116819778038   205.25108555602139 
   121.26536996953929   200.62371850486267 
   220.00832188260861   184.89203520388855 
   45.810243914336553    218.0801503358079 
   65.876372068649303   212.98340826671514 
   33.804626562443836   221.90802992198843 
   250.60071698910977   181.52836924345002 
   155.02443310564561   197.23826550687636 
   85.885173845717418   211.81741366105615 
   133.61717978797063   203.14977207036227 
    181.5002367410722   193.84277543992502 
   194.21608681569987     192.431431555941 
   239.67274598245424   186.55714359511225 
   104.88307823662286   212.81301722303792 
   116.53836009367343   212.47352298336554 
   50.443418080856205   228.92966072387722 
   31.458262021965826   234.70394256880141 
   223.27608065578139   197.47487762364531 
   181.53024330988762   206.31927146116905 
   69.182158876759502   225.08041933836606 
   236.06805796597027   198.06275780258758 
   202.27768986733136   202.38906529385778 
   160.55199528348302   209.65121756012485 
   138.78520703756533   214.30466598555159 
   87.866290841686208   223.09263262140698 
   99.438851202567264   223.15261891617394 
   61.089194500060977   233.40249379437452 
   42.767288917334596   237.70288138901165 
   193.51794566060479   210.38915987042427 
   150.88250329755465   217.14725002144581 
   214.68049871407413   206.43942687568602 
   120.84117848725654   224.30770908166303 
   173.36152808930018   215.22509856746879 
   79.579235580426356   231.25513072928089 
   245.85537675409068   205.67724119627445 
   132.59614347423695   224.79357853535166 
   103.32928372028427   233.43556097417985 
   48.734937783443883    247.5453184515182 
   60.743311877366416   245.44646724813109 
   114.94209423084766   235.40340787052872 
   195.37229668775325   222.07884141451839 
   151.10529195443178    229.4889589409598 
   218.46743193106056   219.07362565379566 
   183.31839336369205   226.25403959053722 
   139.18316811517863   234.74250592102663 
   95.315150803615865   242.14943043813935 
   83.691331108699529   243.12133865475897 
   244.16216937838107   217.78353962818133 
   231.88695652429402   223.71997633991251 
   207.55251458749299   226.66378107915406 
   68.549846694085673   254.54086339542718 
   159.33421041192662   238.11786358604277 
   256.88679834587174   221.92912745597644 
   113.36385112892293   247.50849681319383 
   80.452456026585864   255.21969193535043 
   183.41113877285287    238.5040855047483 
   101.60833235889059   251.68024861829082 
   138.63497512307876   247.68622455842325 
   171.43665950142878   242.53290757857215 
   206.72489524027171   239.07801343820023 
   151.01537256255179   247.98401418391066 
