   46.437236154636167   82.105835666881021 
   46.437236154636167   105.26228312176652 
   78.437236154636167   82.105835666881021 
   78.437236154636167   105.26228312176652 
    62.43723615463616   61.760580933018602 
   94.437236154636167   79.294642945857902 
   94.437236154636167   102.45109040074342 
    62.43723615463616   84.917028387904111 
   46.437236154636167   128.41873057665202 
   46.437236154636167   151.57517803153755 
   78.437236154636167   128.41873057665202 
   78.437236154636167   151.57517803153755 
    62.43723615463616   108.07347584278962 
   94.437236154636167   125.60753785562893 
   94.437236154636167   148.76398531051444 
    62.43723615463616   131.22992329767513 
   46.437236154636167   174.73162548642304 
   46.437236154636167   197.88807294130854 
   78.437236154636167   174.73162548642304 
   78.437236154636167   197.88807294130854 
    62.43723615463616   154.38637075256062 
   94.437236154636167   171.92043276539994 
   94.437236154636167   195.07688022028546 
    62.43723615463616   177.54281820744615 
   46.437236154636167   221.04452039619406 
   46.437236154636167   244.20096785107958 
   78.437236154636167   221.04452039619406 
   78.437236154636167   244.20096785107958 
    62.43723615463616   200.69926566233167 
   94.437236154636167   218.23332767517095 
   94.437236154636167   241.38977513005645 
    62.43723615463616   223.85571311721714 
   46.437236154636167   35.792940757109989 
   46.437236154636167   58.949388211995533 
   78.437236154636167   35.792940757109989 
   78.437236154636167   58.949388211995533 
    62.43723615463616   15.447686023247584 
   94.437236154636167    32.98174803608687 
   94.437236154636167   56.138195490972386 
    62.43723615463616   38.604133478133072 
   110.43723615463617   82.105835666881021 
   110.43723615463617   105.26228312176652 
   142.43723615463617   82.105835666881021 
   142.43723615463617   105.26228312176652 
   126.43723615463617   61.760580933018602 
   158.43723615463617   79.294642945857902 
   158.43723615463617   102.45109040074342 
   126.43723615463617   84.917028387904111 
   110.43723615463617   128.41873057665202 
   110.43723615463617   151.57517803153755 
   142.43723615463617   128.41873057665202 
   142.43723615463617   151.57517803153755 
   126.43723615463617   108.07347584278962 
   158.43723615463617   125.60753785562893 
   158.43723615463617   148.76398531051444 
   126.43723615463617   131.22992329767513 
   110.43723615463617   174.73162548642304 
   110.43723615463617   197.88807294130854 
   142.43723615463617   174.73162548642304 
   142.43723615463617   197.88807294130854 
   126.43723615463617   154.38637075256062 
   158.43723615463617   171.92043276539994 
   158.43723615463617   195.07688022028546 
   126.43723615463617   177.54281820744615 
   110.43723615463617   221.04452039619406 
   110.43723615463617   244.20096785107958 
   142.43723615463617   221.04452039619406 
   142.43723615463617   244.20096785107958 
   126.43723615463617   200.69926566233167 
   158.43723615463617   218.23332767517095 
   158.43723615463617   241.38977513005645 
   126.43723615463617   223.85571311721714 
   110.43723615463617   35.792940757109989 
   110.43723615463617   58.949388211995533 
   142.43723615463617   35.792940757109989 
   142.43723615463617   58.949388211995533 
   126.43723615463617   15.447686023247584 
   158.43723615463617    32.98174803608687 
   158.43723615463617   56.138195490972386 
   126.43723615463617   38.604133478133072 
   174.43723615463614   82.105835666881021 
   174.43723615463614   105.26228312176652 
   206.43723615463617   82.105835666881021 
   206.43723615463617   105.26228312176652 
    190.4372361546362   61.760580933018602 
   222.43723615463614   79.294642945857902 
   222.43723615463614   102.45109040074342 
    190.4372361546362   84.917028387904111 
   174.43723615463614   128.41873057665202 
   174.43723615463614   151.57517803153755 
   206.43723615463617   128.41873057665202 
   206.43723615463617   151.57517803153755 
    190.4372361546362   108.07347584278962 
   222.43723615463614   125.60753785562893 
   222.43723615463614   148.76398531051444 
    190.4372361546362   131.22992329767513 
   174.43723615463614   174.73162548642304 
   174.43723615463614   197.88807294130854 
   206.43723615463617   174.73162548642304 
   206.43723615463617   197.88807294130854 
    190.4372361546362   154.38637075256062 
   222.43723615463614   171.92043276539994 
   222.43723615463614   195.07688022028546 
    190.4372361546362   177.54281820744615 
   174.43723615463614   221.04452039619406 
   174.43723615463614   244.20096785107958 
   206.43723615463617   221.04452039619406 
   206.43723615463617   244.20096785107958 
    190.4372361546362   200.69926566233167 
   222.43723615463614   218.23332767517095 
   222.43723615463614   241.38977513005645 
    190.4372361546362   223.85571311721714 
   174.43723615463614   35.792940757109989 
   174.43723615463614   58.949388211995533 
   206.43723615463617   35.792940757109989 
   206.43723615463617   58.949388211995533 
    190.4372361546362   15.447686023247584 
   222.43723615463614    32.98174803608687 
   222.43723615463614   56.138195490972386 
    190.4372361546362   38.604133478133072 
   238.43723615463617   82.105835666881021 
   238.43723615463617   105.26228312176652 
   14.437236154636137   82.105835666881021 
   14.437236154636137   105.26228312176652 
   254.43723615463617   61.760580933018602 
   30.437236154636174   79.294642945857902 
   30.437236154636174   102.45109040074342 
   254.43723615463617   84.917028387904111 
   238.43723615463617   128.41873057665202 
   238.43723615463617   151.57517803153755 
   14.437236154636137   128.41873057665202 
   14.437236154636137   151.57517803153755 
   254.43723615463617   108.07347584278962 
   30.437236154636174   125.60753785562893 
   30.437236154636174   148.76398531051444 
   254.43723615463617   131.22992329767513 
   238.43723615463617   174.73162548642304 
   238.43723615463617   197.88807294130854 
   14.437236154636137   174.73162548642304 
   14.437236154636137   197.88807294130854 
   254.43723615463617   154.38637075256062 
   30.437236154636174   171.92043276539994 
   30.437236154636174   195.07688022028546 
   254.43723615463617   177.54281820744615 
   238.43723615463617   221.04452039619406 
   238.43723615463617   244.20096785107958 
   14.437236154636137   221.04452039619406 
   14.437236154636137   244.20096785107958 
   254.43723615463617   200.69926566233167 
   30.437236154636174   218.23332767517095 
   30.437236154636174   241.38977513005645 
   254.43723615463617   223.85571311721714 
   238.43723615463617   35.792940757109989 
   238.43723615463617   58.949388211995533 
   14.437236154636137   35.792940757109989 
   14.437236154636137   58.949388211995533 
   254.43723615463617   15.447686023247584 
   30.437236154636174    32.98174803608687 
   30.437236154636174   56.138195490972386 
   254.43723615463617   38.604133478133072 
