   153.07108266666668                    1 
   139.62980266666668   1.0559445333333315 
   241.20898133333333   4.0642346666666676 
   220.98762666666661   3.7239594666666562 
   199.19921066666666   2.0664447999999993 
   108.59116799999998   6.4482090666666716 
   23.444714666666687   3.7347285333333273 
   131.60096000000001   11.801570133333341 
   86.582848000000041   9.5494357333333326 
   45.247722666666668   4.6447744000000055 
   119.01540266666665   13.504064000000001 
   176.89068799999998   10.709004800000002 
   236.95835733333334   16.007906133333336 
   155.71436799999998   12.762372266666656 
   98.118976000000018    13.99904853333334 
   224.28251733333335   15.459153066666659 
    66.44349866666667   9.2530304000000037 
   12.191381333333357    9.581333333333335 
   197.31991466666665   15.437589333333335 
   34.657088000000023   9.2792106666666765 
   166.73986133333332   16.772689066666665 
   54.864277333333334    12.31882666666667 
   185.65757866666667   19.052505600000011 
   75.894847999999996    17.53654186666666 
   137.35285333333331    23.06112426666667 
   113.90837333333333   25.180898133333326 
   242.97853866666668   26.800780799999998 
   149.15650133333332   23.007406933333339 
   255.14732800000002   29.342587733333328 
   216.58135466666667   25.195626666666673 
   17.386474666666707   20.445870933333328 
   101.43059199999998    26.77124693333332 
   203.95671466666667   26.449070933333346 
   38.689770666666696   20.816669866666658 
    50.94321066666668    23.67096746666666 
   167.64038399999998   28.786231466666656 
   28.570005333333363   25.441258666666666 
   179.88870399999999   30.468296533333341 
    132.9381333333333   34.437695999999988 
   120.95605333333333   34.571327999999994 
   223.25621333333331   35.110668799999985 
   235.60488533333333   36.478937600000002 
   11.341802666666718   30.047389866666677 
   155.97309866666666    33.28277760000001 
    72.63613866666671   30.969638399999987 
   59.034773333333369   33.457762133333318 
   95.800896000000009   38.818171733333322 
   198.00650666666667   38.538175999999993 
   29.346880000000024   37.048358399999991 
   184.96987733333333   41.406749866666665 
   137.94788266666666   46.226854399999986 
   217.74615466666668   45.796979199999988 
   116.81542399999998   45.651033599999998 
   82.047040000000052   41.414967466666653 
   151.63261866666664   45.254387199999989 
    18.23025066666672   39.645811199999997 
   237.32802133333334   48.651268266666648 
   205.99524266666668   48.149448533333334 
   255.86873599999998    53.17228799999998 
           104.873536   48.841723733333339 
   51.167210666666719   43.938931199999992 
   38.600256000000051   44.049130666666649 
   1.2168320000000374   45.190182400000005 
   126.56902399999998   53.686327466666654 
   226.74387199999998   53.582528000000003 
   174.41380266666664   51.475289599999996 
           244.906048   58.374668799999988 
   12.585621333333346   49.576375466666647 
           161.235264   53.455347199999991 
   78.371136000000021   54.205529599999984 
   203.94826666666665   60.507020799999978 
   33.320085333333346   55.189644799999982 
   106.85676799999997   61.967074133333327 
   53.639914666666691    56.02308693333331 
   119.56119466666665    64.60191146666665 
   191.95441066666666   65.047607466666662 
   178.80607999999998   63.203724799999989 
    21.18713600000001   57.920627200000006 
   65.672853333333322   59.277452799999992 
   227.25518933333333   65.402423466666662 
           215.227712   67.901666133333322 
   137.52087466666666   73.614562133333308 
   239.10303999999999   70.700855466666653 
   85.891648000000018   65.895650133333319 
   42.160362666666664   63.379170133333339 
   98.247488000000004   70.977335466666645 
   124.68145066666666   76.120204799999982 
   15.808064000000043   68.692706133333331 
   171.76181333333335    75.31602346666665 
   3.3618560000000497   68.662583466666675 
   192.62871466666667   77.068855466666662 
   215.31807999999998   79.742348800000002 
   65.577877333333376   71.507426133333325 
   203.50205866666664   81.876535466666667 
   77.524288000000013   74.825015466666656 
   145.77755733333333   82.513719466666643 
   160.21459199999998   82.783799466666679 
   181.72422399999999   83.237772799999973 
   242.86931199999998    87.81283413333334 
   36.511722666666692   74.648631466666671 
   116.00330666666666   86.098658133333331 
   103.16456533333333   83.977015466666671 
   23.561792000000029   78.050188799999972 
   222.75803733333333   91.203127466666658 
   57.395349333333343   81.520098133333335 
   253.69819733333333   94.584204799999981 
   203.81224533333335   93.027895466666664 
   141.33493333333334   94.728759466666659 
   234.04294399999998   97.007415466666686 
   44.747157333333384   83.677580800000001 
   183.66666666666666   95.194850133333333 
   77.484181333333339   86.833975466666658 
   161.79982933333335   95.665890133333349 
   194.61621333333332   98.905228800000017 
   213.76680533333331   98.989111466666657 
   119.59985066666665   98.612620800000002 
   65.932266666666663   90.534711466666678 
   96.832319999999982    95.42840746666667 
   17.459605333333364   89.485196799999997 
   151.12454399999999   101.28329813333333 
   4.4560000000000404   90.985015466666667 
   131.37482666666665   102.32095146666667 
   84.727530666666681    96.45565013333335 
   38.324800000000053   94.282124799999991 
   179.49130666666667   106.59188479999999 
   209.54195200000001   110.03312213333335 
           168.354624   106.44946346666669 
   197.65553066666664   110.25686613333333 
   236.36187733333333   111.68619946666668 
   25.977749333333335   98.161804799999999 
   112.57119999999999   108.94921813333333 
           100.744512   107.42857813333333 
   66.491626666666676   102.53573546666667 
   152.21587200000002   113.17253546666667 
   187.44983466666665   116.01626880000001 
   44.608661333333387   104.18087680000002 
   78.043882666666676   107.09262080000002 
   227.30937600000001   119.92240213333335 
   132.82822399999998   114.94030079999999 
           215.540288   119.51843413333333 
   163.14058666666668   117.50729813333334 
   56.022592000000046   107.77588480000001 
   245.80238933333334   122.30559146666668 
   143.49258666666665   120.33592746666666 
   25.387754666666691   110.92349013333333 
   114.32753066666668   121.59459413333335 
   187.65966933333331   127.92018346666667 
    95.17258666666666          119.0498688 
   37.080213333333361   113.69963946666667 
   125.71159466666664          124.9975168 
           209.916224   129.81125546666667 
     82.8216106666667   118.77919146666666 
   229.19165866666665   132.40248746666666 
   165.65399466666665   129.57701546666667 
   240.91944533333336   134.53812479999999 
   55.825301333333329   119.50537813333334 
   5.4009813333333723   119.93238613333332 
   198.50784000000002   133.61541546666666 
   17.621738666666683          120.7371648 
   177.19916799999999   134.02143146666668 
   218.58318933333334   138.47019946666666 
   43.866090666666693   123.21524480000001 
   104.05450666666665   128.73699413333333 
   144.76541866666668   132.34471679999999 
   63.936149333333347   128.29872213333334 
   155.89382399999997   137.77592746666667 
   76.651669333333331   129.76090879999998 
   132.88266666666667   135.73048746666666 
   245.12945066666668   146.61296213333333 
   200.18114133333333   145.84376746666666 
   179.34513066666665   145.69989546666665 
   212.29762133333332   148.94887679999999 
   20.395754666666683   133.84615679999999 
   42.487872000000031   135.01001813333332 
   54.946880000000029   136.95203413333331 
   105.56217599999999   142.22768213333333 
   190.09158399999998   151.95474346666666 
   82.152426666666699   141.92671146666669 
   31.096640000000026   140.46512213333332 
   8.8949546666667025   139.76530346666667 
   158.29732266666667   150.24065280000002 
   129.74530133333332   147.25944746666667 
   170.09482666666665   153.26017279999999 
   238.95840000000001   159.46501546666664 
   117.15820799999999   149.61515946666665 
   215.84279466666666          160.3252608 
   94.301930666666678          149.1575168 
    59.57510400000001   146.97955413333332 
   71.893568000000016   148.87967146666668 
   227.57467733333334   164.75807146666665 
   187.79543466666667   164.03939413333333 
   1.7581013333333431   150.03081813333336 
   150.48753066666666   160.25648213333335 
              137.768   158.27017813333333 
   256.80398933333333   168.18480213333333 
   175.60394666666664   164.06294613333333 
   29.607061333333363          153.1298688 
           245.554496   170.61629013333334 
   207.94050133333334          169.6459648 
   51.468778666666701   156.14094080000001 
           118.283584   162.19201280000001 
   71.173781333333352   160.56590079999998 
    96.65312000000003   162.60246613333331 
   196.10314666666667   172.96338346666667 
   19.251008000000031          159.9348608 
   39.952533333333335   160.20528213333333 
   6.6637440000000119   160.52502613333334 
   226.52371199999999   177.63222613333335 
   130.13809066666667   168.06985813333333 
   59.581333333333383   164.25767679999998 
   107.93026133333333   168.23933013333331 
   156.59057066666665          171.6425088 
   169.23842133333332   173.57035946666667 
            214.66656   179.66128213333334 
   245.78259199999999   183.75839146666667 
   77.674218666666675   170.13637546666666 
   89.020224000000027   172.82505813333333 
   234.12170666666668   187.86685013333332 
   20.918250666666701          171.6138368 
            196.00288   185.96323413333332 
   153.39039999999997          183.7016448 
   40.014741333333376   172.74569813333335 
   208.20682666666664   189.84189013333335 
   174.44810666666666   185.27519146666666 
   132.26459733333331   181.49048746666668 
   110.03509333333332   180.35171413333333 
   58.576704000000035   175.66145280000001 
    69.73941333333336   178.71459413333332 
   30.043626666666661   178.68959146666666 
   11.233002666666684   178.10138880000002 
   163.91626666666664   190.73550080000001 
   120.98446933333331   186.22845013333333 
   185.37998933333333   192.39762346666666 
   90.113514666666717   185.36965546666667 
   143.19502933333334   190.18979413333332 
   228.89521066666666   199.50793813333334 
   48.459413333333366   181.40097280000001 
   215.68987733333333   199.73006079999999 
   101.34218666666666   188.88137813333333 
   70.835861333333341   189.65407146666666 
    14.44989866666671   189.15299413333332 
   26.592320000000019   190.23365546666668 
   81.543658666666701   194.56048213333332 
   162.68191999999999   202.50680746666666 
   118.00539733333332   198.20728746666666 
   185.76791466666666   205.58145279999999 
   149.95812266666664   203.41995946666665 
   105.12979199999999   200.19615146666666 
   233.82926933333334   211.60803413333332 
   60.839488000000024   195.99681280000001 
   49.360192000000005   193.92713813333333 
   210.92102400000002   210.98561280000001 
   6.8424320000000387   197.83822079999999 
   197.52761599999999   213.54271146666667 
   173.26043733333333   210.08799146666667 
   31.779050666666716   201.03864746666667 
   247.32362666666668   217.71798613333334 
   123.72059733333332   208.67197013333333 
   222.13911466666664   218.28331946666668 
   76.886165333333366          205.8446208 
   43.100394666666674   204.77496746666665 
    13.28091733333334   207.31807146666668 
   146.87716266666666   215.27659946666665 
   64.451477333333344   206.83167146666668 
   101.25019733333335   212.55694080000001 
           134.267968   216.06891946666667 
   24.497557333333347          210.0176768 
   169.24797866666665   221.86501546666665 
   113.13166933333332   216.04886613333335 
           197.032768   226.36191146666667 
   156.73375999999999   224.24726613333331 
   79.421930666666682   216.93744213333332 
   6.6327680000000022   216.60378880000002 
   247.91225600000001   230.72457813333332 
   219.58210133333333   230.17861546666666 
   90.662549333333331   220.85816746666666 
    58.41013333333337   217.36368213333333 
   45.898901333333349   217.64971946666668 
   207.63876266666665   232.95971413333336 
   129.48930133333334   227.02785280000001 
   117.30788266666666   226.52916480000002 
   25.785408000000007   222.02015146666665 
   175.97796266666666   232.85714346666671 
   68.453098666666705   224.39540479999999 
   188.10638933333334   235.32319146666669 
   14.008640000000044          225.6272768 
   238.65307733333333   240.18736213333335 
   226.29365333333331   240.93940480000001 
   36.312213333333332   228.03512746666667 
   84.441493333333383   232.48031146666665 
   156.16996266666666   236.98898346666672 
             132.9872   238.48325546666669 
   112.33755733333334   236.82522880000002 
   168.40369066666665   242.65631146666666 
   206.19825066666667   245.17040213333337 
   8.7009920000000118   235.88622079999999 
   71.071722666666659   235.93221546666669 
   144.83846399999999   242.11051946666666 
   193.80511999999999   247.38736213333334 
   90.639765333333372   241.65176746666668 
   102.21062400000001   242.76843946666668 
   244.88889600000002   250.96470613333338 
   121.84292266666665   244.28907946666672 
   217.54545066666665   250.82271146666668 
     31.9940906666667   241.37494613333334 
   18.429760000000019   244.10015146666672 
   63.953130666666681   247.77050879999999 
   174.64548266666668   254.37906346666671 
   144.63929599999997   254.01187413333338 
   84.758336000000028   251.75113813333337 
   115.87906133333333   254.57447680000004 
    39.14263466666668   252.08982613333336 
   104.03761066666667   254.69991680000004 
   52.212202666666705   254.83474346666668 
   12.516842666666692   254.92408746666672 
   73.323242666666701   255.68773546666671 
