   54.469076657297727   58.852475663621455 
   48.475747039057552   81.219886305401118 
   85.378703098547888   67.134685106902111 
   79.385373480307734   89.502095748681768 
   75.189629280508626    43.34157339539415 
   101.56110653482735   68.560386176630388 
   95.567776916587192   90.927796818410087 
   69.196299662268459   65.708984037173835 
   42.482417420817384    103.5872969471808 
   36.489087802577224   125.95470758896049 
   73.392043862067581   111.86950639046147 
   67.398714243827399   134.23691703224117 
   63.202970044028298    88.07639467895352 
    89.57444729834701   113.29520746018976 
   83.581117680106857    135.6626181019694 
    57.20964042578813    110.4438053207332 
   30.495758184337056   148.32211823074016 
   24.502428566096899   170.68952887251982 
   61.405384625587232   156.60432767402082 
   55.412055007347078   178.97173831580048 
    51.21631080754797   132.81121596251285 
   77.587788061866689   158.03002874374911 
   71.594458443626522    180.3974393855288 
   45.222981189307802   155.17862660429253 
   18.509098947856728   193.05693951429953 
   12.515769329616573   215.42435015607921 
    49.41872538910691   201.33914895758019 
    43.42539577086675   223.70655959935988 
   39.229651571067635   177.54603724607225 
   65.601128825386368   202.76485002730843 
   59.607799207146201   225.13226066908811 
   33.236321952827474   199.91344788785187 
   66.455735893778041   14.117654380062097 
    60.46240627553788   36.485065021841777 
   97.365362335028223   22.399863823342756 
   91.372032716788055   44.767274465122433 
   113.54776577130768   23.825564893071025 
   107.55443615306751   46.192975534850675 
   81.182958898748794   20.974162753614458 
    116.2883295397981   75.416894550182775 
   110.29499992155793   97.784305191962446 
   147.19795598104827   83.699103993463424 
   141.20462636280809   106.06651463524311 
   137.00888216300899   59.905992281955477 
   163.38035941732772   85.124805063191715 
   157.38702979908754    107.4922157049714 
   131.01555254476884   82.273402923735176 
   104.30167030331776   120.15171583374213 
   98.308340685077596   142.51912647552183 
   135.21129674456793   128.43392527702281 
   129.21796712632778   150.80133591880247 
   125.02222292652867   104.64081356551485 
   151.39370018084739    129.8596263467511 
   145.40037056260724   152.22703698853076 
    119.0288933082885   127.00822420729453 
   92.315011066837428   164.88653711730151 
   86.321681448597275   187.25394775908114 
   123.22463750808761   173.16874656058218 
   117.23130788984746   195.53615720236181 
   113.03556369004835    149.3756348490742 
   139.40704094436705   174.59444763031041 
    133.4137113261269   196.96185827209013 
    107.0422340718082   171.74304549085389 
   80.328351830357121   209.62135840086086 
   74.335022212116939   231.98876904264054 
   111.23797827160728   217.90356784414152 
   105.24464865336711   240.27097848592118 
   101.04890445356801   194.11045613263357 
   127.42038170788675   219.32926891386978 
   121.42705208964657   241.69667955564947 
   95.055574835327846    216.4778667744132 
   128.27498877627841   30.682073266623412 
   122.28165915803825   53.049483908403104 
   159.18461521752857   38.964282709904083 
   153.19128559928842   61.331693351683761 
   148.99554139948933   15.171170998396137 
   175.36701865380806   40.389983779632352 
   169.37368903556788   62.757394421412002 
   143.00221178124917   37.538581640175785 
   178.10758242229846   91.981313436744117 
   172.11425280405828   114.34872407852377 
   209.01720886354869   100.26352288002477 
   203.02387924530851   122.63093352180445 
   198.82813504550938    76.47041116851679 
   225.19961229982809   101.68922394975306 
   219.20628268158794   124.05663459153273 
    192.8348054272692   98.837821810296489 
   166.12092318581813   136.71613472030347 
   160.12759356757797   159.08354536208313 
   197.03054962706832   144.99834416358414 
    191.0372200088282   167.36575480536382 
   186.84147580902905   121.20523245207617 
   213.21295306334775    146.4240452333124 
    207.2196234451076   168.79145587509208 
    180.8481461907889   143.57264309385587 
   154.13426394933779   181.45095600386281 
   148.14093433109767    203.8183666456425 
   185.04389039058802   189.73316544714351 
   179.05056077234786   212.10057608892316 
   174.85481657254871    165.9400537356355 
   201.22629382686745   191.15886651687177 
   195.23296420862727   213.52627715865145 
   168.86148695430856   188.30746437741519 
   142.14760471285749   226.18577728742218 
    136.1542750946173   248.55318792920184 
   173.05723115410768   234.46798673070285 
    167.0639015358675   256.83539737248253 
   162.86815733606838    210.6748750191949 
   189.23963459038714   235.89368780043111 
   156.87482771782823   233.04228566097456 
   190.09424165877877   47.246492153184739 
   184.10091204053862   69.613902794964432 
     221.003868100029    55.52870159646541 
   215.01053848178881   77.896112238245109 
   210.81479428198969   31.735589884957466 
   237.18627153630842   56.954402666193666 
   231.19294191806824   79.321813307973329 
   204.82146466374954   54.103000526737119 
   239.92683530479886   108.54573232330543 
   233.93350568655868   130.91314296508509 
    23.55945021604753   50.570266220340784 
   17.566120597807359   72.937676862120455 
   39.741853652326945   51.995967290069053 
   33.748524034086778   74.363377931848746 
    254.6540583097696   115.40224069685782 
   227.94017606831849   153.28055360686477 
   221.94684645007837   175.64796424864448 
   11.572790979567189    95.30508750390014 
   5.5794613613270334   117.67249814567981 
   248.66072869152941   137.76965133863749 
   27.755194415846621   96.730788573628431 
   21.761864797606449   119.09819921540809 
   242.66739907328923   160.13706198041717 
   215.95351683183819   198.01537489042417 
     209.960187213598   220.38278553220383 
   236.67406945504908   182.50447262219686 
   15.768535179366294   141.46560985718776 
   9.7752055611261248   163.83302049896744 
    230.6807398368089   204.87188326397654 
   203.96685759535785   242.75019617398348 
   224.68741021856874    227.2392939057562 
   3.7818759428859678   186.20043114074713 
   218.69408060032859   249.60670454753586 
   251.91349454127916   63.810911039746074 
   245.92016492303898   86.178321681525759 
   35.546109452527858   5.8354449367814265 
   29.552779834287687   28.202855578561103 
   51.728512888807273     7.26114600650968 
    45.73518327056712   29.628556648289344 
