   59.661557517728696   22.510101037239245 
   48.083333790285948   42.564172794569593 
   87.374370438830738   38.510101037239252 
   75.796146711387976     58.5641727945696 
   83.690591345210905   12.890593591248777 
   102.63637325989332    44.07553672589934 
   91.058149532450557   64.129608483229703 
   72.112367617768157   32.944665348579143 
   36.505110062843194   62.618244551899963 
   24.926886335400436   82.672316309230325 
   64.217922983945215   78.618244551899963 
   52.639699256502468   98.672316309230339 
   60.534143890325396   52.998737105909512 
   79.479925805007795   84.183680240560079 
   67.901702077565048   104.23775199789041 
   48.955920162882634   73.052808863239889 
   13.348662607957676    102.7263880665607 
   1.7704388805149331   122.78045982389105 
   41.061475529059706    118.7263880665607 
   29.483251801616962   138.78045982389105 
   37.377696435439894   93.106880620570223 
   56.323478350122294   124.29182375522078 
   44.745254622679539   144.34589551255115 
   25.799472707997136    113.1609523779006 
   17.905028074174204    158.8345315812214 
   6.3268043467314472   178.88860333855177 
   14.221248980554376   133.21502413523098 
   33.167030895236792   164.39996726988147 
   21.588807167794034   184.45403902721188 
   2.6430252531116332    153.2690958925613 
   71.239781245171457   2.4560292799088623 
   98.952594166273499   18.456029279908869 
   125.79282071477883   3.9673932112386101 
   114.21459698733607   24.021464968568978 
   115.08718335993277   54.510101037239245 
   103.50895963249002     74.5641727945696 
   142.79999628103479   70.510101037239238 
   131.22177255359205   90.564172794569586 
     139.116217187415   44.890593591248781 
   158.06199910209736   76.075536725899326 
   146.48377537465464   96.129608483229688 
   127.53799345997224    64.94466534857915 
   91.930735905047257   94.618244551899963 
    80.35251217760451   114.67231630923033 
    119.6435488261493   110.61824455189995 
   108.06532509870654   130.67231630923033 
   115.95976973252948   84.998737105909512 
   134.90555164721187   116.18368024056007 
   123.32732791976912    136.2377519978904 
   104.38154600508675   105.05280886323987 
   68.774288450161734    134.7263880665607 
   57.196064722719008   154.78045982389105 
    96.48710137126379    150.7263880665607 
   84.908877643821057   170.78045982389102 
      92.803322277644   125.10688062057022 
   111.74910419232636   156.29182375522078 
    100.1708804648836   176.34589551255112 
   81.225098550201224   145.16095237790057 
   45.617840995276254   174.83453158122143 
   34.039617267833492   194.88860333855177 
   73.330653916378282   190.83453158122143 
   61.752430188935534   210.88860333855175 
   69.646874822758477   165.21502413523095 
   88.592656737440848    196.3999672698815 
   77.014433009998115   216.45403902721185 
   58.068651095315737    185.2690958925613 
   138.24363081481829   14.401957522578526 
   126.66540708737553   34.456029279908861 
   165.95644373592032   30.401957522578517 
   154.37822000847757   50.456029279908854 
   46.490427367872968   205.32316764989167 
   181.21844655698288   35.967393211238594 
   169.64022282954011   56.021464968568964 
   150.69444091485775   24.836521833918411 
   170.51280920213682   86.510101037239224 
   158.93458547469407   106.56417279456959 
   198.22562212323888   102.51010103723924 
   186.64739839579616   122.56417279456959 
   194.54184302961906   76.890593591248759 
   213.48762494430144   108.07553672589931 
    201.9094012168587   128.12960848322967 
   182.96361930217631   96.944665348579136 
   147.35636174725133   126.61824455189995 
   135.77813801980858   146.67231630923033 
   175.06917466835338   142.61824455189998 
   163.49095094091064    162.6723163092303 
   171.38539557473354   116.99873710590951 
   190.33117748941592   148.18368024056005 
   178.75295376197317    168.2377519978904 
   159.80717184729079   137.05280886323987 
   124.19991429236582    166.7263880665607 
   112.62169056492307   186.78045982389102 
   151.91272721346786    182.7263880665607 
   140.33450348602511   202.78045982389105 
   148.22894811984807   157.10688062057022 
   167.17473003453043   188.29182375522075 
   155.59650630708765   208.34589551255112 
   136.65072439240529   177.16095237790057 
   101.04346683748031    206.8345315812214 
   89.465243110037562   226.88860333855177 
   128.75627975858237    222.8345315812214 
   117.17805603113962   242.88860333855177 
   125.07250066496255   197.21502413523098 
    144.0182825796449   228.39996726988144 
   132.44005885220216   248.45403902721185 
    113.4942769375198    217.2690958925613 
   193.66925665702234   46.401957522578513 
    182.0910329295796   66.456029279908847 
    221.3820695781244    62.40195752257852 
   209.80384585068163   82.456029279908861 
   101.91605321007702    237.3231676498917 
   236.64407239918694   67.967393211238587 
   225.06584867174416   88.021464968568949 
   206.12006675706181   56.836521833918397 
   225.93843504434093   118.51010103723922 
   214.36021131689816   138.56417279456957 
   253.65124796544293   134.51010103723922 
   242.07302423800022   154.56417279456957 
   249.96746887182314   108.89059359124876 
   238.38924514438037   128.94466534857912 
   202.78198758945541   158.61824455189995 
   191.20376386201266   178.67231630923033 
   230.49480051055744   174.61824455189992 
   218.91657678311466   194.67231630923033 
   226.81102141693762    148.9987371059095 
   245.75680333162001   180.18368024056005 
   234.17857960417726    200.2377519978904 
    215.2327976894949   169.05280886323987 
   179.62554013456989   198.72638806656067 
   168.04731640712714   218.78045982389102 
   207.33835305567192   214.72638806656067 
   195.76012932822917   234.78045982389099 
   203.65457396205213   189.10688062057022 
   222.60035587673448   220.29182375522075 
   211.02213214929174   240.34589551255112 
   192.07635023460938   209.16095237790057 
   156.46909267968439    238.8345315812214 
   184.18190560078642    254.8345315812214 
   180.49812650716663   229.21502413523095 
   168.91990277972388    249.2690958925613 
    249.0948824992264   78.401957522578513 
   237.51665877178368   98.456029279908847 
