   127.07071781441559   12.950472451326553 
   110.69663679087607   29.324553474866061 
   149.69813481238509   35.577889449296073 
   133.32405378884559   51.951970472835583 
   152.77069390068215   9.8779133630294815 
   162.99965674762754    44.90378451202313 
   146.62557572408807    61.27786553556264 
   136.39661287714264   26.251994386569002 
   94.322555767336567   45.698634498405568 
    77.94847474379705   62.072715521945092 
   116.94997276530607   68.326051496375086 
   100.57589174176657    84.70013251991459 
   120.02253185360313   42.626075410108513 
   130.25149470054853   77.651946559102157 
   113.87741367700902   94.026027582641674 
   103.64845083006361    59.00015643364803 
    61.57439372025754   78.446796545484617 
   45.200312696718029   94.820877569024105 
   84.201810718227051   101.07421354345414 
   67.827729694687548   117.44829456699362 
   87.274369806524106   75.374237457187533 
   97.503332653469514   110.40010860618118 
   81.129251629929996   126.77418962972069 
   70.900288782984603    91.74831848072705 
   28.826231673178523   111.19495859256362 
      12.452150649639   127.56903961610315 
   51.453648671148031   133.82237559053314 
   35.079567647608521   150.19645661407264 
   54.526207759445086   108.12239950426657 
   64.755170606390493    143.1482706532602 
   48.381089582850983    159.5223516767997 
   38.152126735905583   124.49648052780607 
      18.705486624069    166.5705376376122 
   166.07221583592462   19.203808425756552 
   21.778045712366044   140.87056155134559 
   32.007008559311465   175.89643270033926 
   179.37373777116707   28.529703488483609 
   5.4039646888265507   157.24464257488509 
   172.32555181035463   58.205306447265599 
   155.95147078681512   74.579387470805102 
   194.95296880832413   80.832723445235104 
   178.57888778478463   97.206804468774607 
   198.02552789662118   55.132747358968537 
   208.25449074356661   90.158618507962174 
   191.88040972002707   106.53269953150168 
   181.65144687308168   71.506828382508061 
   139.57738976327562   90.953468494344605 
   123.20330873973609   107.32754951788414 
   162.20480676124512   113.58088549231412 
   145.83072573770562   129.95496651585364 
   165.27736584954218   87.880909406047564 
   175.50632869648757   122.90678055504121 
   159.13224767294807    139.2808615785807 
   148.90328482600268   104.25499042958708 
   106.82922771619658   123.70163054142365 
   90.455146692657081   140.07571156496314 
   129.45664471416609   146.32904753939317 
    113.0825636906266   162.70312856293265 
   132.52920380246317    120.6290714531266 
   142.75816664940857    155.6549426021202 
   126.38408562586905   172.02902362565973 
   116.15512277892365   137.00315247666609 
   74.081065669117564   156.44979258850267 
   57.706984645578046   172.82387361204218 
   96.708482667087068   179.07720958647218 
   80.334401643547551   195.45129061001171 
   99.781041755384152   153.37723350020562 
   110.01000460232954   188.40310464919924 
   93.635923578790027   204.77718567273877 
   83.406960731844634   169.75131452374512 
   41.332903622038536   189.19795463558171 
   188.69963283389413   41.831225423726075 
   63.960320620008041   211.82537163355121 
   211.32704983186363   64.458642421695572 
   67.032879708305103   186.12539554728468 
   77.261842555250524   221.15126669627827 
   224.62857176710611   73.784537484422643 
   50.658798684765607   202.49947657082416 
   217.58038580629366   103.46014044320462 
   201.20630478275416   119.83422146674413 
    240.2078028042632   126.08755744117416 
   223.83372178072369   142.46163846471367 
   243.28036189256025   100.38758135490757 
   253.50932473950562   135.41345250390123 
   237.13524371596614   151.78753352744073 
   226.90628086902072   116.76166237844708 
   184.83222375921466   136.20830249028364 
   168.45814273567515   152.58238351382317 
   207.45964075718419   158.83571948825318 
   191.08555973364469   175.20980051179271 
   210.53219984548124   133.13574340198662 
   220.76116269242661   168.16161455098023 
   204.38708166888713   184.53569557451974 
   194.15811882194171   149.50982442552612 
   152.08406171213562   168.95646453736268 
   135.70998068859612   185.33054556090218 
   174.71147871010515   191.58388153533221 
   158.33739768656568   207.95796255887171 
   177.78403779840221   165.88390544906562 
    188.0130006453476   200.90977659805924 
    171.6389196218081   217.28385762159877 
   161.40995677486271   182.25798647260513 
   119.33589966505662   201.70462658444168 
   102.96181864151708   218.07870760798124 
   141.96331666302612   224.33204358241125 
   125.58923563948662   240.70612460595075 
   145.03587575132318   198.63206749614466 
   155.26483859826857   233.65793864513827 
   138.89075757472907    250.0320196686778 
   128.66179472778367   215.00614851968416 
   86.587737617977581   234.45278863152075 
   233.95446682983319   87.086059419665119 
    256.5818838278027   109.71347641763464 
   112.28771370424414   231.38022954322369 
   95.913632680704652   247.75431056676319 
    246.4611387786932   165.08905546268318 
   88.069219792906537   6.6971364768965387 
   101.37074172814897   16.023031539623581 
   230.08705775515369   181.46313648622268 
   213.71297673161419   197.83721750976221 
   71.695138769367034   23.071217500436045 
   55.321057745827524   39.445298523975566 
   255.78703384142025   178.39057739792565 
   84.996660704609454   32.397112563163105 
   68.622579681069951   48.771193586702609 
   239.41295281788078   194.76465842146516 
   197.33889570807466   214.21129853330171 
   180.96481468453518   230.58537955684125 
   38.946976722287999   55.819379547515091 
   22.572895698748507   72.193460571054601 
   223.03887179434125   211.13873944500466 
   52.248498657530448   65.145274610242126 
    35.87441763399093   81.519355633781643 
   206.66479077080177   227.51282046854416 
   164.59073366099562   246.95946058038075 
   6.1988146752089861   88.567541594594104 
   190.29070974726224   243.88690149208369 
   19.500336610451434   97.893436657321132 
   3.1262555869119142   114.26751768086065 
