   154.79149391608007   7.0329863533669297 
   134.73742215874969   18.611210080809688 
   170.79149391608004   34.745799274468958 
   150.73742215874967   46.324023001911719 
   180.41100136207049   10.716765446986743 
   181.22605822741994   47.196609374508434 
   161.17198647008959   58.774833101951188 
   160.35692960474015   22.294989174429503 
   114.68335040141935   30.189433808252446 
   94.629278644088984   41.767657535695207 
   130.68335040141935   57.902246729354459 
   110.62927864408897   69.480470456797235 
   140.30285784740977   33.873212901872257 
   141.11791471275924    70.35305682939395 
   121.06384295542888   81.931280556836697 
   120.24878609007942   45.451436629315019 
   74.575206886758622   53.345881263137962 
   54.521135129428274   64.924104990580716 
   90.575206886758608   81.058694184239982 
   70.521135129428274    92.63691791168273 
   100.19471433274907   57.029660356757759 
   101.00977119809853   93.509504284279444 
   80.955699440768171   105.08772801172221 
   80.140642575418724   68.607884084200521 
   34.467063372097911   76.502328718023463 
   14.412991614767542   88.080552445466239 
   50.467063372097904   104.21514163912549 
   30.412991614767535   115.79336536656825 
   60.086570818088354   80.186107811643296 
    60.90162768343783   116.66595173916495 
   40.847555926107461   128.24417546660771 
   40.032499060758013   91.764331539086029 
   10.358919857437183   127.37158909401101 
   190.84556567341042   23.167575547026203 
   19.978427303427619   103.34255526652881 
   20.793484168777098   139.82239919405046 
   201.28012998475035   35.618385647065658 
   186.79149391608004   62.458612195571007 
   166.73742215874969   74.036835923013768 
   202.79149391608007   90.171425116673035 
   182.73742215874969   101.74964884411578 
   212.41100136207049   66.142391289190826 
   213.22605822741997    102.6222352167125 
   193.17198647008962   114.20045894415524 
   192.35692960474015   77.720615016633573 
   146.68335040141935   85.615059650456502 
   126.62927864408898   97.193283377899263 
   162.68335040141935   113.32787257155853 
     142.629278644089   124.90609629900129 
    172.3028578474098   89.298838744076335 
   173.11791471275924   125.77868267159801 
    153.0638429554289   137.35690639904075 
   152.24878609007942    100.8770624715191 
   106.57520688675861   108.77150710534204 
   86.521135129428274   120.34973083278479 
   122.57520688675862   136.48432002644407 
   102.52113512942829   148.06254375388681 
    132.1947143327491   112.45528619896184 
   133.00977119809855   148.93513012648353 
   112.95569944076819   160.51335385392628 
   112.14064257541874   124.03350992640459 
   66.467063372097911   131.92795456022753 
   46.412991614767556   143.50617828767031 
   82.467063372097911   159.64076748132956 
   62.412991614767549   171.21899120877234 
   92.086570818088362   135.61173365384735 
   92.901627683437852   172.09157758136902 
   72.847555926107475    183.6698013088118 
   72.032499060758028    147.1899573812901 
    26.35891985743719   155.08440201511306 
   206.84556567341042   50.880388468128245 
   42.358919857437186   182.79721493621511 
   222.84556567341039   78.593201389230259 
   51.978427303427637   158.76818110873288 
   52.793484168777113   195.24802503625455 
   233.28012998475035   91.044011489269721 
   31.924355546097296   170.34640483617565 
   218.79149391608007   117.88423803777508 
   198.73742215874969   129.46246176521782 
   234.79149391608007   145.59705095887713 
   214.73742215874972   157.17527468631988 
   244.41100136207052    121.5680171313949 
   245.22605822741997   158.04786105891657 
   225.17198647008959   169.62608478635931 
   224.35692960474017   133.14624085883764 
   178.68335040141935   141.04068549266057 
     158.629278644089   152.61890922010335 
   194.68335040141937   168.75349841376263 
     174.629278644089   180.33172214120538 
    204.3028578474098   144.72446458628042 
   205.11791471275924   181.20430851380206 
    185.0638429554289   192.78253224124484 
   184.24878609007945   156.30268831372317 
   138.57520688675862   164.19713294754609 
   118.52113512942829   175.77535667498884 
   154.57520688675862   191.90994586864815 
    134.5211351294283    203.4881695960909 
    164.1947143327491   167.88091204116591 
   165.00977119809855   204.36075596868758 
   144.95569944076817   215.93897969613036 
   144.14064257541872   179.45913576860866 
   98.467063372097925   187.35358040243162 
   78.412991614767563   198.93180412987439 
   114.46706337209793   215.06639332353367 
   94.412991614767563   226.64461705097642 
   124.08657081808838   191.03735949605144 
   124.90162768343785   227.51720342357308 
   104.84755592610747   239.09542715101585 
   104.03249906075803   202.61558322349416 
   58.358919857437193   210.51002785731714 
   238.84556567341042   106.30601431033232 
   74.358919857437201   238.22284077841917 
   254.84556567341045   134.01882723143436 
   83.978427303427651   214.19380695093696 
   84.793484168777113   250.67365087845863 
    63.92435554609731   225.77203067837971 
   250.79149391608007   173.30986387997916 
   230.73742215874972   184.88808760742191 
   129.17198647008959   3.3492072597471152 
   256.35692960474017    188.5718667010417 
   210.68335040141937   196.46631133486466 
     190.629278644089    208.0445350623074 
   98.683350401419318   2.4766208871503719 
   78.629278644088956   14.054844614593129 
   236.30285784740983   200.15009042848448 
   109.11791471275923   14.927430987189872 
   89.063842955428868   26.505654714632616 
   216.24878609007945   211.72831415592725 
   170.57520688675865   219.62275878975018 
    150.5211351294283    231.2009825171929 
   58.575206886758593   25.633068342035887 
   38.521135129428252   37.211292069478631 
   196.19471433274913   223.30653788336997 
    69.00977119809852   38.083878442075374 
   48.955699440768157   49.662102169518135 
   176.14064257541875   234.88476161081272 
   130.46706337209793   242.77920624463567 
   110.41299161476758   254.35742997207845 
   18.467063372097886   48.789515796921393 
   156.08657081808838   246.46298533825549 
   28.901627683437816   61.240325896960876 
   8.8475559261074501    72.81854962440363 
