   156.63492591042279   41.643330769708406 
   134.26751526864314   47.636660387948574 
   164.91713535370346   72.552957210958596 
   142.54972471192377   78.546286829198749 
   180.42803762193077   51.832404587747682 
   171.77364372725586   87.280180215929335 
   149.40623308547615   93.273509834169502 
   158.06062698015108    57.82573420598785 
   111.90010462686345   53.629990006188748 
   89.532693985083753   59.623319624428902 
    120.1823140701441   84.539616447438917 
   97.814903428364431   90.532946065679084 
   135.69321633837137    63.81906382422801 
   127.03882244369647    99.26683945240967 
   104.67141180191682   105.26016907064982 
    113.3258056965917   69.812393442468178 
   67.165283343304083    65.61664924266907 
   44.797872701524419   71.609978860909237 
   75.447492786584732   96.526275683919252 
   53.080082144805075   102.51960530215941 
   90.958395054812058   75.805723060708331 
   82.304001160137133   111.25349868888999 
   59.936590518357448   117.24682830713016 
   68.590984413032359   81.799052678948513 
   22.430462059744738   77.603308479149405 
   30.712671503025394   108.51293492039957 
    8.345260861245702   114.50626453863974 
   46.223573771252681   87.792382297188681 
   37.569179876577799   123.24015792537031 
   15.201769234798107   129.23348754361049 
   23.856163129473021   93.785711915428834 
   201.36974719398216   29.656671533228078 
   179.00233655220245   35.650001151468253 
   209.65195663726283    60.56629797447826 
   187.28454599548314   66.559627592718428 
   1.4887524876933136   99.779041533669002 
    216.5084650108152   75.293520979448999 
   194.14105436903554   81.286850597689167 
   202.79544826371045   45.839074969507514 
   173.19934479698412   103.46258365220878 
   150.83193415520444   109.45591327044893 
   181.48155424026478   134.37221009345896 
   159.11414359848513   140.36553971169911 
    196.9924565084921   113.65165747024808 
   188.33806261381716    149.0994330984297 
   165.97065197203747   155.09276271666985 
   174.62504586671241   119.64498708848825 
   128.46452351342475    115.4492428886891 
   106.09711287164508   121.44257250692928 
   136.74673295670544    146.3588693299393 
   114.37932231492574   152.35219894817945 
   152.25763522493273    125.6383167067284 
   143.60324133025782   161.08609233491003 
   121.23583068847815   167.07942195315016 
   129.89022458315304   131.63164632496856 
   83.729702229865396   127.43590212516943 
   61.362291588085746   133.42923174340962 
   92.011911673146059    158.3455285664196 
   69.644501031366417   164.33885818465978 
   107.52281394137339   137.62497594320874 
   98.868420046698461   173.07275157139034 
   76.501009404918761   179.06608118963049 
   85.155403299593701   143.61830556144892 
   38.994880946306054   139.42256136164977 
   16.627470304526376   145.41589097988995 
   47.277090389586725   170.33218780289997 
   24.909679747807033   176.32551742114012 
   62.787992657814016   149.61163517968907 
   54.133598763139112   185.05941080787065 
   31.766188121359434   191.05274042611083 
   40.420582016034366   155.60496479792923 
   217.93416608054349   91.475924415728457 
   195.56675543876381    97.46925403396861 
   226.21637552382415   122.38555085697863 
   203.84896488204444   128.37888047521881 
   18.053171374254642   161.59829441616941 
   233.07288389737653   137.11277386194934 
    210.7054732555969   143.10610348018952 
   219.35986715027178   107.65832785200791 
   189.76376368354545   165.28183653470916 
   167.39635304176579   171.27516615294934 
   198.04597312682614   196.19146297595938 
   175.67856248504648   202.18479259419954 
   213.55687539505342   175.47091035274843 
   204.90248150037851   210.91868598093006 
   182.53507085859883   216.91201559917025 
   191.18946475327374   181.46423997098859 
   145.02894239998611   177.26849577118949 
   122.66153175820642   183.26182538942965 
   153.31115184326677   208.17812221243969 
   130.94374120148709   214.17145183067987 
   168.82205411149403   187.45756958922877 
   160.16766021681912   222.90534521741043 
   137.80024957503946   228.89867483565058 
   146.45464346971437   193.45089920746892 
   100.29412111642674   189.25515500766983 
   77.926710474647081   195.24848462590998 
    108.5763305597074   220.16478144892002 
   86.208919917927744   226.15811106716018 
    124.0872328279347   199.44422882570908 
    115.4328389332598   234.89200445389073 
   93.065428291480103   240.88533407213092 
   101.71982218615501   205.43755844394926 
   55.559299832867396   201.24181424415013 
   33.191889191087704   207.23514386239032 
   63.841509276148052   232.15144068540036 
   41.474098634368374   238.14477030364048 
   79.352411544375329   211.43088806218941 
   70.698017649700446   246.87866369037104 
   48.330607007920761   252.87199330861122 
   56.985000902595679   217.42421768042956 
   234.49858496710482   153.29517729822885 
   212.13117432532513     159.288506916469 
   242.78079441038545   184.20480373947902 
    220.4133837686058    190.1981333577192 
   34.617590260815959   223.41754729866977 
   249.63730278393788   198.93202674444973 
   227.26989214215823   204.92535636268991 
   235.92428603683308   169.47758073450828 
    206.3281825701068   227.10108941720952 
   183.96077192832709   233.09441903544968 
   148.35271646714213   10.733704328458213 
   125.98530582536247   16.727033946698384 
    155.2092248406945   25.460927333428931 
   132.84181419891482   31.454256951669102 
   161.59336128654741   239.08774865368986 
   139.22595064476775   245.08107827193001 
   103.61789518358277   22.720363564938555 
    81.25048454180309   28.713693183178709 
   119.12879745181007   1.9998109417276657 
   110.47440355713513   37.447586569909255 
   88.106992915355491    43.44091618814943 
   96.761386810030388    7.993140559967836 
   116.85854000298805   251.07440789017016 
   58.883073900023405    34.70702280141888 
   36.515663258243755    40.70035241965904 
   74.393976168250745   13.986470178207993 
   65.739582273575792   49.434245806389583 
   43.372171631796121   55.427575424629758 
   52.026565526471046   19.979799796448162 
   14.148252616464067   46.693682037899208 
   29.659154884691354   25.973129414688334 
   21.004760990016454   61.420905042869911 
   7.2917442429117054   31.966459032928491 
   251.06300385366612   215.11443018072916 
   228.69559321188646   221.10775979896934 
   170.72012710892179    4.740374710218056 
    199.9440461242539   13.474268096948604 
   177.57663548247422   19.467597715188759 
