   188.28138231677858   7.7793231331037935 
   165.12493486189305   7.7793231331037935 
   188.28138231677858    39.77932313310378 
   165.12493486189305    39.77932313310378 
   208.62663705064099   23.779323133103787 
   191.09257503780168   55.779323133103787 
   167.93612758291619   55.779323133103787 
   185.47018959575547   23.779323133103787 
   141.96848740700759   7.7793231331037935 
   118.81203995212206   7.7793231331037935 
   141.96848740700759    39.77932313310378 
   118.81203995212206    39.77932313310378 
   162.31374214086998   23.779323133103787 
   144.77968012803066   55.779323133103787 
   121.62323267314515   55.779323133103787 
   139.15729468598445   23.779323133103787 
    95.65559249723654   7.7793231331037935 
    72.49914504235106   7.7793231331037935 
    95.65559249723654    39.77932313310378 
    72.49914504235106    39.77932313310378 
   116.00084723109894   23.779323133103787 
   98.466785218259659   55.779323133103787 
    75.31033776337415   55.779323133103787 
   92.844399776213464   23.779323133103787 
    49.34269758746553   7.7793231331037935 
   26.186250132580014   7.7793231331037935 
   49.342697587465544    39.77932313310378 
   26.186250132580028    39.77932313310378 
   69.687952321327941   23.779323133103787 
   52.153890308488656   55.779323133103787 
    28.99744285360314   55.779323133103787 
   46.531504866442461   23.779323133103787 
   234.59427722654959   7.7793231331037935 
    211.4378297716641   7.7793231331037935 
   234.59427722654962    39.77932313310378 
    211.4378297716641    39.77932313310378 
   23.375057411556913   23.779323133103787 
   237.40546994757273   55.779323133103787 
   214.24902249268717   55.779323133103787 
   231.78308450552652   23.779323133103787 
   188.28138231677858   71.779323133103787 
   165.12493486189305   71.779323133103787 
   188.28138231677858   103.77932313310379 
   165.12493486189305   103.77932313310379 
   208.62663705064099   87.779323133103802 
   191.09257503780171   119.77932313310379 
   167.93612758291619   119.77932313310379 
   185.47018959575547   87.779323133103802 
   141.96848740700759   71.779323133103787 
   118.81203995212206   71.779323133103787 
   141.96848740700759   103.77932313310379 
   118.81203995212206   103.77932313310379 
   162.31374214086998   87.779323133103802 
   144.77968012803066   119.77932313310379 
   121.62323267314515   119.77932313310379 
   139.15729468598445   87.779323133103802 
    95.65559249723654   71.779323133103787 
    72.49914504235106   71.779323133103787 
    95.65559249723654   103.77932313310379 
    72.49914504235106   103.77932313310379 
   116.00084723109894   87.779323133103802 
   98.466785218259659   119.77932313310379 
    75.31033776337415   119.77932313310379 
   92.844399776213464   87.779323133103802 
   49.342697587465544   71.779323133103787 
   26.186250132580028   71.779323133103787 
   49.342697587465544   103.77932313310379 
   26.186250132580028    103.7793231331038 
   69.687952321327941   87.779323133103802 
   52.153890308488656   119.77932313310379 
    28.99744285360314   119.77932313310379 
   46.531504866442461   87.779323133103802 
   234.59427722654962   71.779323133103787 
    211.4378297716641   71.779323133103787 
   234.59427722654962   103.77932313310377 
    211.4378297716641   103.77932313310379 
   23.375057411556913   87.779323133103802 
   237.40546994757273   119.77932313310379 
   214.24902249268717   119.77932313310379 
   231.78308450552652   87.779323133103802 
   188.28138231677858   135.77932313310379 
   165.12493486189305   135.77932313310379 
   188.28138231677858   167.77932313310382 
   165.12493486189305   167.77932313310382 
   208.62663705064099   151.77932313310379 
   191.09257503780171   183.77932313310379 
   167.93612758291619   183.77932313310379 
   185.47018959575547   151.77932313310379 
   141.96848740700759   135.77932313310379 
   118.81203995212206   135.77932313310379 
   141.96848740700759   167.77932313310382 
   118.81203995212206   167.77932313310382 
   162.31374214086998   151.77932313310379 
   144.77968012803066   183.77932313310379 
   121.62323267314515   183.77932313310379 
   139.15729468598445   151.77932313310379 
    95.65559249723654   135.77932313310379 
    72.49914504235106   135.77932313310379 
    95.65559249723654   167.77932313310382 
    72.49914504235106   167.77932313310382 
   116.00084723109894   151.77932313310379 
   98.466785218259659   183.77932313310379 
    75.31033776337415   183.77932313310379 
   92.844399776213464   151.77932313310379 
   49.342697587465544   135.77932313310379 
   26.186250132580028   135.77932313310379 
   49.342697587465544   167.77932313310382 
   26.186250132580028   167.77932313310382 
   69.687952321327941   151.77932313310379 
   52.153890308488656   183.77932313310379 
    28.99744285360314   183.77932313310379 
   46.531504866442461   151.77932313310379 
   234.59427722654962   135.77932313310379 
    211.4378297716641   135.77932313310379 
   234.59427722654962   167.77932313310382 
    211.4378297716641   167.77932313310382 
   23.375057411556913   151.77932313310379 
   237.40546994757273   183.77932313310379 
   214.24902249268717   183.77932313310379 
   231.78308450552652   151.77932313310379 
   188.28138231677858   199.77932313310379 
   165.12493486189305   199.77932313310379 
   188.28138231677858   231.77932313310379 
   165.12493486189305   231.77932313310379 
   208.62663705064099   215.77932313310379 
   191.09257503780171   247.77932313310379 
   167.93612758291619   247.77932313310379 
    185.4701895957555   215.77932313310379 
   141.96848740700759   199.77932313310379 
   118.81203995212206   199.77932313310379 
   141.96848740700759   231.77932313310379 
   118.81203995212206   231.77932313310379 
   162.31374214086998   215.77932313310379 
   144.77968012803066   247.77932313310379 
   121.62323267314515   247.77932313310379 
   139.15729468598445   215.77932313310379 
    95.65559249723654   199.77932313310379 
    72.49914504235106   199.77932313310379 
    95.65559249723654   231.77932313310379 
    72.49914504235106   231.77932313310379 
   116.00084723109894   215.77932313310379 
   98.466785218259659   247.77932313310379 
    75.31033776337415   247.77932313310379 
   92.844399776213464   215.77932313310379 
   49.342697587465544   199.77932313310379 
   26.186250132580028   199.77932313310379 
   49.342697587465544   231.77932313310379 
   26.186250132580028   231.77932313310379 
   69.687952321327941   215.77932313310379 
    52.15389030848867   247.77932313310379 
   28.997442853603154   247.77932313310379 
   46.531504866442461   215.77932313310379 
   234.59427722654962   199.77932313310379 
    211.4378297716641   199.77932313310379 
   234.59427722654962   231.77932313310379 
    211.4378297716641   231.77932313310379 
   23.375057411556913   215.77932313310379 
   237.40546994757273   247.77932313310379 
   214.24902249268717   247.77932313310379 
   231.78308450552652   215.77932313310379 
