   43.979881782430724    13.50069523893572 
   55.754778085779826   10.345514380450211 
   40.824754375466654   25.275791026078643 
   34.514499561538535   48.825982600364505 
   49.444523271851708   33.895705954736073 
   46.289395864887638   45.670801741878996 
   31.359372154574469   60.601078387507428 
   25.049117340646337    84.15126996179329 
    39.97914105095952   69.220993316164837 
   36.824013643995457   80.996089103307767 
   21.893989933682285   95.926365748936206 
    15.58373511975415   119.47655732322208 
   30.513758830067339   104.54628067759361 
   27.358631423103272   116.32137646473656 
   12.428607712790084     131.251653110365 
    6.118352898861966   154.80184468465083 
   21.048376609175154   139.87156803902241 
   17.893249202211088   151.64666382616534 
   2.9632254918979148   166.57694047179376 
   11.582994388282968   175.19685540045117 
   8.4278669813189016    186.9719511875941 
   2.1176121673907682   210.52214276187999 
   64.374546982164858   18.965429309107613 
   79.304570692478052   4.0351526634791659 
   76.149443285513982   15.810248450622089 
   61.219419575200796   30.740525096250536 
   54.909164761272677   54.290716670536398 
   69.839188471585871   39.360440024907952 
   66.684061064621801   51.135535812050875 
   51.754037354308615   66.065812457679314 
   45.443782540380475   89.616004031965176 
   60.373806250693683   74.685727386336723 
   57.218678843729613   86.460823173479653 
   42.288655133416427   101.39109981910809 
   35.978400319488294   124.94129139339397 
   50.908424029801495    110.0110147477655 
   47.753296622837432   121.78611053490846 
   32.823272912524232   136.71638718053688 
    26.51301809859611   160.26657875482272 
   41.443041808909314   145.33630210919429 
   38.287914401945244   157.11139789633722 
   23.357890691632058   172.04167454196565 
   17.047635877703925   195.59186611625148 
   31.977659588017126   180.66158947062306 
   28.822532181053059   192.43668525776599 
   13.892508470739857   207.36696190339447 
   22.512277367124927   215.98687683205185 
   19.357149960160875   227.76197261919478 
   84.769212181899022   24.430163379279506 
   99.699235892212187   9.4998867336510582 
   96.544108485248131    21.27498252079398 
   81.614084774934966   36.205259166422429 
   75.303829961006855   59.755450740708291 
   90.233853671320006   44.825174095079845 
    87.07872626435595   56.600269882222769 
   72.148702554042785   71.530546527851214 
    65.83844774011466   95.080738102137062 
   80.768471450427825   80.150461456508609 
   77.613344043463755   91.925557243651554 
   62.683320333150597   106.85583388927998 
   56.373065519222465   130.40602546356587 
   71.303089229535644    115.4757488179374 
   68.147961822571574   127.25084460508033 
   53.217938112258402   142.18112125070877 
   46.907683298330284   165.73131282499463 
   61.837707008643449   150.80103617936621 
   58.682579601679386   162.57613196650911 
   43.752555891366228   177.50640861213756 
   37.442301077438096    201.0566001864234 
   52.372324787751268   186.12632354079497 
   49.217197380787198    197.9014193279379 
   34.287173670474033   212.83169597356635 
   42.906942566859065   221.45161090222373 
   39.751815159895017   233.22670668936667 
    111.4741321955613   6.3447058751655359 
   105.16387738163318   29.894897449451381 
   120.09390109194635   14.964620803822951 
   116.93877368498229   26.739716590965873 
   102.00874997466913   41.669993236594308 
    95.69849516074099    65.22018481088017 
   110.62851887105417   50.289908165251738 
    107.4733914640901   62.065003952394655 
    92.54336775377692   76.995280598023086 
   86.233112939848809   100.54547217230895 
   101.16313665016197   85.615195526680509 
   98.008009243197918   97.390291313823425 
   83.077985532884753   112.32056795945188 
   76.767730718956628   135.87075953373775 
   91.697754429269793   120.94048288810927 
   88.542627022305723   132.71557867525223 
   73.612603311992558   147.64585532088066 
   67.302348498064433   171.19604689516652 
   82.232372208377598   156.26577024953806 
   79.077244801413542     168.040866036681 
   64.147221091100363   182.97114268230942 
   57.836966277172252   206.52133425659528 
   72.766989987485431   191.59105761096686 
   69.611862580521361   203.36615339810976 
   54.681838870208189   218.29643004373824 
   63.301607766593236   226.91634497239565 
   60.146480359629173   238.69144075953858 
   131.86879739529545   11.809439945337429 
   125.55854258136733   35.359631519623278 
   140.48856629168051   20.429354873994829 
   137.33343888471643   32.204450661137756 
   122.40341517440326   47.134727306766194 
   116.09316036047514   70.684918881052056 
   131.02318407078832    55.75464223542361 
   127.86805666382426   67.529738022566534 
   112.93803295351108   82.460014668194972 
   106.62777813958297   106.01020624248085 
   121.55780184989614   91.079929596852381 
   118.40267444293207   102.85502538399533 
    103.4726507326189   117.78530202962376 
   97.162395918690763   141.33549360390964 
   112.09241962900394   126.40521695828117 
   108.93729222203987   138.18031274542412 
   94.007268511726693   153.11058939105257 
   87.697013697798582    176.6607809653384 
   102.62703740811175   161.73050431970995 
   99.471910001147705   173.50560010685288 
   84.541886290834526   188.43587675248131 
   78.231631476906401   211.98606832676714 
   93.161655187219566   197.05579168113871 
   90.006527780255496   208.83088746828165 
   75.076504069942331   223.76116411391013 
   83.696272966327385   232.38107904256751 
   80.541145559363315   244.15617482971044 
   152.26346259502961    17.27417401550932 
   145.95320778110147   40.824365589795164 
   160.88323149141465   25.894088944166722 
   157.72810408445059   37.669184731309642 
   142.79808037413741   52.599461376938088 
    136.4878255602093   76.149652951223956 
   151.41784927052248   61.219376305595503 
   148.26272186355843    72.99447209273842 
   133.33269815324525   87.924748738366873 
   127.02244333931711   111.47494031265272 
   141.95246704963029   96.544663667024267 
    138.7973396426662   108.31975945416721 
   123.86731593235304   123.25003609979565 
   117.55706111842493   146.80022767408153 
   132.48708482873809   131.86995102845304 
   129.33195742177404     143.645046815596 
   114.40193371146086   158.57532346122446 
   108.09167889753274   182.12551503551029 
   123.02170260784591   167.19523838988187 
   119.86657520088184    178.9703341770248 
   104.93655149056868   193.90061082265322 
    98.62629667664055   217.45080239693905 
   113.55632038695373   202.52052575131063 
   110.40119297998966   214.29562153845356 
   95.471169269676494   229.22589818408201 
   155.41859000199369   5.4990782283663675 
   104.09093816606152   237.84581311273939 
   100.93581075909748   249.62090889988232 
   172.65812779476374   22.738908085681214 
   166.34787298083566   46.289099659967043 
   181.27789669114881   31.358823014338615 
   178.12276928418476   43.133918801481535 
   163.19274557387158   58.064195447109967 
   156.88249075994347   81.614387021395828 
   171.81251447025664   66.684110375767403 
   168.65738706329259    78.45920616291032 
   153.72736335297941   93.389482808538759 
   147.41710853905127   116.93967438282462 
   162.34713224936445   102.00939773719617 
   159.19200484240039   113.78449352433911 
   144.26198113208721   128.71477016996755 
   137.95172631815907   152.26496174425344 
   152.88175002847228   137.33468509862496 
   149.72662262150823   149.10978088576789 
   134.79659891119502   164.04005753139634 
   128.48634409726691    187.5902491056822 
   143.41636780758009   172.65997246005372 
     140.261240400616   184.43506824719665 
   125.33121669030285   199.36534489282514 
   119.02096187637473   222.91553646711097 
   133.95098558668789   207.98525982148252 
   130.79585817972384   219.76035560862542 
   115.86583446941064    234.6906322542539 
   175.81325520172786    10.96381229853826 
   124.48560336579571   243.31054718291131 
   121.33047595883164   255.08564297005424 
   193.05279299449793   28.203642155853093 
    186.7425381805698   51.753833730138936 
   201.67256189088297   36.823557084510504 
   198.51743448391889   48.598652871653428 
   183.58741077360577    63.52892951728186 
   177.27715595967763   87.079121091567728 
   192.20717966999081   72.148844445939275 
   189.05205226302672   83.923940233082206 
   174.12202855271354   98.854216878710645 
   167.81177373878543   122.40440845299651 
   182.74179744909861   107.47413180736804 
   179.58667004213456   119.24922759451098 
   164.65664633182135   134.17950424013944 
   158.34639151789324    157.7296958144253 
   173.27641522820642   142.79941916879685 
   170.12128782124236   154.57451495593978 
   155.19126411092918   169.50479160156823 
   148.88100929700104   193.05498317585406 
   163.81103300731422   178.12470653022561 
   160.65590560035017   189.89980231736854 
   145.72588189003699   204.83007896299696 
   139.41562707610888   228.38027053728283 
   154.34565078642206   213.44999389165437 
     151.190523379458    225.2250896787973 
   136.26049966914479   240.15536632442578 
   196.20792040146199   16.428546368710137 
   144.88026856552986   248.77528125308322 
   213.44745819423207   33.668376226024982 
   207.13720338030396   57.218567800310829 
   222.06722709061714   42.288291154682383 
   218.91209968365308   54.063386941825307 
    203.9820759733399   68.993663587453753 
   197.67182115941176   92.543855161739614 
   212.60184486972494   77.613578516111176 
   209.44671746276092   89.388674303254092 
   194.51669375244771   104.31895094888255 
   188.20643893851957   127.86914252316838 
   203.13646264883278   112.93886587753994 
   199.98133524186869   124.71396166468287 
   185.05131153155554   139.64423831031129 
    178.7410567176274   163.19442988459718 
   193.67108042794058   148.26415323896873 
    190.5159530209765   160.03924902611169 
   175.58592931066332   174.96952567174012 
   169.27567449673521   198.51971724602595 
   184.20569820704836   183.58944060039752 
   181.05057080008433   195.36453638754045 
   166.12054708977115   210.29481303316888 
   159.81029227584304   233.84500460745471 
   174.74031598615619   218.91472796182629 
   171.58518857919213   230.68982374896922 
   156.65516486887896   245.62010039459767 
   216.60258560119615    21.89328043888203 
   165.27493376526402   254.24001532325505 
   233.84212339396623   39.133110296196861 
   227.53186858003812   62.683301870482708 
   242.46189229035127   47.753025224854277 
   239.30676488338722     59.5281210119972 
   224.37674117307404   74.458397657625625 
    218.0664863591459   98.008589231911486 
   232.99651006945911   83.078312586283062 
   229.84138266249505   94.853408373425978 
   214.91135895218184   109.78368501905442 
    208.6011041382537   133.33387659334028 
   223.53112784856691   118.40359994771183 
   220.37600044160286   130.17869573485476 
   205.44597673128968   145.10897238048318 
   199.13572191736154   168.65916395476907 
   214.06574562767472   153.72888730914059 
   210.91061822071063   165.50398309628355 
   195.98059451039748   180.43425974191197 
   189.67033969646937   203.98445131619786 
   204.60036340678255   189.05417467056941 
   201.44523599981846   200.82927045771231 
   186.51521228950531   215.75954710334079 
   180.20495747557717    239.3097386776266 
   195.13498118589038   224.37946203199817 
    191.9798537789263    236.1545578191411 
   177.04983006861309   251.08483446476956 
   236.99725080093032   27.358014509053909 
    254.2367885937004   44.597844366368754 
   247.92653377977226   68.148035940654594 
   244.77140637280817   79.923131727797525 
   238.46115155888009   103.47332330208339 
   253.39117526919324   88.543046656454933 
   250.23604786222919   100.31814244359786 
   235.30602415191601    115.2484190892263 
   228.99576933798789   138.79861066351216 
   243.92579304830105   123.86833401788371 
   240.77066564133699   135.64342980502664 
   225.84064193102384    150.5737064506551 
    219.5303871170957   174.12389802494096 
   234.46041082740888    159.1936213793125 
   231.30528342044482   170.96871716645543 
   216.37525971013164   185.89899381208389 
    210.0650048962035   209.44918538636972 
   224.99502860651671   194.51890874074127 
   221.83990119955266    206.2940045278842 
   206.90987748923945   221.22428117351262 
   200.59962267531131   244.77447274779848 
   215.52964638562452   229.84419610217006 
   212.37451897866046   241.61929188931296 
   197.44449526834725    256.5495685349415 
   35.360112886045634   4.8807803102783183 
   29.049858072117519   28.430971884564165 
   25.894730665153453   40.206067671707089 
   255.70068935165017   120.71315315939819 
   249.39043453772203   144.26334473368405 
   19.584475851225335   63.756259245992943 
   16.429348444261265   75.531355033135867 
     246.235307130758   156.03844052082698 
   239.92505231682986   179.58863209511284 
   10.119093630333149   99.081546607421714 
   6.9639662233690824   110.85664239456467 
   236.76992490986578   191.36372788225577 
   230.45967009593767   214.91391945654161 
   227.30454268897358   226.68901524368454 
   220.99428787504544    250.2392068179704 
