   7.2980811933647933   31.552878857725009 
   7.2980811933647933   55.933831238677392 
   17.855136737726401   37.648116952963115 
   17.855136737726401   49.838593143439297 
   7.2980811933647933   68.124307429153575 
   7.2980811933647933   92.505259810105969 
   17.855136737726401   74.219545524391677 
   17.855136737726401   86.410021714867867 
   7.2980811933647933   104.69573600058214 
   7.2980811933647933   129.07668838153452 
   17.855136737726401   110.79097409582023 
   17.855136737726401   122.98145028629644 
   7.2980811933647933   141.26716457201073 
   7.2980811933647933   165.64811695296308 
   17.855136737726401    147.3624026672488 
   17.855136737726401   159.55287885772503 
   7.2980811933647933   177.83859314343928 
   7.2980811933647933   202.21954552439163 
   17.855136737726401   183.93383123867739 
   17.855136737726401   196.12430742915359 
   7.2980811933647933   214.41002171486781 
   7.2980811933647933   238.79097409582019 
   17.855136737726401   220.50525981010594 
   17.855136737726401   232.69573600058214 
   7.2980811933647933   250.98145028629645 
   7.2980811933647933   19.362402667248809 
   17.855136737726401   1.0766883815345007 
   17.855136737726401   13.267164572010685 
   28.412192282088007   31.552878857725009 
   28.412192282088007   55.933831238677392 
   38.969247826449617   37.648116952963115 
   38.969247826449617   49.838593143439297 
   28.412192282088007   68.124307429153575 
   28.412192282088007   92.505259810105969 
   38.969247826449617   74.219545524391677 
   38.969247826449617   86.410021714867867 
   28.412192282088007   104.69573600058214 
   28.412192282088007   129.07668838153452 
   38.969247826449617   110.79097409582023 
   38.969247826449617   122.98145028629644 
   28.412192282088007   141.26716457201073 
   28.412192282088007   165.64811695296308 
   38.969247826449617    147.3624026672488 
   38.969247826449617   159.55287885772503 
   28.412192282088007   177.83859314343928 
   28.412192282088007   202.21954552439163 
   38.969247826449617   183.93383123867739 
   38.969247826449617   196.12430742915359 
   28.412192282088007   214.41002171486781 
   28.412192282088007   238.79097409582019 
   38.969247826449617   220.50525981010594 
   38.969247826449617   232.69573600058214 
   28.412192282088007   250.98145028629645 
   28.412192282088007   19.362402667248809 
   38.969247826449617   1.0766883815345007 
   38.969247826449617   13.267164572010685 
   49.526303370811242   31.552878857725009 
   49.526303370811242   55.933831238677392 
    60.08335891517283   37.648116952963115 
    60.08335891517283   49.838593143439297 
   49.526303370811242   68.124307429153575 
   49.526303370811242   92.505259810105969 
    60.08335891517283   74.219545524391677 
    60.08335891517283   86.410021714867867 
   49.526303370811242   104.69573600058214 
   49.526303370811242   129.07668838153452 
    60.08335891517283   110.79097409582023 
    60.08335891517283   122.98145028629644 
   49.526303370811242   141.26716457201073 
   49.526303370811242   165.64811695296308 
    60.08335891517283    147.3624026672488 
    60.08335891517283   159.55287885772503 
   49.526303370811242   177.83859314343928 
   49.526303370811242   202.21954552439163 
    60.08335891517283   183.93383123867739 
    60.08335891517283   196.12430742915359 
   49.526303370811242   214.41002171486781 
   49.526303370811242   238.79097409582019 
    60.08335891517283   220.50525981010594 
    60.08335891517283   232.69573600058214 
   49.526303370811242   250.98145028629645 
   49.526303370811242   19.362402667248809 
    60.08335891517283   1.0766883815345007 
    60.08335891517283   13.267164572010685 
   70.640414459534455   31.552878857725009 
   70.640414459534455   55.933831238677392 
   81.197470003896058   37.648116952963115 
   81.197470003896058   49.838593143439297 
   70.640414459534455   68.124307429153575 
   70.640414459534455   92.505259810105969 
   81.197470003896058   74.219545524391677 
   81.197470003896058   86.410021714867867 
   70.640414459534455   104.69573600058214 
   70.640414459534455   129.07668838153452 
   81.197470003896058   110.79097409582023 
   81.197470003896058   122.98145028629644 
   70.640414459534455   141.26716457201073 
   70.640414459534455   165.64811695296308 
   81.197470003896058    147.3624026672488 
   81.197470003896058   159.55287885772503 
   70.640414459534455   177.83859314343928 
   70.640414459534455   202.21954552439163 
   81.197470003896058   183.93383123867739 
   81.197470003896058   196.12430742915359 
   70.640414459534455   214.41002171486781 
   70.640414459534455   238.79097409582019 
   81.197470003896058   220.50525981010594 
   81.197470003896058   232.69573600058214 
   70.640414459534455   250.98145028629645 
   70.640414459534455   19.362402667248809 
   81.197470003896058   1.0766883815345007 
   81.197470003896058   13.267164572010685 
   91.754525548257675   31.552878857725009 
   91.754525548257675   55.933831238677392 
   102.31158109261928   37.648116952963115 
   102.31158109261928   49.838593143439297 
   91.754525548257675   68.124307429153575 
   91.754525548257675   92.505259810105969 
   102.31158109261928   74.219545524391677 
   102.31158109261928   86.410021714867867 
   91.754525548257675   104.69573600058214 
   91.754525548257675   129.07668838153452 
   102.31158109261928   110.79097409582023 
   102.31158109261928   122.98145028629644 
   91.754525548257675   141.26716457201073 
   91.754525548257675   165.64811695296308 
   102.31158109261928    147.3624026672488 
   102.31158109261928   159.55287885772503 
   91.754525548257675   177.83859314343928 
   91.754525548257675   202.21954552439163 
   102.31158109261928   183.93383123867739 
   102.31158109261928   196.12430742915359 
   91.754525548257675   214.41002171486781 
   91.754525548257675   238.79097409582019 
   102.31158109261928   220.50525981010594 
   102.31158109261928   232.69573600058214 
   91.754525548257675   250.98145028629645 
   91.754525548257675   19.362402667248809 
   102.31158109261928   1.0766883815345007 
   102.31158109261928   13.267164572010685 
   112.86863663698088   31.552878857725009 
   112.86863663698088   55.933831238677392 
    123.4256921813425   37.648116952963115 
    123.4256921813425   49.838593143439297 
   112.86863663698088   68.124307429153575 
   112.86863663698088   92.505259810105969 
    123.4256921813425   74.219545524391677 
    123.4256921813425   86.410021714867867 
   112.86863663698088   104.69573600058214 
   112.86863663698088   129.07668838153452 
    123.4256921813425   110.79097409582023 
    123.4256921813425   122.98145028629644 
   112.86863663698088   141.26716457201073 
   112.86863663698088   165.64811695296308 
    123.4256921813425    147.3624026672488 
    123.4256921813425   159.55287885772503 
   112.86863663698088   177.83859314343928 
   112.86863663698088   202.21954552439163 
    123.4256921813425   183.93383123867739 
    123.4256921813425   196.12430742915359 
   112.86863663698088   214.41002171486781 
   112.86863663698088   238.79097409582019 
    123.4256921813425   220.50525981010594 
    123.4256921813425   232.69573600058214 
   112.86863663698088   250.98145028629645 
   112.86863663698088   19.362402667248809 
    123.4256921813425   1.0766883815345007 
    123.4256921813425   13.267164572010685 
   133.98274772570412   31.552878857725009 
   133.98274772570412   55.933831238677392 
   144.53980327006573   37.648116952963115 
   144.53980327006573   49.838593143439297 
   133.98274772570412   68.124307429153575 
   133.98274772570412   92.505259810105969 
   144.53980327006573   74.219545524391677 
   144.53980327006573   86.410021714867867 
   133.98274772570412   104.69573600058214 
   133.98274772570412   129.07668838153452 
   144.53980327006573   110.79097409582023 
   144.53980327006573   122.98145028629644 
   133.98274772570412   141.26716457201073 
   133.98274772570412   165.64811695296308 
   144.53980327006573    147.3624026672488 
   144.53980327006573   159.55287885772503 
   133.98274772570412   177.83859314343928 
   133.98274772570412   202.21954552439163 
   144.53980327006573   183.93383123867739 
   144.53980327006573   196.12430742915359 
   133.98274772570412   214.41002171486781 
   133.98274772570412   238.79097409582019 
   144.53980327006573   220.50525981010594 
   144.53980327006573   232.69573600058214 
   133.98274772570412   250.98145028629645 
   133.98274772570412   19.362402667248809 
   144.53980327006573   1.0766883815345007 
   144.53980327006573   13.267164572010685 
   155.09685881442732   31.552878857725009 
   155.09685881442732   55.933831238677392 
   165.65391435878894   37.648116952963115 
   165.65391435878894   49.838593143439297 
   155.09685881442732   68.124307429153575 
   155.09685881442732   92.505259810105969 
   165.65391435878894   74.219545524391677 
   165.65391435878894   86.410021714867867 
   155.09685881442732   104.69573600058214 
   155.09685881442732   129.07668838153452 
   165.65391435878894   110.79097409582023 
   165.65391435878894   122.98145028629644 
   155.09685881442732   141.26716457201073 
   155.09685881442732   165.64811695296308 
   165.65391435878894    147.3624026672488 
   165.65391435878894   159.55287885772503 
   155.09685881442732   177.83859314343928 
   155.09685881442732   202.21954552439163 
   165.65391435878894   183.93383123867739 
   165.65391435878894   196.12430742915359 
   155.09685881442732   214.41002171486781 
   155.09685881442732   238.79097409582019 
   165.65391435878894   220.50525981010594 
   165.65391435878894   232.69573600058214 
   155.09685881442732   250.98145028629645 
   155.09685881442732   19.362402667248809 
   165.65391435878894   1.0766883815345007 
   165.65391435878894   13.267164572010685 
   176.21096990315053   31.552878857725009 
   176.21096990315053   55.933831238677392 
   186.76802544751214   37.648116952963115 
   186.76802544751214   49.838593143439297 
   176.21096990315053   68.124307429153575 
   176.21096990315053   92.505259810105969 
   186.76802544751214   74.219545524391677 
   186.76802544751214   86.410021714867867 
   176.21096990315053   104.69573600058214 
   176.21096990315053   129.07668838153452 
   186.76802544751214   110.79097409582023 
   186.76802544751214   122.98145028629644 
   176.21096990315053   141.26716457201073 
   176.21096990315053   165.64811695296308 
   186.76802544751214    147.3624026672488 
   186.76802544751214   159.55287885772503 
   176.21096990315053   177.83859314343928 
   176.21096990315053   202.21954552439163 
   186.76802544751214   183.93383123867739 
   186.76802544751214   196.12430742915359 
   176.21096990315053   214.41002171486781 
   176.21096990315053   238.79097409582019 
   186.76802544751214   220.50525981010594 
   186.76802544751214   232.69573600058214 
   176.21096990315053   250.98145028629645 
   176.21096990315053   19.362402667248809 
   186.76802544751214   1.0766883815345007 
   186.76802544751214   13.267164572010685 
   197.32508099187373   31.552878857725009 
   197.32508099187373   55.933831238677392 
   207.88213653623538   37.648116952963115 
   207.88213653623538   49.838593143439297 
   197.32508099187373   68.124307429153575 
   197.32508099187373   92.505259810105969 
   207.88213653623538   74.219545524391677 
   207.88213653623538   86.410021714867867 
   197.32508099187373   104.69573600058214 
   197.32508099187373   129.07668838153452 
   207.88213653623538   110.79097409582023 
   207.88213653623538   122.98145028629644 
   197.32508099187373   141.26716457201073 
   197.32508099187373   165.64811695296308 
   207.88213653623538    147.3624026672488 
   207.88213653623538   159.55287885772503 
   197.32508099187373   177.83859314343928 
   197.32508099187373   202.21954552439163 
   207.88213653623538   183.93383123867739 
   207.88213653623538   196.12430742915359 
   197.32508099187373   214.41002171486781 
   197.32508099187373   238.79097409582019 
   207.88213653623538   220.50525981010594 
   207.88213653623538   232.69573600058214 
   197.32508099187373   250.98145028629645 
   197.32508099187373   19.362402667248809 
   207.88213653623538   1.0766883815345007 
   207.88213653623538   13.267164572010685 
   218.43919208059697   31.552878857725009 
   218.43919208059697   55.933831238677392 
   228.99624762495858   37.648116952963115 
   228.99624762495858   49.838593143439297 
   218.43919208059697   68.124307429153575 
   218.43919208059697   92.505259810105969 
   228.99624762495858   74.219545524391677 
   228.99624762495858   86.410021714867867 
   218.43919208059697   104.69573600058214 
   218.43919208059697   129.07668838153452 
   228.99624762495858   110.79097409582023 
   228.99624762495858   122.98145028629644 
   218.43919208059697   141.26716457201073 
   218.43919208059697   165.64811695296308 
   228.99624762495858    147.3624026672488 
   228.99624762495858   159.55287885772503 
   218.43919208059697   177.83859314343928 
   218.43919208059697   202.21954552439163 
   228.99624762495858   183.93383123867739 
   228.99624762495858   196.12430742915359 
   218.43919208059697   214.41002171486781 
   218.43919208059697   238.79097409582019 
   228.99624762495858   220.50525981010594 
   228.99624762495858   232.69573600058214 
   218.43919208059697   250.98145028629645 
   218.43919208059697   19.362402667248809 
   228.99624762495858   1.0766883815345007 
   228.99624762495858   13.267164572010685 
   239.55330316932017   31.552878857725009 
   239.55330316932017   55.933831238677392 
   250.11035871368179   37.648116952963115 
   250.11035871368179   49.838593143439297 
   239.55330316932017   68.124307429153575 
   239.55330316932017   92.505259810105969 
   250.11035871368179   74.219545524391677 
   250.11035871368179   86.410021714867867 
   239.55330316932017   104.69573600058214 
   239.55330316932017   129.07668838153452 
   250.11035871368179   110.79097409582023 
   250.11035871368179   122.98145028629644 
   239.55330316932017   141.26716457201073 
   239.55330316932017   165.64811695296308 
   250.11035871368179    147.3624026672488 
   250.11035871368179   159.55287885772503 
   239.55330316932017   177.83859314343928 
   239.55330316932017   202.21954552439163 
   250.11035871368179   183.93383123867739 
   250.11035871368179   196.12430742915359 
   239.55330316932017   214.41002171486781 
   239.55330316932017   238.79097409582019 
   250.11035871368179   220.50525981010594 
   250.11035871368179   232.69573600058214 
   239.55330316932017   250.98145028629645 
   239.55330316932017   19.362402667248809 
   250.11035871368179   1.0766883815345007 
   250.11035871368179   13.267164572010685 
