   71.740079586343995    6.747009485640195 
   59.549603395867813   27.861533616003655 
    77.83513882930545   17.304168290411869 
   71.739900734067376   27.861430355593601 
   53.454365300629718   38.418795681185372 
   41.263889110153521   59.533319811548829 
   59.549424543591186   48.975954485957047 
   53.454186448353077   59.533216551138793 
   35.168651014915426   70.090581876730553 
    22.97817482443924   91.205106007094017 
   41.263710257876909   80.647740681502242 
     35.1684721626388   91.205002746683959 
   16.882936729201148   101.76236807227575 
   4.6924605387249638    122.8768922026392 
   22.977995972162617   112.31952687704742 
   16.882757876924526   122.87678894222914 
   4.6922816864483412   143.99131307259259 
   96.120674262743123   6.7468029648200876 
   108.31097160094268   6.7466997044100188 
   90.025436167505021   17.304065030001802 
   77.834959977028845   38.418589160365265 
   96.120495410466475    27.86122383477348 
   90.025257315228387   38.418485899955208 
   71.739721881790743    48.97585122554699 
   59.549245691314546   70.090375355910453 
   77.834781124752197    59.53301003031865 
    71.73954302951411   70.090272095500396 
   53.454007596076458    80.64763742109217 
   41.263531405600276   101.76216155145562 
   59.549066839037927   91.204796225863845 
   53.453828743799832   101.76205829104558 
   35.168293310362181   112.31942361663735 
   22.977817119885994   133.43394774700081 
   41.263352553323649   122.87658242140903 
   35.168114458085554   133.43384448659074 
   16.882579024647903   143.99120981218252 
   4.6921028341717186   165.10573394254598 
   22.977638267609372   154.54836861695421 
    16.88240017237128   165.10563068213591 
     4.69192398189508    186.2201548124994 
   114.40603084390413    17.30385850918168 
   132.69156627734179   6.7464931835898811 
   126.59632818210369   17.303755248771626 
   108.31079274866605   27.861120574363412 
   96.120316558189856   48.975644704726868 
    114.4058519916275   38.418279379135086 
    108.3106138963894   48.975541444316818 
   90.025078462951768     59.5329067699086 
   77.834602272475578   80.647430900272056 
   96.120137705913223   70.090065574680267 
   90.024899610675121   80.647327639861984 
   71.739364177237491   91.204692965453788 
   59.548887986761287   112.31921709581724 
   77.834423420198945   101.76185177022545 
   71.739185324960829   112.31911383540718 
   53.453649891523199   122.87647916099897 
   41.263173701047009    143.9910032913624 
   59.548709134484668   133.43363796577063 
   53.453471039246573   143.99090003095233 
   35.167935605808921   154.54826535654414 
   22.977459415332735    175.6627894869076 
    41.26299484877039    165.1054241613158 
   35.167756753532295   175.66268622649753 
   16.882221320094629   186.22005155208933 
   22.977280563056095   196.77721035686099 
   16.882042467818003   207.33447242204272 
   144.88186361554136   6.7463899231798434 
   132.69138742506516   27.860914053543304 
    150.9769228585028    17.30354872795149 
    144.8816847632647   27.860810793133233 
   126.59614932982707   38.418176118725015 
    114.4056731393509   59.532700249088478 
   132.69120857278853   48.975334923496696 
   126.59597047755042   59.532596988678421 
   108.31043504411279    70.08996231427021 
   96.119958853636618   91.204486444633673 
   114.40549428707423    80.64712111904187 
   108.31025619183615   91.204383184223616 
   90.024720758398516   101.76174850981539 
   77.834244567922326   122.87627264017885 
   96.119780001359956   112.31890731458707 
   90.024541906121868   122.87616937976878 
   71.739006472684224   133.43353470536056 
   59.548530282208041   154.54805883572402 
   77.834065715645679   143.99069351013225 
   71.738827620407591   154.54795557531395 
   53.453292186969954   165.10532090090575 
   41.262815996493764   186.21984503126919 
   59.548351429931401   175.66247970567738 
   53.453113334693313   186.21974177085912 
   35.167577901255655   196.77710709645095 
   41.262637144217109   207.33426590122261 
   35.167399048979021   217.89152796640431 
   163.16722019670237   17.303445467541451 
    150.9767440062262   38.417969597904907 
   169.26227943966381   27.860604272313097 
   163.16704134442574   38.417866337494843 
    144.8815059109881   48.975231663086625 
   132.69102972051189   70.089755793450081 
   150.97656515394954   59.532390467858299 
   144.88132705871146    70.08965253304001 
   126.59579162527382   80.647017858631813 
   114.40531543479761   101.76154198899528 
   132.69085086823526   91.204176663403473 
   126.59561277299716    101.7614387285852 
   108.31007733955953   112.31880405417701 
   96.119601149083337   133.43332818454047 
   114.40513658252098   122.87596285894865 
   108.30989848728288    133.4332249241304 
   90.024363053845249    143.9905902497222 
   77.833886863369059   165.10511438008561 
   96.119422296806704   154.54774905449386 
   90.024184201568602   165.10501111967557 
   71.738648768130972   175.66237644526734 
   59.548172577654782    196.7769005756308 
   77.833708011092426     186.219535250039 
   71.738469915854324   196.77679731522073 
   53.452934482416673   207.33416264081254 
   169.26245829194048   6.7461834023596898 
   59.547993725378127    217.8913214455842 
   53.452755630140032   228.44858351076593 
   181.45257677786338   27.860501011903043 
   169.26210058738721   48.975025142266517 
   187.54763602082485   38.417659816674707 
   181.45239792558672   48.974921881856453 
   163.16686249214911   59.532287207448235 
   150.97638630167293   80.646811337811712 
   169.26192173511055   70.089446012219909 
   163.16668363987245   80.646708077401641 
   144.88114820643483   91.204073402993416 
   132.69067201595863   112.31859753335688 
   150.97620744939627   101.76123220776506 
   144.88096935415817   112.31849427294681 
   126.59543392072055   122.87585959853861 
   114.40495773024435   143.99038372890206 
   132.69049316368199   133.43301840331026 
    126.5952550684439   143.99028046849199 
   108.30971963500626   154.54764579408379 
   96.119243444530071   175.66216992444726 
   114.40477887796771   165.10480459885545 
   108.30954078272963   175.66206666403718 
   90.024005349291997   186.21943198962896 
   77.833529158815807   207.33395611999239 
   96.119064592253437   196.77659079440065 
   90.023826497015349   207.33385285958235 
   71.738291063577691   217.89121818517415 
   187.54781487310152   17.303238946721297 
   77.833350306539145   228.44837698994579 
   71.738112211301058   239.00563905512755 
   199.73793335902442    38.41755655626465 
   187.54745716854822   59.532080686628113 
   205.83299260198589   48.974715361036324 
   199.73775450674779    59.53197742621807 
   181.45221907331015   70.089342751809838 
   169.26174288283394   91.203866882173301 
   187.54727831627162   80.646501556581526 
   181.45204022103351   91.203763621763258 
   163.16650478759584   101.76112894735503 
   150.97602859711964    122.8756530777185 
   169.26156403055734   112.31828775212669 
   163.16632593531924   122.87554981730844 
   144.88079050188156   133.43291514290021 
   132.69031431140536   154.54743927326368 
   150.97584974484306   143.99007394767187 
   144.88061164960493   154.54733601285361 
   126.59507621616727   165.10470133844541 
    114.4046000256911   186.21922546880884 
   132.69013545912875   175.66186014321707 
   126.59489736389067    186.2191222083988 
   108.30936193045299   196.77648753399058 
   96.118885739976818   217.89101166435404 
   114.40442117341448   207.33364633876226 
   108.30918307817639   217.89090840394397 
   90.023647644738716    228.4482737295358 
    205.8331714542625   27.860294491082904 
   96.118706887700185   239.00543253430743 
   90.023468792462097   249.56269459948919 
   218.02328994018544    48.97461210062626 
   205.83281374970923   70.089136230989737 
    224.1183491831469   59.531770905397934 
    218.0231110879088   70.089032970579666 
   199.73757565447113   80.646398296171455 
   187.54709946399495    101.7609224265349 
    205.8326348974326   91.203557100943129 
   199.73739680219452   101.76081916612486 
   181.45186136875685   112.31818449171664 
   169.26138517828068    133.4327086220801 
   187.54692061171832    122.8753432964883 
   181.45168251648025   133.43260536167006 
   163.16614708304257    143.9899706872618 
    150.9756708925664   165.10449481762527 
   169.26120632600404   154.54712949203349 
   163.16596823076597   165.10439155721522 
    144.8804327973283     175.661756882807 
   132.68995660685209   196.77628101317043 
   150.97549204028977   186.21891568757866 
   144.88025394505169   196.77617775276039 
   126.59471851161403   207.33354307835219 
   114.40424232113784   228.44806720871563 
   132.68977775457549   217.89070188312385 
    126.5945396593374   228.44796394830558 
   108.30900422589974   239.00532927389736 
   224.11852803542354   38.417350035444514 
   114.40406346886121   249.56248807866905 
   236.30864652134645   59.531667644987863 
   224.11817033087027   80.646191775351326 
   242.40370576430792   70.088826449759537 
   236.30846766906981   80.646088514941283 
   218.02293223563214   91.203453840533058 
   205.83245604515596   112.31797797089652 
   224.11799147859361   101.76061264530475 
   218.02275338335554   112.31787471048646 
   199.73721794991789   122.87524003607824 
   187.54674175944169   143.98976416644172 
   205.83227719287936   133.43239884084991 
   199.73703909764123   143.98966090603165 
   181.45150366420359   154.54702623162345 
   169.26102747372741   175.66155036198688 
   187.54656290716505   165.10418503639511 
   181.45132481192695   175.66144710157684 
   163.16578937848931   186.21881242716859 
   150.97531318801313   207.33333655753205 
   169.26084862145078   196.77597123194028 
   163.16561052621267   207.33323329712198 
   144.88007509277503   217.89059862271378 
   132.68959890229885   239.00512275307722 
    150.9751343357365   228.44775742748544 
    144.8798962404984   239.00501949266717 
   126.59436080706074   249.56238481825898 
   242.40388461658458   48.974405579806124 
   254.59400310250746    70.08872318934948 
   242.40352691203125   91.203247319712929 
   254.59382425023085   91.203144059302886 
   236.30828881679321   101.76050938489466 
   224.11781262631698   122.87503351525812 
   242.40334805975468   112.31766818966634 
   236.30810996451655   122.87493025484807 
    218.0225745310789   133.43229558043984 
    205.8320983406027   154.54681971080331 
   224.11763377404037   143.98945438521153 
   218.02239567880227   154.54671645039326 
   199.73686024536462   165.10408177598504 
   187.54638405488842    186.2186059063485 
   205.83191948832612    175.6612405807567 
   199.73668139308799   186.21850264593846 
   181.45114595965035    196.7758679715302 
   169.26066976917414   217.89039210189367 
   187.54620520261182   207.33302677630192 
   181.45096710737371    217.8902888414836 
   163.16543167393607   228.44765416707537 
   150.97495548345987   249.56217829743883 
   169.26049091689754   239.00481297184706 
   163.16525282165944   249.56207503702876 
   254.59364539795419   112.31756492925626 
   242.40316920747802   133.43208905961973 
   254.59346654567759   133.43198579920968 
   236.30793111223988   143.98935112480146 
   224.11745492176371   165.10387525516492 
   242.40299035520138   154.54650992957312 
   236.30775225996331   165.10377199475485 
   218.02221682652561   175.66113732034663 
   205.83174063604943   196.77566145071009 
    224.1172760694871   186.21829612511831 
     218.022037974249   196.77555819030005 
   199.73650254081133   207.33292351589185 
   187.54602635033515   228.44744764625526 
    205.8315617837728   217.89008232066351 
   199.73632368853475   228.44734438584524 
   181.45078825509705   239.00470971143699 
   187.54584749805855   249.56186851620865 
   59.549782248144417   6.7471127460502478 
   53.454544152906323   17.304374811231977 
   254.59328769340092   154.54640666916305 
   242.40281150292472   175.66093079952651 
    41.26406796243014   38.418898941595423 
   35.168829867192031   48.976161006777168 
   236.30757340768665   186.21819286470824 
   224.11709721721047   207.33271699507171 
   22.978353676715866   70.090685137140611 
   16.883115581477757   80.647947202322342 
   218.02185912197234   217.88997906025344 
   205.83138293149617   239.00450319061687 
   4.6926393910015722   101.76247133268581 
   199.73614483625809   249.56176525579863 
