    80.28824506031151    13.05495597064542 
   100.68316319536095   7.5899689651582518 
   92.063194815182086   16.209937345337124 
   71.668276680132649   21.674924350824291 
   54.428339919774928    38.91486111118202 
   74.823258054824365   33.449874105694853 
    66.20328967464549   42.069842485873721 
   45.808371539596074   47.534829491360874 
   28.568434779238327   64.774766251718631 
   48.963352914287775    59.30977924623145 
   40.343384534108885   67.929747626410332 
   19.948466399059473   73.394734631897492 
   2.7085296387017435   90.634671392255214 
    23.10344777375116   85.169684386768054 
   14.483479393572305   93.789652766946901 
   121.07808133041037   2.1249819596710995 
   132.85303108528095   5.2799633343627885 
   112.45811295023152   10.744950339849956 
   95.218176189873788   27.984887100207683 
   115.61309432492322   22.519900094720516 
   106.99312594474435   31.139868474899387 
   86.598207809694927   36.604855480386554 
   69.358271049337205   53.844792240744283 
   89.753189184386642   48.379805235257116 
   81.133220804207753   56.999773615435984 
   60.738302669158337   62.464760620923144 
   43.498365908800594    79.70469738128088 
   63.893284043850038    74.23971037579372 
   55.273315663671156    82.85967875597261 
    34.87839752862174   88.324665761459755 
   17.638460768264025   105.56460252181748 
   38.033378903313441   100.09961551633032 
   29.413410523134583   108.71958389650918 
   9.0184923880851517   114.18457090199634 
   12.173473762776856    125.9595206568669 
   3.5535053825979999   134.57948903704576 
   136.00801245997266   17.054913089233363 
   156.40293059502207   11.589926083746198 
   147.78296221484322   20.209894463925053 
    127.3880440797938    25.67488146941222 
   110.14810731943608   42.914818229769963 
    130.5430254544855   37.449831224282782 
   121.92305707430661    46.06979960446165 
    101.5281389392572   51.534786609948817 
   84.288202178899468    68.77472337030656 
    104.6831203139489   63.309736364819379 
   96.063151933770015   71.929704744998247 
   75.668233798720621   77.394691750485421 
   58.428297038362871   94.634628510843157 
   78.823215173412308   89.169641505355983 
   70.203246793233419   97.789609885534858 
   49.808328658184017   103.25459689102202 
   32.568391897826288   120.49453365137975 
   52.963310032875704   115.02954664589258 
    44.34334165269685   123.64951502607144 
   23.948423517647431    129.1145020315586 
   6.7084867572897044   146.35443879191632 
   27.103404892339121   140.88945178642919 
   18.483436512160264   149.50942016660804 
   1.2434997518025215   166.74935692696579 
   168.17788034989266   14.744907458437901 
   150.93794358953491   31.984844218795629 
   171.33286172458435   26.519857213308462 
   162.71289334440547    35.13982559348733 
   142.31797520935606   40.604812598974483 
   125.07803844899833   57.844749359332226 
   145.47295658404778   52.379762353845059 
   136.85298820386888   60.999730734023927 
   116.45807006881947   66.464717739511087 
   99.218133308461731   83.704654499868809 
   119.61305144351117   78.239667494381649 
   110.99308306333229   86.859635874560524 
   90.598164928282884   92.324622880047684 
   73.358228167925134   109.56455964040543 
   93.753146302974571   104.09957263491825 
   85.133177922795696   112.71954101509714 
   64.738259787746273   118.18452802058428 
   47.498323027388551     135.424464780942 
   67.893241162437974   129.95947777545484 
   59.273272782259113   138.57944615563369 
   38.878354647209697   144.04443316112088 
   21.638417886851968    161.2843699214786 
   42.033336021901398   155.81938291599144 
    33.41336764172253   164.43935129617032 
   13.018449506673097   169.90433830165748 
   176.79784873007151   6.1249390782590298 
   16.173430881364787   181.67928805652804 
   188.57279848494207   9.2799204529507193 
   183.10781147945491   29.674838588000149 
   165.86787471909716   46.914775348357892 
    186.2627928541466   41.449788342870725 
   177.64282447396775   50.069756723049586 
   157.24790633891831   55.534743728536753 
   140.00796957856059   72.774680488894475 
   160.40288771361003   67.309693483407315 
   151.78291933343115   75.929661863586176 
   131.38800119838174    81.39464886907335 
   114.14806443802401   98.634585629431072 
   134.54298257307343   93.169598623943912 
   125.92301419289457   101.78956700412279 
   105.52809605784515   107.25455400960993 
   88.288159297487397    124.4944907699677 
   108.68307743253683   119.02950376448051 
   100.06310905235796   127.64947214465938 
    79.66819091730855   133.11445915014656 
   62.428254156950821   150.35439591050428 
   82.823172292000237   144.88940890501712 
   74.203203911821376   153.50937728519597 
    53.80828577677196   158.97436429068313 
   36.568349016414231   176.21430105104085 
   56.963267151463668   170.74931404555372 
   48.343298771284793   179.36928242573256 
   27.948380636235363   184.83426943121972 
   191.72777985963381   21.054870207821278 
    31.10336201092705   196.60921918609031 
   203.50272961450435   24.209851582512982 
   198.03774260901719   44.604769717562412 
   180.79780584865944   61.844706477920148 
   201.19272398370887   56.379719472432988 
      192.57275560353   64.999687852611856 
   172.17783746848059   70.464674858099016 
   154.93790070812287   87.704611618456738 
   175.33281884317228   82.239624612969578 
    166.7128504629934   90.859592993148453 
   146.31793232794399   96.324579998635599 
   129.07799556758627   113.56451675899335 
   149.47291370263571   108.09952975350618 
    140.8529453224568   116.71949813368505 
   120.45802718740741    122.1844851391722 
   103.21809042704967   139.42442189952993 
    123.6130085620991   133.95943489404277 
   114.99304018192022   142.57940327422168 
   94.598122046870813   148.04439027970881 
   77.358185286513077   165.28432704006653 
     97.7531034215625   159.81934003457937 
   89.133135041383639   168.43930841475824 
   68.738216906334216    173.9042954202454 
   51.498280145976501    191.1442321806031 
   71.893198281025931   185.67924517511594 
   63.273229900847056   194.29921355529481 
   42.878311765797612     199.764200560782 
   206.65771098919603   35.984801337383544 
   46.033293140489313   211.53915031565256 
   218.43266074406662   39.139782712075245 
   212.96767373857946   59.534700847124697 
   195.72773697822174   76.774637607482418 
   216.12265511327112   71.309650601995273 
   207.50268673309228   79.929618982174134 
   187.10776859804284   85.394605987661294 
   169.86783183768515   102.63454274801903 
   190.26274997273455   97.169555742531855 
   181.64278159255571   105.78952412271073 
   161.24786345750627   111.25451112819788 
   144.00792669714852   128.49444788855561 
   164.40284483219796   123.02946088306844 
   155.78287645201911    131.6494292632473 
   135.38795831696967   137.11441626873449 
   118.14802155661194   154.35435302909221 
   138.54293969166139   148.88936602360505 
   129.92297131148248   157.50933440378392 
   109.52805317643308   162.97432140927108 
   92.288116416075368   180.21425816962881 
   112.68303455112478   174.74927116414165 
   104.06306617094593   183.36923954432049 
   83.668148035896508   188.83422654980765 
   66.428211275538786   206.07416331016537 
   86.823129410588194   200.60917630467824 
   78.203161030409333   209.22914468485709 
   57.808242895359889   214.69413169034431 
   221.58764211875834   50.914732466945821 
   60.963224270051597   226.46908144521484 
    233.3625918736289   54.069713841637515 
   227.89760486814171   74.464631976686931 
   210.65766810778399   91.704568737044667 
   231.05258624283343   86.239581731557536 
   222.43261786265455   94.859550111736397 
   202.03769972760512   100.32453711722353 
   184.79776296724737   117.56447387758128 
   205.19268110229683   112.09948687209412 
   196.57271272211796   120.71945525227298 
   176.17779458706852   126.18444225776013 
    158.9378578267108   143.42437901811786 
   179.33277596176023    137.9593920126307 
   170.71280758158136   146.57936039280955 
   150.31788944653195   152.04434739829674 
    133.0779526861742   169.28428415865449 
   153.47287082122367    163.8192971531673 
   144.85290244104476    172.4392655333462 
   124.45798430599532   177.90425253883333 
   107.21804754563762   195.14418929919105 
   127.61296568068704    189.6792022937039 
   118.99299730050819   198.29917067388277 
   98.598079165458742    203.7641576793699 
   81.358142405101034   221.00409443972765 
   101.75306054015046   215.53910743424046 
   93.133092159971611   224.15907581441937 
   72.738174024922145   229.62406281990653 
   236.51757324832056    65.84466359650807 
    75.89315539961386   241.39901257477712 
   248.29252300319115   68.999644971199771 
   242.82753599770396   89.394563106249194 
   225.58759923734624   106.63449986660694 
   245.98251737239568   101.16951286111978 
    237.3625489922168   109.78948124129866 
   216.96763085716736   115.25446824678579 
   199.72769409680967   132.49440500714354 
   220.12261223185908   127.02941800165637 
   211.50264385168023   135.64938638183523 
   191.10772571663077   141.11437338732239 
   173.86778895627307   158.35431014768014 
   194.26270709132248   152.88932314219298 
   185.64273871114364   161.50929152237183 
   165.24782057609417   166.97427852785898 
   148.00788381573645   184.21421528821674 
   168.40280195078589   178.74922828272958 
   159.78283357060704   187.36919666290845 
    139.3879154355576   192.83418366839558 
   122.14797867519987   210.07412042875333 
   142.54289681024929   204.60913342326617 
   133.92292843007044   213.22910180344502 
   113.52801029502101   218.69408880893221 
   96.288073534663297    235.9340255692899 
   116.68299166971272   230.46903856380277 
   108.06302328953387   239.08900694398162 
   87.668105154484408    244.5539939494688 
   251.44750437788284   80.774594726070333 
   90.823086529176123   256.32894370433934 
   240.51753036690849   121.56443099616921 
   252.29248012177908   124.71941237086091 
   231.89756198672964   130.18439937634807 
   214.65762522637189   147.42433613670579 
   235.05254336142136   141.95934913121863 
   226.43257498124248   150.57931751139753 
   206.03765684619304   156.04430451688467 
   188.79772008583532   173.28424127724236 
   209.19263822088476   167.81925427175523 
   200.57266984070591    176.4392226519341 
   180.17775170565648   181.90420965742126 
   162.93781494529873   199.14414641777901 
   183.33273308034819   193.67915941229182 
   174.71276470016932   202.29912779247073 
   154.31784656511985   207.76411479795786 
   137.07790980476213   225.00405155831558 
   157.47282793981157   219.53906455282842 
   148.85285955963269    228.1590329330073 
   128.45794142458328   233.62401993849443 
   111.21800466422556   250.86395669885215 
     131.612922799275   245.39896969336499 
   122.99295441909614   254.01893807354386 
   255.44746149647077   136.49436212573147 
   246.82749311629189   145.11433050591032 
    229.5875563559342   162.35426726626807 
   249.98247449098363   156.88928026078091 
   241.36250611080476   165.50924864095975 
   220.96758797575532   170.97423564644691 
   203.72765121539757   188.21417240680466 
   224.12256935044704    182.7491854013175 
   215.50260097026813   191.36915378149638 
    195.1076828352187   196.83414078698351 
     177.867746074861   214.07407754734123 
   198.26266420991041    208.6090905418541 
   189.64269582973157   217.22905892203295 
   169.24777769468213   222.69404592752014 
   152.00784093432441   239.93398268787783 
   172.40275906937381    234.4689956823907 
   163.78279068919497   243.08896406256954 
   143.38787255414553   248.55395106805673 
   244.51748748549642   177.28419839583034 
   256.29243724036701   180.43917977052203 
   235.89751910531757   185.90416677600919 
   218.65758234495985   203.14410353636691 
   239.05250048000929   197.67911653087975 
   230.43253209983044   206.29908491105863 
     210.037613964781   211.76407191654576 
   192.79767720442325   229.00400867690354 
   213.19259533947272   223.53902167141632 
   204.57262695929381   232.15899005159523 
   184.17770882424441   237.62397705708239 
   166.93777206388665   254.86391381744011 
   187.33269019893609   249.39892681195298 
