    116.5797346549639   4.9150843561616773 
   137.69415552491731   4.9149055038850236 
   127.13689345973556   11.010143599123131 
   106.02247258978217    11.01032245139977 
   84.907948459418719   23.200798641875956 
   106.02236932937211   23.200619789599315 
   95.465107264190394   29.295857884837407 
   74.350686394237016   29.296036737114047 
   53.236162263873531   41.486512927590248 
   74.350583133826945   41.486334075313593 
   63.793321068645206   47.581572170551702 
   42.678900198691807   47.581751022828335 
   21.564376068328361   59.772227213304525 
   42.678796938281749   59.772048361027885 
   32.121534873100032   65.867286456265987 
   11.007114003146645    65.86746530854262 
   11.007010742736592   78.057762646742177 
    158.8085763948707   4.9147266516083858 
   179.92299726482409   4.9145477993317481 
   169.36573519964236   11.009785894569839 
     148.251314329689   11.009964746846478 
    127.1367901993255   23.200440937322693 
   148.25121106927892   23.200262085046038 
   137.69394900409716   29.295500180284147 
   116.57952813414379   29.295679032560784 
   95.465004003780336   41.486155223036967 
   116.57942487373373   41.485976370760334 
   106.02216280855201   47.581214465998421 
   84.907741938598619   47.581393318275062 
   63.793217808235141   59.771869508751266 
   84.907638678188562   59.771690656474611 
   74.350376613006802    65.86692875171272 
   53.235955743053424   65.867107603989353 
   32.121431612689982   78.057583794465558 
   53.235852482643359   78.057404942188896 
   42.678590417461642   84.152643037426998 
   21.564169547508254   84.152821889703645 
     21.5640662870982   96.343119227903173 
    11.00680422191647   102.43835732314129 
   190.48015606959575   11.009607042293217 
   169.36563193923232   23.200083232769401 
   190.48005280918571   23.199904380492779 
   179.92279074400398    29.29514247573087 
   158.80836987405058   29.295321328007493 
   137.69384574368712   41.485797518483707 
   158.80826661364051   41.485618666207053 
   148.25100454845878   47.580856761445162 
    127.1365836785054   47.581035613721802 
   106.02205954814195   59.771511804197985 
   127.13648041809533   59.771332951921345 
   116.57921835291361   65.866571047159454 
   95.464797482960222   65.866749899436073 
   74.350273352596744   78.057226089912277 
   95.464694222550165   78.057047237635629 
   84.907432157368433   84.152285332873745 
   63.793011287415027   84.152464185150365 
   42.678487157051592   96.342940375626554 
   63.792908027004977   96.342761523349935 
   53.235645961823252   102.43799961858802 
    32.12122509186986   102.43817847086464 
   11.006700961506416   114.62865466134085 
   32.121121831459803   114.62847580906421 
   21.563859766278078    120.7237139043023 
   201.03741813477748   4.9143689470551095 
   201.03721161395737   29.294963623454247 
   179.92268748359393   41.485439813930434 
   201.03710835354732   41.485260961653793 
   190.47984628836559   47.580499056891888 
    169.3654254184122   47.580677909168529 
   148.25090128804874   59.771154099644725 
   169.36532215800213   59.770975247368085 
    158.8080600928204   65.866213342606187 
   137.69363922286701    65.86639219488282 
   116.57911509250356   78.056868385358996 
   137.69353596245696   78.056689533082377 
   127.13627389727525   84.151927628320465 
   106.02185302732185   84.152106480597098 
   84.907328896958376   96.342582671073316 
   106.02174976691178   96.342403818796654 
   95.464487701730036   102.43764191403477 
   74.350066831776658    102.4378207663114 
   53.235542701413195   114.62829695678759 
   74.349963571366587   114.62811810451095 
   63.792701506184869   120.72335619974903 
   42.678280636231484   120.72353505202568 
   21.563756505868039   132.91401124250186 
   42.678177375821427   132.91383239022525 
   32.120915310639703   139.00907048546333 
   11.006494440686293   139.00924933773999 
   211.59447367913913   23.199725528216142 
   11.006391180276225   151.19954667593953 
   211.59426715831898   47.580320204615262 
   190.47974302795552   59.770796395091452 
   211.59416389790891   59.770617542814811 
   201.03690183272721   65.865855638052906 
   179.92248096277382    65.86603449032954 
   158.80795683241033   78.056510680805744 
   179.92237770236375   78.056331828529096 
   169.36511563718199   84.151569923767198 
   148.25069476722862   84.151748776043831 
   127.13617063686517   96.342224966520035 
   148.25059150681855   96.342046114243402 
   137.69332944163685   102.43728420948149 
   116.57890857168346   102.43746306175812 
   95.464384441319979   114.62793925223433 
    116.5788053112734   114.62776039995767 
   106.02154324609164   120.72299849519578 
   84.907122376138247   120.72317734747242 
   63.792598245774812   132.91365353794859 
   84.907019115728218   132.91347468567196 
   74.349757050546486   139.00871278091006 
   53.235336180593094   139.00889163318672 
   32.120812050229645    151.1993678236629 
   53.235232920183037   151.19918897138623 
   42.677970855001305   157.29442706662434 
   21.563549985047903     157.294605918901 
   222.15152922350075    41.48508210937716 
   21.563446724637831   169.48490325710054 
   11.006184659456117   175.58014135233864 
    222.1513227026806   65.865676785776273 
   201.03679857231714   78.056152976252463 
   222.15121944227053    78.05597412397583 
   211.59395737708883   84.151212219213917 
   190.47953650713544   84.151391071490551 
   169.36501237677194   96.341867261966755 
   190.47943324672534   96.341688409690121 
    179.9221711815436   102.43692650492822 
   158.80775031159021   102.43710535720484 
   137.69322618122681   114.62758154768103 
    158.8076470511802   114.62740269540441 
   148.25038498599847    120.7226407906425 
   127.13596411604506   120.72281964291912 
   106.02143998568158   132.91329583339535 
   127.13586085563502   132.91311698111869 
   116.57859879045327   139.00835507635682 
   95.464177920499878   139.00853392863343 
   74.349653790136415   151.19901011910963 
   95.464074660089807     151.198831266833 
   84.906812594908089    157.2940693620711 
   63.792391724954697    157.2942482143477 
   42.677867594591255   169.48472440482391 
   63.792288464544647   169.48454555254727 
   53.235026399362916   175.57978364778538 
   32.120605529409509   175.57996250006201 
   232.70858476786236   59.770438690538171 
   32.120502268999459   187.77025983826155 
   21.563240203817724   193.86549793349968 
   232.70837824704222   84.151033366937298 
   211.59385411667876   96.341509557413474 
   232.70827498663215   96.341330705136841 
   222.15101292145042   102.43656880037493 
   201.03659205149702   102.43674765265159 
   179.92206792113356   114.62722384312779 
   201.03648879108695   114.62704499085113 
   190.47922672590525   120.72228308608925 
   169.36480585595186   120.72246193836588 
   148.25028172558842   132.91293812884206 
   169.36470259554179   132.91275927656542 
   158.80744053036008    139.0079973718035 
   137.69301966040669   139.00817622408016 
   116.57849553004321   151.19865241455636 
   137.69291639999662    151.1984735622797 
   127.13565433481487    157.2937116575178 
   106.02123346486148   157.29389050979447 
   84.906709334498032   169.48436670027064 
   106.02113020445142   169.48418784799401 
   95.463868139269692   175.57942594323208 
     74.3494472693163   175.57960479550874 
    53.23492313895288   187.77008098598492 
   74.349344008906257   187.76990213370829 
   63.792081943724533   193.86514022894636 
    42.67766107377112   193.86531908122302 
   243.26564031222395   78.055795271699211 
   42.677557813361062   206.05561641942259 
   32.120295748179331   212.15085451466067 
   243.26543379140381   102.43638994809832 
    222.1509096610404   114.62686613857451 
   243.26533053099377   114.62668728629789 
   232.70806846581206   120.72192538153598 
   211.59364759585867    120.7221042338126 
   190.47912346549518   132.91258042428879 
    211.5935443354486   132.91240157201216 
   201.03628227026687   139.00763966725029 
   179.92186140031347   139.00781851952692 
   158.80733726995001    151.1982947100031 
    179.9217581399034   151.19811585772646 
    169.3644960747217   157.29335395296457 
   148.25007520476828    157.2935328052412 
   127.13555107440482   169.48400899571737 
   148.24997194435824   169.48383014344074 
    137.6927098791765   175.57906823867884 
   116.57828900922308   175.57924709095548 
   95.463764878859664   187.76972328143165 
   116.57818574881306   187.76954442915505 
   106.02092368363132   193.86478252439312 
   84.906502813677932   193.86496137666978 
   63.791978683314483   206.05543756714596 
   84.906399553267875    206.0552587148693 
   74.349137488086157   212.15049681010743 
   53.234716618132737   212.15067566238406 
   253.82269585658554   96.341151852860207 
   53.234613357722687    224.3409730005836 
   42.677351292540955    230.4362110958217 
    253.8224893357654   120.72174652925933 
   232.70796520540199   132.91222271973552 
   253.82238607535541   132.91204386745889 
   243.26512401017365   139.00728196269699 
   222.15070314022026    139.0074608149736 
    201.0361790098568   151.19793700544983 
   222.15059987981019    151.1977581531732 
   211.59333781462848    157.2929962484113 
   190.47891694467506    157.2931751006879 
   169.36439281431163   169.48365129116411 
   190.47881368426502   169.48347243888747 
   179.92155161908329   175.57871053412558 
    158.8071307491299   175.57888938640218 
   137.69260661876643   187.76936557687841 
   158.80702748871985   187.76918672460175 
   148.24976542353809   193.86442481983988 
   127.13534455358472   193.86460367211646 
   106.02082042322127   206.05507986259266 
   127.13524129317466   206.05490101031606 
   116.57797922799293   212.15013910555416 
   95.463558358039535   212.15031795783077 
   74.349034227676086   224.34079414830697 
   95.463455097629478   224.34061529603034 
   84.906193032447774   230.43585339126844 
   63.791772162494347   230.43603224354507 
   63.791668902084297   242.62632958174461 
   53.234406836902579   248.72156767698274 
   243.26502074976358   151.19757930089654 
   253.82217955453527     157.292638543858 
   232.70775868458188   157.29281739613464 
   211.59323455421841   169.48329358661081 
    232.7076554241718   169.48311473433421 
   222.15039335899007   175.57835282957228 
   201.03597248903668   175.57853168184892 
   179.92144835867322   187.76900787232509 
   201.03586922862664   187.76882902004851 
   190.47860716344491   193.86406711528656 
   169.36418629349149   193.86424596756322 
   148.24966216312802    206.0547221580394 
   169.36408303308144   206.05454330576276 
   158.80682096789974   212.14978140100087 
   137.69240009794632    212.1499602532775 
   116.57787596758287   224.34043644375367 
   137.69229683753628   224.34025759147707 
   127.13503477235453   230.43549568671514 
   106.02061390240114   230.43567453899178 
   84.906089772037703   242.62615072946795 
   106.02051064199109   242.62597187719138 
   95.463248576809377   248.72120997242942 
   74.348827706855957   248.72138882470608 
    253.8220762941252   169.48293588205755 
   243.26481422894349   175.57817397729565 
      222.15029009858   187.76865016777185 
   243.26471096853342   187.76847131549519 
   232.70744890335166   193.86370941073332 
   211.59302803339827   193.86388826300995 
   190.47850390303483   206.05436445348613 
   211.59292477298823    206.0541856012095 
   201.03566270780649    212.1494236964476 
    179.9212418378531   212.14960254872423 
   158.80671770748967   224.34007873920041 
   179.92113857744309   224.33989988692377 
   169.36387651226133   230.43513798216188 
   148.24945564230794   230.43531683443854 
   127.13493151194449   242.62579302491471 
   148.24935238189789   242.62561417263805 
   137.69209031671616   248.72085226787618 
   116.57766944676276   248.72103112015282 
   253.82186977330508   193.86353055845666 
   232.70734564294162   206.05400674893286 
   222.15008357775989   212.14924484417097 
   201.03555944739645   224.33972103464717 
   95.465313785010494   4.9152632084383008 
   84.908051719828777   11.010501303676392 
   190.47829738221475   230.43495912988521 
   169.36377325185126   242.62543532036145 
   63.793527589465327   23.200977494152578 
   53.236265524283574   29.296215589390684 
   158.80651118666955   248.72067341559952 
   32.121741393920132   41.486691779866867 
   21.564479328738415   47.581929875104962 
