   192.92039160452015   3.7897189561660842 
   181.14529581737725   6.9448463631301358 
   160.75028510157691   1.4802048737091493 
   137.20009352729102   7.7904596876372825 
   157.59510424309136   13.255101177058268 
   145.82000845594843   16.410228584022335 
    125.4249977401481   10.945587094601334 
   101.87480616586225   17.255841908529469 
   122.26981688166259   22.720483397950453 
   110.49472109451965   25.875610804914519 
   90.099710378719337   20.410969315493517 
   66.549518804433461   26.721224129421653 
   86.944529520233829   32.185865618842641 
    75.16943373309087   35.340993025806704 
   54.774423017290545   29.876351536385719 
   31.224231443004701   36.186606350313838 
   51.619242158805022   41.651247839734822 
   39.844146371662099   44.806375246698892 
   19.449135655861777   39.341733757277886 
   16.293954797376252    51.11663006062701 
   4.5188590102333306   54.271757467591073 
   201.54030653317758   12.409487852551107 
   177.99011495889172   18.719742666479224 
   198.38512567469203   24.184384155900226 
    186.6100298875491   27.339511562864278 
   166.21501917174876    21.87487007344329 
    142.6648275974629   28.185124887371426 
   163.05983831326327   33.649766376792414 
   151.28474252612031   36.804893783756476 
      130.88973181032   31.340252294335478 
   107.33954023603413   37.650507108263611 
   127.73455095183448   43.115148597684595 
   115.95945516469155   46.270276004648665 
   95.564444448891209   40.805634515227659 
   72.014252874605361   47.115889329155792 
     92.4092635904057   52.580530818576783 
   80.634167803262756   55.735658225540845 
   60.239157087462431   50.271016736119861 
   36.688965513176576    56.58127155004798 
   57.083976228976915   62.045913039468971 
   45.308880441833992   65.201040446433026 
   24.913869726033671   59.736398957012028 
   1.3636781517478234   66.046653770940154 
   21.758688867548148   71.511295260361152 
   9.9835930804052229   74.666422667325222 
   213.31540232032049   9.2543604455870394 
   221.93531724897792   17.874129341972093 
   207.00504060334941    32.80415305228528 
   183.45484902906361   39.114407866213398 
   203.84985974486392   44.579049355634382 
   192.07476395772099   47.734176762598437 
   171.67975324192065   42.269535273177468 
   148.12956166763482     48.5797900871056 
   168.52457238343516    54.04443157652657 
   156.74947659629223   57.199558983490633 
   136.35446588049189   51.734917494069649 
   112.80427430620603   58.045172307997781 
   133.19928502200636   63.509813797418751 
   121.42418923486342   66.664941204382814 
   101.02917851906309   61.200299714961844 
   77.478986944777233   67.510554528889969 
   97.873997660577587   72.975196018310939 
   86.098901873434656   76.130323425275009 
   65.703891157634317   70.665681935854039 
    42.15369958334847   76.975936749782136 
   62.548710299148802   82.440578239203134 
   50.773614512005885    85.59570564616719 
   30.378603796205546   80.131064156746206 
   6.8284122219197005   86.441318970674331 
   27.223422937720038   91.905960460095315 
   15.448327150577116   95.061087867059371 
    218.7801363904924   29.649025645321213 
   227.40005131914981   38.268794541706249 
   212.46977467352133   53.198818252019436 
    188.9195830992355   59.509073065947554 
   209.31459381503583   64.973714555368531 
    197.5394980278929   68.128841962332586 
   177.14448731209256   62.664200472911617 
   153.59429573780668   68.974455286839742 
   173.98930645360701   74.439096776260712 
   162.21421066646411   77.594224183224782 
   141.81919995066377   72.129582693803812 
   118.26900837637791   78.439837507731937 
   138.66401909217825   83.904478997152907 
   126.88892330503532   87.059606404116977 
   106.49391258923499   81.594964914695993 
   82.943721014949119   87.905219728624104 
   103.33873173074949   93.369861218045088 
   91.563635943606528   96.524988625009144 
   71.168625227806203   91.060347135588174 
   47.618433653520363   97.370601949516299 
    68.01344436932068   102.83524343893728 
   56.238348582177764   105.99037084590135 
   35.843337866377439   100.52572935648035 
   12.293146292091594   106.83598417040848 
   32.688157007891917   112.30062565982946 
   20.913061220748993   115.45575306679352 
   224.24487046066429   50.043690845055359 
   232.86478538932167   58.663459741440406 
   217.93450874369324   73.593483451753585 
   194.38431716940738    79.90373826568171 
   214.77932788520769    85.36837975510268 
   203.00423209806479    88.52350716206675 
   182.60922138226445   83.058865672645766 
   159.05902980797856   89.369120486573877 
    179.4540405237789   94.833761975994875 
   167.67894473663597   97.988889382958931 
   147.28393402083563   92.524247893537947 
    123.7337424465498   98.834502707466086 
   144.12875316235014   104.29914419688706 
   132.35365737520721   107.45427160385113 
   111.95864665940687   101.98963011443016 
    88.40845508512102   108.29988492835827 
   108.80346580092136   113.76452641777924 
   97.028370013778428   116.91965382474331 
   76.633359297978103   111.45501233532232 
   53.083167723692242   117.76526714925045 
   73.478178439492567   123.22990863867143 
   61.703082652349657   126.38503604563549 
   41.308071936549332    120.9203945562145 
   17.757880362263485   127.23064937014264 
    38.15289107806381   132.69529085956361 
   26.377795290920886   135.85041826652767 
   5.9827845751205331   130.38577677710671 
   229.70960453083617   70.438356044789515 
   2.8276037166350099   142.16067308045578 
   238.32951945949358   79.058124941174555 
   223.39924281386507    93.98814865148772 
   199.84905123957924   100.29840346541586 
   220.24406195537958   105.76304495483684 
   208.46896616823665    108.9181723618009 
   188.07395545243631   103.45353087237993 
   164.52376387815048   109.76378568630804 
   184.91877459395081   115.22842717572902 
   173.14367880680788   118.38355458269309 
   152.74866809100754   112.91891309327211 
   129.19847651672168   119.22916790720022 
   149.59348723252205   124.69380939662121 
   137.81839144537909   127.84893680358527 
   117.42338072957877   122.38429531416429 
   93.873189155292906   128.69455012809243 
   114.26819987109326   134.15919161751339 
    102.4931040839503   137.31431902447747 
   82.098093368149975   131.84967753505649 
   58.547901793864135    138.1599323489846 
   78.942912509664467   143.62457383840561 
   67.167816722521536   146.77970124536964 
   46.772806006721211   141.31505975594865 
   23.222614432435364   147.62531456987679 
   43.617625148235703   153.08995605929778 
    31.84252936109278   156.24508346626183 
    11.44751864529241   150.78044197684085 
   235.17433860100806    90.83302124452365 
   8.2923377868069039   162.55533828018997 
    243.7942535296655   99.452790140908704 
   228.86397688403699    114.3828138512219 
   205.31378530975115   120.69306866515001 
   225.70879602555149   126.15771015457102 
   213.93370023840856   129.31283756153508 
   193.53868952260822   123.84819607211408 
   169.98849794832236    130.1584508860422 
   190.38350866412273   135.62309237546319 
   178.60841287697977   138.77821978242727 
   158.21340216117943   133.31357829300626 
   134.66321058689357    139.6238331069344 
   155.05822130269391   145.08847459635541 
   143.28312551555101   148.24360200331947 
   122.88811479975065   142.77896051389845 
   99.337923225464792   149.08921532782659 
   119.73293394126514   154.55385681724758 
    107.9578381541222   157.70898422421163 
   87.562827438321875   152.24434273479062 
   64.012635864036028   158.55459754871876 
   84.407646579836353   164.01923903813977 
   72.632550792693422    167.1743664451038 
   52.237540076893104   161.70972495568284 
   28.687348502607257   168.01997976961093 
   49.082359218407596   173.48462125903194 
   37.307263431264673     176.639748665996 
   16.912252715464305   171.17510717657501 
   240.63907267117995   111.22768644425783 
   13.757071856978795   182.95000347992413 
   249.25898759983735   119.84745534064288 
    234.3287109542089   134.77747905095606 
   210.77851937992307   141.08773386488417 
   231.17353009572335   146.55237535430518 
   219.39843430858048   149.70750276126924 
   199.00342359278011   144.24286127184823 
   175.45323201849422   150.55311608577637 
   195.84824273429459   156.01775757519735 
   184.07314694715163   159.17288498216141 
   163.67813623135132   153.70824349274039 
   140.12794465706546   160.01849830666853 
   160.52295537286579   165.48313979608955 
   148.74785958572286    168.6382672030536 
   128.35284886992252   163.17362571363262 
   104.80265729563669   169.48388052756073 
   125.19766801143705   174.94852201698174 
   113.42257222429409    178.1036494239458 
   93.027561508493761   172.63900793452481 
   69.477369934207914   178.94926274845292 
   89.872380650008239   184.41390423787391 
   78.097284862865322   187.56903164483799 
   57.702274147064998   182.10439015541698 
    34.15208257277915   188.41464496934512 
   54.547093288579475   193.87928645876607 
   42.771997501436552   197.03441386573016 
   22.376986785636195   191.56977237630917 
   246.10380674135183   131.62235164399198 
   19.221805927150672   203.34466867965827 
   254.72372167000924   140.24212054037704 
   239.79344502438076   155.17214425069022 
   216.24325345009493   161.48239906461831 
   236.63826416589524   166.94704055403932 
   224.86316837875231   170.10216796100337 
   204.46815766295197   164.63752647158239 
   180.91796608866613    170.9477812855105 
   201.31297680446647   176.41242277493151 
   189.53788101732354   179.56755018189557 
    169.1428703015232   174.10290869247459 
   145.59267872723734   180.41316350640273 
   165.98768944303771   185.87780499582368 
   154.21259365589475   189.03293240278776 
   133.81758294009444   183.56829091336675 
   110.26739136580856   189.87854572729489 
   130.66240208160895   195.34318721671588 
   118.88730629446599   198.49831462367996 
   98.492295578665647   193.03367313425895 
     74.9421040043798   199.34392794818709 
   95.337114720180139   204.80856943760807 
   83.562018933037209   207.96369684457213 
   63.167008217236884   202.49905535515114 
   39.616816642951029   208.80931016907925 
   60.011827358751368   214.27395165850027 
   48.236731571608445   217.42907906546429 
   27.841720855808074   211.96443757604331 
   251.56854081152375   152.01701684372614 
   24.686539997322566   223.73933387939243 
   245.25817909455264   175.56680945042436 
   221.70798752026681    181.8770642643525 
   242.10299823606715   187.34170575377348 
   230.32790244892422   190.49683316073754 
   209.93289173312388   185.03219167131655 
   186.38270015883802   191.34244648524466 
   206.77771087463839   196.80708797466565 
   195.00261508749543   199.96221538162973 
   174.60760437169509   194.49757389220872 
   151.05741279740926   200.80782870613686 
    171.4524235132096   206.27247019555782 
   159.67732772606666    209.4275976025219 
   139.28231701026633   203.96295611310089 
   115.73212543598046   210.27321092702903 
    136.1271361517808   215.73785241645004 
   124.35204036463786   218.89297982341409 
   103.95702964883753   213.42833833399308 
   80.406838074551686   219.73859314792122 
   100.80184879035201   225.20323463734223 
   89.026753003209095   228.35836204430629 
    68.63174228740877   222.89372055488531 
   45.081550713122923   229.20397536881342 
   65.476561428923247    234.6686168582344 
   53.701465641780338   237.82374426519846 
   33.306454925979963    232.3591027757775 
   30.151274067494459    244.1339990791266 
   250.72291316472456   195.96147465015849 
   227.17272159043873   202.27172946408663 
   247.56773230623904   207.73637095350762 
   235.79263651909613    210.8914983604717 
   215.39762580329577   205.42685687105069 
   191.84743422900988   211.73711168497883 
   212.24244494481025   217.20175317439984 
   200.46734915766731    220.3568805813639 
   180.07233844186698   214.89223909194286 
   156.52214686758111   221.20249390587099 
   176.91715758338145   226.66713539529201 
   165.14206179623852   229.82226280225606 
   144.74705108043818   224.35762131283502 
   121.19685950615234   230.66787612676316 
   141.59187022195269   236.13251761618417 
   129.81677443480976   239.28764502314823 
   109.42176371900943   233.82300353372725 
   85.871572144723586   240.13325834765536 
   106.26658286052391   245.59789983707637 
   94.491487073380981   248.75302724404042 
   74.096476357580656   243.28838575461944 
   50.546284783294816   249.59864056854758 
   70.941295499095148   255.06328205796856 
   38.771188996151857   252.75376797551164 
   256.18764723489642   216.35613984989263 
   232.63745566061058   222.66639466382077 
   220.86235987346765   225.82152207078485 
   197.31216829918179   232.13177688471296 
   185.53707251203886   235.28690429167705 
   161.98688093775303   241.59715910560516 
   116.80508281149069   2.3258181982162656 
   105.02998702434776   5.4809456051803327 
    150.2117851506101   244.75228651256921 
   126.66159357632422   251.06254132649735 
   81.479795450061928   11.791200419108451 
   69.704699662918983   14.946327826072517 
   114.88649778918131   254.21766873346141 
   46.154508088633129   21.256582640000634 
   34.379412301490206   24.411710046964703 
   10.829220727204362   30.721964860892822 
