   214.66378870090423   7.8316310936186522 
   190.28283631995183   7.8316310936186522 
   208.56855060566613    18.38868663798026 
   196.37807441518993    18.38868663798026 
   178.09236012947565   7.8316310936186522 
   153.71140774852327   7.8316310936186522 
   171.99712203423755    18.38868663798026 
   159.80664584376137    18.38868663798026 
    141.5209315580471   7.8316310936186522 
    117.1399791770947   7.8316310936186522 
   135.42569346280899    18.38868663798026 
   123.23521727233279    18.38868663798026 
   104.94950298661851   7.8316310936186522 
   80.568550605666147   7.8316310936186522 
   98.854264891380424    18.38868663798026 
   86.663788700904234    18.38868663798026 
   68.378074415189957   7.8316310936186522 
   43.997122034237591   7.8316310936186522 
   62.282836319951862    18.38868663798026 
   50.092360129475686    18.38868663798026 
   31.806645843761405   7.8316310936186522 
   7.4256934628090363   7.8316310936186522 
   25.711407748523314    18.38868663798026 
   13.520931558047129    18.38868663798026 
   251.23521727233282   7.8316310936186522 
   226.85426489138044   7.8316310936186522 
   245.13997917709472    18.38868663798026 
   232.94950298661851    18.38868663798026 
   214.66378870090423   28.945742182341867 
   190.28283631995183   28.945742182341867 
   208.56855060566613   39.502797726703491 
   196.37807441518993   39.502797726703491 
   178.09236012947565   28.945742182341867 
   153.71140774852327   28.945742182341867 
   171.99712203423755   39.502797726703491 
   159.80664584376137   39.502797726703491 
    141.5209315580471   28.945742182341867 
    117.1399791770947   28.945742182341867 
   135.42569346280899   39.502797726703491 
   123.23521727233279   39.502797726703491 
   104.94950298661851   28.945742182341867 
   80.568550605666147   28.945742182341867 
   98.854264891380424   39.502797726703491 
   86.663788700904234   39.502797726703491 
   68.378074415189957   28.945742182341867 
   43.997122034237591   28.945742182341867 
   62.282836319951862   39.502797726703491 
   50.092360129475686   39.502797726703491 
   31.806645843761405   28.945742182341867 
   7.4256934628090363   28.945742182341867 
   25.711407748523314   39.502797726703491 
   13.520931558047129   39.502797726703491 
   251.23521727233282   28.945742182341867 
   226.85426489138044   28.945742182341867 
   245.13997917709472   39.502797726703491 
   232.94950298661851   39.502797726703491 
   214.66378870090423    50.05985327106508 
   190.28283631995183    50.05985327106508 
   208.56855060566613    60.61690881542669 
   196.37807441518993    60.61690881542669 
   178.09236012947565    50.05985327106508 
   153.71140774852327    50.05985327106508 
   171.99712203423755   60.616908815426697 
   159.80664584376137   60.616908815426697 
    141.5209315580471    50.05985327106508 
    117.1399791770947    50.05985327106508 
   135.42569346280899   60.616908815426697 
   123.23521727233279   60.616908815426697 
   104.94950298661851    50.05985327106508 
   80.568550605666147    50.05985327106508 
   98.854264891380424   60.616908815426697 
   86.663788700904234   60.616908815426697 
   68.378074415189957    50.05985327106508 
   43.997122034237591    50.05985327106508 
   62.282836319951862   60.616908815426704 
   50.092360129475686   60.616908815426704 
   31.806645843761405    50.05985327106508 
   7.4256934628090363    50.05985327106508 
   25.711407748523314   60.616908815426704 
   13.520931558047129   60.616908815426704 
   251.23521727233282    50.05985327106508 
   226.85426489138044    50.05985327106508 
   245.13997917709472    60.61690881542669 
   232.94950298661851    60.61690881542669 
   214.66378870090423     71.1739643597883 
   190.28283631995183   71.173964359788314 
   208.56855060566613   81.731019904149917 
   196.37807441518996   81.731019904149917 
   178.09236012947565   71.173964359788314 
   153.71140774852327   71.173964359788314 
   171.99712203423755   81.731019904149917 
   159.80664584376137   81.731019904149917 
    141.5209315580471   71.173964359788314 
    117.1399791770947   71.173964359788314 
   135.42569346280899   81.731019904149917 
   123.23521727233279   81.731019904149917 
   104.94950298661851   71.173964359788314 
   80.568550605666147   71.173964359788314 
   98.854264891380424   81.731019904149917 
   86.663788700904234   81.731019904149917 
   68.378074415189957   71.173964359788314 
   43.997122034237591   71.173964359788329 
   62.282836319951869   81.731019904149917 
   50.092360129475686   81.731019904149917 
   31.806645843761405   71.173964359788329 
   7.4256934628090363   71.173964359788329 
   25.711407748523314   81.731019904149917 
   13.520931558047129   81.731019904149917 
   251.23521727233282     71.1739643597883 
   226.85426489138044     71.1739643597883 
   245.13997917709472   81.731019904149917 
   232.94950298661851   81.731019904149917 
   214.66378870090423   92.288075448511506 
   190.28283631995183   92.288075448511535 
   208.56855060566613   102.84513099287314 
   196.37807441518996   102.84513099287314 
   178.09236012947565   92.288075448511535 
   153.71140774852327   92.288075448511535 
   171.99712203423755   102.84513099287314 
   159.80664584376137   102.84513099287314 
    141.5209315580471   92.288075448511535 
    117.1399791770947   92.288075448511535 
   135.42569346280899   102.84513099287314 
   123.23521727233279   102.84513099287314 
   104.94950298661851   92.288075448511535 
   80.568550605666147   92.288075448511535 
   98.854264891380424   102.84513099287314 
   86.663788700904234   102.84513099287314 
   68.378074415189957   92.288075448511535 
   43.997122034237591   92.288075448511549 
   62.282836319951869   102.84513099287314 
   50.092360129475686   102.84513099287314 
   31.806645843761405   92.288075448511549 
   7.4256934628090363   92.288075448511549 
   25.711407748523314   102.84513099287314 
   13.520931558047129   102.84513099287314 
   251.23521727233282   92.288075448511506 
   226.85426489138044   92.288075448511506 
   245.13997917709472   102.84513099287314 
   232.94950298661851   102.84513099287314 
   214.66378870090423   113.40218653723474 
   190.28283631995183   113.40218653723474 
   208.56855060566613   123.95924208159636 
   196.37807441518996   123.95924208159636 
   178.09236012947565   113.40218653723474 
   153.71140774852327   113.40218653723474 
   171.99712203423755   123.95924208159636 
   159.80664584376137   123.95924208159636 
    141.5209315580471   113.40218653723474 
    117.1399791770947   113.40218653723474 
   135.42569346280899   123.95924208159636 
   123.23521727233279   123.95924208159636 
   104.94950298661851   113.40218653723474 
   80.568550605666147   113.40218653723474 
   98.854264891380424   123.95924208159636 
   86.663788700904234   123.95924208159636 
   68.378074415189957   113.40218653723474 
   43.997122034237591   113.40218653723474 
   62.282836319951869   123.95924208159636 
   50.092360129475686   123.95924208159636 
   31.806645843761405   113.40218653723474 
   7.4256934628090363   113.40218653723475 
   25.711407748523314   123.95924208159636 
   13.520931558047129   123.95924208159636 
   251.23521727233282   113.40218653723473 
   226.85426489138044   113.40218653723474 
   245.13997917709472   123.95924208159636 
   232.94950298661851   123.95924208159636 
   214.66378870090423   134.51629762595798 
   190.28283631995183   134.51629762595798 
   208.56855060566613   145.07335317031956 
   196.37807441518996   145.07335317031956 
   178.09236012947565   134.51629762595798 
   153.71140774852327   134.51629762595798 
   171.99712203423755   145.07335317031956 
   159.80664584376137   145.07335317031956 
    141.5209315580471   134.51629762595798 
    117.1399791770947   134.51629762595798 
   135.42569346280899   145.07335317031956 
   123.23521727233279   145.07335317031956 
   104.94950298661851   134.51629762595798 
   80.568550605666147   134.51629762595798 
   98.854264891380424   145.07335317031956 
   86.663788700904234   145.07335317031956 
   68.378074415189957   134.51629762595798 
   43.997122034237591   134.51629762595798 
   62.282836319951869   145.07335317031956 
   50.092360129475686   145.07335317031956 
   31.806645843761405   134.51629762595798 
   7.4256934628090363   134.51629762595798 
   25.711407748523314   145.07335317031956 
   13.520931558047129   145.07335317031956 
   251.23521727233282   134.51629762595798 
   226.85426489138044   134.51629762595798 
   245.13997917709472   145.07335317031956 
   232.94950298661851   145.07335317031956 
   214.66378870090423   155.63040871468118 
   190.28283631995183   155.63040871468118 
   208.56855060566613   166.18746425904283 
   196.37807441518996   166.18746425904283 
   178.09236012947565   155.63040871468118 
   153.71140774852327   155.63040871468118 
   171.99712203423755   166.18746425904283 
   159.80664584376137   166.18746425904283 
    141.5209315580471   155.63040871468118 
    117.1399791770947   155.63040871468118 
   135.42569346280899   166.18746425904283 
   123.23521727233279   166.18746425904283 
   104.94950298661851   155.63040871468118 
   80.568550605666147   155.63040871468118 
   98.854264891380424   166.18746425904283 
   86.663788700904234   166.18746425904283 
   68.378074415189957   155.63040871468118 
   43.997122034237591   155.63040871468118 
   62.282836319951869   166.18746425904283 
   50.092360129475686   166.18746425904283 
   31.806645843761405   155.63040871468118 
   7.4256934628090363   155.63040871468118 
   25.711407748523314   166.18746425904283 
   13.520931558047129   166.18746425904283 
   251.23521727233282   155.63040871468118 
   226.85426489138044   155.63040871468118 
   245.13997917709472   166.18746425904283 
   232.94950298661851   166.18746425904283 
   214.66378870090423   176.74451980340442 
   190.28283631995183   176.74451980340442 
   208.56855060566613   187.30157534776603 
   196.37807441518996   187.30157534776603 
   178.09236012947565   176.74451980340442 
   153.71140774852327   176.74451980340442 
   171.99712203423755   187.30157534776603 
   159.80664584376137   187.30157534776603 
    141.5209315580471   176.74451980340442 
    117.1399791770947   176.74451980340442 
   135.42569346280899   187.30157534776603 
   123.23521727233279   187.30157534776603 
   104.94950298661851   176.74451980340442 
   80.568550605666147   176.74451980340442 
   98.854264891380424   187.30157534776603 
   86.663788700904234   187.30157534776603 
   68.378074415189957   176.74451980340442 
   43.997122034237591   176.74451980340442 
   62.282836319951869   187.30157534776603 
   50.092360129475686   187.30157534776603 
   31.806645843761405   176.74451980340442 
   7.4256934628090363   176.74451980340442 
   25.711407748523314   187.30157534776603 
   13.520931558047129   187.30157534776603 
   251.23521727233282   176.74451980340442 
   226.85426489138044   176.74451980340442 
   245.13997917709472   187.30157534776603 
   232.94950298661851   187.30157534776603 
   214.66378870090423   197.85863089212762 
   190.28283631995185   197.85863089212762 
   208.56855060566613   208.41568643648924 
   196.37807441518996   208.41568643648924 
   178.09236012947565   197.85863089212762 
   153.71140774852327   197.85863089212762 
   171.99712203423755   208.41568643648924 
   159.80664584376137   208.41568643648924 
    141.5209315580471   197.85863089212762 
    117.1399791770947   197.85863089212762 
   135.42569346280899   208.41568643648924 
   123.23521727233279   208.41568643648924 
   104.94950298661851   197.85863089212762 
   80.568550605666147   197.85863089212762 
   98.854264891380424   208.41568643648924 
   86.663788700904234   208.41568643648924 
   68.378074415189971   197.85863089212762 
   43.997122034237591   197.85863089212762 
   62.282836319951876   208.41568643648924 
   50.092360129475686   208.41568643648924 
   31.806645843761405   197.85863089212762 
   7.4256934628090363   197.85863089212762 
   25.711407748523314   208.41568643648924 
   13.520931558047129   208.41568643648924 
   251.23521727233282   197.85863089212762 
   226.85426489138044   197.85863089212762 
   245.13997917709472   208.41568643648924 
   232.94950298661851   208.41568643648924 
   214.66378870090423   218.97274198085083 
   190.28283631995185   218.97274198085083 
   208.56855060566613   229.52979752521244 
   196.37807441518996   229.52979752521244 
   178.09236012947565   218.97274198085083 
   153.71140774852327   218.97274198085083 
   171.99712203423755   229.52979752521244 
   159.80664584376137   229.52979752521244 
    141.5209315580471   218.97274198085083 
    117.1399791770947   218.97274198085083 
   135.42569346280899   229.52979752521244 
   123.23521727233279   229.52979752521244 
   104.94950298661851   218.97274198085083 
   80.568550605666147   218.97274198085083 
   98.854264891380424   229.52979752521244 
   86.663788700904234   229.52979752521244 
   68.378074415189971   218.97274198085083 
   43.997122034237591   218.97274198085083 
   62.282836319951876   229.52979752521244 
   50.092360129475686   229.52979752521244 
   31.806645843761405   218.97274198085083 
   7.4256934628090363   218.97274198085083 
   25.711407748523314   229.52979752521244 
   13.520931558047129   229.52979752521244 
   251.23521727233282   218.97274198085083 
   226.85426489138044   218.97274198085083 
   245.13997917709472   229.52979752521244 
   232.94950298661851   229.52979752521244 
   214.66378870090423   240.08685306957406 
   190.28283631995185   240.08685306957406 
   208.56855060566613   250.64390861393568 
   196.37807441518996   250.64390861393568 
   178.09236012947565   240.08685306957406 
   153.71140774852327   240.08685306957406 
   171.99712203423755   250.64390861393568 
   159.80664584376137   250.64390861393568 
    141.5209315580471   240.08685306957406 
    117.1399791770947   240.08685306957406 
   135.42569346280899   250.64390861393568 
   123.23521727233279   250.64390861393568 
   104.94950298661851   240.08685306957406 
   80.568550605666147   240.08685306957406 
   98.854264891380424   250.64390861393568 
   86.663788700904234   250.64390861393568 
   68.378074415189971   240.08685306957406 
   43.997122034237591   240.08685306957406 
   62.282836319951876   250.64390861393568 
   50.092360129475686   250.64390861393568 
   31.806645843761405   240.08685306957406 
   7.4256934628090363   240.08685306957406 
   25.711407748523314   250.64390861393568 
   13.520931558047129   250.64390861393568 
   251.23521727233282   240.08685306957406 
   226.85426489138044   240.08685306957406 
   245.13997917709472   250.64390861393568 
   232.94950298661851   250.64390861393568 
