   7.5502091838224379   33.698898070352087 
   7.5502091838224379   62.143342514796529 
   19.867014926534445   40.810009181463201 
   19.867014926534445   55.032231403685422 
   7.5502091838224379   76.365564737018758 
   7.5502091838224379    104.8100091814632 
   19.867014926534445   83.476675848129872 
   19.867014926534445   97.698898070352087 
   7.5502091838224379   119.03223140368543 
   7.5502091838224379   147.47667584812987 
   19.867014926534445   126.14334251479654 
   19.867014926534445   140.36556473701876 
   7.5502091838224379   161.69889807035207 
   7.5502091838224379   190.14334251479653 
   19.867014926534445   168.81000918146322 
   19.867014926534445   183.03223140368542 
   7.5502091838224379   204.36556473701876 
   7.5502091838224379   232.81000918146322 
   19.867014926534445   211.47667584812987 
   19.867014926534445   225.69889807035207 
   7.5502091838224379   247.03223140368544 
   7.5502091838224379   19.476675848129879 
   19.867014926534445   254.14334251479659 
   19.867014926534445   12.365564737018762 
   32.183820669246465   33.698898070352087 
   32.183820669246465   62.143342514796529 
   44.500626411958486   40.810009181463201 
   44.500626411958486   55.032231403685422 
   32.183820669246465   76.365564737018758 
   32.183820669246465    104.8100091814632 
   44.500626411958486   83.476675848129872 
   44.500626411958486   97.698898070352087 
   32.183820669246465   119.03223140368543 
   32.183820669246465   147.47667584812987 
   44.500626411958486   126.14334251479654 
   44.500626411958486   140.36556473701876 
   32.183820669246465   161.69889807035207 
   32.183820669246465   190.14334251479653 
   44.500626411958486   168.81000918146322 
   44.500626411958486   183.03223140368542 
   32.183820669246465   204.36556473701876 
   32.183820669246465   232.81000918146322 
   44.500626411958486   211.47667584812987 
   44.500626411958486   225.69889807035207 
   32.183820669246465   247.03223140368544 
   32.183820669246465   19.476675848129879 
   44.500626411958486   254.14334251479659 
   44.500626411958486   12.365564737018762 
   56.817432154670506   33.698898070352087 
   56.817432154670506   62.143342514796529 
   69.134237897382519   40.810009181463201 
   69.134237897382519   55.032231403685422 
   56.817432154670506   76.365564737018758 
   56.817432154670506    104.8100091814632 
   69.134237897382519   83.476675848129872 
   69.134237897382519   97.698898070352087 
   56.817432154670506   119.03223140368543 
   56.817432154670506   147.47667584812987 
   69.134237897382519   126.14334251479654 
   69.134237897382519   140.36556473701876 
   56.817432154670506   161.69889807035207 
   56.817432154670506   190.14334251479653 
   69.134237897382519   168.81000918146322 
   69.134237897382519   183.03223140368542 
   56.817432154670506   204.36556473701876 
   56.817432154670506   232.81000918146322 
   69.134237897382519   211.47667584812987 
   69.134237897382519   225.69889807035207 
   56.817432154670506   247.03223140368544 
   56.817432154670506   19.476675848129879 
   69.134237897382519   254.14334251479659 
   69.134237897382519   12.365564737018762 
   81.451043640094525   33.698898070352087 
   81.451043640094525   62.143342514796529 
   93.767849382806546   40.810009181463201 
   93.767849382806546   55.032231403685422 
   81.451043640094525   76.365564737018758 
   81.451043640094525    104.8100091814632 
   93.767849382806546   83.476675848129872 
   93.767849382806546   97.698898070352087 
   81.451043640094525   119.03223140368543 
   81.451043640094525   147.47667584812987 
   93.767849382806546   126.14334251479654 
   93.767849382806546   140.36556473701876 
   81.451043640094525   161.69889807035207 
   81.451043640094525   190.14334251479653 
   93.767849382806546   168.81000918146322 
   93.767849382806546   183.03223140368542 
   81.451043640094525   204.36556473701876 
   81.451043640094525   232.81000918146322 
   93.767849382806546   211.47667584812987 
   93.767849382806546   225.69889807035207 
   81.451043640094525   247.03223140368544 
   81.451043640094525   19.476675848129879 
   93.767849382806546   254.14334251479659 
   93.767849382806546   12.365564737018762 
   106.08465512551857   33.698898070352087 
   106.08465512551857   62.143342514796529 
   118.40146086823059   40.810009181463201 
   118.40146086823059   55.032231403685422 
   106.08465512551857   76.365564737018758 
   106.08465512551857    104.8100091814632 
   118.40146086823059   83.476675848129872 
   118.40146086823059   97.698898070352087 
   106.08465512551857   119.03223140368543 
   106.08465512551857   147.47667584812987 
   118.40146086823059   126.14334251479654 
   118.40146086823059   140.36556473701876 
   106.08465512551857   161.69889807035207 
   106.08465512551857   190.14334251479653 
   118.40146086823059   168.81000918146322 
   118.40146086823059   183.03223140368542 
   106.08465512551857   204.36556473701876 
   106.08465512551857   232.81000918146322 
   118.40146086823059   211.47667584812987 
   118.40146086823059   225.69889807035207 
   106.08465512551857   247.03223140368544 
   106.08465512551857   19.476675848129879 
   118.40146086823059   254.14334251479659 
   118.40146086823059   12.365564737018762 
   130.71826661094261   33.698898070352087 
   130.71826661094261   62.143342514796529 
   143.03507235365461   40.810009181463201 
   143.03507235365461   55.032231403685422 
   130.71826661094261   76.365564737018758 
   130.71826661094261    104.8100091814632 
   143.03507235365461   83.476675848129872 
   143.03507235365461   97.698898070352087 
   130.71826661094261   119.03223140368543 
   130.71826661094261   147.47667584812987 
   143.03507235365461   126.14334251479654 
   143.03507235365461   140.36556473701876 
   130.71826661094261   161.69889807035207 
   130.71826661094261   190.14334251479653 
   143.03507235365461   168.81000918146322 
   143.03507235365461   183.03223140368542 
   130.71826661094261   204.36556473701876 
   130.71826661094261   232.81000918146322 
   143.03507235365461   211.47667584812987 
   143.03507235365461   225.69889807035207 
   130.71826661094261   247.03223140368544 
   130.71826661094261   19.476675848129879 
   143.03507235365461   254.14334251479659 
   143.03507235365461   12.365564737018762 
   155.35187809636662   33.698898070352087 
   155.35187809636662   62.143342514796529 
   167.66868383907862   40.810009181463201 
   167.66868383907862   55.032231403685422 
   155.35187809636662   76.365564737018758 
   155.35187809636662    104.8100091814632 
   167.66868383907862   83.476675848129872 
   167.66868383907862   97.698898070352087 
   155.35187809636662   119.03223140368543 
   155.35187809636662   147.47667584812987 
   167.66868383907862   126.14334251479654 
   167.66868383907862   140.36556473701876 
   155.35187809636662   161.69889807035207 
   155.35187809636662   190.14334251479653 
   167.66868383907862   168.81000918146322 
   167.66868383907862   183.03223140368542 
   155.35187809636662   204.36556473701876 
   155.35187809636662   232.81000918146322 
   167.66868383907862   211.47667584812987 
   167.66868383907862   225.69889807035207 
   155.35187809636662   247.03223140368544 
   155.35187809636662   19.476675848129879 
   167.66868383907862   254.14334251479659 
   167.66868383907862   12.365564737018762 
   179.98548958179066   33.698898070352087 
   179.98548958179066   62.143342514796529 
   192.30229532450267   40.810009181463201 
   192.30229532450267   55.032231403685422 
   179.98548958179066   76.365564737018758 
   179.98548958179066    104.8100091814632 
   192.30229532450267   83.476675848129872 
   192.30229532450267   97.698898070352087 
   179.98548958179066   119.03223140368543 
   179.98548958179066   147.47667584812987 
   192.30229532450267   126.14334251479654 
   192.30229532450267   140.36556473701876 
   179.98548958179066   161.69889807035207 
   179.98548958179066   190.14334251479653 
   192.30229532450267   168.81000918146322 
   192.30229532450267   183.03223140368542 
   179.98548958179066   204.36556473701876 
   179.98548958179066   232.81000918146322 
   192.30229532450267   211.47667584812987 
   192.30229532450267   225.69889807035207 
   179.98548958179066   247.03223140368544 
   179.98548958179066   19.476675848129879 
   192.30229532450267   254.14334251479659 
   192.30229532450267   12.365564737018762 
    204.6191010672147   33.698898070352087 
    204.6191010672147   62.143342514796529 
   216.93590680992671   40.810009181463201 
   216.93590680992671   55.032231403685422 
    204.6191010672147   76.365564737018758 
    204.6191010672147    104.8100091814632 
   216.93590680992671   83.476675848129872 
   216.93590680992671   97.698898070352087 
    204.6191010672147   119.03223140368543 
    204.6191010672147   147.47667584812987 
   216.93590680992671   126.14334251479654 
   216.93590680992671   140.36556473701876 
    204.6191010672147   161.69889807035207 
    204.6191010672147   190.14334251479653 
   216.93590680992671   168.81000918146322 
   216.93590680992671   183.03223140368542 
    204.6191010672147   204.36556473701876 
    204.6191010672147   232.81000918146322 
   216.93590680992671   211.47667584812987 
   216.93590680992671   225.69889807035207 
    204.6191010672147   247.03223140368544 
    204.6191010672147   19.476675848129879 
   216.93590680992671   254.14334251479659 
   216.93590680992671   12.365564737018762 
   229.25271255263874   33.698898070352087 
   229.25271255263874   62.143342514796529 
   241.56951829535075   40.810009181463201 
   241.56951829535075   55.032231403685422 
   229.25271255263874   76.365564737018758 
   229.25271255263874    104.8100091814632 
   241.56951829535075   83.476675848129872 
   241.56951829535075   97.698898070352087 
   229.25271255263874   119.03223140368543 
   229.25271255263874   147.47667584812987 
   241.56951829535075   126.14334251479654 
   241.56951829535075   140.36556473701876 
   229.25271255263874   161.69889807035207 
   229.25271255263874   190.14334251479653 
   241.56951829535075   168.81000918146322 
   241.56951829535075   183.03223140368542 
   229.25271255263874   204.36556473701876 
   229.25271255263874   232.81000918146322 
   241.56951829535075   211.47667584812987 
   241.56951829535075   225.69889807035207 
   229.25271255263874   247.03223140368544 
   229.25271255263874   19.476675848129879 
   241.56951829535075   254.14334251479659 
   241.56951829535075   12.365564737018762 
