   44.232235136865917   3.3663718458396468 
   40.551253162074509   17.103983597506389 
   33.189289212491701   44.579207100839902 
   50.607882938949849   27.160613374381743 
   46.926900964158449   40.898225126048487 
   29.508307237700301   58.316818852506643 
   22.146343288117478   85.792042355840152 
   39.564937014575627   68.373448629381997 
   35.883955039784226   82.111060381048759 
   18.465361313326078   99.529654107506872 
   11.103397363743269   127.00487761084037 
   28.521991090201414   109.58628388438223 
    24.84100911541001   123.32389563604896 
   7.4224153889518654   140.74248936250714 
   17.479045165827191    150.7991191393825 
   13.798063191035801   164.53673089104922 
   6.4360992414529798   192.01195439438271 
   2.7551172666615766   205.74956614604949 
   68.026476665408012   9.7420196479235823 
   81.764088417074774   6.0610376731321791 
   64.345494690616604   23.479631399590325 
   56.983530741033803   50.954854902923842 
   74.402124467491959   33.536261176465679 
   70.721142492700551    47.27387292813242 
   53.302548766242396   64.692466654590589 
   45.940584816659573   92.167690157924085 
   63.359178543117736   74.749096431465929 
   59.678196568326335   88.486708183132677 
   42.259602841868173    105.9053019095908 
   34.897638892285364   133.38052541292433 
   52.316232618743527   115.96193168646616 
   48.635250643952119   129.69954343813291 
    31.21665691749396   147.11813716459108 
   23.854692967911141   174.59336066792457 
   41.273286694369304    157.1747669414664 
   37.592304719577911   170.91237869313315 
   20.173710993119737   188.33097241959132 
   12.811747043536929   215.80619592292481 
   30.230340769995092   198.38760219646667 
   26.549358795203688   212.12521394813342 
   91.820718193950114   16.117667450007517 
   105.55832994561685   12.436685475216114 
   88.139736219158706   29.855279201674261 
   80.777772269575877   57.330502705007774 
   98.196365996034046   39.911908978549612 
   94.515384021242639   53.649520730216359 
   77.096790294784483   71.068114456674522 
   69.734826345201668   98.543337960008017 
   87.153420071659838   81.124744233549876 
   83.472438096868416    94.86235598521661 
   66.053844370410275   112.28094971167475 
   58.691880420827459   139.75617321500823 
   76.110474147285601   122.33757948855011 
   72.429492172494221   136.07519124021684 
   55.010898446036045   153.49378496667501 
   47.648934496453236   180.96900847000848 
   65.067528222911378   163.55041474355036 
   61.386546248119991   177.28802649521708 
   43.967952521661822   194.70662022167525 
   36.605988572079013   222.18184372500875 
   54.024582298537169   204.76324999855063 
   50.343600323745768   218.50086175021733 
   115.61495972249219   22.493315252091453 
   133.03355344895036   5.0747215256332936 
   129.35257147415894   18.812333277300048 
   111.93397774770078   36.230927003758197 
   104.57201379811796   63.706150507091714 
   121.99060752457612   46.287556780633551 
   118.30962554978473   60.025168532300292 
   100.89103182332656   77.443762258758454 
   93.529067873743756   104.91898576209195 
   110.94766160020191   87.500392035633809 
    107.2666796254105   101.23800378730054 
   89.848085898952348   118.65659751375868 
   82.486121949369547   146.13182101709216 
   99.904715675827703   128.71322729063405 
   96.223733701036295   142.45083904230077 
   78.805139974578125   159.86943276875894 
   71.443176024995324   187.34465627209244 
   88.861769751453465    169.9260625456343 
   85.180787776662072   183.66367429730104 
   67.762194050203902   201.08226802375918 
   60.400230100621094   228.55749152709271 
   77.818823827079257   211.13889780063454 
   74.137841852287849   224.87650955230129 
   146.77116520061713   1.3937395508418757 
   139.40920125103429   28.868963054175389 
   156.82779497749246    11.45036932771723 
   153.14681300270104   25.187981079383984 
   135.72821927624287   42.606574805842129 
   128.36625532666008   70.081798309175639 
   145.78484905311822   52.663204582717484 
   142.10386707832683   66.400816334384231 
   124.68527335186867   83.819410060842387 
   117.32330940228584   111.29463356417588 
   134.74190312874399   93.876039837717741 
   131.06092115395259   107.61365158938449 
   113.64232742749445   125.03224531584262 
   106.28036347791164   152.50746881917613 
    123.6989572043698   135.08887509271798 
    120.0179752295784    148.8264868443847 
   102.59938150312023   166.24508057084287 
   95.237417553537412    193.7203040741764 
   112.65601127999558   176.30171034771823 
   108.97502930520417   190.03932209938495 
   91.556435578746004   207.45791582584314 
   84.194471629163203   234.93313932917664 
   101.61306535562134   217.51454560271847 
   97.932083380829965   231.25215735438522 
   170.56540672915921   7.7693873529258255 
   163.20344277957639   35.244610856259328 
   180.62203650603456   17.826017129801166 
   176.94105453124314    31.56362888146792 
     159.522460804785   48.982222607926083 
   152.16049685520218   76.457446111259586 
   169.57909058166035   59.038852384801423 
    165.8981086068689   72.776464136468178 
   148.47951488041079   90.195057862926333 
   141.11755093082797   117.67028136625983 
   158.53614465728612   100.25168763980167 
   154.85516268249469   113.98929939146842 
   137.43656895603658   131.40789311792656 
   130.07460500645377   158.88311662126006 
   147.49319873291191   141.46452289480192 
   143.81221675812048   155.20213464646864 
   126.39362303166234   172.62072837292683 
   119.03165908207953    200.0959518762603 
    136.4502528085377   182.67735814980216 
   132.76927083374628   196.41496990146891 
   115.35067710728812   213.83356362792711 
   107.98871315770532   241.30878713126054 
   125.40730688416346   223.89019340480243 
   121.72632490937205   237.62780515646918 
   194.35964825770128   14.145035155009747 
   186.99768430811847   41.620258658343261 
   204.41627803457661   24.201664931885102 
   200.73529605978521    37.93927668355186 
   183.31670233332707   55.357870410010001 
   175.95473838374423   82.833093913343518 
    193.3733321102024   65.414500186885363 
     189.692350135411   79.152111938552096 
   172.27375640895286   96.570705665010266 
   164.91179245937005   124.04592916834376 
   182.33038618582819   106.62733544188562 
   178.64940421103677   120.36494719355235 
   161.23081048457863   137.78354092001049 
   153.86884653499581   165.25876442334399 
   171.28744026145395   147.84017069688582 
   167.60645828666259    161.5777824485526 
   150.18786456020442   178.99637617501074 
    142.8259006106216   206.47159967834423 
   160.24449433707974   189.05300595188609 
   156.56351236228832   202.79061770355284 
   139.14491863583021   220.20921143001098 
   131.78295468624739   247.68443493334451 
   149.20154841270553   230.26584120688636 
   145.52056643791411   244.00345295855308 
   218.15388978624338   20.520682957093683 
   210.79192583666057   47.995906460427193 
   228.21051956311871   30.577312733969038 
   224.52953758832732   44.314924485635792 
   207.11094386186917   61.733518212093941 
   199.74897991228636    89.20874171542745 
    217.1675736387445   71.790147988969295 
   213.48659166395308   85.527759740636029 
   196.06799793749494    102.9463534670942 
   188.70603398791215   130.42157697042771 
   206.12462771437026   113.00298324396955 
   202.44364573957887   126.74059499563629 
   185.02505201312073   144.15918872209443 
   177.66308806353794   171.63441222542792 
   195.08168178999605   154.21581849896978 
   191.40069981520466    167.9534302506365 
   173.98210608874652    185.3720239770947 
    166.6201421391637   212.84724748042817 
   184.03873586562185   195.42865375397005 
   180.35775389083045   209.16626550563674 
   162.93916016437228   226.58485923209494 
   155.57719621478947   254.06008273542844 
   172.99578994124761    236.6414890089703 
   169.31480796645624   250.37910076063702 
   241.94813131478551   26.896330759177619 
   234.58616736520267   54.371554262511133 
   252.00476109166084    36.95296053605297 
   248.32377911686939   50.690572287719725 
   230.90518539041128   68.109166014177887 
   223.54322144082846   95.584389517511383 
    240.9618151672866   78.165795791053228 
   237.28083319249521   91.903407542719975 
   219.86223946603707   109.32200126917813 
   212.50027551645422   136.79722477251164 
   229.91886924291239   119.37863104605348 
   226.23788726812097   133.11624279772025 
   208.81929354166286   150.53483652417836 
   201.45732959208004   178.01006002751186 
   218.87592331853816   160.59146630105371 
   215.19494134374676   174.32907805272046 
   197.77634761728859    191.7476717791786 
   190.41438366770581   219.22289528251213 
   207.83297739416392   201.80430155605396 
   204.15199541937255   215.54191330772071 
   186.73340169291438   232.96050703417887 
   196.79003146978974    243.0171368110542 
   193.10904949499832   256.75474856272098 
   254.69942691895335   74.484813816261806 
   247.33746296937053   101.96003731959533 
   243.65648099457917   115.69764907126208 
   236.29451704499633   143.17287257459557 
    253.7131107714545   125.75427884813742 
   250.03212879666305   139.49189059980415 
   232.61353507020493   156.91048432626229 
   225.25157112062212   184.38570782959582 
   242.67016484708026   166.96711410313765 
   238.98918287228886   180.70472585480437 
   221.57058914583072   198.12331958126256 
   214.20862519624788   225.59854308459606 
   231.62721892270605   208.17994935813789 
   227.94623694791463   221.91756110980464 
   210.52764322145651   239.33615483626284 
   220.58427299833184   249.39278461313816 
