   65.125171712438785   11.414699858753041 
   50.902949490216557   36.048311344177066 
   72.236282823549899   23.731505601465049 
   65.125171712438785   36.048311344177066 
   43.791838379105457   48.365117086889086 
   29.569616156883235   72.998728572313127 
   50.902949490216557   60.681922829601106 
   43.791838379105442   72.998728572313127 
   22.458505045772117   85.315534315025147 
   8.2362828235498977   109.94914580044917 
   29.569616156883221   97.632340057737167 
   22.458505045772117   109.94914580044917 
   1.1251717124387808   122.26595154316121 
   8.2362828235498853   134.58275728587321 
   1.1251717124387808   146.89956302858522 
   93.569616156883228   11.414699858753041 
   107.79183837910546   11.414699858753027 
   86.458505045772114   23.731505601465049 
   72.236282823549899   48.365117086889086 
   93.569616156883242   36.048311344177066 
   86.458505045772128   48.365117086889086 
   65.125171712438799   60.681922829601092 
   50.902949490216571   85.315534315025133 
   72.236282823549899   72.998728572313127 
   65.125171712438785   85.315534315025133 
   43.791838379105457   97.632340057737167 
   29.569616156883235   122.26595154316119 
   50.902949490216557   109.94914580044919 
   43.791838379105457   122.26595154316118 
   22.458505045772117   134.58275728587321 
   8.2362828235498977   159.21636877129725 
   29.569616156883221   146.89956302858525 
   22.458505045772117   159.21636877129725 
   1.1251717124387808   171.53317451400926 
   8.2362828235498853    183.8499802567213 
   1.1251717124387808    196.1667859994333 
   114.90294949021656   23.731505601465049 
   136.23628282354989   11.414699858753041 
    129.1251717124388   23.731505601465049 
   107.79183837910544   36.048311344177066 
   93.569616156883228   60.681922829601092 
   114.90294949021657   48.365117086889086 
   107.79183837910547   60.681922829601092 
   86.458505045772114   72.998728572313112 
   72.236282823549899   97.632340057737139 
   93.569616156883257   85.315534315025133 
   86.458505045772128   97.632340057737153 
   65.125171712438785   109.94914580044917 
   50.902949490216557   134.58275728587321 
   72.236282823549899   122.26595154316119 
   65.125171712438814   134.58275728587321 
   43.791838379105442   146.89956302858522 
   29.569616156883221   171.53317451400926 
   50.902949490216571   159.21636877129725 
   43.791838379105471   171.53317451400926 
   22.458505045772103    183.8499802567213 
   29.569616156883235   196.16678599943333 
   22.458505045772132   208.48359174214531 
   150.45850504577214   11.414699858753027 
   136.23628282354989   36.048311344177066 
   157.56961615688323   23.731505601465049 
   150.45850504577214   36.048311344177066 
   129.12517171243877   48.365117086889086 
   114.90294949021657   72.998728572313112 
   136.23628282354989   60.681922829601092 
    129.1251717124388   72.998728572313098 
   107.79183837910546   85.315534315025133 
   93.569616156883257   109.94914580044916 
   114.90294949021657   97.632340057737153 
   107.79183837910546   109.94914580044917 
   86.458505045772128   122.26595154316119 
   72.236282823549899   146.89956302858522 
   93.569616156883242   134.58275728587321 
   86.458505045772128   146.89956302858522 
   65.125171712438799   159.21636877129725 
   50.902949490216571    183.8499802567213 
   72.236282823549899   171.53317451400926 
   65.125171712438799   183.84998025672127 
   43.791838379105457    196.1667859994333 
   50.902949490216557   208.48359174214534 
   43.791838379105457   220.80039748485734 
   171.79183837910546   23.731505601465049 
   157.56961615688326   48.365117086889086 
   178.90294949021657   36.048311344177066 
   171.79183837910546   48.365117086889086 
   150.45850504577214   60.681922829601106 
   136.23628282354989   85.315534315025133 
   157.56961615688326   72.998728572313112 
   150.45850504577214   85.315534315025133 
    129.1251717124388   97.632340057737139 
   114.90294949021657   122.26595154316118 
   136.23628282354991   109.94914580044917 
    129.1251717124388   122.26595154316118 
   107.79183837910546   134.58275728587321 
   93.569616156883257   159.21636877129723 
   114.90294949021657   146.89956302858522 
   107.79183837910547   159.21636877129723 
   86.458505045772128   171.53317451400926 
   72.236282823549914    196.1667859994333 
   93.569616156883257    183.8499802567213 
   86.458505045772128   196.16678599943327 
   65.125171712438799   208.48359174214531 
   178.90294949021657   11.414699858753055 
   72.236282823549899   220.80039748485734 
   65.125171712438814   233.11720322756935 
    193.1251717124388   36.048311344177051 
   178.90294949021657   60.681922829601106 
   200.23628282354991   48.365117086889072 
    193.1251717124388   60.681922829601092 
   171.79183837910546   72.998728572313127 
   157.56961615688326   97.632340057737153 
   178.90294949021657   85.315534315025118 
   171.79183837910546   97.632340057737139 
   150.45850504577214   109.94914580044917 
   136.23628282354991   134.58275728587319 
   157.56961615688326   122.26595154316118 
   150.45850504577214   134.58275728587319 
    129.1251717124388   146.89956302858522 
   114.90294949021659   171.53317451400926 
   136.23628282354989   159.21636877129723 
    129.1251717124388   171.53317451400926 
   107.79183837910547    183.8499802567213 
   93.569616156883257   208.48359174214531 
   114.90294949021657    196.1667859994333 
   107.79183837910547   208.48359174214531 
   86.458505045772128   220.80039748485734 
   200.23628282354989   23.731505601465077 
   93.569616156883242   233.11720322756938 
   86.458505045772128   245.43400897028135 
   214.45850504577211   48.365117086889057 
   200.23628282354989   72.998728572313098 
   221.56961615688323   60.681922829601078 
   214.45850504577211   72.998728572313098 
   193.12517171243877   85.315534315025118 
   178.90294949021657   109.94914580044914 
   200.23628282354989   97.632340057737125 
   193.12517171243877   109.94914580044914 
   171.79183837910546   122.26595154316117 
   157.56961615688326   146.89956302858519 
   178.90294949021657   134.58275728587319 
   171.79183837910546   146.89956302858519 
   150.45850504577214   159.21636877129723 
   136.23628282354989   183.84998025672127 
   157.56961615688323   171.53317451400926 
   150.45850504577214   183.84998025672124 
   129.12517171243877   196.16678599943327 
   114.90294949021657   220.80039748485731 
   136.23628282354989   208.48359174214531 
   129.12517171243877   220.80039748485731 
   107.79183837910546   233.11720322756935 
   221.56961615688323   36.048311344177066 
   114.90294949021654   245.43400897028135 
   235.79183837910546   60.681922829601078 
   221.56961615688323   85.315534315025133 
   242.90294949021657   72.998728572313098 
   235.79183837910546   85.315534315025104 
   214.45850504577214   97.632340057737139 
   200.23628282354991   122.26595154316118 
   221.56961615688323   109.94914580044914 
   214.45850504577214   122.26595154316115 
    193.1251717124388   134.58275728587319 
   178.90294949021657   159.21636877129723 
   200.23628282354989   146.89956302858519 
    193.1251717124388   159.21636877129723 
   171.79183837910546   171.53317451400926 
   157.56961615688326   196.16678599943327 
   178.90294949021657   183.84998025672127 
   171.79183837910546   196.16678599943327 
   150.45850504577214   208.48359174214531 
   136.23628282354989   233.11720322756932 
   157.56961615688323   220.80039748485734 
   150.45850504577214   233.11720322756932 
   129.12517171243877   245.43400897028135 
   242.90294949021657   48.365117086889086 
   242.90294949021657   97.632340057737139 
   235.79183837910546   109.94914580044916 
   221.56961615688326   134.58275728587319 
   242.90294949021657   122.26595154316117 
   235.79183837910546   134.58275728587319 
   214.45850504577217   146.89956302858519 
   200.23628282354991   171.53317451400923 
   221.56961615688326   159.21636877129723 
   214.45850504577214   171.53317451400923 
    193.1251717124388   183.84998025672127 
   178.90294949021657   208.48359174214531 
   200.23628282354991   196.16678599943327 
    193.1251717124388   208.48359174214528 
   171.79183837910546   220.80039748485734 
   157.56961615688326   245.43400897028135 
   178.90294949021657   233.11720322756935 
   171.79183837910549   245.43400897028135 
   242.90294949021657   146.89956302858522 
   235.79183837910549   159.21636877129723 
   221.56961615688328   183.84998025672127 
   242.90294949021657   171.53317451400923 
   235.79183837910546   183.84998025672127 
   214.45850504577217   196.16678599943327 
   200.23628282354991   220.80039748485731 
   221.56961615688326   208.48359174214531 
   214.45850504577217   220.80039748485729 
    193.1251717124388   233.11720322756935 
   200.23628282354991   245.43400897028135 
