   115.10513564649212   2.9310039961193763 
   91.310894117950042   9.3066517982033261 
   71.197634564199362   29.419911351954017 
   94.991876092741435   23.044263549870056 
   84.935246315866095   33.100893326745407 
   61.141004787324015   39.476541128829361 
    41.02774523357332   59.589800682580048 
   64.821986762115415   53.214152880496101 
   54.765356985240068   63.270782657371441 
   30.971115456697998   69.646430459455374 
   10.857855902947319   89.759690013206068 
   34.652097431489388   83.384042211122136 
   24.595467654614062   93.440671987997462 
   4.4822081008633559   113.55393154174817 
   118.78611762128355   16.668615747786134 
   142.58035914982563   10.292967945702184 
    132.5237293729503   20.349597722577524 
   108.72948784440821   26.725245524661485 
   88.616228290657517   46.838505078412162 
   112.41046981919959   40.462857276328215 
   102.35384004232426   50.519487053203555 
   78.559598513782177   56.895134855287502 
   58.446338960031483   77.008394409038218 
   82.240580488573571   70.632746606954242 
    72.18395071169823   80.689376383829583 
   48.389709183156157   87.065024185913529 
    28.27644962940548   107.17828373966421 
    52.07069115794755   100.80263593758028 
   42.014061381072224    110.8592657144556 
   18.219819852530126   117.23491351653956 
   21.900801827321516   130.97252526820631 
   11.844172050446192   141.02915504508164 
   156.31797090149237   13.973949920493586 
   136.20471134774169   34.087209474244283 
   159.99895287628377   27.711561672160343 
   149.94232309940844   37.768191449035683 
   126.14808157086634    44.14383925111963 
   106.03482201711566    64.25709880487031 
   129.82906354565776   57.881451002786378 
   119.77243376878243   67.938080779661718 
   95.978192240240318    74.31372858174565 
   75.864932686489624   94.426988135496345 
    99.65917421503174   88.051340333412412 
   89.602544438156386   98.107970110287752 
   65.808302909614298   104.48361791237168 
   45.695043355863625   124.59687746612236 
   69.489284884405706   118.22122966403843 
   59.432655107530387   128.27785944091377 
   35.638413578988271   134.65350724299773 
   15.525154025237594   154.76676679674841 
   39.319395553779678   148.39111899466448 
   29.262765776904352   158.44774877153981 
   5.4685242483622414   164.82339657362377 
   166.37460067836773   3.9173201436182619 
   9.1495062231536455   178.56100832529052 
   180.11221243003448   7.5983021184096655 
   173.73656462795054   31.392543646951747 
   153.62330507419986   51.505803200702424 
   177.41754660274194   45.130155398618506 
   167.36091682586658   55.186785175493846 
   143.56667529732451   61.562432977577778 
   123.45341574357383   81.675692531328465 
   147.24765727211593   75.300044729244519 
   137.19102749524058   85.356674506119873 
   113.39678596669849   91.732322308203791 
   93.283526412947793    111.8455818619545 
   117.07776794148988   105.46993405987057 
   107.02113816461454   115.52656383674591 
   83.226896636072468   121.90221163882983 
   63.113637082321773   142.01547119258052 
   86.907878610863875   135.63982339049659 
   76.851248833988549   145.69645316737191 
   53.057007305446433   152.07210096945585 
   32.943747751695739   172.18536052320653 
   56.737989280237841   165.80971272112262 
   46.681359503362501   175.86634249799798 
   22.887117974820402   182.24199030008191 
   183.79319440482587   21.335913870076407 
   26.568099949611806   195.97960205174869 
   197.53080615649262   25.016895844867811 
   191.15515835440868   48.811137373409906 
     171.041898800658   68.924396927160586 
   194.83614032920011   62.548749125076668 
   184.77951055232478   72.605378901952008 
   160.98526902378265   78.981026704035941 
   140.87200947003197   99.094286257786635 
   164.66625099857407   92.718638455702688 
   154.60962122169875   102.77526823257804 
   130.81537969315664   109.15091603466196 
   110.70212013940595   129.26417558841266 
   134.49636166794807   122.88852778632872 
   124.43973189107271   132.94515756320408 
   100.64549036253062   139.32080536528798 
   80.532230808779943   159.43406491903866 
   104.32647233732203   153.05841711695476 
   94.269842560446705   163.11504689383008 
   70.475601031904588   169.49069469591402 
   50.362341478153901   189.60395424966472 
   74.156583006695996   183.22830644758076 
   64.099953229820656   193.28493622445609 
   40.305711701278561   199.66058402654005 
   201.21178813128404   38.754507596534566 
   43.986693676069969    213.3981957782068 
   214.94939988295081   42.435489571325974 
   208.57375208086685   66.229731099868047 
   188.46049252711617   86.342990653618742 
   212.25473405565825   79.967342851534809 
   202.19810427878289   90.023972628410149 
   178.40386275024082   96.399620430494096 
   158.29060319649014   116.51287998424478 
   182.08484472503221   110.13723218216083 
   172.02821494815689   120.19386195903618 
   148.23397341961478   126.56950976112012 
    128.1207138658641   146.68276931487082 
   151.91495539440621   140.30712151278686 
   141.85832561753088   150.36375128966222 
   118.06408408898879   156.73939909174615 
   97.950824535238112   176.85265864549683 
   121.74506606378017    170.4770108434129 
   111.68843628690485   180.53364062028822 
   87.894194758362758   186.90928842237219 
   67.780935204612078   207.02254797612287 
   91.575176733154137   200.64690017403893 
   81.518546956278826   210.70352995091426 
   57.724305427736724   217.07917775299825 
   218.63038185774218   56.173101322992729 
    61.40528740252811   230.81678950466497 
   232.36799360940893   59.854083297784122 
   225.99234580732499   83.648324826326203 
   205.87908625357434    103.7615843800769 
   229.67332778211642    97.38593657799295 
   219.61669800524103   107.44256635486829 
   195.82245647669896   113.81821415695224 
   175.70919692294828   133.93147371070293 
   199.50343845149038   127.55582590861897 
   189.44680867461503   137.61245568549433 
   165.65256714607295   143.98810348757829 
   145.53930759232225   164.10136304132897 
   169.33354912086435   157.72571523924501 
   159.27691934398899   167.78234501612036 
   135.48267781544692   174.15799281820429 
   115.36941826169624   194.27125237195497 
   139.16365979023831   187.89560456987104 
   129.10703001336299   197.95223434674637 
   105.31278848482089   204.32788214883035 
   85.199528931070205   224.44114170258098 
   108.99377045961229   218.06549390049707 
   98.937140682736967   228.12212367737243 
   75.142899154194851   234.49777147945636 
   236.04897558420032   73.591695049450863 
   78.823881128986258   248.23538323112311 
   249.78658733586707    77.27267702424227 
   243.41093953378316   101.06691855278436 
   223.29767998003246   121.18017810653505 
   247.09192150857456   114.80453030445111 
   237.03529173169923   124.86116008132645 
   213.24105020315713   131.23680788341039 
   193.12779064940645   151.35006743716107 
   216.92203217794852   144.97441963507714 
    206.8654024010732   155.03104941195247 
   183.07116087253112    161.4066972140364 
   162.95790131878042   181.51995676778711 
   186.75214284732249   175.14430896570317 
   176.69551307044716   185.20093874257853 
   152.90127154190509   191.57658654466243 
   132.78801198815441   211.68984609841314 
   156.58225351669648   205.31419829632921 
   146.52562373982116   215.37082807320454 
   122.73138221127904   221.74647587528847 
   102.61812265752837   241.85973542903918 
   126.41236418607045   235.48408762695524 
   116.35573440919512   245.54071740383057 
    92.56149288065302   251.91636520591453 
   253.46756931065849   91.010288775909032 
   240.71627370649065   138.59877183299321 
   254.45388545815734   142.27975380778463 
   230.65964392961527   148.65540160986856 
   210.54638437586462   168.76866116361924 
   234.34062590440669   162.39301336153531 
   224.28399612753137   172.44964313841061 
   200.48975459898926   178.82529094049457 
   180.37649504523858   198.93855049424528 
   204.17073657378069   192.56290269216132 
   194.11410679690533   202.61953246903667 
   170.31986526836326    208.9951802711206 
   150.20660571461255   229.10843982487128 
   174.00084724315465   222.73279202278732 
   163.94421746627933   232.78942179966268 
    140.1499759377372   239.16506960174667 
   143.83095791252862   252.90268135341339 
   248.07823765607347    166.0739953363267 
   227.96497810232276   186.18725489007741 
   251.75921963086483   179.81160708799345 
   241.70258985398951   189.86823686486878 
   217.90834832544743   196.24388466695274 
   197.79508877169673   216.35714422070345 
    221.5893303002388   209.98149641861949 
   211.53270052336347   220.03812619549481 
    187.7384589948214   226.41377399757877 
   167.62519944107072   246.52703355132948 
   191.41944096961279   240.15138574924552 
   181.36281119273747   250.20801552612085 
   157.56856966419537   256.58366332820481 
