   144.97980812588162   2.8345472878078861 
   120.34619664045755   2.8345472878078861 
   95.712585155033523   17.056769510030108 
   120.34619664045756   17.056769510030122 
   108.02939089774554   24.167880621141226 
   83.395779412321517   24.167880621141226 
   58.762167926897476   38.390102843363444 
   83.395779412321517   38.390102843363458 
   71.078973669609482   45.501213954474579 
   46.445362184185456   45.501213954474565 
   21.811750698761429   59.723436176696779 
   46.445362184185456   59.723436176696794 
   34.128556441473449   66.834547287807908 
   9.4949449560493964   66.834547287807908 
   9.4949449560493964   81.056769510030151 
   169.61341961130566   2.8345472878078861 
   144.97980812588162   17.056769510030108 
   169.61341961130563   17.056769510030108 
   157.29661386859362   24.167880621141212 
   132.66300238316958   24.167880621141226 
   108.02939089774556   38.390102843363444 
   132.66300238316958   38.390102843363444 
   120.34619664045756   45.501213954474551 
   95.712585155033537   45.501213954474565 
    71.07897366960951   59.723436176696779 
   95.712585155033523   59.723436176696779 
   83.395779412321502   66.834547287807894 
   58.762167926897476   66.834547287807894 
   34.128556441473449   81.056769510030122 
   58.762167926897476   81.056769510030122 
    46.44536218418547   88.167880621141236 
   21.811750698761429   88.167880621141236 
   21.811750698761415   102.39010284336348 
   9.4949449560494106   109.50121395447458 
   194.24703109672964   2.8345472878078861 
   181.93022535401767   24.167880621141212 
   157.29661386859362   38.390102843363444 
   181.93022535401767   38.390102843363444 
   169.61341961130563   45.501213954474551 
   144.97980812588162   45.501213954474565 
   120.34619664045756   59.723436176696779 
   144.97980812588162   59.723436176696779 
   132.66300238316961   66.834547287807879 
   108.02939089774556   66.834547287807879 
   83.395779412321517   81.056769510030122 
   108.02939089774554   81.056769510030122 
   95.712585155033523   88.167880621141236 
   71.078973669609496   88.167880621141236 
    46.44536218418547   102.39010284336347 
   71.078973669609482   102.39010284336347 
    58.76216792689749   109.50121395447457 
   34.128556441473435   109.50121395447458 
   9.4949449560494106   123.72343617669679 
   34.128556441473435   123.72343617669681 
   21.811750698761429   130.83454728780791 
   194.24703109672964   17.056769510030122 
   206.56383683944168   24.167880621141226 
    194.2470310967297   45.501213954474551 
   169.61341961130563   59.723436176696765 
   194.24703109672967   59.723436176696765 
   181.93022535401767   66.834547287807879 
   157.29661386859362   66.834547287807879 
   132.66300238316958   81.056769510030122 
   157.29661386859362   81.056769510030108 
   144.97980812588162   88.167880621141208 
   120.34619664045756   88.167880621141222 
   95.712585155033537   102.39010284336345 
   120.34619664045756   102.39010284336345 
   108.02939089774553   109.50121395447457 
   83.395779412321517   109.50121395447457 
    58.76216792689749   123.72343617669678 
   83.395779412321517   123.72343617669679 
    71.07897366960951   130.83454728780788 
   46.445362184185456   130.83454728780791 
   21.811750698761429   145.05676951003011 
   46.445362184185456   145.05676951003014 
   34.128556441473449   152.16788062114125 
   9.4949449560494106   152.16788062114128 
   206.56383683944168   38.390102843363444 
   9.4949449560493964   166.39010284336348 
   218.88064258215371   45.501213954474551 
   206.56383683944171   66.834547287807879 
   181.93022535401767   81.056769510030122 
   206.56383683944171   81.056769510030108 
    194.2470310967297   88.167880621141222 
   169.61341961130563   88.167880621141222 
   144.97980812588162   102.39010284336345 
   169.61341961130566   102.39010284336345 
   157.29661386859365   109.50121395447457 
   132.66300238316961   109.50121395447457 
   108.02939089774556   123.72343617669678 
   132.66300238316961   123.72343617669678 
   120.34619664045756   130.83454728780791 
   95.712585155033537   130.83454728780791 
    71.07897366960951   145.05676951003011 
   95.712585155033523   145.05676951003011 
   83.395779412321531   152.16788062114125 
   58.762167926897476   152.16788062114125 
   34.128556441473449   166.39010284336348 
   58.762167926897476   166.39010284336348 
    46.44536218418547   173.50121395447457 
   21.811750698761429   173.50121395447459 
   218.88064258215368   59.723436176696779 
   21.811750698761429   187.72343617669682 
   231.19744832486572   66.834547287807879 
   218.88064258215371   88.167880621141208 
    194.2470310967297   102.39010284336345 
   218.88064258215371   102.39010284336345 
   206.56383683944171   109.50121395447455 
   181.93022535401767   109.50121395447457 
   157.29661386859365   123.72343617669678 
   181.93022535401767   123.72343617669677 
   169.61341961130566   130.83454728780788 
   144.97980812588162   130.83454728780788 
   120.34619664045758   145.05676951003011 
   144.97980812588162   145.05676951003011 
   132.66300238316958   152.16788062114125 
   108.02939089774556   152.16788062114125 
   83.395779412321531   166.39010284336348 
   108.02939089774554   166.39010284336345 
   95.712585155033551   173.50121395447457 
    71.07897366960951   173.50121395447459 
    46.44536218418547   187.72343617669679 
   71.078973669609496   187.72343617669679 
    58.76216792689749   194.83454728780791 
   34.128556441473449   194.83454728780791 
   231.19744832486572   81.056769510030122 
   34.128556441473435   209.05676951003014 
   243.51425406757772   88.167880621141222 
   231.19744832486575   109.50121395447454 
   206.56383683944168   123.72343617669677 
   231.19744832486572   123.72343617669675 
   218.88064258215371   130.83454728780785 
   194.24703109672967   130.83454728780788 
   169.61341961130566   145.05676951003008 
    194.2470310967297   145.05676951003008 
   181.93022535401767   152.16788062114122 
   157.29661386859362   152.16788062114122 
   132.66300238316961   166.39010284336345 
   157.29661386859362   166.39010284336345 
   144.97980812588159   173.50121395447457 
   120.34619664045756   173.50121395447457 
   95.712585155033537   187.72343617669677 
   120.34619664045756   187.72343617669677 
   108.02939089774556   194.83454728780785 
   83.395779412321517   194.83454728780791 
   58.762167926897476   209.05676951003011 
   83.395779412321502   209.05676951003011 
   71.078973669609496   216.16788062114122 
   46.445362184185456   216.16788062114125 
   243.51425406757772   102.39010284336344 
   46.445362184185441   230.39010284336345 
    255.8310598102897   109.50121395447454 
   243.51425406757775   130.83454728780788 
   218.88064258215371   145.05676951003008 
   243.51425406757775   145.05676951003008 
   231.19744832486575   152.16788062114122 
   206.56383683944171   152.16788062114122 
   181.93022535401767   166.39010284336345 
   206.56383683944171   166.39010284336342 
    194.2470310967297   173.50121395447454 
   169.61341961130566   173.50121395447457 
   144.97980812588162   187.72343617669677 
   169.61341961130566   187.72343617669677 
   157.29661386859362   194.83454728780788 
   132.66300238316961   194.83454728780791 
   108.02939089774556   209.05676951003011 
   132.66300238316958   209.05676951003008 
   120.34619664045758   216.16788062114122 
   95.712585155033537   216.16788062114125 
    71.07897366960951   230.39010284336345 
   95.712585155033523   230.39010284336345 
   83.395779412321517   237.50121395447457 
   58.762167926897476   237.50121395447457 
   255.83105981028976   123.72343617669678 
   58.762167926897476   251.72343617669679 
   255.83105981028982   152.16788062114122 
   231.19744832486575   166.39010284336345 
   255.83105981028982   166.39010284336345 
   243.51425406757775   173.50121395447454 
   218.88064258215371   173.50121395447457 
    194.2470310967297   187.72343617669677 
   218.88064258215371   187.72343617669677 
   206.56383683944173   194.83454728780785 
   181.93022535401767   194.83454728780788 
   157.29661386859365   209.05676951003008 
   181.93022535401767   209.05676951003008 
   169.61341961130566   216.16788062114122 
   144.97980812588162   216.16788062114122 
   120.34619664045758   230.39010284336345 
   144.97980812588162   230.39010284336345 
   132.66300238316961   237.50121395447457 
   108.02939089774556   237.50121395447457 
   83.395779412321517   251.72343617669679 
   108.02939089774556   251.72343617669679 
   243.51425406757778   187.72343617669679 
   255.83105981028982   194.83454728780785 
   231.19744832486575   194.83454728780791 
   206.56383683944173   209.05676951003011 
   231.19744832486575   209.05676951003008 
   218.88064258215374   216.16788062114122 
    194.2470310967297   216.16788062114125 
   169.61341961130569   230.39010284336345 
    194.2470310967297   230.39010284336345 
   181.93022535401767   237.50121395447457 
   157.29661386859365   237.50121395447457 
   132.66300238316961   251.72343617669679 
   157.29661386859365   251.72343617669679 
