   172.26060921149997    6.591155630477104 
   158.52299745983325   10.272137605268508 
   134.72875593129112   3.8964898031845578 
   107.25353242795764   11.258453752767378 
   131.04777395649973   17.634101554851316 
   117.31016220483298   21.315083529642731 
   93.515920676290889   14.939435727558783 
   66.040697172957394   22.301399677141589 
   89.834938701499482   28.677047479225539 
   76.097326949832748   32.358029454016943 
   52.303085421290632   25.982381651932993 
   24.827861917957144   33.344345601515812 
   48.622103446499224   39.719993403599766 
   34.884491694832484   43.400975378391166 
   11.090250166290373    37.02532757630722 
   7.4092681914989695   50.762939327973974 
   223.53007424337557   5.6048394829782184 
   196.05485074004207   12.966803432561026 
   219.84909226858417   19.342451234644962 
    206.1114805169174   23.023433209436366 
   182.31723898837532   16.647785407352444 
   154.84201548504183   24.009749356935252 
   178.63625701358393   30.385397159019185 
   164.89864526191715   34.066379133810592 
   141.10440373337508   27.690731331726653 
   113.62918023004158   35.052695281309475 
   137.42342175858366   41.428343083393393 
   123.68581000691691   45.109325058184815 
   99.891568478374836   38.733677256100876 
   72.416344975041341   46.095641205683684 
     96.2105865035834   52.471289007767624 
   82.472974751916681   56.152270982559024 
   58.678733223374564   49.776623180475092 
    31.20350972004108   57.138587130057914 
   54.997751248583164   63.514234932141846 
   41.260139496916416   67.195216906933254 
   17.465897968374311   60.819569104849315 
   13.784915993582905   74.557180856516055 
   229.90572204545953   29.399081011520316 
     202.430498542126   36.761044961103124 
   226.22474007066808   43.136692763187071 
   212.48712831900136   46.817674737978479 
   188.69288679045926   40.442026935894539 
   161.21766328712576   47.803990885477347 
   185.01190481566786    54.17963868756128 
   171.27429306400111   57.860620662352687 
   147.48005153545901   51.484972860268748 
   120.00482803212552    58.84693680985157 
   143.79906956066759   65.222584611935503 
   130.06145780900084    68.90356658672691 
   106.26721628045875   62.527918784642978 
   78.791992777125273   69.889882734225779 
   102.58623430566736   76.265530536309711 
   88.848622554000627   79.946512511101119 
   65.054381025458497   73.570864709017201 
   37.579157522125016   80.932828658600002 
   61.373399050667096   87.308476460683949 
   47.635787299000356   90.989458435475342 
   23.841545770458243    84.61381063339141 
   20.160563795666842   98.351422385058171 
   6.4229520440000982   102.03240435984956 
   236.28136984754346   53.193322540062397 
   208.80614634420994   60.555286489645205 
   232.60038787275204   66.930934291729159 
   218.86277612108526   70.611916266520552 
   195.06853459254319    64.23626846443662 
   167.59331108920969   71.598232414019435 
   191.38755261775179   77.973880216103382 
   177.64994086608502   81.654862190894775 
   153.85569933754294   75.279214388810828 
   126.38047583420945   82.641178338393644 
   150.17471736275152    89.01682614047759 
    136.4371056110848   92.697808115268998 
    112.6428640825427   86.322160313185037 
   85.167640579209191   93.684124262767867 
   108.96188210775129    100.0597720648518 
   95.224270356084546   103.74075403964321 
   71.430028827542444   97.365106237559289 
   43.954805324208948   104.72707018714209 
   67.749046852751036   111.10271798922602 
   54.011435101084288   114.78369996401743 
   30.217193572542179    108.4080521619335 
   2.7419700692086946    115.7700161115163 
   26.536211597750778   122.14566391360025 
   12.798599846084034   125.82664588839165 
   242.65701764962739   76.987564068604499 
    215.1817941462939     84.3495280181873 
   238.97603567483597   90.725175820271247 
   225.23842392316922   94.406157795062654 
   201.44418239462715   88.030509992978722 
   173.96895889129362   95.392473942561537 
    197.7632004198357   101.76812174464547 
   184.02558866816898   105.44910371943688 
   160.23134713962688   99.073455917352945 
   132.75612363629338   106.43541986693575 
   156.55036516483545   112.81106766901969 
   142.81275341316871    116.4920496438111 
   119.01851188462663   110.11640184172715 
   91.543288381293138   117.47836579130995 
   115.33752990983523   123.85401359339392 
   101.59991815816849   127.53499556818531 
    77.80567662962639   121.15934776610138 
   50.330453126292888   128.52131171568419 
   74.124694654834968   134.89695951776812 
   60.387082903168242   138.57794149255952 
   36.592841374626119   132.20229369047561 
   9.1176178712926301    139.5642576400584 
   32.911859399834711   145.93990544214236 
    19.17424764816797   149.62088741693375 
    249.0326654517113    100.7818055971466 
   221.55744194837783   108.14376954672942 
    245.3516834769199   114.51941734881333 
   231.61407172525318   118.20039932360476 
   207.81983019671105   111.82475152152081 
   180.34460669337759   119.18671547110364 
   204.13884822191966   125.56236327318756 
   190.40123647025291   129.24334524797897 
   166.60699494171081   122.86769744589503 
   139.13177143837731   130.22966139547785 
   162.92601296691939   136.60530919756178 
   149.18840121525267   140.28629117235317 
   125.39415968671058   133.91064337026927 
   97.918936183377085   141.27260731985206 
   121.71317771191916   147.64825512193599 
   107.97556596025242   151.32923709672738 
   84.181324431710308   144.95358929464348 
    56.70610092837682   152.31555324422629 
   80.500342456918901    158.6912010463102 
   66.762730705252181   162.37218302110165 
   42.968489176710065   155.99653521901769 
   15.493265673376566    163.3584991686005 
    39.28750720191865   169.73414697068444 
   25.549895450251906   173.41512894547586 
   255.40831325379526   124.57604712568867 
   227.93308975046173    131.9380110752715 
   251.72733127900383   138.31365887735541 
   237.98971952733706   141.99464085214683 
   214.19547799879498    135.6189930500629 
   186.72025449546149   142.98095699964571 
   210.51449602400359   149.35660480172962 
   196.77688427233684   153.03758677652104 
   172.98264274379474   146.66193897443711 
   145.50741924046125   154.02390292401992 
   169.30166076900335   160.39955072610385 
   155.56404901733657   164.08053270089525 
    131.7698074887945   157.70488489881131 
   104.29458398546102   165.06684884839416 
   128.08882551400308   171.44249665047806 
   114.35121376233636   175.12347862526948 
   90.556972233794241   168.74783082318555 
    63.08174873046076   176.10979477276837 
   86.875990259002819   182.48544257485227 
     73.1383785073361   186.16642454964369 
   49.344136978793991   179.79077674755976 
   21.868913475460488   187.15274069714258 
   45.663155004002569   193.52838849922654 
   31.925543252335842    197.2093704740179 
   234.30873755254569   155.73225260381358 
   244.36536732942102   165.78888238068893 
   220.57112580087895   159.41323457860497 
   193.09590229754542   166.77519852818781 
   216.89014382608752   173.15084633027175 
   203.15253207442078   176.83182830506314 
    179.3582905458787   170.45618050297921 
   151.88306704254518   177.81814445256202 
   175.67730857108725   184.19379225464596 
   161.93969681942053   187.87477422943735 
   138.14545529087846   181.49912642735342 
   110.67023178754495   188.86109037693623 
   134.46447331608701   195.23673817902019 
   120.72686156442029   198.91772015381156 
   96.932620035878173   192.54207235172763 
   69.457396532544692   199.90403630131047 
    93.25163806108678    206.2796841033944 
   79.514026309420032    209.9606660781858 
   55.719784780877923   203.58501827610183 
   28.244561277544438   210.94698222568465 
   52.038802806086522   217.32263002776861 
   38.301191054419775      221.00361200256 
   240.68438535462965   179.52649413235568 
   250.74101513150498   189.58312390923101 
   226.94677360296288    183.2074761071471 
   199.47155009962938   190.56944005672989 
   223.26579162817146   196.94508785881385 
   209.52817987650471   200.62606983360521 
   185.73393834796261   194.25042203152131 
   158.25871484462914   201.61238598110413 
   182.05295637317121   207.98803378318803 
   168.31534462150447   211.66901575797945 
   144.52110309296236   205.29336795589552 
   117.04587958962888   212.65533190547831 
   140.84012111817097   219.03097970756227 
   127.10250936650422   222.71196168235366 
   103.30826783796213   216.33631388026976 
   75.833044334628624   223.69827782985254 
   99.627285863170698    230.0739256319365 
   85.889674111503965   233.75490760672787 
   62.095432582961855   227.37925980464397 
   34.620209079628374   234.74122375422675 
   58.414450608170455   241.11687155631068 
   44.676838856503714   244.79785353110211 
   247.06003315671356   203.32073566089778 
   233.32242140504681    207.0017176356892 
   205.84719790171332   214.36368158527202 
   229.64143943025539   220.73932938735592 
   215.90382767858864   224.42031136214732 
   192.10958615004657   218.04466356006341 
   164.63436264671304   225.40662750964623 
   188.42860417525515   231.78227531173013 
    174.6909924235884   235.46325728652155 
   150.89675089504632   229.08760948443765 
   123.42152739171283   236.44957343402046 
   147.21576892025493   242.82522123610434 
   133.47815716858815   246.50620321089579 
   109.68391564004607   240.13055540881183 
   82.208692136712571   247.49251935839467 
   106.00293366525464   253.86816716047858 
   68.471080385045809   251.17350133318607 
