   246.34534845568513   9.0566047566258998 
    217.9009040112407    9.056604756625914 
   239.23423734457404   21.373410499337936 
   225.01201512235184   21.373410499337936 
   203.67868178901847    9.056604756625914 
   175.23423734457404    9.056604756625914 
   196.56757067790736   21.373410499337936 
   182.34534845568515   21.373410499337936 
   161.01201512235181    9.056604756625914 
   132.56757067790736    9.056604756625914 
   153.90090401124067   21.373410499337936 
   139.67868178901847   21.373410499337936 
   118.34534845568515    9.056604756625914 
   89.900904011240712    9.056604756625914 
   111.23423734457403   21.373410499337936 
   97.012015122351826   21.373410499337936 
   75.678681789018469    9.056604756625914 
   47.234237344574019    9.056604756625914 
   68.567570677907355   21.373410499337936 
   54.345348455685148   21.373410499337936 
   33.012015122351784    9.056604756625914 
   4.5675706779073426   9.0566047566259282 
    25.90090401124068   21.373410499337936 
   11.678681789018475    21.37341049933795 
   246.34534845568515   33.690216242049928 
    217.9009040112407   33.690216242049942 
   239.23423734457404   46.007021984761963 
   225.01201512235184   46.007021984761963 
   203.67868178901847   33.690216242049942 
   175.23423734457404   33.690216242049942 
   196.56757067790736   46.007021984761963 
   182.34534845568515   46.007021984761963 
   161.01201512235181   33.690216242049942 
   132.56757067790736   33.690216242049942 
   153.90090401124067   46.007021984761963 
   139.67868178901847   46.007021984761963 
   118.34534845568515   33.690216242049942 
   89.900904011240712   33.690216242049942 
   111.23423734457403   46.007021984761963 
   97.012015122351826   46.007021984761963 
   75.678681789018469   33.690216242049942 
   47.234237344574034   33.690216242049942 
   68.567570677907355   46.007021984761963 
   54.345348455685148   46.007021984761963 
   33.012015122351798   33.690216242049942 
   4.5675706779073568   33.690216242049956 
    25.90090401124068   46.007021984761963 
   11.678681789018475   46.007021984761977 
   246.34534845568515   58.323827727473969 
    217.9009040112407   58.323827727473983 
   239.23423734457404   70.640633470185989 
   225.01201512235184   70.640633470185989 
   203.67868178901847   58.323827727473983 
   175.23423734457404   58.323827727473983 
   196.56757067790736   70.640633470185989 
   182.34534845568515   70.640633470186003 
   161.01201512235181   58.323827727473983 
   132.56757067790736   58.323827727473983 
   153.90090401124067   70.640633470186003 
   139.67868178901847   70.640633470186003 
   118.34534845568515   58.323827727473983 
   89.900904011240712   58.323827727473983 
   111.23423734457403   70.640633470186003 
   97.012015122351826   70.640633470186003 
   75.678681789018469   58.323827727473983 
   47.234237344574034   58.323827727473983 
   68.567570677907355   70.640633470186017 
   54.345348455685148   70.640633470186017 
   33.012015122351798   58.323827727473983 
   4.5675706779073568   58.323827727473997 
    25.90090401124068   70.640633470186017 
   11.678681789018475   70.640633470186017 
   246.34534845568515   82.957439212897995 
    217.9009040112407   82.957439212897995 
   239.23423734457404    95.27424495561003 
   225.01201512235184    95.27424495561003 
   203.67868178901847   82.957439212897995 
   175.23423734457404   82.957439212898009 
   196.56757067790736    95.27424495561003 
   182.34534845568515    95.27424495561003 
   161.01201512235184   82.957439212898009 
   132.56757067790736   82.957439212898009 
   153.90090401124067    95.27424495561003 
   139.67868178901847    95.27424495561003 
   118.34534845568515   82.957439212898009 
   89.900904011240712   82.957439212898009 
   111.23423734457403    95.27424495561003 
   97.012015122351826    95.27424495561003 
   75.678681789018469   82.957439212898009 
   47.234237344574034   82.957439212898024 
   68.567570677907355    95.27424495561003 
   54.345348455685148    95.27424495561003 
   33.012015122351798   82.957439212898024 
   4.5675706779073568   82.957439212898024 
    25.90090401124068    95.27424495561003 
   11.678681789018475    95.27424495561003 
   246.34534845568515   107.59105069832204 
    217.9009040112407   107.59105069832204 
   239.23423734457404   119.90785644103407 
   225.01201512235184   119.90785644103407 
   203.67868178901847   107.59105069832205 
   175.23423734457404   107.59105069832205 
   196.56757067790736   119.90785644103407 
   182.34534845568515   119.90785644103407 
   161.01201512235184   107.59105069832205 
   132.56757067790736   107.59105069832205 
    153.9009040112407   119.90785644103407 
   139.67868178901847   119.90785644103407 
   118.34534845568515   107.59105069832205 
   89.900904011240712   107.59105069832205 
   111.23423734457403   119.90785644103407 
   97.012015122351826   119.90785644103407 
   75.678681789018469   107.59105069832205 
   47.234237344574034   107.59105069832205 
   68.567570677907355   119.90785644103407 
   54.345348455685148   119.90785644103407 
   33.012015122351798   107.59105069832206 
   4.5675706779073568   107.59105069832206 
    25.90090401124068   119.90785644103407 
   11.678681789018475   119.90785644103407 
   246.34534845568515   132.22466218374606 
    217.9009040112407   132.22466218374606 
   239.23423734457404   144.54146792645807 
   225.01201512235184   144.54146792645807 
   203.67868178901847   132.22466218374606 
   175.23423734457404   132.22466218374606 
   196.56757067790736   144.54146792645807 
   182.34534845568515   144.54146792645807 
   161.01201512235184   132.22466218374606 
   132.56757067790736   132.22466218374606 
    153.9009040112407   144.54146792645807 
   139.67868178901847   144.54146792645807 
   118.34534845568515   132.22466218374606 
   89.900904011240712   132.22466218374606 
   111.23423734457403   144.54146792645807 
   97.012015122351826   144.54146792645807 
   75.678681789018469   132.22466218374606 
   47.234237344574034   132.22466218374606 
   68.567570677907355   144.54146792645807 
   54.345348455685148   144.54146792645807 
   33.012015122351798   132.22466218374606 
   4.5675706779073568   132.22466218374606 
    25.90090401124068   144.54146792645807 
   11.678681789018475   144.54146792645807 
   246.34534845568515   156.85827366917007 
    217.9009040112407   156.85827366917007 
   239.23423734457404   169.17507941188208 
   225.01201512235184   169.17507941188208 
   203.67868178901847   156.85827366917007 
   175.23423734457404   156.85827366917007 
   196.56757067790736   169.17507941188208 
   182.34534845568515   169.17507941188208 
   161.01201512235184   156.85827366917007 
   132.56757067790738   156.85827366917007 
    153.9009040112407   169.17507941188208 
   139.67868178901847   169.17507941188208 
   118.34534845568515   156.85827366917007 
   89.900904011240712   156.85827366917007 
   111.23423734457403   169.17507941188208 
   97.012015122351826   169.17507941188208 
   75.678681789018469   156.85827366917007 
   47.234237344574034   156.85827366917007 
   68.567570677907355   169.17507941188208 
   54.345348455685148   169.17507941188208 
   33.012015122351798   156.85827366917007 
   4.5675706779073568   156.85827366917007 
    25.90090401124068   169.17507941188208 
   11.678681789018475   169.17507941188208 
   246.34534845568515   181.49188515459412 
    217.9009040112407   181.49188515459412 
   239.23423734457404   193.80869089730612 
   225.01201512235184   193.80869089730612 
   203.67868178901847   181.49188515459412 
   175.23423734457404   181.49188515459412 
   196.56757067790736   193.80869089730612 
   182.34534845568515   193.80869089730612 
   161.01201512235184   181.49188515459412 
   132.56757067790738   181.49188515459412 
    153.9009040112407   193.80869089730612 
   139.67868178901847   193.80869089730612 
   118.34534845568515   181.49188515459412 
   89.900904011240712   181.49188515459412 
   111.23423734457403   193.80869089730612 
   97.012015122351826   193.80869089730612 
   75.678681789018469   181.49188515459412 
   47.234237344574034   181.49188515459412 
   68.567570677907355   193.80869089730612 
   54.345348455685148   193.80869089730612 
   33.012015122351798   181.49188515459412 
   4.5675706779073568   181.49188515459412 
    25.90090401124068   193.80869089730612 
   11.678681789018475   193.80869089730615 
   246.34534845568515   206.12549664001813 
    217.9009040112407   206.12549664001816 
   239.23423734457404   218.44230238273016 
   225.01201512235184   218.44230238273016 
   203.67868178901847   206.12549664001816 
   175.23423734457404   206.12549664001816 
   196.56757067790736   218.44230238273016 
   182.34534845568515   218.44230238273016 
   161.01201512235184   206.12549664001816 
   132.56757067790738   206.12549664001816 
    153.9009040112407   218.44230238273016 
   139.67868178901847   218.44230238273016 
   118.34534845568515   206.12549664001816 
   89.900904011240712   206.12549664001816 
   111.23423734457403   218.44230238273016 
   97.012015122351826   218.44230238273016 
   75.678681789018469   206.12549664001816 
   47.234237344574034   206.12549664001816 
   68.567570677907355   218.44230238273016 
   54.345348455685148   218.44230238273016 
   33.012015122351798   206.12549664001816 
   4.5675706779073568   206.12549664001818 
    25.90090401124068   218.44230238273016 
   11.678681789018475   218.44230238273016 
   246.34534845568515    230.7591081254422 
    217.9009040112407    230.7591081254422 
   239.23423734457404    243.0759138681542 
   225.01201512235184    243.0759138681542 
   203.67868178901847    230.7591081254422 
   175.23423734457404    230.7591081254422 
   196.56757067790736    243.0759138681542 
   182.34534845568515    243.0759138681542 
   161.01201512235184    230.7591081254422 
   132.56757067790738    230.7591081254422 
    153.9009040112407    243.0759138681542 
   139.67868178901847    243.0759138681542 
   118.34534845568515    230.7591081254422 
   89.900904011240712    230.7591081254422 
   111.23423734457403    243.0759138681542 
   97.012015122351826    243.0759138681542 
   75.678681789018469    230.7591081254422 
   47.234237344574034    230.7591081254422 
   68.567570677907355    243.0759138681542 
   54.345348455685148    243.0759138681542 
   33.012015122351798    230.7591081254422 
   4.5675706779073568    230.7591081254422 
    25.90090401124068    243.0759138681542 
   11.678681789018475   243.07591386815423 
