   53.424357483870985   73.152419381005515 
   60.347024150537656    93.03051587296585 
   24.603450817204315   112.90861236492619 
    38.44963748387098   152.66599801078314 
   31.526544150537656   132.78790151882279 
   45.372730817204321   172.54409450274346 
   53.424357483870985   192.41861300889494 
   60.347024150537656   212.29670950085529 
   24.603450817204315   232.17480599281561 
    38.44963748387098   33.399804382893699 
   31.526544150537656   13.521707890933365 
   45.372730817204321   53.277900874854062 
   96.091024150537649   73.152419381005515 
   103.01369081720432    93.03051587296585 
   67.270117483870976   112.90861236492619 
   81.116304150537644   152.66599801078314 
   74.193210817204317   132.78790151882279 
   88.039397483870985   172.54409450274346 
   96.091024150537649   192.41861300889494 
   103.01369081720432   212.29670950085529 
   67.270117483870976   232.17480599281561 
   81.116304150537644   33.399804382893699 
   74.193210817204317   13.521707890933365 
   88.039397483870985   53.277900874854062 
   138.75769081720432   73.152419381005515 
   145.68035748387101    93.03051587296585 
   109.93678415053765   112.90861236492619 
   123.78297081720432   152.66599801078314 
   116.85987748387099   132.78790151882279 
   130.70606415053766   172.54409450274346 
   138.75769081720432   192.41861300889494 
   145.68035748387101   212.29670950085529 
   109.93678415053765   232.17480599281561 
   123.78297081720432   33.399804382893699 
   116.85987748387099   13.521707890933365 
   130.70606415053766   53.277900874854062 
   181.42435748387098   73.152419381005515 
   188.34702415053766    93.03051587296585 
    152.6034508172043   112.90861236492619 
   166.44963748387099   152.66599801078314 
   159.52654415053766   132.78790151882279 
   173.37273081720431   172.54409450274346 
   181.42435748387098   192.41861300889494 
   188.34702415053766   212.29670950085529 
    152.6034508172043   232.17480599281561 
   166.44963748387099   33.399804382893699 
   159.52654415053766   13.521707890933365 
   173.37273081720431   53.277900874854062 
   224.09102415053766   73.152419381005515 
   231.01369081720429    93.03051587296585 
   195.27011748387099   112.90861236492619 
   209.11630415053764   152.66599801078314 
   202.19321081720432   132.78790151882279 
     216.039397483871   172.54409450274346 
   224.09102415053766   192.41861300889494 
   231.01369081720429   212.29670950085529 
   195.27011748387099   232.17480599281561 
   209.11630415053764   33.399804382893699 
   202.19321081720432   13.521707890933365 
     216.039397483871   53.277900874854062 
   10.757690817204336   73.152419381005515 
   17.680357483870988    93.03051587296585 
   237.93678415053768   112.90861236492619 
   251.78297081720433   152.66599801078314 
     244.859877483871   132.78790151882279 
   2.7060641505376721   172.54409450274346 
   10.757690817204336   192.41861300889494 
   17.680357483870988   212.29670950085529 
   237.93678415053768   232.17480599281561 
   251.78297081720433   33.399804382893699 
     244.859877483871   13.521707890933365 
   2.7060641505376721   53.277900874854062 
