   40.656354172765283   98.617779079252557 
   42.198306740384155   119.61026383453289 
   2.5278361813553083   129.55991309489821 
    5.612256889674609   171.54625548734367 
   4.0698921937032075   150.55366030260407 
   7.1546215856460114   192.53885067208321 
   9.7879918249825995   213.82007570762366 
   73.066669088166847   4.4079672061617892 
   33.396198529137976   14.357616466527178 
   36.480619237457297   56.343958858972591 
   34.938254541485904   35.351363674232957 
   38.022983933428712   77.336554043712098 
   81.869189427765562   109.66072500362677 
   83.411141995384398   130.65320975890708 
   43.740671436355541   140.60285901927244 
   46.825092144674855   182.58920141171785 
   45.282727448703454   161.59660622697831 
   48.367456840646263   203.58179659645745 
   51.000827079982876   224.86302163199787 
   114.27950434316709   15.450913130536001 
   74.609033784138205   25.400562390901388 
   77.693454492457533   67.386904783346807 
   76.151089796486161   46.394309598607173 
   79.235819188428948   88.379499968086321 
   123.08202468276579   120.70367092800099 
   124.62397725038466   141.69615568328132 
   84.953506691355784   151.64580494364662 
   88.037927399675127   193.63214733609209 
    86.49556270370374   172.63955215135255 
   89.580292095646527   214.62474252083166 
   92.213662334983127   235.90596755637208 
   155.49233959816735   26.493859054910228 
   115.82186903913846   36.443508315275601 
   118.90628974745779    78.42985070772103 
   117.36392505148642   57.437255522981403 
   120.44865444342922   99.422445892460544 
   164.29485993776603   131.74661685237521 
    165.8368125053849   152.73910160765553 
   126.16634194635606   162.68875086802086 
   129.25076265467538   204.67509326046633 
   127.70839795870397   183.68249807572673 
   130.79312735064676    225.6676884452059 
   133.42649758998334   246.94891348074631 
   196.70517485316759    37.53680497928444 
   157.03470429413872   47.486454239649831 
   160.11912500245805   89.472796632095239 
   158.57676030648668   68.480201447355611 
   161.66148969842945   110.46539181683475 
   205.50769519276628   142.78956277674942 
   207.04964776038511   163.78204753202976 
   167.37917720135633    173.7316967923951 
   170.46359790967563   215.71803918484051 
    168.9212332137042   194.72544400010096 
   172.00596260564703   236.71063436958011 
   237.91801010816781   48.579750903658656 
   198.24753954913896    58.52940016402404 
   201.33196025745829   100.51574255646946 
   199.78959556148689    79.52314737172982 
   202.87432495342972   121.50833774120898 
   246.72053044776655   153.83250870112366 
   248.26248301538541     174.824993456404 
   208.59201245635657   184.77464271676931 
   211.67643316467587   226.76098510921474 
   210.13406846870444    205.7683899244752 
    213.2187978606473   247.75358029395434 
   239.46037480413924   69.572346088398277 
   242.54479551245856   111.55868848084368 
   241.00243081648716   90.566093296104057 
   244.08716020842996   132.55128366558321 
