   100.22364227070015   6.1452480923581074 
   96.279799219985065   26.821517966607409 
   55.385908445306185    26.16466784085673 
   47.498365021252461   67.518667131556967 
   51.441838567795259   46.842183923974318 
   43.554891474709635    88.19515033913963 
   40.590545456755443   109.43280158678409 
   36.646702406040362   130.10907146103341 
   137.17405949883621   27.478581425691434 
   133.23021644812113   48.154851299940752 
   92.336325673442261   47.498001174190073 
   84.448782249388501   88.852000464890295 
    88.39225579593132   68.175517257307646 
   80.505308702845696   109.52848367247294 
   77.540962684891497   130.76613492011742 
   73.597119634176423   151.44240479436675 
    32.70322885949755   150.78555466861607 
   24.815685435443797   192.13955395931626 
   28.759158981986609   171.46307075173362 
   140.13840551679039   6.2409301780469608 
   174.12447672697226   48.811914759024774 
   170.18063367625717   69.488184633274059 
   129.28674290157829   68.831334507523394 
   121.39919947752455   110.18533379822361 
   125.34267302406737   89.508850590640989 
   117.45572593098174   130.86181700580627 
   114.49137991302756   152.09946825345077 
   110.54753686231247   172.77573812770007 
   69.653646087633589   172.11888800194936 
   61.766102663579851    213.4728872926496 
   65.709576210122663   192.79640408506694 
   177.08882274492646   27.574263511380302 
   211.07489395510828   70.145248092358088 
   207.13105090439319   90.821517966607402 
   166.23716012971434   90.164667840856723 
   158.34961670566062   131.51866713155695 
   162.29309025220343   110.84218392397432 
   154.40614315911776   152.19515033913959 
   151.44179714116362   173.43280158678408 
   147.49795409044853   194.10907146103338 
   106.60406331576964    193.4522213352827 
   98.716519891715905   234.80622062598295 
   102.65999343825871   214.12973741840028 
   214.03923997306248   48.907596844713616 
   248.02531118324436   91.478581425691431 
   244.08146813252927   112.15485129994073 
   203.18757735785042   111.49800117419007 
   195.30003393379664   152.85200046489027 
   199.24350748033945   132.17551725730763 
   191.35656038725386   173.52848367247293 
   188.39221436929967   194.76613492011742 
   184.44837131858455   215.44240479436669 
   143.55448054390573   214.78555466861604 
   135.66693711985195   256.13955395931623 
   139.61041066639473   235.46307075173362 
   250.98965720119855   70.240930178046952 
   59.329381991849019   5.4881846332740825 
   240.13799458598646   132.83133450752339 
   232.25045116193272   174.18533379822361 
   236.19392470847549   153.50885059064098 
   228.30697761538991   194.86181700580627 
   225.34263159743571   216.09946825345077 
   180.50489777204177   236.11888800194939 
   176.56082789453083   256.79640408506697 
