   89.879645253721364   44.710991400888325 
   76.126042046138735   60.645244842133579 
   41.039318838556071   39.629450559415048 
   13.531506214522516    71.49929278121823 
   27.284896088771834     55.5646698358007 
    179.4135955405647   1.0121480281888577 
   116.81905970894847   11.866195967273512 
   103.06566983469918   27.800818912691032 
   111.21297858705471   81.661408629024379 
   97.459375379472064   97.595662070269626 
   62.372652171889406    76.57986778755108 
   34.864839547855858   108.44971000935428 
   48.618229422105173   92.515087063936747 
   21.111449673606554   124.38433295477179 
   7.9254250926287444    141.2945054429691 
   200.74692887389804   37.962565256324915 
   165.66020566631536   16.946770973606363 
   138.15239304228183   48.816613195409552 
   151.90578291653114   32.881990249992029 
   124.39900316803251   64.751236140827075 
   132.54631192038804   118.61182585716045 
   118.79270871280539   134.54607929840566 
   83.705985505222756   113.53028501568714 
   56.198172881189194   145.40012723749032 
   69.951562755438516   129.46550429207278 
   42.444783006939893   161.33475018290787 
   29.258758425962085   178.24492267110517 
   222.08026220723136    74.91298248446094 
   186.99353899964871   53.897188201742416 
   159.48572637561514   85.767030423545606 
   173.23911624986448    69.83240747812809 
   145.73233650136586   101.70165336896314 
   153.87964525372138   155.56224308529647 
   140.12604204613876   171.49649652654173 
   105.03931883855608    150.4807022438232 
   77.531506214522537    182.3505444656264 
   91.284896088771859   166.41592152020885 
   63.778116340273229   198.28516741104389 
   50.592091759295414   215.19533989924122 
    243.4135955405647     111.863399712597 
   208.32687233298208    90.84760542987847 
   180.81905970894849   122.71744765168167 
   194.57244958319782   106.78282470626414 
   167.06566983469921   138.65207059709917 
   175.21297858705472   192.51266031343252 
   161.45937537947205   208.44691375467775 
   126.37265217188943   187.43111947195925 
    98.86483954785588   219.30096169376242 
   112.61822942210519    203.3663387483449 
   85.111449673606558   235.23558463917993 
   71.925425092628771   252.14575712737727 
   229.66020566631542   127.79802265801453 
   202.15239304228183   159.66786487981773 
   215.90578291653117   143.73324193440016 
   188.39900316803255   175.60248782523524 
   196.54631192038806   229.46307754156859 
   182.79270871280542   245.39733098281383 
   147.70598550522277    224.3815367000953 
   120.19817288118922   256.25137892189844 
   133.95156275543852   240.31675597648095 
   250.99353899964876   164.74843988615061 
   223.48572637561517   196.61828210795377 
   237.23911624986451   180.68365916253623 
   209.73233650136589   212.55290505337129 
