   112.75980044673182   18.440846725136808 
   103.59892816408023   37.391848095576563 
     64.2684682496959   26.173261834283583 
   45.946483742836506   64.076711312292474 
   55.107054326594799   45.125408242959438 
   36.785913159078213   83.028014381625539 
   28.425866166143404   102.77478100572523 
   19.264993883491805     121.725782376165 
   142.92968977735782   48.610736055762843 
   133.76881749470624   67.561737426202569 
    94.43835758032192   56.343151164909585 
    76.11637307346254   94.246600642918523 
   85.276943657220855   75.295297573585458 
    66.95580248970424   113.19790371225157 
   58.595755496769428   132.94467033635127 
   49.434883214117825   151.89567170679101 
   10.104423299733499   140.67708544549802 
   160.45030735405092   9.9126663623301106 
   151.28973677029265   28.863969431663154 
   173.09957910798389   78.780625386388863 
   163.93870682533228   97.731626756828604 
   124.60824691094795    86.51304049553562 
   106.28626240408856   124.41648997354454 
   115.44683298784688   105.46518690421148 
   97.125691820330275   143.36779304287762 
   88.765644827395448    163.1145596669773 
   79.604772544743852   182.06556103741701 
   40.274312630359539   170.84697477612406 
   190.62019668467696   40.082555692956134 
   31.112898707258445    189.7991211847999 
   181.45962610091865   59.033858762289192 
   203.26946843860992   108.95051471701488 
   194.10859615595831   127.90151608745464 
     154.778136241574   116.68292982616165 
   136.45615173471461   154.58637930417055 
   145.61672231847288   135.63507623483753 
   127.29558115095629   173.53768237350363 
   118.93553415802148   193.28444899760331 
    109.7746618753699   212.23545036804308 
   70.444201960985566   201.01686410675009 
   220.79008601530302   70.252445023582183 
   61.282788037884487   219.96901051542596 
   211.62951543154469   89.203748092915205 
   233.43935776923593   139.12040404764093 
   224.27848548658437   158.07140541808067 
   184.94802557220001   146.85281915678769 
   166.62604106534064   184.75626863479658 
   175.78661164909894   165.80496556546353 
   157.46547048158232   203.70757170412966 
   149.10542348864752   223.45433832822937 
   139.94455120599594   242.40533969866908 
   100.61409129161162   231.18675343737613 
   250.95997534592902   100.42233435420819 
   91.452677368510507   250.13889984605194 
   241.79940476217072   119.37363742354125 
   73.429038833454186   7.2219587649505232 
   215.11791490282607   177.02270848741372 
   196.79593039596668   214.92615796542265 
   205.95650097972495   195.97485489608957 
   187.63535981220838    233.8774610347557 
   179.27531281927358   253.62422765885538 
