   100.80771096494972   47.858540455330093 
   83.398662162128829   59.690152927958842 
   54.946777864392963    30.30934227393989 
   20.127749094703361   53.973700159525919 
   37.536687468065018   42.141675558544641 
   2.7188107213417059   65.805724760507189 
   216.01000759332078   16.990178107547425 
   198.60095879049993   28.821790580176174 
   135.33004572307445   23.105337811743251 
   152.73898409643613   11.273313210761957 
   117.92110734971281   34.937362412724518 
   111.85065688932394   89.071375710330372 
   94.441608086503052   100.90298818295909 
   65.989723788767193   71.522177528940119 
   31.170695019077574   95.186535414526176 
   48.579633392439234   83.354510813544891 
   13.761756645715918   107.01856001550745 
   227.05295351769504   58.203013362547686 
   209.64390471487411   70.034625835176428 
   181.19202041713822   40.653815181157455 
   146.37299164744866   64.318173066743483 
   163.78193002081034   52.486148465762206 
   128.96405327408701   76.150197667724768 
   122.89360281369817   130.28421096533063 
   105.48455401087729   142.11582343795936 
   77.032669713141402   112.73501278394038 
     42.2136409434518   136.39937066952641 
   59.622579316813457   124.56734606854513 
   24.804702570090146    148.2313952705077 
   238.09589944206925   99.415848617547937 
   220.68685063924835   111.24746109017667 
   192.23496634151246   81.866650436157684 
   157.41593757182289   105.53100832174373 
   174.82487594518454   93.698983720762456 
   140.00699919846124   117.36303292272503 
   133.93654873807239   171.49704622033084 
    116.5274999352515   183.32865869295961 
   88.075615637515625   153.94784803894063 
   53.256586867826016   177.61220592452668 
   70.665525241187666   165.78018132354538 
   35.847648494464359   189.44423052550795 
   249.13884536644343   140.62868387254818 
   231.72979656362259   152.46029634517691 
    203.2779122658867   123.07948569115796 
   168.45888349619713   146.74384357674398 
   185.86782186955878   134.91181897576271 
   151.04994512283545   158.57586817772525 
    144.9794946624466   212.70988147533112 
   127.57044585962571   224.54149394795982 
   99.118561561889848   195.16068329394091 
   64.299532792200239   218.82504117952692 
   81.708471165561889   206.99301657854565 
   46.890594418838589   230.65706578050819 
   242.77274248799677   193.67313160017716 
   214.32085819026088   164.29232094615821 
   179.50182942057134   187.95667883174426 
   196.91076779393299   176.12465423076296 
   162.09289104720969   199.78870343272555 
   156.02244058682084   253.92271673033139 
   72.355716237754635   18.477317672958595 
   110.16150748626407   236.37351854894115 
   92.751417089936112   248.20585183354589 
   225.36380411463514   205.50515620115846 
   190.54477534494555    229.1695140867445 
    207.9537137183072    217.3374894857632 
   173.13583697158393    241.0015386877258 
