    171.3463307276113   62.623920519099556 
   151.46823423565098   69.546587185766242 
   131.59013774369066   33.803013852432883 
   91.832752097833691   47.649200519099566 
   111.71084858979404   40.726107185766224 
   71.954655605873356   54.572293852432892 
   52.080137099721881   62.623920519099563 
   32.202040607761546   69.546587185766242 
   12.323944115801215   33.803013852432883 
    211.0989457257231   47.649200519099566 
   230.97704221768345   40.726107185766224 
   191.22084923376278   54.572293852432892 
    171.3463307276113   105.29058718576624 
   151.46823423565101   112.21325385243289 
   131.59013774369066   76.469680519099555 
   91.832752097833705   90.315867185766237 
   111.71084858979404   83.392773852432896 
    71.95465560587337   97.238960519099564 
   52.080137099721881   105.29058718576624 
   32.202040607761546   112.21325385243289 
   12.323944115801215   76.469680519099555 
    211.0989457257231   90.315867185766237 
   230.97704221768345   83.392773852432896 
   191.22084923376278   97.238960519099564 
    171.3463307276113    147.9572538524329 
   151.46823423565101   154.87992051909956 
   131.59013774369066   119.13634718576623 
   91.832752097833705   132.98253385243288 
   111.71084858979404   126.05944051909957 
    71.95465560587337   139.90562718576624 
   52.080137099721881    147.9572538524329 
   32.202040607761546   154.87992051909956 
   12.323944115801215   119.13634718576623 
    211.0989457257231   132.98253385243288 
   230.97704221768345   126.05944051909957 
   191.22084923376278   139.90562718576624 
    171.3463307276113   190.62392051909953 
   151.46823423565101   197.54658718576621 
   131.59013774369066   161.80301385243288 
   91.832752097833705   175.64920051909957 
   111.71084858979404   168.72610718576621 
    71.95465560587337   182.57229385243286 
   52.080137099721881   190.62392051909953 
   32.202040607761546   197.54658718576621 
   12.323944115801215   161.80301385243288 
    211.0989457257231   175.64920051909957 
   230.97704221768345   168.72610718576621 
   191.22084923376278   182.57229385243286 
    171.3463307276113   233.29058718576621 
   151.46823423565101   240.21325385243287 
   131.59013774369066   204.46968051909957 
   91.832752097833719   218.31586718576622 
   111.71084858979404   211.39277385243287 
   71.954655605873384   225.23896051909955 
   52.080137099721881   233.29058718576621 
   32.202040607761546   240.21325385243287 
   12.323944115801215   204.46968051909957 
    211.0989457257231   218.31586718576622 
   230.97704221768345   211.39277385243287 
   191.22084923376281   225.23896051909955 
    171.3463307276113   19.957253852432903 
   151.46823423565098   26.879920519099585 
   131.59013774369066   247.13634718576625 
   91.832752097833691   4.9825338524328977 
   111.71084858979405   254.05944051909955 
   71.954655605873356   11.905627185766239 
   52.080137099721881   19.957253852432903 
   32.202040607761546   26.879920519099585 
   12.323944115801215   247.13634718576625 
    211.0989457257231   4.9825338524328977 
   230.97704221768348   254.05944051909955 
   191.22084923376278   11.905627185766239 
