   21.408279770471005   20.691721214740078 
   37.408279770471012    36.69172121474007 
   37.408279770471012   20.691721214740078 
   21.408279770471005    36.69172121474007 
   21.408279770471005   52.691721214740078 
   37.408279770471012    68.69172121474007 
   37.408279770471012   52.691721214740078 
   21.408279770471005    68.69172121474007 
   21.408279770471005    84.69172121474007 
   37.408279770471012   100.69172121474008 
   37.408279770471012    84.69172121474007 
   21.408279770471005   100.69172121474008 
   21.408279770471005   116.69172121474007 
   37.408279770471012   132.69172121474006 
   37.408279770471012   116.69172121474007 
   21.408279770471005   132.69172121474006 
   21.408279770471005   148.69172121474006 
   37.408279770471012   164.69172121474006 
   37.408279770471012   148.69172121474006 
   21.408279770471005   164.69172121474006 
   21.408279770471005   180.69172121474008 
   37.408279770471012   196.69172121474008 
   37.408279770471012   180.69172121474008 
   21.408279770471005   196.69172121474008 
   21.408279770471005   212.69172121474006 
   37.408279770471012   228.69172121474006 
   37.408279770471012   212.69172121474006 
   21.408279770471005   228.69172121474006 
   21.408279770471005   244.69172121474006 
   37.408279770471012   4.6917212147400562 
   37.408279770471012   244.69172121474006 
   21.408279770471005   4.6917212147400562 
   53.408279770471019   20.691721214740078 
   69.408279770471012    36.69172121474007 
   69.408279770471012   20.691721214740078 
   53.408279770471019    36.69172121474007 
   53.408279770471019   52.691721214740078 
   69.408279770471012    68.69172121474007 
   69.408279770471012   52.691721214740078 
   53.408279770471019    68.69172121474007 
   53.408279770471019    84.69172121474007 
   69.408279770471012   100.69172121474008 
   69.408279770471012    84.69172121474007 
   53.408279770471019   100.69172121474008 
   53.408279770471019   116.69172121474007 
   69.408279770471012   132.69172121474006 
   69.408279770471012   116.69172121474007 
   53.408279770471019   132.69172121474006 
   53.408279770471019   148.69172121474006 
   69.408279770471012   164.69172121474006 
   69.408279770471012   148.69172121474006 
   53.408279770471019   164.69172121474006 
   53.408279770471019   180.69172121474008 
   69.408279770471012   196.69172121474008 
   69.408279770471012   180.69172121474008 
   53.408279770471019   196.69172121474008 
   53.408279770471019   212.69172121474006 
   69.408279770471012   228.69172121474006 
   69.408279770471012   212.69172121474006 
   53.408279770471019   228.69172121474006 
   53.408279770471019   244.69172121474006 
   69.408279770471012   4.6917212147400562 
   69.408279770471012   244.69172121474006 
   53.408279770471019   4.6917212147400562 
   85.408279770470998   20.691721214740078 
   101.40827977047101    36.69172121474007 
   101.40827977047101   20.691721214740078 
   85.408279770470998    36.69172121474007 
   85.408279770470998   52.691721214740078 
   101.40827977047101    68.69172121474007 
   101.40827977047101   52.691721214740078 
   85.408279770470998    68.69172121474007 
   85.408279770470998    84.69172121474007 
   101.40827977047101   100.69172121474008 
   101.40827977047101    84.69172121474007 
   85.408279770470998   100.69172121474008 
   85.408279770470998   116.69172121474007 
   101.40827977047101   132.69172121474006 
   101.40827977047101   116.69172121474007 
   85.408279770470998   132.69172121474006 
   85.408279770470998   148.69172121474006 
   101.40827977047101   164.69172121474006 
   101.40827977047101   148.69172121474006 
   85.408279770470998   164.69172121474006 
   85.408279770470998   180.69172121474008 
   101.40827977047101   196.69172121474008 
   101.40827977047101   180.69172121474008 
   85.408279770470998   196.69172121474008 
   85.408279770470998   212.69172121474006 
   101.40827977047101   228.69172121474006 
   101.40827977047101   212.69172121474006 
   85.408279770470998   228.69172121474006 
   85.408279770470998   244.69172121474006 
   101.40827977047101   4.6917212147400562 
   101.40827977047101   244.69172121474006 
   85.408279770470998   4.6917212147400562 
   117.40827977047101   20.691721214740078 
   133.40827977047098    36.69172121474007 
   133.40827977047098   20.691721214740078 
   117.40827977047101    36.69172121474007 
   117.40827977047101   52.691721214740078 
   133.40827977047098    68.69172121474007 
   133.40827977047098   52.691721214740078 
   117.40827977047101    68.69172121474007 
   117.40827977047101    84.69172121474007 
   133.40827977047098   100.69172121474008 
   133.40827977047098    84.69172121474007 
   117.40827977047101   100.69172121474008 
   117.40827977047101   116.69172121474007 
   133.40827977047098   132.69172121474006 
   133.40827977047098   116.69172121474007 
   117.40827977047101   132.69172121474006 
   117.40827977047101   148.69172121474006 
   133.40827977047098   164.69172121474006 
   133.40827977047098   148.69172121474006 
   117.40827977047101   164.69172121474006 
   117.40827977047101   180.69172121474008 
   133.40827977047098   196.69172121474008 
   133.40827977047098   180.69172121474008 
   117.40827977047101   196.69172121474008 
   117.40827977047101   212.69172121474006 
   133.40827977047098   228.69172121474006 
   133.40827977047098   212.69172121474006 
   117.40827977047101   228.69172121474006 
   117.40827977047101   244.69172121474006 
   133.40827977047098   4.6917212147400562 
   133.40827977047098   244.69172121474006 
   117.40827977047101   4.6917212147400562 
   149.40827977047101   20.691721214740078 
   165.40827977047101    36.69172121474007 
   165.40827977047101   20.691721214740078 
   149.40827977047101    36.69172121474007 
   149.40827977047101   52.691721214740078 
   165.40827977047101    68.69172121474007 
   165.40827977047101   52.691721214740078 
   149.40827977047101    68.69172121474007 
   149.40827977047101    84.69172121474007 
   165.40827977047101   100.69172121474008 
   165.40827977047101    84.69172121474007 
   149.40827977047101   100.69172121474008 
   149.40827977047101   116.69172121474007 
   165.40827977047101   132.69172121474006 
   165.40827977047101   116.69172121474007 
   149.40827977047101   132.69172121474006 
   149.40827977047101   148.69172121474006 
   165.40827977047101   164.69172121474006 
   165.40827977047101   148.69172121474006 
   149.40827977047101   164.69172121474006 
   149.40827977047101   180.69172121474008 
   165.40827977047101   196.69172121474008 
   165.40827977047101   180.69172121474008 
   149.40827977047101   196.69172121474008 
   149.40827977047101   212.69172121474006 
   165.40827977047101   228.69172121474006 
   165.40827977047101   212.69172121474006 
   149.40827977047101   228.69172121474006 
   149.40827977047101   244.69172121474006 
   165.40827977047101   4.6917212147400562 
   165.40827977047101   244.69172121474006 
   149.40827977047101   4.6917212147400562 
   181.40827977047101   20.691721214740078 
   197.40827977047101    36.69172121474007 
   197.40827977047101   20.691721214740078 
   181.40827977047101    36.69172121474007 
   181.40827977047101   52.691721214740078 
   197.40827977047101    68.69172121474007 
   197.40827977047101   52.691721214740078 
   181.40827977047101    68.69172121474007 
   181.40827977047101    84.69172121474007 
   197.40827977047101   100.69172121474008 
   197.40827977047101    84.69172121474007 
   181.40827977047101   100.69172121474008 
   181.40827977047101   116.69172121474007 
   197.40827977047101   132.69172121474006 
   197.40827977047101   116.69172121474007 
   181.40827977047101   132.69172121474006 
   181.40827977047101   148.69172121474006 
   197.40827977047101   164.69172121474006 
   197.40827977047101   148.69172121474006 
   181.40827977047101   164.69172121474006 
   181.40827977047101   180.69172121474008 
   197.40827977047101   196.69172121474008 
   197.40827977047101   180.69172121474008 
   181.40827977047101   196.69172121474008 
   181.40827977047101   212.69172121474006 
   197.40827977047101   228.69172121474006 
   197.40827977047101   212.69172121474006 
   181.40827977047101   228.69172121474006 
   181.40827977047101   244.69172121474006 
   197.40827977047101   4.6917212147400562 
   197.40827977047101   244.69172121474006 
   181.40827977047101   4.6917212147400562 
   213.40827977047101   20.691721214740078 
   229.40827977047101    36.69172121474007 
   229.40827977047101   20.691721214740078 
   213.40827977047101    36.69172121474007 
   213.40827977047101   52.691721214740078 
   229.40827977047101    68.69172121474007 
   229.40827977047101   52.691721214740078 
   213.40827977047101    68.69172121474007 
   213.40827977047101    84.69172121474007 
   229.40827977047101   100.69172121474008 
   229.40827977047101    84.69172121474007 
   213.40827977047101   100.69172121474008 
   213.40827977047101   116.69172121474007 
   229.40827977047101   132.69172121474006 
   229.40827977047101   116.69172121474007 
   213.40827977047101   132.69172121474006 
   213.40827977047101   148.69172121474006 
   229.40827977047101   164.69172121474006 
   229.40827977047101   148.69172121474006 
   213.40827977047101   164.69172121474006 
   213.40827977047101   180.69172121474008 
   229.40827977047101   196.69172121474008 
   229.40827977047101   180.69172121474008 
   213.40827977047101   196.69172121474008 
   213.40827977047101   212.69172121474006 
   229.40827977047101   228.69172121474006 
   229.40827977047101   212.69172121474006 
   213.40827977047101   228.69172121474006 
   213.40827977047101   244.69172121474006 
   229.40827977047101   4.6917212147400562 
   229.40827977047101   244.69172121474006 
   213.40827977047101   4.6917212147400562 
   245.40827977047098   20.691721214740078 
   5.4082797704709957    36.69172121474007 
   5.4082797704709957   20.691721214740078 
   245.40827977047098    36.69172121474007 
   245.40827977047098   52.691721214740078 
   5.4082797704709957    68.69172121474007 
   5.4082797704709957   52.691721214740078 
   245.40827977047098    68.69172121474007 
   245.40827977047098    84.69172121474007 
   5.4082797704709957   100.69172121474008 
   5.4082797704709957    84.69172121474007 
   245.40827977047098   100.69172121474008 
   245.40827977047098   116.69172121474007 
   5.4082797704709957   132.69172121474006 
   5.4082797704709957   116.69172121474007 
   245.40827977047098   132.69172121474006 
   245.40827977047098   148.69172121474006 
   5.4082797704709957   164.69172121474006 
   5.4082797704709957   148.69172121474006 
   245.40827977047098   164.69172121474006 
   245.40827977047098   180.69172121474008 
   5.4082797704709957   196.69172121474008 
   5.4082797704709957   180.69172121474008 
   245.40827977047098   196.69172121474008 
   245.40827977047098   212.69172121474006 
   5.4082797704709957   228.69172121474006 
   5.4082797704709957   212.69172121474006 
   245.40827977047098   228.69172121474006 
   245.40827977047098   244.69172121474006 
   5.4082797704709957   4.6917212147400562 
   5.4082797704709957   244.69172121474006 
   245.40827977047098   4.6917212147400562 
