   42.396031646532442   6.9212240843144883 
   53.709740145517202   26.517142026579926 
   57.850844867157541   11.062328805954827 
   38.254926924892104   22.376037304939601 
   34.113822203251765   37.830850525564685 
   45.427530702236538   57.426768467830108 
   49.568635423876863   41.971955247205024 
    29.97271748161144   53.285663746189783 
   25.831612759971115   68.740476966814867 
   37.145321258955875   88.336394909080283 
   41.286425980596213   72.881581688455199 
   21.690508038330776   84.195290187439952 
   17.549403316690452    99.65010340806505 
   28.863111815675211   119.24602135033049 
    33.00421653731555   103.79120812970538 
   13.408298595050113   115.10491662869018 
   9.2671938734097736   130.55972984931526 
   20.580902372394533   150.15564779158069 
   24.722007094034872   134.70083457095561 
   5.1260891517694338   146.01454306994037 
   12.298692929113882   181.06527423283086 
   16.439797650754208   165.61046101220577 
    4.016483485833219   211.97490067408106 
   8.1575882074735588   196.52008745345594 
   92.901576030048062   3.8897250286104077 
   73.305658087782632   15.203433527595166 
   84.619366586767384   34.799351469860589 
   88.760471308407716   19.344538249235491 
     69.1645533661423   30.658246748220265 
   65.023448644501968   46.113059968845349 
   76.337157143486735   65.708977911110779 
   80.478261865127052   50.254164690485688 
   60.882343922861637   61.567873189470447 
   56.741239201221312   77.022686410095531 
   68.054947700206057   96.618604352360947 
   72.196052421846389   81.163791131735849 
   52.600134479580973   92.477499630720629 
   48.459029757940648   107.93231285134573 
   59.772738256925393   127.52823079361116 
   63.913842978565732   112.07341757298605 
   44.317925036300309   123.38712607197084 
    40.17682031465997   138.84193929259592 
    51.49052881364473   158.43785723486138 
   55.631633535285069   142.98304401423627 
   36.035715593019631   154.29675251322104 
   31.894610871379307   169.75156573384612 
   43.208319370364066   189.34748367611155 
   47.349424092004405   173.89267045548644 
   27.753506149738982   185.20637895447121 
   23.612401428098657   200.66119217509629 
   34.926109927083402   220.25711011736169 
   39.067214648723741   204.80229689673661 
   19.471296706458318   216.11600539572137 
   123.81120247129824   12.171934471891072 
   108.35638925067313   8.0308297502507315 
    104.2152845290328   23.485642970875816 
   115.52899302801758   43.081560913141253 
    119.6700977496579   27.626747692516155 
   100.07417980739248   38.940456191500914 
   95.933075085752137   54.395269412126012 
   107.24678358473692   73.991187354391428 
   111.38788830637725   58.536374133766351 
   91.791970364111805   69.850082632751111 
   87.650865642471473   85.304895853376195 
   98.964574141456254   104.90081379564161 
   103.10567886309657   89.446000575016527 
   83.509760920831155   100.75970907400128 
   79.368656199190809   116.21452229462638 
   90.682364698175576   135.81044023689182 
   94.823469419815922   120.35562701626671 
   75.227551477550477    131.6693355152515 
   71.086446755910146   147.12414873587659 
   82.400155254894926   166.72006667814202 
   86.541259976535244   151.26525345751693 
   66.945342034269814    162.5789619565017 
   62.804237312629489   178.03377517712676 
   74.117945811614248   197.62969311939221 
   78.259050533254594    182.1748798987671 
    58.66313259098915   193.48858839775187 
   54.522027869348825   208.94340161837692 
   65.835736368333599   228.53931956064235 
   69.976841089973917   213.08450634001724 
   50.380923147708486   224.39821483900204 
   154.72082891254843    20.45414391517172 
   158.86193363418874   4.9993306945466234 
   139.26601569192331   16.313039193531395 
     135.124910970283   31.767852414156494 
   146.43861946926773   51.363770356421917 
   150.57972419090808   35.908957135796818 
   130.98380624864268   47.222665634781592 
   126.84270152700233   62.677478855406676 
   138.15641002598707   82.273396797672092 
   142.29751474762742   66.818583577047008 
   122.70159680536202   78.132292076031774 
   118.56049208372167   93.587105296656858 
   129.87420058270641   113.18302323892227 
   134.01530530434675   97.728210018297176 
   114.41938736208135   109.04191851728196 
   110.27828264044102   124.49673173790706 
   121.59199113942576   144.09264968017249 
   125.73309586106609   128.63783645954737 
   106.13717791880069   139.95154495853214 
   101.99607319716034   155.40635817915725 
   113.30978169614509   175.00227612142268 
   117.45088641778541   159.54746290079757 
   97.854968475520025   170.86117139978234 
   93.713863753879693   186.31598462040745 
   105.02757225286443   205.91190256267288 
   109.16867697450476   190.45708934204777 
   89.572759032239347   201.77079784103253 
   85.431654310599015   217.22561106165762 
   96.745362809583767   236.82152900392302 
    100.8864675312241   221.36671578329793 
   81.290549588958697    232.6804242822827 
   174.31674685481386   9.1404354161869623 
   185.63045535379862   28.736353358452398 
   189.77156007543894   13.281540137827301 
   170.17564213317351   24.595248636812059 
   166.03453741153319   40.050061857437143 
   177.34824591051793    59.64597979970258 
   181.48935063215831   44.191166579077482 
   161.89343268989285   55.504875078062241 
   157.75232796825253    70.95968829868734 
    169.0660364672373   90.555606240952756 
   173.20714118887761   75.100793020327657 
   153.61122324661218   86.414501519312438 
   149.47011852497184   101.86931473993752 
    160.7838270239566   121.46523268220294 
   164.92493174559695   106.01041946157785 
   145.32901380333152   117.32412796056261 
    141.1879090816912   132.77894118118769 
   152.50161758067597   152.37485912345315 
   156.64272230231629   136.92004590282804 
   137.04680436005083   148.23375440181283 
   132.90569963841051   163.68856762243792 
   144.21940813739528   183.28448556470335 
   148.36051285903562   167.82967234407826 
   128.76459491677019   179.14338084306303 
   124.62349019512986   194.59819406368808 
   135.93719869411464   214.19411200595351 
   140.07830341575496   198.73929878532843 
   120.48238547348953    210.0530072843132 
    116.3412807518492   225.50782050493825 
   127.65498925083396   245.10373844720371 
   131.79609397247432    229.6489252265786 
   112.20017603020887   240.96263372556339 
   205.22637329606405   17.422644859467628 
   216.54008179504882   37.018562801733061 
   220.68118651668914   21.563749581107967 
   201.08526857442371   32.877458080092723 
   196.94416385278339   48.332271300717807 
   208.25787235176816   67.928189242983251 
    212.3989770734085   52.473376022358146 
   192.80305913114304   63.787084521342912 
   188.66195440950273   79.241897741968017 
   199.97566290848749   98.837815684233433 
   204.11676763012781   83.383002463608335 
   184.52084968786238   94.696710962593102 
   180.37974496622203   110.15152418321819 
    191.6934534652068   129.74744212548362 
   195.83455818684718   114.29262890485852 
   176.23864024458172   125.60633740384327 
    172.0975355229414   141.06115062446838 
   183.41124402192617   160.65706856673384 
   187.55234874356648    145.2022553461087 
   167.95643080130105   156.51596384509347 
   163.81532607966071   171.97077706571861 
   175.12903457864547   191.56669500798404 
   179.27013930028585   176.11188178735893 
   159.67422135802039   187.42559028634369 
   155.53311663638007   202.88040350696875 
   166.84682513536484   222.47632144923421 
   170.98792985700516   207.02150822860909 
   151.39201191473973   218.33521672759383 
   147.25090719309938   233.79002994821894 
   158.56461569208415   253.38594789048435 
   162.70572041372449   237.93113466985926 
   143.10980247145906   249.24484316884403 
   236.13599973731422   25.704854302748291 
   247.44970823629899   45.300772245013725 
   251.59081295793933    29.84595902438863 
   231.99489501567388   41.159667523373386 
   227.85379029403356    56.61448074399847 
    239.1674987930183   76.210398686263915 
   243.30860351465864   60.755585465638809 
   223.71268557239321   72.069293964623569 
   219.57158085075287   87.524107185248667 
   230.88528934973766   107.12002512751408 
   235.02639407137798   91.665211906888985 
   215.43047612911255   102.97892040587377 
   211.28937140747223   118.43373362649885 
     222.603079906457   138.02965156876425 
   226.74418462809732   122.57483834813918 
   207.14826668583191   133.88854684712393 
   203.00716196419157   149.34336006774902 
   214.32087046317633   168.93927801001448 
   218.46197518481668   153.48446478938939 
   198.86605724255122   164.79817328837416 
   194.72495252091088   180.25298650899924 
   206.03866101989564   199.84890445126467 
   210.17976574153596   184.39409123063959 
   190.58384779927056   195.70779972962436 
   186.44274307763021   211.16261295024941 
   197.75645157661501   230.75853089251487 
   201.89755629825532   215.30371767188979 
   182.30163835598989   226.61742617087452 
   178.16053363434958   242.07223939149958 
   193.61534685497466    246.2133441131399 
   254.62231201364341   80.351503407904232 
   250.48120729200303   95.806316628529316 
   246.34010257036272   111.26112984915441 
    242.1989978487224   126.71594306977951 
   253.51270634770717   146.31186101204494 
   238.05789312708205   142.17075629040457 
   233.91678840544171   157.62556951102971 
    245.2304969044265   177.22148745329514 
   249.37160162606685   161.76667423267003 
   229.77568368380139   173.08038273165479 
   225.63457896216107   188.53519595227991 
   236.94828746114584   208.13111389454534 
   241.08939218278616   192.67630067392022 
   221.49347424052073   203.99000917290499 
   217.35236951888038    219.4448223935301 
    228.6660780178652   239.04074033579553 
   232.80718273950552   223.58592711517042 
   213.21126479724006   234.89963561415519 
   209.07016007559974   250.35444883478024 
   224.52497329622486   254.49555355642059 
