   63.477033919198554   21.584616257759741 
   71.477033919198547   7.7282097972087298 
    49.62062745864754   13.584616257759739 
    41.62062745864754   27.441022718310766 
   47.477033919198547   49.297429178861798 
   55.477033919198547   35.441022718310769 
   33.620627458647533    41.29742917886179 
   25.620627458647544   55.153835639412804 
   31.477033919198568   77.010242099963804 
   39.477033919198554   63.153835639412812 
   17.620627458647554   69.010242099963804 
   9.6206274586475526   82.866648560514832 
   15.477033919198561   104.72305502106586 
   23.477033919198565   90.866648560514818 
   1.6206274586475482   96.723055021065861 
   7.4770339191985578   118.57946148161687 
    107.1898468403006   9.8718033366577096 
    93.33344037974959    1.871803336657706 
    85.33344037974959   15.728209797208732 
   91.189846840300589   37.584616257759748 
   99.189846840300604   23.728209797208738 
   77.333440379749575   29.584616257759745 
   69.333440379749575   43.441022718310776 
   75.189846840300589    65.29742917886179 
   83.189846840300589   51.441022718310776 
   61.333440379749575   57.297429178861798 
   53.333440379749582   71.153835639412804 
   59.189846840300611   93.010242099963818 
   67.189846840300604   79.153835639412804 
   45.333440379749597   85.010242099963818 
    37.33344037974959   98.866648560514818 
   43.189846840300604   120.72305502106587 
   51.189846840300604   106.86664856051483 
    29.33344037974959   112.72305502106586 
   21.333440379749586   126.57946148161687 
   27.189846840300593   148.43586794216793 
   35.189846840300596   134.57946148161687 
   13.333440379749581   140.43586794216793 
   5.3334403797495922    154.2922744027189 
   11.189846840300602   176.14868086326993 
   19.189846840300604    162.2922744027189 
   3.1898468403006119   190.00508732382093 
   129.04625330085162   4.0153968761066858 
   134.90265976140265   25.871803336657702 
   142.90265976140262    12.01539687610669 
   121.04625330085162   17.871803336657699 
    113.0462533008516   31.728209797208727 
   118.90265976140265   53.584616257759741 
   126.90265976140263   39.728209797208727 
   105.04625330085162   45.584616257759741 
   97.046253300851617   59.441022718310769 
   102.90265976140265    81.29742917886179 
   110.90265976140265   67.441022718310776 
   89.046253300851617    73.29742917886179 
   81.046253300851632   87.153835639412804 
    86.90265976140266    109.0102420999638 
   94.902659761402631   95.153835639412804 
   73.046253300851617    101.0102420999638 
   65.046253300851632   114.86664856051483 
    70.90265976140266   136.72305502106585 
    78.90265976140266   122.86664856051483 
   57.046253300851632   128.72305502106587 
   49.046253300851625   142.57946148161687 
   54.902659761402646    164.4358679421679 
   62.902659761402653    150.5794614816169 
   41.046253300851625    156.4358679421679 
   33.046253300851632    170.2922744027189 
   38.902659761402653   192.14868086326993 
    46.90265976140266    178.2922744027189 
   25.046253300851628   184.14868086326993 
   17.046253300851639   198.00508732382093 
   30.902659761402667   206.00508732382093 
   156.75906622195365   20.015396876106678 
   162.61547268250467   41.871803336657692 
   170.61547268250465   28.015396876106681 
   148.75906622195367   33.871803336657692 
   140.75906622195365    47.72820979720872 
   146.61547268250467   69.584616257759734 
   154.61547268250465    55.72820979720872 
   132.75906622195367   61.584616257759734 
   124.75906622195366   75.441022718310762 
   130.61547268250467   97.297429178861776 
   138.61547268250467   83.441022718310762 
   116.75906622195366    89.29742917886179 
   108.75906622195365    103.1538356394128 
   114.61547268250467    125.0102420999638 
   122.61547268250466   111.15383563941279 
   100.75906622195366    117.0102420999638 
   92.759066221953674   130.86664856051482 
   98.615472682504688   152.72305502106585 
   106.61547268250469   138.86664856051482 
   84.759066221953674   144.72305502106585 
    76.75906622195366   158.57946148161687 
   82.615472682504674    180.4358679421679 
   90.615472682504674   166.57946148161687 
    68.75906622195366    172.4358679421679 
   60.759066221953674    186.2922744027189 
   66.615472682504688   208.14868086326993 
   74.615472682504674    194.2922744027189 
   52.759066221953667   200.14868086326993 
   44.759066221953681    214.0050873238209 
    178.6154726825047   14.158990415555641 
   58.615472682504695   222.00508732382093 
   164.75906622195367   6.1589904155556514 
    184.4718791430557   36.015396876106685 
    190.3282856036067   57.871803336657685 
   198.32828560360667   44.015396876106678 
    176.4718791430557   49.871803336657699 
    168.4718791430557    63.72820979720872 
    174.3282856036067   85.584616257759734 
    182.3282856036067    71.72820979720872 
   160.47187914305567    77.58461625775972 
   152.47187914305567   91.441022718310762 
    158.3282856036067   113.29742917886178 
    166.3282856036067   99.441022718310762 
   144.47187914305567   105.29742917886178 
    136.4718791430557   119.15383563941279 
    142.3282856036067   141.01024209996382 
   150.32828560360673   127.15383563941279 
    128.4718791430557   133.01024209996382 
    120.4718791430557   146.86664856051482 
    126.3282856036067   168.72305502106585 
    134.3282856036067   154.86664856051482 
   112.47187914305569   160.72305502106585 
   104.47187914305569   174.57946148161687 
    110.3282856036067   196.43586794216793 
    118.3282856036067   182.57946148161687 
   96.471879143055688   188.43586794216787 
   88.471879143055716    202.2922744027189 
   94.328285603606716   224.14868086326993 
   102.32828560360673    210.2922744027189 
   80.471879143055702    216.1486808632699 
   72.471879143055702   230.00508732382093 
    206.3282856036067   30.158990415555632 
   86.328285603606716   238.00508732382093 
    192.4718791430557   22.158990415555643 
   212.18469206415773   52.015396876106678 
   218.04109852470876   73.871803336657692 
   226.04109852470876   60.015396876106685 
   204.18469206415773   65.871803336657692 
   196.18469206415776    79.72820979720872 
   202.04109852470876   101.58461625775973 
   210.04109852470876    87.72820979720872 
   188.18469206415773   93.584616257759734 
   180.18469206415773   107.44102271831076 
   186.04109852470876   129.29742917886179 
   194.04109852470876   115.44102271831076 
   172.18469206415773   121.29742917886179 
   164.18469206415773   135.15383563941279 
   170.04109852470876   157.01024209996382 
   178.04109852470873   143.15383563941279 
   156.18469206415776   149.01024209996379 
   148.18469206415773   162.86664856051482 
   154.04109852470876   184.72305502106585 
   162.04109852470876   170.86664856051482 
   140.18469206415776   176.72305502106585 
   132.18469206415776   190.57946148161687 
   138.04109852470876    212.4358679421679 
   146.04109852470876   198.57946148161687 
   124.18469206415773    204.4358679421679 
   116.18469206415774    218.2922744027189 
   122.04109852470876   240.14868086326993 
   130.04109852470876    226.2922744027189 
   108.18469206415773   232.14868086326993 
   100.18469206415776   246.00508732382093 
   234.04109852470876   46.158990415555643 
   114.04109852470877   254.00508732382093 
   220.18469206415773   38.158990415555635 
   239.89750498525976   68.015396876106678 
   245.75391144581079   89.871803336657692 
   253.75391144581079   76.015396876106678 
   231.89750498525976   81.871803336657678 
   223.89750498525976   95.728209797208692 
   229.75391144581079   117.58461625775973 
   237.75391144581079   103.72820979720872 
   215.89750498525973   109.58461625775972 
   207.89750498525976   123.44102271831075 
   213.75391144581079   145.29742917886176 
   221.75391144581079   131.44102271831076 
   199.89750498525973   137.29742917886176 
   191.89750498525976   151.15383563941279 
   197.75391144581079   173.01024209996379 
   205.75391144581076   159.15383563941279 
   183.89750498525979   165.01024209996379 
   175.89750498525976   178.86664856051479 
   181.75391144581079   200.72305502106585 
   189.75391144581079   186.86664856051482 
   167.89750498525979   192.72305502106585 
   159.89750498525976   206.57946148161685 
   165.75391144581079   228.43586794216787 
   173.75391144581079   214.57946148161687 
   151.89750498525976    220.4358679421679 
   143.89750498525976   234.29227440271887 
   149.75391144581081   256.14868086326987 
   157.75391144581081   242.29227440271887 
   135.89750498525976   248.14868086326993 
   247.89750498525976   54.158990415555628 
   251.61031790636179   111.72820979720871 
   243.61031790636176   125.58461625775972 
   235.61031790636179   139.44102271831073 
   241.46672436691279   161.29742917886176 
   249.46672436691281   147.44102271831073 
   227.61031790636176   153.29742917886176 
   219.61031790636179   167.15383563941279 
   225.46672436691281   189.01024209996376 
   233.46672436691279   175.15383563941279 
   211.61031790636181   181.01024209996376 
   203.61031790636179   194.86664856051482 
   209.46672436691281   216.72305502106582 
   217.46672436691281   202.86664856051482 
   195.61031790636179   208.72305502106582 
   187.61031790636176   222.57946148161685 
   193.46672436691281   244.43586794216787 
   201.46672436691281   230.57946148161687 
   179.61031790636179   236.43586794216787 
   171.61031790636179   250.29227440271887 
