   160.20644398488028   3.8341997561533105 
   132.49363106377828   19.834199756153318 
   146.35003752432928   11.834199756153314 
   124.49363106377825   5.9777932956023054 
   110.63722460322724   13.977793295602309 
   104.78081814267621   35.834199756153325 
   118.63722460322724   27.834199756153321 
    96.78081814267621   21.977793295602311 
   82.924411682125196     29.9777932956023 
   77.068005221574182   51.834199756153318 
   90.924411682125196   43.834199756153318 
   69.068005221574182   37.977793295602304 
   55.211598761023154   45.977793295602311 
   49.355192300472147   67.834199756153325 
   63.211598761023176   59.834199756153325 
   41.355192300472147   53.977793295602311 
   27.498785839921116   61.977793295602318 
   21.642379379370109   83.834199756153339 
   35.498785839921119   75.834199756153325 
   13.642379379370089   69.977793295602325 
   7.7859729188191089   91.834199756153339 
   182.06285044543131   9.6906062167043192 
   176.20644398488028   31.547012677255335 
   190.06285044543131   23.547012677255331 
   168.20644398488031   17.690606216704325 
   154.35003752432928   25.690606216704328 
   148.49363106377825   47.547012677255346 
   162.35003752432925   39.547012677255339 
   140.49363106377825   33.690606216704332 
   126.63722460322724   41.690606216704332 
   120.78081814267622   63.547012677255353 
   134.63722460322722   55.547012677255346 
   112.78081814267621   49.690606216704339 
   98.924411682125211   57.690606216704325 
   93.068005221574197   79.547012677255339 
   106.92441168212521   71.547012677255339 
   85.068005221574197   65.690606216704325 
   71.211598761023183   73.690606216704339 
    65.35519230047214   95.547012677255353 
   79.211598761023168   87.547012677255353 
   57.355192300472154   81.690606216704339 
   43.498785839921126   89.690606216704339 
   37.642379379370098   111.54701267725535 
   51.498785839921112   103.54701267725535 
   29.642379379370098   97.690606216704339 
   15.785972918819098   105.69060621670435 
   9.9295664582680754   127.54701267725537 
   23.785972918819102   119.54701267725537 
   1.9295664582680709   113.69060621670435 
   203.91925690598234    15.54701267725533 
   195.91925690598231   1.6906062167043161 
   198.06285044543131    37.40341913780636 
   192.20644398488028   59.259825598357388 
   206.06285044543131   51.259825598357388 
   184.20644398488031   45.403419137806367 
   170.35003752432928   53.403419137806367 
   164.49363106377825   75.259825598357395 
   178.35003752432925   67.259825598357381 
   156.49363106377825   61.403419137806374 
   142.63722460322722   69.403419137806381 
   136.78081814267622   91.259825598357395 
   150.63722460322725   83.259825598357381 
   128.78081814267622   77.403419137806381 
   114.92441168212521   85.403419137806381 
    109.0680052215742   107.25982559835739 
   122.92441168212521   99.259825598357395 
    101.0680052215742   93.403419137806367 
   87.211598761023168   101.40341913780638 
   81.355192300472154   123.25982559835741 
   95.211598761023168   115.25982559835739 
    73.35519230047214   109.40341913780638 
   59.498785839921133   117.40341913780638 
   53.642379379370105   139.25982559835742 
    67.49878583992114   131.25982559835739 
   45.642379379370105    125.4034191378064 
   31.785972918819105   133.40341913780637 
   25.929566458268081   155.25982559835742 
   39.785972918819112   147.25982559835742 
   17.929566458268077   141.40341913780637 
     4.07315999771708    149.4034191378064 
   219.91925690598237   43.259825598357381 
   12.073159997717083   163.25982559835739 
   211.91925690598234   29.403419137806356 
   214.06285044543134   65.116232058908395 
   208.20644398488028   86.972638519459423 
   222.06285044543131   78.972638519459395 
   200.20644398488031   73.116232058908409 
   186.35003752432928   81.116232058908395 
   180.49363106377825   102.97263851945941 
   194.35003752432928   94.972638519459409 
   172.49363106377825   89.116232058908395 
   158.63722460322725   97.116232058908395 
   152.78081814267622   118.97263851945942 
   166.63722460322725   110.97263851945941 
   144.78081814267622   105.11623205890841 
    130.9244116821252   113.11623205890841 
    125.0680052215742   134.97263851945942 
   138.92441168212522   126.97263851945942 
   117.06800522157421   121.11623205890841 
   103.21159876102318   129.11623205890842 
   97.355192300472154   150.97263851945942 
   111.21159876102317   142.97263851945942 
   89.355192300472154   137.11623205890842 
   75.498785839921126   145.11623205890842 
   69.642379379370098   166.97263851945945 
   83.498785839921126   158.97263851945942 
   61.642379379370098   153.11623205890842 
   47.785972918819098   161.11623205890842 
   41.929566458268077   182.97263851945945 
   55.785972918819105   174.97263851945942 
   33.929566458268084   169.11623205890842 
   20.073159997717088   177.11623205890839 
   235.91925690598234   70.972638519459395 
   28.073159997717077   190.97263851945942 
   227.91925690598234   57.116232058908395 
   230.06285044543134   92.829044980010437 
   224.20644398488028   114.68545144056145 
   238.06285044543131   106.68545144056145 
   216.20644398488028   100.82904498001044 
   202.35003752432928   108.82904498001044 
   196.49363106377828   130.68545144056145 
   210.35003752432928   122.68545144056147 
   188.49363106377825   116.82904498001044 
   174.63722460322725   124.82904498001044 
   168.78081814267625   146.68545144056148 
   182.63722460322725   138.68545144056148 
    160.7808181426762   132.82904498001045 
   146.92441168212522   140.82904498001042 
   141.06800522157423   162.68545144056145 
   154.92441168212522   154.68545144056148 
   133.06800522157423   148.82904498001042 
   119.21159876102317   156.82904498001045 
   113.35519230047217   178.68545144056148 
   127.21159876102318   170.68545144056148 
   105.35519230047215   164.82904498001045 
   91.498785839921126   172.82904498001045 
   85.642379379370112   194.68545144056148 
    99.49878583992114   186.68545144056148 
   77.642379379370098   180.82904498001045 
   63.785972918819105   188.82904498001045 
   57.929566458268098   210.68545144056148 
   71.785972918819127   202.68545144056151 
   49.929566458268077   196.82904498001045 
   36.073159997717077   204.82904498001042 
   251.91925690598234   98.685451440561451 
   44.073159997717099   218.68545144056148 
   243.91925690598234   84.829044980010437 
   246.06285044543134   120.54185790111248 
   240.20644398488031   142.39826436166351 
   254.06285044543134   134.39826436166351 
   232.20644398488034   128.54185790111248 
   218.35003752432931   136.54185790111248 
   212.49363106377828   158.39826436166351 
   226.35003752432928   150.39826436166351 
   204.49363106377828   144.54185790111251 
   190.63722460322725   152.54185790111248 
   184.78081814267625   174.39826436166354 
   198.63722460322725   166.39826436166348 
   176.78081814267625   160.54185790111248 
   162.92441168212522   168.54185790111248 
   157.06800522157423   190.39826436166351 
   170.92441168212522   182.39826436166351 
   149.06800522157423   176.54185790111248 
   135.21159876102317   184.54185790111251 
   129.35519230047217   206.39826436166354 
   143.21159876102317   198.39826436166351 
   121.35519230047217   192.54185790111251 
   107.49878583992114   200.54185790111251 
   101.64237937937011   222.39826436166354 
   115.49878583992114   214.39826436166351 
   93.642379379370112   208.54185790111254 
   79.785972918819127   216.54185790111251 
   73.929566458268098   238.39826436166354 
   87.785972918819127   230.39826436166354 
   65.929566458268098   224.54185790111251 
   52.073159997717099   232.54185790111251 
   60.073159997717106   246.39826436166354 
   256.20644398488031   170.11107728276554 
   248.20644398488031   156.25467082221454 
   234.35003752432928   164.25467082221451 
   228.49363106377828   186.11107728276554 
   242.35003752432931   178.11107728276551 
   220.49363106377825   172.25467082221454 
   206.63722460322722   180.25467082221451 
   200.78081814267625   202.11107728276556 
   214.63722460322728   194.11107728276551 
   192.78081814267622   188.25467082221454 
   178.92441168212522   196.25467082221451 
   173.06800522157423   218.11107728276554 
   186.92441168212525   210.11107728276554 
    165.0680052215742   204.25467082221451 
    151.2115987610232   212.25467082221451 
   145.35519230047217   234.11107728276554 
    159.2115987610232   226.11107728276554 
   137.35519230047217   220.25467082221454 
   123.49878583992113   228.25467082221454 
   117.64237937937013   250.11107728276556 
   131.49878583992114   242.11107728276554 
   109.64237937937011   236.25467082221456 
   95.785972918819112   244.25467082221454 
   81.929566458268098   252.25467082221454 
   250.35003752432928   191.96748374331654 
   236.49363106377825   199.96748374331654 
   222.63722460322725   207.96748374331654 
    88.78081814267621   8.1213868350512861 
   208.78081814267622   215.96748374331654 
   194.92441168212522   223.96748374331654 
   61.068005221574182   24.121386835051279 
   74.924411682125196   16.121386835051275 
    181.0680052215742   231.96748374331651 
    167.2115987610232   239.96748374331654 
    33.35519230047214   40.121386835051283 
   47.211598761023154   32.121386835051283 
   153.35519230047214   247.96748374331651 
   139.49878583992114   255.96748374331656 
   5.6423793793700856   56.121386835051304 
   19.498785839921112    48.12138683505129 
