   130.46907052056685   2.9196800751109002 
    107.8416535225973   2.9196800751109149 
   107.84165352259731   25.547097073080433 
   119.15536202158208   14.233388574095674 
    96.52794502361256   14.233388574095674 
   85.214236524627793   25.547097073080433 
   85.214236524627793   48.174514071049963 
    96.52794502361256   36.860805572065189 
   73.900528025643027   36.860805572065203 
   62.586819526658267   48.174514071049963 
   62.586819526658282    70.80193106901946 
   73.900528025643041   59.488222570034722 
   51.273111027673522   59.488222570034708 
    39.95940252868877    70.80193106901946 
   39.959402528688749   93.429348066988993 
   51.273111027673522   82.115639568004241 
   28.645694029703993   82.115639568004241 
   17.331985530719233   93.429348066989007 
   17.331985530719233   116.05676506495853 
   28.645694029703993   104.74305656597376 
   6.0182770317344767   104.74305656597377 
   6.0182770317344909   127.37047356394328 
   153.09648751853638   2.9196800751109149 
   153.09648751853638   25.547097073080433 
   164.41019601752112   14.233388574095674 
   141.78277901955158    14.23338857409566 
   130.46907052056685   25.547097073080433 
   130.46907052056685   48.174514071049948 
   141.78277901955158   36.860805572065189 
   119.15536202158208   36.860805572065189 
   107.84165352259731   48.174514071049948 
   107.84165352259731   70.801931069019489 
   119.15536202158208   59.488222570034722 
    96.52794502361256   59.488222570034722 
   85.214236524627808    70.80193106901946 
   85.214236524627822   93.429348066988979 
    96.52794502361256   82.115639568004241 
   73.900528025643055   82.115639568004227 
   62.586819526658282   93.429348066988979 
   62.586819526658282   116.05676506495851 
   73.900528025643055   104.74305656597376 
   51.273111027673522   104.74305656597376 
    39.95940252868877   116.05676506495851 
    39.95940252868877   138.68418206292804 
   51.273111027673522   127.37047356394329 
   28.645694029703993   127.37047356394329 
   17.331985530719251   138.68418206292804 
   17.331985530719251   161.31159906089758 
   28.645694029704021   149.99789056191278 
   6.0182770317344909   149.99789056191278 
   175.72390451650588   2.9196800751109149 
   6.0182770317345051   172.62530755988232 
   175.72390451650588   25.547097073080433 
   175.72390451650588   48.174514071049948 
   187.03761301549062   36.860805572065189 
   164.41019601752114   36.860805572065189 
   153.09648751853638   48.174514071049948 
   153.09648751853638    70.80193106901946 
   164.41019601752114   59.488222570034722 
   141.78277901955158   59.488222570034708 
   130.46907052056685    70.80193106901946 
   130.46907052056685   93.429348066989007 
   141.78277901955158   82.115639568004241 
   119.15536202158208   82.115639568004241 
   107.84165352259731   93.429348066988993 
   107.84165352259734    116.0567650649585 
   119.15536202158209   104.74305656597376 
   96.527945023612574   104.74305656597375 
   85.214236524627822    116.0567650649585 
   85.214236524627822   138.68418206292804 
   96.527945023612588   127.37047356394328 
   73.900528025643041   127.37047356394328 
   62.586819526658282   138.68418206292804 
   62.586819526658282   161.31159906089758 
   73.900528025643041   149.99789056191281 
   51.273111027673522   149.99789056191281 
   39.959402528688784   161.31159906089758 
   39.959402528688784   183.93901605886708 
   51.273111027673536   172.62530755988232 
   28.645694029704007   172.62530755988232 
   17.331985530719265   183.93901605886708 
   198.35132151447539   25.547097073080433 
   28.645694029704035   195.25272455785182 
   187.03761301549062   14.233388574095674 
   198.35132151447539   48.174514071049948 
   198.35132151447539   70.801931069019446 
   209.66503001346015   59.488222570034694 
   187.03761301549065   59.488222570034708 
   175.72390451650588    70.80193106901946 
   175.72390451650588   93.429348066988965 
   187.03761301549062   82.115639568004212 
   164.41019601752114   82.115639568004227 
   153.09648751853638   93.429348066988993 
   153.09648751853635    116.0567650649585 
   164.41019601752112   104.74305656597375 
   141.78277901955158   104.74305656597376 
   130.46907052056685   116.05676506495851 
   130.46907052056685   138.68418206292802 
   141.78277901955158   127.37047356394326 
   119.15536202158211   127.37047356394326 
   107.84165352259733   138.68418206292802 
   107.84165352259731   161.31159906089752 
   119.15536202158208   149.99789056191275 
   96.527945023612574   149.99789056191278 
   85.214236524627822   161.31159906089758 
   85.214236524627793   183.93901605886708 
    96.52794502361256   172.62530755988232 
   73.900528025643041   172.62530755988234 
   62.586819526658296   183.93901605886708 
   62.586819526658282   206.56643305683656 
   73.900528025643041   195.25272455785179 
   51.273111027673536   195.25272455785185 
   39.959402528688798   206.56643305683656 
   220.97873851244489   48.174514071049934 
   51.273111027673536   217.88014155582135 
   209.66503001346018   36.860805572065189 
   220.97873851244492    70.80193106901946 
   220.97873851244492   93.429348066988979 
   232.29244701142966   82.115639568004227 
   209.66503001346018   82.115639568004212 
   198.35132151447539   93.429348066988979 
   198.35132151447539    116.0567650649585 
   209.66503001346018   104.74305656597375 
   187.03761301549062   104.74305656597373 
   175.72390451650588    116.0567650649585 
   175.72390451650588   138.68418206292804 
   187.03761301549062   127.37047356394328 
   164.41019601752112   127.37047356394328 
   153.09648751853638   138.68418206292802 
   153.09648751853638   161.31159906089752 
   164.41019601752114   149.99789056191278 
   141.78277901955161   149.99789056191275 
   130.46907052056685   161.31159906089752 
   130.46907052056685   183.93901605886708 
   141.78277901955161   172.62530755988232 
   119.15536202158208   172.62530755988232 
   107.84165352259731   183.93901605886708 
   107.84165352259731   206.56643305683659 
   119.15536202158208   195.25272455785185 
    96.52794502361256   195.25272455785185 
   85.214236524627822   206.56643305683656 
   85.214236524627822   229.19385005480612 
   96.527945023612574   217.88014155582135 
   73.900528025643041   217.88014155582135 
   62.586819526658296   229.19385005480609 
   243.60615551041442    70.80193106901946 
   73.900528025643069   240.50755855379086 
   232.29244701142966   59.488222570034694 
   243.60615551041442   93.429348066988979 
   243.60615551041442    116.0567650649585 
   254.91986400939922   104.74305656597376 
   232.29244701142969   104.74305656597375 
   220.97873851244495    116.0567650649585 
   220.97873851244495   138.68418206292802 
   232.29244701142969   127.37047356394328 
   209.66503001346018   127.37047356394326 
   198.35132151447539   138.68418206292802 
   198.35132151447539   161.31159906089758 
   209.66503001346018   149.99789056191278 
   187.03761301549062   149.99789056191278 
   175.72390451650588   161.31159906089758 
   175.72390451650591   183.93901605886708 
   187.03761301549065   172.62530755988232 
   164.41019601752114   172.62530755988232 
   153.09648751853638   183.93901605886708 
   153.09648751853638   206.56643305683659 
   164.41019601752114   195.25272455785182 
   141.78277901955161   195.25272455785182 
   130.46907052056685   206.56643305683659 
   130.46907052056685   229.19385005480612 
   141.78277901955161   217.88014155582135 
   119.15536202158209   217.88014155582135 
   107.84165352259734   229.19385005480612 
   107.84165352259734   251.82126705277565 
   119.15536202158211   240.50755855379089 
   96.527945023612574   240.50755855379089 
    85.21423652462785    251.8212670527756 
   254.91986400939922   82.115639568004227 
   254.91986400939922   127.37047356394328 
   243.60615551041445   138.68418206292804 
   243.60615551041448   161.31159906089758 
   254.91986400939925   149.99789056191281 
   232.29244701142972   149.99789056191278 
   220.97873851244495   161.31159906089758 
   220.97873851244495   183.93901605886708 
   232.29244701142972   172.62530755988234 
   209.66503001346018   172.62530755988234 
   198.35132151447539   183.93901605886708 
   198.35132151447547   206.56643305683659 
   209.66503001346018   195.25272455785185 
   187.03761301549068   195.25272455785182 
   175.72390451650591   206.56643305683659 
   175.72390451650591   229.19385005480612 
   187.03761301549068   217.88014155582135 
   164.41019601752114   217.88014155582135 
   153.09648751853638   229.19385005480612 
   153.09648751853641   251.82126705277565 
   164.41019601752114   240.50755855379089 
   141.78277901955161   240.50755855379089 
   130.46907052056687   251.82126705277565 
   85.214236524627793   2.9196800751109002 
   254.91986400939922   172.62530755988229 
   243.60615551041442   183.93901605886705 
   62.586819526658253   25.547097073080433 
   73.900528025643013    14.23338857409566 
   232.29244701142966   195.25272455785182 
   220.97873851244489   206.56643305683656 
   39.959402528688749   48.174514071049934 
   51.273111027673494   36.860805572065189 
   209.66503001346018   217.88014155582135 
   198.35132151447539   229.19385005480609 
   17.331985530719219    70.80193106901946 
   28.645694029703993   59.488222570034694 
   187.03761301549062   240.50755855379086 
   175.72390451650585    251.8212670527756 
   6.0182770317344616   82.115639568004241 
