   185.17541493443412   13.038372302265341 
   200.63022815505923   8.8972675806250159 
   165.57949699216871   1.7246638032805817 
   154.26578849318392   21.320581745546004 
   169.72060171380903    17.17947702390568 
    150.1246837715436   5.8657685249209068 
   134.66987055091852   10.006873246561245 
   123.35616205193375   29.602791188826668 
   138.81097527255886   25.461686467186343 
    119.2150573302934    14.14797796820157 
   103.76024410966832   18.289082689841909 
   92.446535610683569   37.885000632107335 
   107.90134883130867    33.74389591046701 
   88.305430889043208   22.430187411482233 
    72.85061766841811   26.571292133122572 
   61.536909169433358   46.167210075387999 
    76.99172239005847   42.026105353747674 
   57.395804447793019   30.712396854762897 
    41.94099122716792   34.853501576403239 
   30.627282728183161   54.449419518668677 
   46.082095948808259   50.308314797028338 
   26.486178006542822   38.994606298043578 
   11.031364785917752   43.135711019683903 
   15.172469507558091   58.590524240309001 
   216.08504137568434   4.7561628589846769 
   204.77133287669955   24.352080801250114 
   193.45762437771478   43.947998743515534 
   208.91243759833989   39.806894021875195 
   189.31651965607443   28.493185522890439 
   173.86170643544935   32.634290244530774 
   162.54799793646461   52.230208186796197 
    178.0028111570897   48.089103465155858 
   158.40689321482427   36.775394966171099 
   142.95207999419918   40.916499687811438 
   131.63837149521441   60.512417630076861 
    147.0931847158395   56.371312908436522 
   127.49726677357407   45.057604409451763 
   112.04245355294898   49.198709131092102 
   100.72874505396422   68.794627073357518 
   116.18355827458933   64.653522351717186 
   96.587640332323886   53.339813852732426 
   81.132827111698788   57.480918574372765 
   69.819118612714021   77.076836516638195 
    85.27393183333912   72.935731794997864 
   65.678013891073689    61.62202329601309 
   50.223200670448584   65.763128017653429 
   38.909492171463825   85.359045959918859 
   54.364305392088923   81.217941238278513 
   34.768387449823486   69.904232739293775 
   19.313574229198416   74.045337460934093 
   7.9998657302136422   93.641255403199523 
   23.454678950838755   89.500150681559177 
   3.8587610085733179   78.186442182574424 
     224.367250818965   35.665789300234856 
   220.22614609732466   20.210976079609775 
   213.05354231998021   55.261707242500293 
   201.73983382099544   74.857625184765723 
   217.19464704162056   70.716520463125377 
   197.59872909935513   59.402811964140618 
   182.14391587873004   63.543916685780957 
   170.83020737974525   83.139834628046387 
   186.28502060037036   78.998729906406055 
   166.68910265810493   67.685021407421289 
   151.23428943747984   71.826126129061606 
   139.92058093849505   91.422044071327051 
   155.37539415912016   87.280939349686705 
   135.77947621685473   75.967230850701952 
   120.32466299622965   80.108335572342284 
   109.01095449724488   99.704253514607714 
   124.46576771786999   95.563148792967382 
   104.86984977560455   84.249440293982616 
   89.415036554979437   88.390545015622948 
   78.101328055994685   107.98646295788839 
   93.556141276619783   103.84535823624805 
   73.960223334354339   92.531649737263294 
   58.505410113729248   96.672754458903611 
   47.191701614744488   116.26867240116906 
   62.646514835369587   112.12756767952871 
   43.050596893104149   100.81385918054396 
   27.595783672479079   104.95496390218428 
   16.282075173494306   124.55088184444971 
   31.736888394119418   120.40977712280937 
   12.140970451853981   109.09606862382461 
   232.64946026224564    66.57541574148506 
   228.50835554060532   51.120602520859954 
   221.33575176326087   86.171333683750476 
   210.02204326427611   105.76725162601589 
   225.47685648490119   101.62614690437556 
   205.88093854263576   90.312438405390793 
   190.42612532201068   94.453543127031139 
   179.11241682302591   114.04946106929656 
   194.56723004365099   109.90835634765622 
   174.97131210138559   98.594647848671485 
   159.51649888076051    102.7357525703118 
   148.20279038177574   122.33167051257722 
   163.65760360240083   118.19056579093689 
   144.06168566013542   106.87685729195213 
   128.60687243951031   111.01796201359247 
   117.29316394052555    130.6138799558579 
   132.74797716115063   126.47277523421755 
   113.15205921888521    115.1590667352328 
   97.697245998260115   119.30017145687313 
   86.383537499275349   138.89608939913856 
   101.83835071990045   134.75498467749821 
   82.242432777635017   123.44127617851348 
   66.787619557009918   127.58238090015379 
   55.473911058025138    147.1782988424192 
    70.92872427865025   143.03719412077888 
   51.332806336384813   131.72348562179414 
   35.877993115759743   135.86459034343446 
    24.56428461677497   155.46050828569989 
   40.019097837400068   151.31940356405957 
   20.423179895134645   140.00569506507478 
   4.9683666745095767   144.14679978671512 
    240.9316697055263   97.485042182735214 
   9.1094713961499014   159.60161300734021 
   236.79056498388596   82.030228962110129 
   229.61796120654151   117.08096012500067 
   218.30425270755677    136.6768780672661 
   233.75906592818188   132.53577334562576 
   214.16314798591642     121.222064846641 
   198.70833476529137   125.36316956828134 
   187.39462626630657   144.95908751054677 
   202.84943948693169   140.81798278890645 
   183.25352154466626   129.50427428992168 
   167.79870832404117     133.645379011562 
   156.48499982505641   153.24129695382746 
   171.93981304568152   149.10019223218708 
   152.34389510341606   137.78648373320232 
     136.889081882791   141.92758845484266 
   125.57537338380622   161.52350639710809 
   141.03018660443132   157.38240167546778 
   121.43426866216588   146.06869317648301 
   105.97945544154078   150.20979789812333 
   94.665746942556027   169.80571584038876 
   110.12056016318112   165.66461111874841 
   90.524642220915666   154.35090261976364 
   75.069829000290568   158.49200734140399 
   63.756120501305816   178.08792528366942 
   79.210933721930914    173.9468205620291 
   59.615015779665477   162.63311206304434 
   44.160202559040407   166.77421678468465 
   32.846494060055647   186.37013472695011 
   48.301307280680746   182.22903000530974 
   28.705389338415308     170.915321506325 
    13.25057611779024   175.05642622796532 
     249.213879148807   128.39466862398541 
   17.391680839430567   190.51123944859043 
   245.07277442716665   112.93985540336033 
    237.9001706498222   147.99058656625087 
   226.58646215083746    167.5865045085163 
   242.04127537146255   163.44539978687595 
   222.44535742919712   152.13169128789121 
   206.99054420857203   156.27279600953153 
   195.67683570958727   175.86871395179696 
   211.13164893021235   171.72760923015665 
   191.53573098794695   160.41390073117188 
   176.08091776732184    164.5550054528122 
   164.76720926833707   184.15092339507765 
   180.22202248896215   180.00981867343728 
   160.62610454669675   168.69611017445254 
   145.17129132607164   172.83721489609286 
   133.85758282708687   192.43313283835829 
   149.31239604771196   188.29202811671797 
   129.71647810544655   176.97831961773321 
   114.26166488482144   181.11942433937352 
   102.94795638583668   200.71534228163895 
   118.40276960646179   196.57423755999861 
   98.806851664196344   185.26052906101387 
   83.352038443571246   189.40163378265419 
   72.038329944586479   208.99755172491965 
   87.493143165211578    204.8564470032793 
   67.897225222946147   193.54273850429453 
    52.44241200232107   197.68384322593488 
   41.128703503336311   217.27976116820031 
   56.583516723961409   213.13865644655996 
   36.987598781695972    201.8249479475752 
   21.532785561070906   205.96605266921551 
   25.673890282711245   221.42086588984063 
   253.35498387044731   143.84948184461055 
   246.18238009310289   178.90021300750104 
    234.8686715941181    198.4961309497665 
   250.32348481474321   194.35502622812615 
   230.72756687247778   183.04131772914138 
    215.2727536518527    187.1824224507817 
    203.9590451528679   206.77834039304713 
   219.41385837349301   202.63723567140681 
   199.81794043122758   191.32352717242205 
    184.3631272106025   195.46463189406236 
    173.0494187116177   215.06054983632779 
   188.50423193224282   210.91944511468745 
   168.90831398997739   199.60573661570268 
   153.45350076935233   203.74684133734303 
   142.13979227036754   223.34275927960846 
   157.59460549099265   219.20165455796814 
   137.99868754872719   207.88794605898337 
   122.54387432810211   212.02905078062372 
   111.23016582911734   231.62496872288915 
   126.68497904974244    227.4838640012488 
   107.08906110747701   216.17015550226404 
   91.634247886851895   220.31126022390436 
   80.320539387867143   239.90717816616979 
   95.775352608492241   235.76607344452947 
   76.179434666226797    224.4523649455447 
   60.724621445601734   228.59346966718502 
   49.410912946616961   248.18938760945045 
   64.865726167242059    244.0482828878101 
   45.269808224976636   232.73457438882534 
   29.814995004351569   236.87567911046565 
   33.956099725991891   252.33049233109077 
   254.46458953638353   209.80983944875123 
   243.15088103739876   229.40575739101666 
   239.00977631575844   213.95094417039155 
   223.55496309513333    218.0920488920319 
   212.24125459614856   237.68796683429733 
   227.69606781677365   233.54686211265701 
   208.10014987450825   222.23315361367224 
   192.64533665388313   226.37425833531256 
    181.3316281548984   245.97017627757799 
   196.78644137552348   241.82907155593765 
   177.19052343325805   230.51536305695288 
   161.73571021263297    234.6564677785932 
    150.4220017136482   254.25238572085863 
   165.87681493427328   250.11128099921831 
   146.28089699200788   238.79757250023354 
   130.82608377138277   242.93867722187389 
   115.37127055075766   247.07978194351421 
   99.916457330132559   251.22088666515455 
   84.461644109507461    255.3619913867949 
