   255.28887907922703   12.240181295714594 
   239.28887907922706   28.240181295714599 
   255.28887907922703   28.240181295714585 
   239.28887907922706   12.240181295714608 
   223.28887907922703   12.240181295714608 
   207.28887907922703   28.240181295714599 
   223.28887907922703   28.240181295714599 
   207.28887907922703   12.240181295714608 
   191.28887907922703   12.240181295714608 
   175.28887907922703   28.240181295714599 
   191.28887907922703   28.240181295714599 
   175.28887907922703   12.240181295714608 
   159.28887907922703   12.240181295714608 
   143.28887907922703   28.240181295714599 
   159.28887907922703   28.240181295714599 
   143.28887907922703   12.240181295714608 
   127.28887907922703   12.240181295714608 
   111.28887907922704   28.240181295714599 
   127.28887907922704   28.240181295714599 
   111.28887907922704   12.240181295714608 
   95.288879079227044   12.240181295714608 
    79.28887907922703   28.240181295714599 
   95.288879079227044   28.240181295714599 
    79.28887907922703   12.240181295714608 
   63.288879079227051   12.240181295714608 
   47.288879079227044   28.240181295714599 
   63.288879079227051   28.240181295714599 
   47.288879079227044   12.240181295714608 
   31.288879079227065   12.240181295714608 
    15.28887907922706   28.240181295714599 
   31.288879079227065   28.240181295714599 
    15.28887907922706   12.240181295714608 
   255.28887907922703   44.240181295714592 
   239.28887907922706   60.240181295714599 
   255.28887907922703   60.240181295714585 
   239.28887907922706   44.240181295714606 
   223.28887907922703   44.240181295714606 
   207.28887907922703   60.240181295714599 
   223.28887907922703   60.240181295714599 
   207.28887907922703   44.240181295714606 
   191.28887907922703   44.240181295714606 
   175.28887907922703   60.240181295714599 
   191.28887907922703   60.240181295714599 
   175.28887907922703   44.240181295714606 
   159.28887907922703   44.240181295714606 
   143.28887907922703   60.240181295714599 
   159.28887907922703   60.240181295714599 
   143.28887907922703   44.240181295714606 
   127.28887907922704   44.240181295714606 
   111.28887907922704   60.240181295714599 
   127.28887907922704   60.240181295714599 
   111.28887907922704   44.240181295714606 
   95.288879079227044   44.240181295714606 
    79.28887907922703   60.240181295714599 
   95.288879079227044   60.240181295714599 
    79.28887907922703   44.240181295714606 
   63.288879079227051   44.240181295714606 
   47.288879079227044   60.240181295714599 
   63.288879079227051   60.240181295714599 
   47.288879079227044   44.240181295714606 
   31.288879079227065   44.240181295714606 
    15.28887907922706   60.240181295714599 
   31.288879079227065   60.240181295714599 
    15.28887907922706   44.240181295714606 
   255.28887907922703   76.240181295714592 
   239.28887907922706   92.240181295714606 
   255.28887907922703   92.240181295714606 
   239.28887907922706   76.240181295714592 
   223.28887907922703   76.240181295714592 
   207.28887907922703   92.240181295714606 
   223.28887907922703   92.240181295714606 
   207.28887907922703   76.240181295714592 
   191.28887907922706   76.240181295714592 
   175.28887907922706   92.240181295714621 
   191.28887907922706   92.240181295714606 
   175.28887907922706   76.240181295714606 
   159.28887907922703   76.240181295714606 
   143.28887907922703   92.240181295714621 
   159.28887907922703   92.240181295714621 
   143.28887907922703   76.240181295714606 
   127.28887907922704   76.240181295714606 
   111.28887907922704   92.240181295714621 
   127.28887907922704   92.240181295714621 
   111.28887907922704   76.240181295714606 
   95.288879079227044   76.240181295714606 
    79.28887907922703   92.240181295714621 
   95.288879079227044   92.240181295714621 
    79.28887907922703   76.240181295714606 
   63.288879079227051   76.240181295714621 
   47.288879079227044   92.240181295714635 
   63.288879079227051   92.240181295714635 
   47.288879079227044   76.240181295714621 
   31.288879079227065   76.240181295714621 
    15.28887907922706   92.240181295714635 
   31.288879079227065   92.240181295714635 
    15.28887907922706   76.240181295714621 
   255.28887907922703   108.24018129571461 
   239.28887907922706   124.24018129571461 
   255.28887907922703   124.24018129571459 
   239.28887907922706   108.24018129571461 
   223.28887907922703   108.24018129571461 
   207.28887907922703   124.24018129571461 
   223.28887907922703   124.24018129571461 
   207.28887907922703   108.24018129571461 
   191.28887907922706   108.24018129571461 
   175.28887907922706   124.24018129571461 
   191.28887907922706   124.24018129571461 
   175.28887907922706   108.24018129571461 
   159.28887907922703   108.24018129571461 
   143.28887907922703   124.24018129571461 
   159.28887907922703   124.24018129571461 
   143.28887907922703   108.24018129571461 
   127.28887907922704   108.24018129571461 
   111.28887907922704   124.24018129571461 
   127.28887907922704   124.24018129571461 
   111.28887907922704   108.24018129571461 
   95.288879079227044   108.24018129571461 
    79.28887907922703   124.24018129571461 
   95.288879079227044   124.24018129571461 
    79.28887907922703   108.24018129571461 
   63.288879079227051   108.24018129571461 
   47.288879079227044   124.24018129571461 
   63.288879079227051   124.24018129571461 
   47.288879079227044   108.24018129571461 
   31.288879079227065   108.24018129571461 
    15.28887907922706   124.24018129571462 
   31.288879079227065   124.24018129571461 
    15.28887907922706   108.24018129571461 
   255.28887907922703   140.24018129571459 
   239.28887907922706   156.24018129571459 
   255.28887907922703   156.24018129571459 
   239.28887907922706   140.24018129571459 
   223.28887907922703   140.24018129571459 
   207.28887907922703   156.24018129571459 
   223.28887907922703   156.24018129571459 
   207.28887907922703   140.24018129571459 
   191.28887907922706   140.24018129571459 
   175.28887907922706   156.24018129571459 
   191.28887907922706   156.24018129571459 
   175.28887907922706   140.24018129571459 
   159.28887907922703   140.24018129571459 
   143.28887907922706   156.24018129571459 
   159.28887907922703   156.24018129571459 
   143.28887907922703   140.24018129571459 
   127.28887907922704   140.24018129571459 
   111.28887907922704   156.24018129571459 
   127.28887907922704   156.24018129571459 
   111.28887907922704   140.24018129571459 
   95.288879079227044   140.24018129571459 
    79.28887907922703   156.24018129571459 
   95.288879079227044   156.24018129571459 
    79.28887907922703   140.24018129571459 
   63.288879079227051   140.24018129571459 
   47.288879079227044   156.24018129571459 
   63.288879079227051   156.24018129571459 
   47.288879079227044   140.24018129571459 
   31.288879079227065   140.24018129571459 
    15.28887907922706   156.24018129571459 
   31.288879079227065   156.24018129571459 
    15.28887907922706   140.24018129571459 
   255.28887907922703   172.24018129571462 
   239.28887907922706   188.24018129571462 
   255.28887907922703   188.24018129571462 
   239.28887907922706   172.24018129571462 
   223.28887907922703   172.24018129571462 
   207.28887907922703   188.24018129571462 
   223.28887907922703   188.24018129571462 
   207.28887907922703   172.24018129571462 
   191.28887907922706   172.24018129571462 
   175.28887907922706   188.24018129571462 
   191.28887907922706   188.24018129571462 
   175.28887907922706   172.24018129571462 
   159.28887907922703   172.24018129571462 
   143.28887907922706   188.24018129571462 
   159.28887907922703   188.24018129571462 
   143.28887907922706   172.24018129571462 
   127.28887907922704   172.24018129571462 
   111.28887907922704   188.24018129571462 
   127.28887907922704   188.24018129571462 
   111.28887907922704   172.24018129571462 
   95.288879079227044   172.24018129571462 
    79.28887907922703   188.24018129571462 
   95.288879079227044   188.24018129571462 
    79.28887907922703   172.24018129571462 
   63.288879079227051   172.24018129571462 
   47.288879079227044   188.24018129571462 
   63.288879079227051   188.24018129571462 
   47.288879079227044   172.24018129571462 
   31.288879079227065   172.24018129571462 
    15.28887907922706   188.24018129571462 
   31.288879079227065   188.24018129571462 
    15.28887907922706   172.24018129571462 
   255.28887907922703   204.24018129571459 
   239.28887907922706   220.24018129571459 
   255.28887907922703   220.24018129571459 
   239.28887907922706   204.24018129571459 
   223.28887907922703   204.24018129571459 
   207.28887907922703   220.24018129571459 
   223.28887907922703   220.24018129571459 
   207.28887907922703   204.24018129571459 
   191.28887907922706   204.24018129571459 
   175.28887907922706   220.24018129571459 
   191.28887907922706   220.24018129571459 
   175.28887907922706   204.24018129571459 
   159.28887907922703   204.24018129571459 
   143.28887907922706   220.24018129571459 
   159.28887907922703   220.24018129571459 
   143.28887907922706   204.24018129571459 
   127.28887907922704   204.24018129571459 
   111.28887907922704   220.24018129571459 
   127.28887907922704   220.24018129571459 
   111.28887907922704   204.24018129571459 
   95.288879079227044   204.24018129571459 
    79.28887907922703   220.24018129571459 
   95.288879079227044   220.24018129571459 
    79.28887907922703   204.24018129571459 
   63.288879079227051   204.24018129571459 
   47.288879079227044   220.24018129571459 
   63.288879079227051   220.24018129571459 
   47.288879079227044   204.24018129571459 
   31.288879079227065   204.24018129571459 
    15.28887907922706   220.24018129571459 
   31.288879079227065   220.24018129571459 
    15.28887907922706   204.24018129571459 
   255.28887907922703   236.24018129571456 
   239.28887907922709   252.24018129571459 
   255.28887907922706   252.24018129571456 
   239.28887907922706   236.24018129571459 
   223.28887907922703   236.24018129571459 
   207.28887907922706   252.24018129571459 
   223.28887907922706   252.24018129571459 
   207.28887907922703   236.24018129571459 
   191.28887907922706   236.24018129571459 
   175.28887907922706   252.24018129571459 
   191.28887907922706   252.24018129571459 
   175.28887907922706   236.24018129571459 
   159.28887907922703   236.24018129571459 
   143.28887907922706   252.24018129571459 
   159.28887907922703   252.24018129571459 
   143.28887907922706   236.24018129571459 
   127.28887907922704   236.24018129571459 
   111.28887907922704   252.24018129571459 
   127.28887907922706   252.24018129571459 
   111.28887907922704   236.24018129571459 
   95.288879079227044   236.24018129571459 
    79.28887907922703   252.24018129571459 
   95.288879079227044   252.24018129571459 
    79.28887907922703   236.24018129571459 
   63.288879079227051   236.24018129571459 
   47.288879079227058   252.24018129571459 
   63.288879079227065   252.24018129571459 
   47.288879079227044   236.24018129571459 
   31.288879079227065   236.24018129571459 
   15.288879079227074   252.24018129571459 
   31.288879079227083   252.24018129571459 
    15.28887907922706   236.24018129571459 
