    19.07761880844637   21.063558665021446 
    30.39132730743113   37.063558665021453 
    19.07761880844637   53.063558665021446 
    30.39132730743113   69.063558665021446 
    19.07761880844637   85.063558665021446 
    30.39132730743113   101.06355866502145 
    19.07761880844637   117.06355866502145 
    30.39132730743113   133.06355866502145 
    19.07761880844637   149.06355866502147 
    30.39132730743113   165.06355866502147 
    19.07761880844637   181.06355866502147 
    30.39132730743113   197.06355866502147 
    19.07761880844637   213.06355866502147 
    30.39132730743113   229.06355866502147 
    19.07761880844637   245.06355866502145 
    30.39132730743113   5.0635586650214535 
   41.705035806415886   21.063558665021446 
   53.018744305400659   37.063558665021453 
   41.705035806415886   53.063558665021446 
   53.018744305400659   69.063558665021446 
   41.705035806415886   85.063558665021446 
   53.018744305400659   101.06355866502145 
   41.705035806415886   117.06355866502145 
   53.018744305400659   133.06355866502145 
   41.705035806415886   149.06355866502147 
   53.018744305400659   165.06355866502147 
   41.705035806415886   181.06355866502147 
   53.018744305400659   197.06355866502147 
   41.705035806415886   213.06355866502147 
   53.018744305400659   229.06355866502147 
   41.705035806415886   245.06355866502145 
   53.018744305400659   5.0635586650214535 
   64.332452804385412   21.063558665021446 
   75.646161303370164   37.063558665021453 
   64.332452804385412   53.063558665021446 
   75.646161303370164   69.063558665021446 
   64.332452804385412   85.063558665021446 
   75.646161303370164   101.06355866502145 
   64.332452804385412   117.06355866502145 
   75.646161303370164   133.06355866502145 
   64.332452804385412   149.06355866502147 
   75.646161303370164   165.06355866502147 
   64.332452804385412   181.06355866502147 
   75.646161303370164   197.06355866502147 
   64.332452804385412   213.06355866502147 
   75.646161303370164   229.06355866502147 
   64.332452804385412   245.06355866502145 
   75.646161303370164   5.0635586650214535 
    86.95986980235493   21.063558665021446 
   98.273578301339697   37.063558665021453 
    86.95986980235493   53.063558665021446 
   98.273578301339697   69.063558665021446 
    86.95986980235493   85.063558665021446 
   98.273578301339697   101.06355866502145 
    86.95986980235493   117.06355866502145 
   98.273578301339697   133.06355866502145 
    86.95986980235493   149.06355866502147 
   98.273578301339697   165.06355866502147 
    86.95986980235493   181.06355866502147 
   98.273578301339697   197.06355866502147 
    86.95986980235493   213.06355866502147 
   98.273578301339697   229.06355866502147 
    86.95986980235493   245.06355866502145 
   98.273578301339697   5.0635586650214535 
   109.58728680032445   21.063558665021446 
   120.90099529930922   37.063558665021453 
   109.58728680032445   53.063558665021446 
   120.90099529930922   69.063558665021446 
   109.58728680032445   85.063558665021446 
   120.90099529930922   101.06355866502145 
   109.58728680032445   117.06355866502145 
   120.90099529930922   133.06355866502145 
   109.58728680032445   149.06355866502147 
   120.90099529930922   165.06355866502147 
   109.58728680032445   181.06355866502147 
   120.90099529930922   197.06355866502147 
   109.58728680032445   213.06355866502147 
   120.90099529930922   229.06355866502147 
   109.58728680032445   245.06355866502145 
   120.90099529930922   5.0635586650214535 
   132.21470379829398   21.063558665021446 
   143.52841229727872   37.063558665021453 
   132.21470379829398   53.063558665021446 
   143.52841229727872   69.063558665021446 
   132.21470379829398   85.063558665021446 
   143.52841229727872   101.06355866502145 
   132.21470379829398   117.06355866502145 
   143.52841229727872   133.06355866502145 
   132.21470379829398   149.06355866502147 
   143.52841229727872   165.06355866502147 
   132.21470379829398   181.06355866502147 
   143.52841229727872   197.06355866502147 
   132.21470379829398   213.06355866502147 
   143.52841229727872   229.06355866502147 
   132.21470379829398   245.06355866502145 
   143.52841229727872   5.0635586650214535 
   154.84212079626352   21.063558665021446 
   166.15582929524828   37.063558665021453 
   154.84212079626352   53.063558665021446 
   166.15582929524828   69.063558665021446 
   154.84212079626352   85.063558665021446 
   166.15582929524828   101.06355866502145 
   154.84212079626352   117.06355866502145 
   166.15582929524828   133.06355866502145 
   154.84212079626352   149.06355866502147 
   166.15582929524828   165.06355866502147 
   154.84212079626352   181.06355866502147 
   166.15582929524828   197.06355866502147 
   154.84212079626352   213.06355866502147 
   166.15582929524828   229.06355866502147 
   154.84212079626352   245.06355866502145 
   166.15582929524828   5.0635586650214535 
   177.46953779423302   21.063558665021446 
   188.78324629321779   37.063558665021453 
   177.46953779423302   53.063558665021446 
   188.78324629321779   69.063558665021446 
   177.46953779423302   85.063558665021446 
   188.78324629321779   101.06355866502145 
   177.46953779423302   117.06355866502145 
   188.78324629321779   133.06355866502145 
   177.46953779423302   149.06355866502147 
   188.78324629321779   165.06355866502147 
   177.46953779423302   181.06355866502147 
   188.78324629321779   197.06355866502147 
   177.46953779423302   213.06355866502147 
   188.78324629321779   229.06355866502147 
   177.46953779423302   245.06355866502145 
   188.78324629321779   5.0635586650214535 
   200.09695479220252   21.063558665021446 
   211.41066329118732   37.063558665021453 
   200.09695479220252   53.063558665021446 
   211.41066329118732   69.063558665021446 
   200.09695479220252   85.063558665021446 
   211.41066329118732   101.06355866502145 
   200.09695479220252   117.06355866502145 
   211.41066329118732   133.06355866502145 
   200.09695479220252   149.06355866502147 
   211.41066329118732   165.06355866502147 
   200.09695479220252   181.06355866502147 
   211.41066329118732   197.06355866502147 
   200.09695479220252   213.06355866502147 
   211.41066329118732   229.06355866502147 
   200.09695479220252   245.06355866502145 
   211.41066329118732   5.0635586650214535 
   222.72437179017206   21.063558665021446 
   234.03808028915682   37.063558665021453 
   222.72437179017206   53.063558665021446 
   234.03808028915682   69.063558665021446 
   222.72437179017206   85.063558665021446 
   234.03808028915682   101.06355866502145 
   222.72437179017206   117.06355866502145 
   234.03808028915682   133.06355866502145 
   222.72437179017206   149.06355866502147 
   234.03808028915682   165.06355866502147 
   222.72437179017206   181.06355866502147 
   234.03808028915682   197.06355866502147 
   222.72437179017206   213.06355866502147 
   234.03808028915682   229.06355866502147 
   222.72437179017206   245.06355866502145 
   234.03808028915682   5.0635586650214535 
   245.35178878814156   21.063558665021446 
   7.7639103094616271   37.063558665021453 
   245.35178878814156   53.063558665021446 
   7.7639103094616271   69.063558665021446 
   245.35178878814156   85.063558665021446 
   7.7639103094616271   101.06355866502145 
   245.35178878814156   117.06355866502145 
   7.7639103094616271   133.06355866502145 
   245.35178878814156   149.06355866502147 
   7.7639103094616271   165.06355866502147 
   245.35178878814156   181.06355866502147 
   7.7639103094616271   197.06355866502147 
   245.35178878814156   213.06355866502147 
   7.7639103094616271   229.06355866502147 
   245.35178878814156   245.06355866502145 
   7.7639103094616271   5.0635586650214535 
