   54.580895959563087   4.6192267259016946 
   61.367994468198269   23.002243176802295 
   46.298686516282409   35.528853167151887 
   53.085785024917605   53.911869618052492 
   38.016477073001759   66.438479608402062 
   44.803575581636942   84.821496059302675 
   29.734267629721082   97.348106049652273 
   36.521366138356278   115.73112250055284 
   21.452058186440432   128.25773249090241 
   28.239156695075618   146.64074894180303 
   13.169848743159754   159.16735893215264 
   19.956947251794951   177.55037538305322 
   4.8876392998791047   190.07698537340281 
   11.674737808514289   208.46000182430342 
   76.437302420114094   10.475633186452704 
    83.22440092874929    28.85864963735332 
   68.155092976833444   41.385259627702901 
   74.942191485468626   59.768276078603499 
   59.872883533552773   72.294886068953076 
   66.659982042187963   90.677902519853703 
   51.590674090272095   103.20451251020327 
   58.377772598907299   121.58752896110386 
   43.308464646991446   134.11413895145347 
   50.095563155626635   152.49715540235408 
   35.026255203710768   165.02376539270367 
   41.813353712345972   183.40678184360428 
   26.744045760430122   195.93339183395381 
   33.531144269065308   214.31640828485445 
   18.461836317149459     226.843018275204 
   98.293708880665122   16.332039647003725 
    105.0808073893003   34.715056097904331 
   90.011499437384458   47.241666088253922 
   96.798597946019626    65.62468253915452 
   81.729289994103794   78.151292529504104 
   88.516388502738977   96.534308980404703 
   73.447080550823131    109.0609189707543 
   80.234179059458313   127.44393542165488 
   65.164871107542467   139.97054541200447 
   71.951969616177649   158.35356186290508 
   56.882661664261803   170.88017185325467 
   63.669760172896972   189.26318830415528 
    48.60045222098114   201.78979829450486 
   55.387550729616322   220.17281474540545 
   40.318242777700476   232.69942473575503 
   113.36301683258097   3.8054296566541344 
   120.15011534121614    22.18844610755475 
    126.9372138498513   40.571462558455352 
   111.86790589793547    53.09807254880495 
   118.65500440657064   71.481088999705534 
   103.58569645465481   84.007698990055118 
   110.37279496328999   102.39071544095573 
   95.303487011374145   114.91732543130531 
   102.09058552000933   133.30034188220588 
   87.021277568093481    145.8269518725555 
   93.808376076728663   164.20996832345608 
   78.739068124812817   176.73657831380569 
   85.526166633447986   195.11959476470628 
   70.456858681532154   207.64620475505586 
   77.243957190167336   226.02922120595647 
    62.17464923825149   238.55583119630603 
   135.21942329313197   9.6618361172051586 
   142.00652180176718    28.04485256810576 
   148.79362031040233    46.42786901900638 
   133.72431235848649   58.954479009355957 
   140.51141086712167   77.337495460256562 
   125.44210291520582   89.864105450606132 
     132.229201423841   108.24712190150674 
   117.15989347192516   120.77373189185633 
   123.94699198056034   139.15674834275691 
    108.8776840286445   151.68335833310653 
   115.66478253727966   170.06637478400714 
   100.59547458536383   182.59298477435672 
     107.382573093999   200.97600122525733 
   92.313265142083168   213.50261121560686 
    99.10036365071835    231.8856276665075 
   84.031055698802504   244.41223765685706 
     157.075829753683   15.518242577756167 
   163.86292826231818   33.901259028656781 
   170.65002677095336   52.284275479557387 
   155.58071881903751   64.810885469906978 
   162.36781732767267   83.193901920807576 
   147.29850937575685   95.720511911157161 
   154.08560788439203   114.10352836205776 
   139.01629993247619   126.63013835240736 
   145.80339844111134   145.01315480330794 
   130.73409048919552   157.53976479365753 
   137.52118899783071   175.92278124455814 
   122.45188104591486   188.44939123490772 
   129.23897955455001   206.83240768580833 
    114.1696716026342   219.35901767615792 
   120.95677011126935    237.7420341270585 
   105.88746215935353   250.26864411740806 
     178.932236214234    21.37464903830719 
   185.71933472286921   39.757665489207795 
   192.50643323150439   58.140681940108408 
   177.43712527958851   70.667291930458006 
   184.22422378822372    89.05030838135859 
   169.15491583630788   101.57691837170817 
   175.94201434494303   119.95993482260879 
   160.87270639302719   132.48654481295836 
    167.6598049016624   150.86956126385894 
   152.59049694974655   163.39617125420855 
   159.37759545838173   181.77918770510914 
   144.30828750646586   194.30579769545875 
   151.09538601510107   212.68881414635933 
   136.02607806318522   225.21542413670889 
   142.81317657182038   243.59844058760953 
   127.74386861990456   256.12505057795909 
   200.78864267478505   27.231055498858215 
   207.57574118342021   45.614071949758817 
   214.36283969205539   63.997088400659429 
   199.29353174013954   76.523698391009006 
   206.08063024877472   94.906714841909618 
   191.01132229685888   107.43332483225919 
   197.79842080549409    125.8163412831598 
   182.72911285357821   138.34295127350941 
    189.5162113622134   156.72596772440997 
   174.44690341029755   169.25257771475958 
   181.23400191893273   187.63559416566019 
   166.16469396701689   200.16220415600978 
   172.95179247565207   218.54522060691039 
   157.88248452373622   231.07183059725992 
   164.66958303237143   249.45484704816056 
   222.64504913533605   33.087461959409225 
   229.43214764397123   51.470478410309823 
   236.21924615260644   69.853494861210436 
   221.14993820069054    82.38010485156002 
   227.93703670932575   100.76312130246063 
   212.86772875740991    113.2897312928102 
   219.65482726604509   131.67274774371083 
   204.58551931412921   144.19935773406041 
   211.37261782276443     162.582374184961 
   196.30330987084858   175.10898417531058 
   203.09040837948379   193.49200062621119 
   188.02110042756789   206.01861061656078 
    194.8081989362031   224.40162706746139 
   179.73889098428725   236.92823705781095 
   186.52598949292241   255.31125350871156 
   244.50145559588708   38.943868419960246 
   251.28855410452226   57.326884870860852 
   243.00634466124157   88.236511312111062 
   249.79344316987678   106.61952776301165 
   234.72413521796094   119.14613775336123 
   241.51123372659612   137.52915420426183 
   226.44192577468024   150.05576419461141 
   233.22902428331545     168.438780645512 
   218.15971633139961   180.96539063586158 
   224.94681484003476   199.34840708676219 
   209.87750688811892   211.87501707711181 
   216.66460539675413   230.25803352801239 
   201.59529744483828   242.78464351836195 
   39.511588007647255   17.145836716251289 
   31.229378564366591   48.055463157501471 
   256.58054167851196   125.00254421391223 
   22.947169121085928   78.965089598751661 
   248.29833223523127   155.91217065516244 
   14.664959677805264   109.87471604000183 
   240.01612279195061   186.82179709641261 
   6.3827502345245994   140.78434248125203 
   231.73391334866994   217.73142353766281 
   223.45170390538928   248.64104997891297 
