   109.11156824658056   2.9015044368696215 
   89.797859747595794   6.2152129358543906 
   86.484151248611042   25.528921434839138 
   67.170442749626261   28.842629933823908 
   63.856734250641523   48.156338432808653 
   44.543025751656764   51.470046931793426 
   41.229317252672011   70.783755430778172 
   21.915608753687231   74.097463929762952 
   18.601900254702475   93.411172428747719 
   125.11156824658055   18.901504436869629 
   105.79785974759579   22.215212935854385 
   102.48415124861104   41.528921434839162 
   83.170442749626275   44.842629933823901 
   79.856734250641537   64.156338432808667 
   60.543025751656756   67.470046931793405 
   57.229317252672004     86.7837554307782 
   37.915608753687223   90.097463929762952 
   34.601900254702485   109.41117242874773 
   15.288191755717721   112.72488092773246 
   11.974483256732967   132.03858942671724 
   163.73898524455009   12.274087438900089 
   144.42527674556533   15.587795937884845 
   141.11156824658053   34.901504436869622 
   121.79785974759578   38.215212935854375 
   118.48415124861103   57.528921434839155 
   99.170442749626261   60.842629933823893 
   95.856734250641523   80.156338432808667 
   76.543025751656756   83.470046931793405 
   73.229317252672004   102.78375543077819 
   53.915608753687231   106.09746392976294 
   50.601900254702478   125.41117242874772 
    31.28819175571773   128.72488092773244 
   27.974483256732974   148.03858942671721 
   8.6607747577482108   151.35229792570198 
   5.3470662587634568   170.66600642468674 
   183.05269374353483   8.9603789399153335 
   179.73898524455007   28.274087438900096 
   160.42527674556533   31.587795937884852 
   157.11156824658056   50.901504436869629 
   137.79785974759579   54.215212935854382 
   134.48415124861103   73.528921434839148 
   115.17044274962628   76.842629933823901 
   111.85673425064152   96.156338432808653 
   92.543025751656771   99.470046931793419 
   89.229317252672004   118.78375543077819 
   69.915608753687238   122.09746392976295 
   66.601900254702485    141.4111724287477 
   47.288191755717733   144.72488092773244 
   43.974483256732967   164.03858942671724 
   24.660774757748218   167.35229792570198 
   21.347066258763466   186.66600642468674 
    199.0526937435348   24.960378939915326 
   195.73898524455007   44.274087438900089 
   176.42527674556533   47.587795937884856 
   173.11156824658056   66.901504436869615 
   153.79785974759579   70.215212935854382 
   150.48415124861106   89.528921434839134 
   131.17044274962629   92.842629933823915 
   127.85673425064152   112.15633843280865 
   108.54302575165677   115.47004693179341 
     105.229317252672   134.78375543077817 
   85.915608753687238   138.09746392976294 
   82.601900254702471   157.41117242874773 
   63.288191755717726   160.72488092773247 
   59.974483256732974   180.03858942671721 
   40.660774757748229   183.35229792570198 
   37.347066258763455   202.66600642468671 
   215.05269374353483   40.960378939915337 
   211.73898524455009   60.274087438900082 
    192.4252767455653   63.587795937884849 
   189.11156824658053   82.901504436869615 
   169.79785974759579   86.215212935854368 
   166.48415124861103   105.52892143483915 
   147.17044274962626   108.84262993382389 
   143.85673425064152   128.15633843280864 
   124.54302575165677   131.47004693179341 
     121.229317252672   150.78375543077817 
   101.91560875368724   154.09746392976294 
   98.601900254702471    173.4111724287477 
   79.288191755717719   176.72488092773247 
   75.974483256732967   196.03858942671721 
   56.660774757748221   199.35229792570195 
   53.347066258763462   218.66600642468674 
   231.05269374353483    56.96037893991533 
   227.73898524455009   76.274087438900096 
   208.42527674556536   79.587795937884863 
   205.11156824658056   98.901504436869629 
   185.79785974759579   102.21521293585438 
   182.48415124861106   121.52892143483915 
   163.17044274962629   124.84262993382391 
   159.85673425064155   144.15633843280867 
   140.54302575165676   147.47004693179341 
   137.22931725267202    166.7837554307782 
   117.91560875368725   170.09746392976297 
   114.60190025470249   189.41117242874773 
   95.288191755717733   192.72488092773247 
   91.974483256732995   212.03858942671721 
   72.660774757748243   215.35229792570198 
   69.347066258763476   234.66600642468674 
   247.05269374353483   72.960378939915316 
   243.73898524455009   92.274087438900096 
   224.42527674556533   95.587795937884849 
   221.11156824658056   114.90150443686963 
   201.79785974759579   118.21521293585438 
   198.48415124861106   137.52892143483916 
   179.17044274962629    140.8426299338239 
   175.85673425064155   160.15633843280864 
   156.54302575165676   163.47004693179341 
   153.22931725267202    182.7837554307782 
   133.91560875368725   186.09746392976294 
   130.60190025470249    205.4111724287477 
   111.28819175571773   208.72488092773244 
   107.97448325673298   228.03858942671724 
   88.660774757748214   231.35229792570198 
   85.347066258763476   250.66600642468674 
    240.4252767455653   111.58779593788485 
   237.11156824658056   130.90150443686963 
   217.79785974759582   134.21521293585437 
   214.48415124861106   153.52892143483913 
   195.17044274962626    156.8426299338239 
   191.85673425064152   176.15633843280867 
   172.54302575165678   179.47004693179341 
   169.22931725267205    198.7837554307782 
   149.91560875368722   202.09746392976294 
   146.60190025470249   221.41117242874773 
   127.28819175571775   224.72488092773244 
     123.974483256733   244.03858942671724 
   104.66077475774823   247.35229792570198 
   256.42527674556527   127.58779593788483 
   253.11156824658056   146.90150443686963 
   233.79785974759582   150.21521293585437 
   230.48415124861103   169.52892143483911 
   211.17044274962626   172.84262993382387 
   207.85673425064152   192.15633843280867 
   188.54302575165678   195.47004693179341 
   185.22931725267202   214.78375543077814 
   165.91560875368725   218.09746392976294 
   162.60190025470249    237.4111724287477 
   143.28819175571775   240.72488092773244 
   249.79785974759579   166.21521293585434 
   246.48415124861103   185.52892143483913 
   227.17044274962629   188.84262993382387 
   223.85673425064155   208.15633843280867 
   204.54302575165676   211.47004693179341 
   201.22931725267202   230.78375543077817 
   181.91560875368725   234.09746392976294 
   178.60190025470251    253.4111724287477 
   159.28819175571772   256.72488092773244 
