   78.477243736929239   3.6817686572280213 
    80.27520270806194    23.19502936727142 
   62.477243736929232   31.394581578330076 
    64.27520270806194   50.907842288373473 
   46.477243736929239   59.107394499432104 
   48.275202708061947   78.620655209475501 
   30.477243736929232   86.820207420534146 
    32.27520270806194   106.33346813057756 
   14.477243736929225    114.5330203416362 
   16.275202708061933   134.04628105167959 
   115.87112065032737   6.7959249451541393 
   98.073161679194655   14.995477156212781 
    99.87112065032737   34.508737866256176 
   82.073161679194655   42.708290077314835 
   83.871120650327356   62.221550787358233 
   66.073161679194655   70.421102998416856 
   67.871120650327384   89.934363708460253 
   50.073161679194655   98.133915919518913 
   51.871120650327377   117.64717662956231 
   34.073161679194648   125.84672884062095 
    35.87112065032737   145.35998955066438 
   18.073161679194655   153.55954176172298 
   19.871120650327377   173.07280247176638 
   2.0731616791946612   181.27235468282501 
   3.8711206503273834   200.78561539286841 
   135.46703859259279   18.109633444138897 
    117.6690796214601   26.309185655197538 
   119.46703859259279   45.822446365240936 
   101.66907962146009   54.021998576299595 
   103.46703859259279   73.535259286342992 
   85.669079621460099   81.734811497401623 
     87.4670385925928   101.24807220744502 
   69.669079621460085   109.44762441850366 
     71.4670385925928   128.96088512854709 
   53.669079621460085   137.16043733960572 
   55.467038592592793   156.67369804964912 
   37.669079621460092   164.87325026070775 
     39.4670385925928   184.38651097075115 
   21.669079621460099   192.58606318180978 
   23.467038592592807   212.09932389185317 
    153.2649975637255   9.9100812330802714 
   155.06295653485822    29.42334194312367 
   137.26499756372553   37.622894154182298 
   139.06295653485824   57.136154864225709 
   121.26499756372552   65.335707075284347 
   123.06295653485822   84.848967785327744 
   105.26499756372552   93.048519996386375 
   107.06295653485823   112.56178070642977 
   89.264997563725515   120.76133291748843 
   91.062956534858216   140.27459362753183 
   73.264997563725501   148.47414583859049 
   75.062956534858216   167.98740654863388 
    57.26499756372553   176.18695875969252 
   59.062956534858237   195.70021946973591 
   41.264997563725537   203.89977168079454 
   43.062956534858245   223.41303239083794 
   172.86091550599093   21.223789732065029 
   174.65887447712365   40.737050442108426 
   156.86091550599093   48.936602653167057 
   158.65887447712367   68.449863363210468 
   140.86091550599096   76.649415574269113 
   142.65887447712365   96.162676284312511 
   124.86091550599095   104.36222849537114 
   126.65887447712365   123.87548920541454 
   108.86091550599093   132.07504141647317 
   110.65887447712365   151.58830212651657 
   92.860915505990931   159.78785433757523 
   94.658874477123632   179.30111504761862 
   76.860915505990945   187.50066725867725 
   78.658874477123661   207.01392796872068 
    60.86091550599096   215.21348017977928 
   62.658874477123668   234.72674088982271 
   192.45683344825636   32.537498231049788 
    194.2547924193891   52.050758941093186 
   176.45683344825636   60.250311152151816 
   178.25479241938908   79.763571862195235 
   160.45683344825636   87.963124073253866 
   162.25479241938908   107.47638478329726 
   144.45683344825636   115.67593699435589 
    146.2547924193891   135.18919770439931 
   128.45683344825636   143.38874991545794 
   130.25479241938908   162.90201062550136 
   112.45683344825635   171.10156283655999 
   114.25479241938909   190.61482354660339 
   96.456833448256376   198.81437575766199 
   98.254792419389091   218.32763646770542 
   80.456833448256376   226.52718867876402 
   82.254792419389105   246.04044938880745 
   212.05275139052182   43.851206730034562 
   213.85071036165451   63.364467440077959 
   196.05275139052182    71.56401965113659 
   197.85071036165454   91.077280361179987 
   180.05275139052182   99.276832572238646 
   181.85071036165454   118.79009328228204 
   164.05275139052182   126.98964549334067 
   165.85071036165456   146.50290620338407 
   148.05275139052182   154.70245841444273 
   149.85071036165454   174.21571912448613 
   132.05275139052179   182.41527133554476 
   133.85071036165454   201.92853204558818 
   116.05275139052182   210.12808425664679 
   117.85071036165454   229.64134496669021 
   100.05275139052183   237.84089717774879 
   231.64866933278719   55.164915229019307 
   233.44662830391994   74.678175939062712 
   215.64866933278719   82.877728150121328 
   217.44662830391994   102.39098886016474 
   199.64866933278719   110.59054107122338 
   201.44662830391994   130.10380178126678 
   183.64866933278722   138.30335399232541 
   185.44662830391994   157.81661470236881 
   167.64866933278719   166.01616691342747 
   169.44662830391994   185.52942762347087 
   151.64866933278719   193.72897983452953 
   153.44662830391994   213.24224054457292 
   135.64866933278722   221.44179275563155 
   137.44662830391994   240.95505346567495 
   119.64866933278722   249.15460567673358 
   251.24458727505265   66.478623728004081 
   253.04254624618537   85.991884438047478 
   235.24458727505268   94.191436649106109 
    237.0425462461854   113.70469735914951 
   219.24458727505268   121.90424957020815 
   221.04254624618537   141.41751028025155 
   203.24458727505265   149.61706249131018 
    205.0425462461854   169.13032320135358 
   187.24458727505265   177.32987541241221 
    189.0425462461854   196.84313612245563 
   171.24458727505265   205.04268833351429 
    173.0425462461854   224.55594904355769 
   155.24458727505268   232.75550125461632 
   157.04254624618537   252.26876196465972 
   254.84050521731808   105.50514514809085 
   256.63846418845077   125.01840585813424 
   238.84050521731805   133.21795806919289 
   240.63846418845077   152.73121877923631 
   222.84050521731808   160.93077099029492 
    224.6384641884508   180.44403170033831 
   206.84050521731808   188.64358391139697 
    208.6384641884508   208.15684462144037 
   190.84050521731808     216.356396832499 
   192.63846418845077   235.86965754254243 
   174.84050521731805   244.06920975360103 
   60.679284765796552   11.881320868286677 
   44.679284765796545   39.594133789388728 
   242.43642315958351   172.24447948927971 
   28.679284765796552   67.306946710490763 
   226.43642315958351   199.95729241038177 
   12.679284765796545   95.019759631592805 
   210.43642315958348   227.67010533148377 
   194.43642315958348    255.3829182525858 
