   137.92267818217803   7.2424798121705036 
   118.40941747213463   5.4445208410377957 
   110.20986526107599   23.242479812170512 
   90.696604551032607   21.444520841037804 
    82.49705233997399   39.242479812170501 
   62.983791629930586   37.444520841037793 
   54.784239418871941   55.242479812170508 
    35.27097870882853     53.4445208410378 
   27.071426497769888   71.242479812170515 
   7.5581657877265194   69.444520841037814 
   176.94919960226486   10.838397754435933 
   157.43593889222143   9.0404387833032107 
    149.2363866811628   26.838397754435942 
    129.7231259711194    25.04043878330322 
   121.52357376006077   42.838397754435945 
   102.01031305001737   41.040438783303223 
   93.810760838958757   58.838397754435938 
    74.29750012891536   57.040438783303216 
   66.097947917856715   74.838397754435945 
   46.584687207813303    73.04043878330323 
   38.385134996754665   90.838397754435974 
   18.871874286711279    89.04043878330323 
   10.672322075652637   106.83839775443596 
   196.46246031230822   12.636356725568641 
   188.26290810124959    30.43431569670134 
    168.7496473912062   28.636356725568632 
   160.55009518014759   46.434315696701347 
   141.03683447010417   44.636356725568639 
   132.83728225904554   62.434315696701354 
   113.32402154900213   60.636356725568646 
   105.12446933794349   78.434315696701347 
   85.611208627900098   76.636356725568646 
   77.411656416841481   94.434315696701361 
   57.898395706798063   92.636356725568646 
   49.698843495739418   110.43431569670136 
   30.185582785696035   108.63635672556866 
   21.986030574637397   126.43431569670138 
   2.4727698645940106   124.63635672556865 
   207.77616881129302   32.232274667834062 
   199.57661660023439   50.030233638966777 
   180.06335589019099   48.232274667834069 
   171.86380367913236   66.030233638966777 
   152.35054296908893   64.232274667834076 
    144.1509907580303   82.030233638966791 
   124.63773004798691   80.232274667834091 
   116.43817783692828   98.030233638966791 
   96.924917126884878   96.232274667834062 
   88.725364915826233   114.03023363896679 
   69.212104205782822   112.23227466783409 
   61.012551994724177   130.03023363896679 
   41.499291284680808   128.23227466783408 
    33.29973907362217   146.03023363896679 
   13.786478363578784   144.23227466783408 
   5.5869261525201432   162.03023363896679 
   219.08987731027779   51.828192610099485 
   210.89032509921915   69.626151581232193 
   191.37706438917573   67.828192610099492 
    183.1775121781171   85.626151581232207 
    163.6642514680737   83.828192610099507 
   155.46469925701504   101.62615158123222 
   135.95143854697167   99.828192610099492 
   127.75188633591303   117.62615158123221 
   108.23862562586964   115.82819261009951 
   100.03907341481099   133.62615158123219 
   80.525812704767588   131.82819261009951 
   72.326260493708943   149.62615158123222 
   52.812999783665568   147.82819261009951 
    44.61344757260693   165.62615158123222 
   25.100186862563543   163.82819261009951 
   16.900634651504902   181.62615158123222 
   230.40358580926252   71.424110552364908 
   222.20403359820389   89.222069523497623 
    202.6907728881605   87.424110552364908 
   194.49122067710184   105.22206952349761 
   174.97795996705844   103.42411055236492 
   166.77840775599981   121.22206952349764 
   147.26514704595641   119.42411055236491 
   139.06559483489778   137.22206952349762 
    119.5523341248544   135.42411055236491 
   111.35278191379575   153.22206952349762 
   91.839521203752355   151.42411055236491 
    83.63996899269371   169.22206952349762 
   64.126708282650327   167.42411055236491 
   55.927156071591689   185.22206952349762 
   36.413895361548299   183.42411055236494 
   28.214343150489661   201.22206952349765 
   241.71729430824729   91.020028494630338 
   233.51774209718866   108.81798746576305 
   214.00448138714523   107.02002849463034 
    205.8049291760866   124.81798746576307 
   186.29166846604321   123.02002849463034 
    178.0921162549846   140.81798746576308 
   158.57885554494118   139.02002849463034 
   150.37930333388258   156.81798746576305 
   130.86604262383918   155.02002849463037 
   122.66649041278053   172.81798746576308 
   103.15322970273711   171.02002849463037 
   94.953677491678491   188.81798746576308 
   75.440416781635093   187.02002849463037 
   67.240864570576463   204.81798746576308 
   47.727603860533073   203.02002849463034 
   39.528051649474435   220.81798746576305 
   253.03100280723203   110.61594643689575 
   244.83145059617343   128.41390540802848 
   225.31818988613003   126.61594643689575 
    217.1186376750714   144.41390540802851 
     197.605376965028   142.61594643689577 
   189.40582475396937   160.41390540802851 
   169.89256404392597   158.61594643689577 
   161.69301183286734   176.41390540802848 
   142.17975112282394   174.61594643689577 
   133.98019891176529   192.41390540802848 
   114.46693820172189    190.6159464368958 
   106.26738599066324   208.41390540802851 
    86.75412528061986    206.6159464368958 
   78.554573069561229   224.41390540802851 
   59.041312359517832   222.61594643689577 
   50.841760148459208   240.41390540802848 
   256.14515909515819   148.00982335029391 
   236.63189838511479   146.21186437916117 
   228.43234617405616   164.00982335029391 
   208.91908546401277    162.2118643791612 
   200.71953325295411   180.00982335029394 
   181.20627254291071    178.2118643791612 
   173.00672033185208   196.00982335029391 
   153.49345962180868    194.2118643791612 
   145.29390741075005   212.00982335029391 
   125.78064670070664    210.2118643791612 
     117.581094489648   228.00982335029391 
   98.067833779604612   226.21186437916123 
   89.868281568545981   244.00982335029394 
   70.355020858502598    242.2118643791612 
   247.94560688409956    165.8077823214266 
   239.74605467304093   183.60574129255934 
    220.2327939629975    181.8077823214266 
   212.03324175193887   199.60574129255934 
   192.51998104189548   197.80778232142663 
   184.32042883083685   215.60574129255934 
   164.80716812079345   213.80778232142663 
   156.60761590973482   231.60574129255934 
   137.09435519969139   229.80778232142663 
   128.89480298863276   247.60574129255934 
   109.38154227858938   245.80778232142663 
   231.54650246198224   201.40370026369203 
   98.896156762091252   3.6465618699051028 
   203.83368954088021   217.40370026369203 
   71.183343840989224   19.646561869905096 
   176.12087661977819   233.40370026369206 
   43.470530919887189   35.646561869905099 
   148.40806369867619   249.40370026369206 
   15.757717998785145   51.646561869905113 
