   190.11381587659241   1.9147505212802847 
   159.20418943534222   10.196959964560948 
   140.82117298444163    3.409861455925765 
   128.29456299409202   18.479169407841614 
   109.91154654319143    11.69207089920643 
    97.38493655284185   26.761378851122277 
   79.001920101941238   19.974280342487091 
   66.475310111591654   35.043588294402937 
   48.092293660691041   28.256489785767755 
    35.56568367034145   43.325797737683615 
   17.182667219440873   36.538699229048419 
   4.6560572290912816   51.608007180964265 
     208.496832327493   8.7018490299154543 
   195.97022233714341     23.7711569818313 
    177.5872058862428   16.984058473196118 
   165.06059589589321    32.05336642511196 
   146.67757944499263   25.266267916476782 
   134.15096945464302   40.335575868392631 
   115.76795300374243   33.548477359757442 
   103.24134301339286   48.617785311673295 
   84.858326562492266   41.830686803038112 
   72.331716572142668   56.899994754953958 
   53.948700121242062   50.112896246318776 
   41.422090130892471   65.182204198234629 
   23.039073679991883    58.39510568959944 
   10.512463689642304   73.464413641515279 
   226.87984877839361   15.488947538550637 
   214.35323878804402   30.558255490466486 
   201.82662879769444   45.627563442382318 
   183.44361234679383    38.84046493374715 
   170.91700235644424   53.909772885662981 
   152.53398590554366   47.122674377027813 
   140.00737591519407   62.191982328943645 
   121.62435946429346   55.404883820308477 
   109.09774947394389   70.474191772224287 
    90.71473302304328   63.687093263589141 
   78.188123032693696    78.75640121550498 
   59.805106581793076   71.969302706869797 
   47.278496591443478   87.038610658785643 
   28.895480140542908   80.251512150150447 
   16.368870150193317   95.320820102066307 
   232.73625523894464   37.345353999101654 
   220.20964524859505   52.414661951017486 
   207.68303525824547   67.483969902933339 
   189.30001880734486   60.696871394298149 
   176.77340881699527   75.766179346214003 
   158.39039236609466    68.97908083757882 
   145.86378237574507   84.048388789494666 
   127.48076592484449   77.261290280859498 
   114.95415593449491   92.330598232775316 
   96.571139483594294   85.543499724140148 
    84.04452949324471   100.61280767605599 
   65.661513042344097   93.825709167420825 
   53.134903051994506   108.89501711933666 
   34.751886601093915   102.10791861070147 
   22.225276610744338   117.17722656261732 
   3.8422601598437498   110.39012805398214 
   238.59266169949566   59.201760459652668 
   226.06605170914605   74.271068411568507 
   213.53944171879644   89.340376363484353 
   195.15642526789586   82.553277854849185 
   182.62981527754627   97.622585806765017 
   164.24679882664569   90.835487298129834 
   151.72018883629607   105.90479525004568 
   133.33717238539549   99.117696741410512 
   120.81056239504592   114.18700469332634 
   102.42754594414532   107.39990618469116 
   89.900935953795724   122.46921413660701 
   71.517919502895111   115.68211562797184 
   58.991309512545527   130.75142357988767 
   40.608293061644943   123.96432507125249 
   28.081683071295348   139.03363302316833 
   9.6986666203947731   132.24653451453315 
   244.44906816004666   81.058166920203689 
   231.92245816969708   96.127474872119521 
    219.3958481793475   111.19678282403537 
   201.01283172844688   104.40968431540018 
    188.4862217380973   119.47899226731603 
   170.10320528719672   112.69189375868085 
    157.5765952968471   127.76120171059669 
   139.19357884594652   120.97410320196151 
   126.66696885559695   136.04341115387734 
   108.28395240469632   129.25631264524216 
   95.757342414346738   144.32562059715804 
   77.374325963446125   137.53852208852285 
   64.847715973096541    152.6078300404387 
   46.464699522195964   145.82073153180349 
   33.938089531846373   160.89003948371936 
   15.555073080945784   154.10294097508418 
   250.30547462059769    102.9145733807547 
   237.77886463024808   117.98388133267055 
   225.25225463989852   133.05318928458641 
   206.86923818899791   126.26609077595121 
   194.34262819864833   141.33539872786707 
   175.95961174774772   134.54830021923189 
   163.43300175739813   149.61760817114774 
   145.04998530649755   142.83050966251255 
   132.52337531614796    157.8998176144284 
   114.14035886524735   151.11271910579322 
   101.61374887489777   166.18202705770906 
   83.230732423997154   159.39492854907388 
   70.704122433647555   174.46423650098973 
   52.321105982746971   167.67713799235452 
   39.794495992397394   182.74644594427039 
   21.411479541496806   175.95934743563521 
   256.16188108114875   124.77097984130575 
   243.63527109079911   139.84028779322159 
    231.1086611004495   154.90959574513744 
   212.72564464954891   148.12249723650223 
   200.19903465919933    163.1918051884181 
   181.81601820829871   156.40470667978292 
   169.28940821794913   171.47401463169876 
   150.90639176704855   164.68691612306355 
   138.37978177669896    179.7562240749794 
   119.99676532579836   172.96912556634425 
   107.47015533544878   188.03843351826009 
   89.087138884548168   181.25133500962488 
   76.560528894198583   196.32064296154076 
   58.177512443297999   189.53354445290557 
   45.650902452948401   204.60285240482142 
   27.267886002047817   197.81575389618621 
   249.49167755135014   161.69669425377259 
   236.96506756100055   176.76600220568844 
   218.58205111009997   169.97890369705325 
   206.05544111975036    185.0482116489691 
   187.67242466884977   178.26111314033392 
   175.14581467850016   193.33042109224976 
   156.76279822759957   186.54332258361458 
   144.23618823724999   201.61263053553043 
   125.85317178634938   194.82553202689525 
   113.32656179599979   209.89483997881109 
   94.943545345099182   203.10774147017591 
   82.416935354749597   218.17704942209176 
   64.033918903849013   211.38995091345654 
   51.507308913499429   226.45925886537239 
   33.124292462598838   219.67216035673724 
   255.34808401190114   183.55310071432359 
   242.82147402155155   198.62240866623944 
   224.43845757065097   191.83531015760425 
   211.91184758030138    206.9046181095201 
   193.52883112940077   200.11751960088495 
   181.00222113905119   215.18682755280079 
    162.6192046881506   208.39972904416558 
   150.09259469780102   223.46903699608143 
   131.70957824690041   216.68193848744625 
   119.18296825655081   231.75124643936209 
    100.7999518056502   224.96414793072691 
   88.273341815300597   240.03345588264278 
   69.890325364400027    233.2463573740076 
   57.363715374050436   248.31566532592345 
   38.980698923149866   241.52856681728824 
   248.67788048210255   220.47881512679047 
   230.29486403120197   213.69171661815528 
   217.76825404085238   228.76102457007113 
   199.38523758995177   221.97392606143592 
   186.85862759960219   237.04323401335176 
    168.4756111487016   230.25613550471661 
   155.94900115835202   245.32544345663246 
   137.56598470745141   238.53834494799727 
   125.03937471710184   253.60765289991312 
   106.65635826620122   246.82055439127794 
   75.746731824951056   255.10276383455857 
