    247.8318910989162   21.395449602461351 
    231.8318910989162   32.709158101446135 
    215.8318910989162   21.395449602461369 
    199.8318910989162   32.709158101446135 
    183.8318910989162   21.395449602461369 
   167.83189109891617   32.709158101446135 
    151.8318910989162   21.395449602461369 
    135.8318910989162   32.709158101446135 
   119.83189109891619   21.395449602461369 
   103.83189109891619   32.709158101446135 
   87.831891098916174   21.395449602461369 
   71.831891098916174   32.709158101446135 
   55.831891098916195   21.395449602461369 
   39.831891098916188   32.709158101446135 
   23.831891098916209   21.395449602461369 
   7.8318910989162003    32.70915810144615 
    247.8318910989162   44.022866600430866 
    231.8318910989162   55.336575099415654 
    215.8318910989162   44.022866600430888 
    199.8318910989162   55.336575099415654 
    183.8318910989162   44.022866600430888 
   167.83189109891617   55.336575099415654 
    151.8318910989162   44.022866600430888 
    135.8318910989162   55.336575099415654 
   119.83189109891619   44.022866600430888 
   103.83189109891619   55.336575099415654 
   87.831891098916174   44.022866600430888 
   71.831891098916174   55.336575099415654 
   55.831891098916195   44.022866600430888 
   39.831891098916188   55.336575099415654 
   23.831891098916209   44.022866600430888 
   7.8318910989162003   55.336575099415676 
    247.8318910989162   66.650283598400407 
    231.8318910989162   77.963992097385173 
    215.8318910989162   66.650283598400407 
    199.8318910989162   77.963992097385173 
    183.8318910989162   66.650283598400421 
    167.8318910989162   77.963992097385173 
    151.8318910989162   66.650283598400421 
    135.8318910989162   77.963992097385173 
   119.83189109891619   66.650283598400421 
   103.83189109891619   77.963992097385173 
   87.831891098916174   66.650283598400421 
   71.831891098916174   77.963992097385173 
   55.831891098916195   66.650283598400435 
   39.831891098916188   77.963992097385173 
   23.831891098916209   66.650283598400435 
   7.8318910989162003   77.963992097385173 
    247.8318910989162   89.277700596369925 
    231.8318910989162   100.59140909535469 
    215.8318910989162   89.277700596369925 
    199.8318910989162   100.59140909535469 
   183.83189109891623   89.277700596369939 
    167.8318910989162   100.59140909535469 
    151.8318910989162   89.277700596369939 
    135.8318910989162   100.59140909535469 
   119.83189109891619   89.277700596369939 
   103.83189109891619   100.59140909535469 
   87.831891098916174   89.277700596369939 
   71.831891098916174   100.59140909535469 
   55.831891098916195   89.277700596369954 
   39.831891098916188   100.59140909535469 
   23.831891098916209   89.277700596369954 
   7.8318910989162003   100.59140909535469 
    247.8318910989162   111.90511759433943 
    231.8318910989162   123.21882609332421 
    215.8318910989162   111.90511759433944 
    199.8318910989162   123.21882609332421 
   183.83189109891623   111.90511759433944 
    167.8318910989162   123.21882609332421 
    151.8318910989162   111.90511759433944 
    135.8318910989162   123.21882609332421 
   119.83189109891619   111.90511759433944 
   103.83189109891619   123.21882609332421 
   87.831891098916174   111.90511759433944 
   71.831891098916174   123.21882609332421 
   55.831891098916195   111.90511759433944 
   39.831891098916188   123.21882609332421 
   23.831891098916209   111.90511759433946 
   7.8318910989162003   123.21882609332421 
    247.8318910989162   134.53253459230896 
    231.8318910989162   145.84624309129373 
    215.8318910989162   134.53253459230896 
    199.8318910989162   145.84624309129373 
   183.83189109891623   134.53253459230896 
    167.8318910989162   145.84624309129373 
    151.8318910989162   134.53253459230896 
   135.83189109891623   145.84624309129373 
   119.83189109891619   134.53253459230899 
   103.83189109891619   145.84624309129373 
   87.831891098916174   134.53253459230899 
   71.831891098916174   145.84624309129373 
   55.831891098916195   134.53253459230899 
   39.831891098916188   145.84624309129373 
   23.831891098916209   134.53253459230899 
   7.8318910989162003   145.84624309129373 
    247.8318910989162    157.1599515902785 
    231.8318910989162   168.47366008926326 
    215.8318910989162    157.1599515902785 
    199.8318910989162   168.47366008926326 
   183.83189109891623    157.1599515902785 
    167.8318910989162   168.47366008926326 
    151.8318910989162    157.1599515902785 
   135.83189109891623   168.47366008926326 
   119.83189109891619    157.1599515902785 
   103.83189109891619   168.47366008926326 
   87.831891098916174    157.1599515902785 
   71.831891098916174   168.47366008926326 
   55.831891098916195    157.1599515902785 
   39.831891098916188   168.47366008926326 
   23.831891098916209    157.1599515902785 
   7.8318910989162003   168.47366008926326 
    247.8318910989162   179.78736858824803 
    231.8318910989162    191.1010770872328 
    215.8318910989162   179.78736858824803 
    199.8318910989162    191.1010770872328 
   183.83189109891623   179.78736858824803 
    167.8318910989162    191.1010770872328 
    151.8318910989162   179.78736858824803 
   135.83189109891623    191.1010770872328 
   119.83189109891619   179.78736858824803 
   103.83189109891619    191.1010770872328 
   87.831891098916174   179.78736858824803 
   71.831891098916174    191.1010770872328 
   55.831891098916195   179.78736858824803 
   39.831891098916188    191.1010770872328 
   23.831891098916209   179.78736858824803 
   7.8318910989162003    191.1010770872328 
    247.8318910989162   202.41478558621753 
    231.8318910989162    213.7284940852023 
    215.8318910989162   202.41478558621753 
    199.8318910989162    213.7284940852023 
   183.83189109891623   202.41478558621753 
    167.8318910989162    213.7284940852023 
    151.8318910989162   202.41478558621753 
   135.83189109891623    213.7284940852023 
   119.83189109891619   202.41478558621753 
   103.83189109891619    213.7284940852023 
   87.831891098916174   202.41478558621753 
   71.831891098916174    213.7284940852023 
   55.831891098916195   202.41478558621753 
   39.831891098916188    213.7284940852023 
   23.831891098916209   202.41478558621753 
   7.8318910989162003    213.7284940852023 
    247.8318910989162   225.04220258418701 
    231.8318910989162   236.35591108317183 
    215.8318910989162   225.04220258418704 
    199.8318910989162   236.35591108317183 
   183.83189109891623   225.04220258418704 
    167.8318910989162   236.35591108317183 
    151.8318910989162   225.04220258418704 
   135.83189109891623   236.35591108317183 
   119.83189109891619   225.04220258418704 
   103.83189109891619   236.35591108317183 
   87.831891098916174   225.04220258418704 
   71.831891098916174   236.35591108317183 
   55.831891098916195   225.04220258418704 
   39.831891098916188   236.35591108317183 
   23.831891098916209   225.04220258418704 
   7.8318910989162003   236.35591108317186 
   247.83189109891623   247.66961958215657 
   231.83189109891617   10.081741103476624 
   215.83189109891623   247.66961958215657 
   199.83189109891617   10.081741103476624 
   183.83189109891623   247.66961958215657 
   167.83189109891617   10.081741103476624 
    151.8318910989162   247.66961958215657 
    135.8318910989162   10.081741103476624 
   119.83189109891619   247.66961958215657 
   103.83189109891619   10.081741103476624 
   87.831891098916174   247.66961958215657 
   71.831891098916174   10.081741103476624 
   55.831891098916209   247.66961958215657 
   39.831891098916174   10.081741103476624 
   23.831891098916223   247.66961958215657 
   7.8318910989161861   10.081741103476638 
