   24.347111059488501    31.79102886594805 
   42.632825345202789    31.79102886594805 
   42.632825345202789   50.076743151662335 
   24.347111059488501   50.076743151662335 
   24.347111059488501   68.362457437376619 
   42.632825345202789   68.362457437376619 
   42.632825345202789   86.648171723090911 
   24.347111059488501   86.648171723090911 
   24.347111059488501   104.93388600880519 
   42.632825345202789   104.93388600880519 
   42.632825345202789   123.21960029451948 
   24.347111059488501   123.21960029451948 
   24.347111059488501   141.50531458023377 
   42.632825345202789   141.50531458023377 
   42.632825345202789   159.79102886594805 
   24.347111059488501   159.79102886594805 
   24.347111059488501   178.07674315166233 
   42.632825345202789   178.07674315166233 
   42.632825345202789   196.36245743737663 
   24.347111059488501   196.36245743737663 
   24.347111059488501   214.64817172309091 
   42.632825345202789   214.64817172309091 
   42.632825345202789   232.93388600880519 
   24.347111059488501   232.93388600880519 
   24.347111059488501   251.21960029451947 
   42.632825345202789   251.21960029451947 
   42.632825345202789   13.505314580233765 
   24.347111059488501   13.505314580233765 
   60.918539630917074    31.79102886594805 
   79.204253916631359    31.79102886594805 
   79.204253916631359   50.076743151662335 
   60.918539630917074   50.076743151662335 
   60.918539630917074   68.362457437376619 
   79.204253916631359   68.362457437376619 
   79.204253916631359   86.648171723090911 
   60.918539630917074   86.648171723090911 
   60.918539630917074   104.93388600880519 
   79.204253916631359   104.93388600880519 
   79.204253916631359   123.21960029451948 
   60.918539630917074   123.21960029451948 
   60.918539630917074   141.50531458023377 
   79.204253916631359   141.50531458023377 
   79.204253916631359   159.79102886594805 
   60.918539630917074   159.79102886594805 
   60.918539630917074   178.07674315166233 
   79.204253916631359   178.07674315166233 
   79.204253916631359   196.36245743737663 
   60.918539630917074   196.36245743737663 
   60.918539630917074   214.64817172309091 
   79.204253916631359   214.64817172309091 
   79.204253916631359   232.93388600880519 
   60.918539630917074   232.93388600880519 
   60.918539630917074   251.21960029451947 
   79.204253916631359   251.21960029451947 
   79.204253916631359   13.505314580233765 
   60.918539630917074   13.505314580233765 
   97.489968202345651    31.79102886594805 
   115.77568248805993    31.79102886594805 
   115.77568248805993   50.076743151662335 
   97.489968202345651   50.076743151662335 
   97.489968202345651   68.362457437376619 
   115.77568248805993   68.362457437376619 
   115.77568248805993   86.648171723090911 
   97.489968202345651   86.648171723090911 
   97.489968202345651   104.93388600880519 
   115.77568248805993   104.93388600880519 
   115.77568248805993   123.21960029451948 
   97.489968202345651   123.21960029451948 
   97.489968202345651   141.50531458023377 
   115.77568248805993   141.50531458023377 
   115.77568248805993   159.79102886594805 
   97.489968202345651   159.79102886594805 
   97.489968202345651   178.07674315166233 
   115.77568248805993   178.07674315166233 
   115.77568248805993   196.36245743737663 
   97.489968202345651   196.36245743737663 
   97.489968202345651   214.64817172309091 
   115.77568248805993   214.64817172309091 
   115.77568248805993   232.93388600880519 
   97.489968202345651   232.93388600880519 
   97.489968202345651   251.21960029451947 
   115.77568248805993   251.21960029451947 
   115.77568248805993   13.505314580233765 
   97.489968202345651   13.505314580233765 
   134.06139677377422    31.79102886594805 
   152.34711105948853    31.79102886594805 
   152.34711105948853   50.076743151662335 
   134.06139677377422   50.076743151662335 
   134.06139677377422   68.362457437376619 
   152.34711105948853   68.362457437376619 
   152.34711105948853   86.648171723090911 
   134.06139677377422   86.648171723090911 
   134.06139677377422   104.93388600880519 
   152.34711105948853   104.93388600880519 
   152.34711105948853   123.21960029451948 
   134.06139677377422   123.21960029451948 
   134.06139677377422   141.50531458023377 
   152.34711105948853   141.50531458023377 
   152.34711105948853   159.79102886594805 
   134.06139677377422   159.79102886594805 
   134.06139677377422   178.07674315166233 
   152.34711105948853   178.07674315166233 
   152.34711105948853   196.36245743737663 
   134.06139677377422   196.36245743737663 
   134.06139677377422   214.64817172309091 
   152.34711105948853   214.64817172309091 
   152.34711105948853   232.93388600880519 
   134.06139677377422   232.93388600880519 
   134.06139677377422   251.21960029451947 
   152.34711105948853   251.21960029451947 
   152.34711105948853   13.505314580233765 
   134.06139677377422   13.505314580233765 
   170.63282534520278    31.79102886594805 
   188.91853963091708    31.79102886594805 
   188.91853963091708   50.076743151662335 
   170.63282534520278   50.076743151662335 
   170.63282534520278   68.362457437376619 
   188.91853963091708   68.362457437376619 
   188.91853963091708   86.648171723090911 
   170.63282534520278   86.648171723090911 
   170.63282534520278   104.93388600880519 
   188.91853963091708   104.93388600880519 
   188.91853963091708   123.21960029451948 
   170.63282534520278   123.21960029451948 
   170.63282534520278   141.50531458023377 
   188.91853963091708   141.50531458023377 
   188.91853963091708   159.79102886594805 
   170.63282534520278   159.79102886594805 
   170.63282534520278   178.07674315166233 
   188.91853963091708   178.07674315166233 
   188.91853963091708   196.36245743737663 
   170.63282534520278   196.36245743737663 
   170.63282534520278   214.64817172309091 
   188.91853963091708   214.64817172309091 
   188.91853963091708   232.93388600880519 
   170.63282534520278   232.93388600880519 
   170.63282534520278   251.21960029451947 
   188.91853963091708   251.21960029451947 
   188.91853963091708   13.505314580233765 
   170.63282534520278   13.505314580233765 
   207.20425391663133    31.79102886594805 
   225.48996820234566    31.79102886594805 
   225.48996820234566   50.076743151662335 
   207.20425391663133   50.076743151662335 
   207.20425391663133   68.362457437376619 
   225.48996820234566   68.362457437376619 
   225.48996820234566   86.648171723090911 
   207.20425391663133   86.648171723090911 
   207.20425391663133   104.93388600880519 
   225.48996820234566   104.93388600880519 
   225.48996820234566   123.21960029451948 
   207.20425391663133   123.21960029451948 
   207.20425391663133   141.50531458023377 
   225.48996820234566   141.50531458023377 
   225.48996820234566   159.79102886594805 
   207.20425391663133   159.79102886594805 
   207.20425391663133   178.07674315166233 
   225.48996820234566   178.07674315166233 
   225.48996820234566   196.36245743737663 
   207.20425391663133   196.36245743737663 
   207.20425391663133   214.64817172309091 
   225.48996820234566   214.64817172309091 
   225.48996820234566   232.93388600880519 
   207.20425391663133   232.93388600880519 
   207.20425391663133   251.21960029451947 
   225.48996820234566   251.21960029451947 
   225.48996820234566   13.505314580233765 
   207.20425391663133   13.505314580233765 
   243.77568248805991    31.79102886594805 
   6.0613967737742316    31.79102886594805 
   6.0613967737742316   50.076743151662335 
   243.77568248805991   50.076743151662335 
   243.77568248805991   68.362457437376619 
   6.0613967737742316   68.362457437376619 
   6.0613967737742316   86.648171723090911 
   243.77568248805991   86.648171723090911 
   243.77568248805991   104.93388600880519 
   6.0613967737742316   104.93388600880519 
   6.0613967737742316   123.21960029451948 
   243.77568248805991   123.21960029451948 
   243.77568248805991   141.50531458023377 
   6.0613967737742316   141.50531458023377 
   6.0613967737742316   159.79102886594805 
   243.77568248805991   159.79102886594805 
   243.77568248805991   178.07674315166233 
   6.0613967737742316   178.07674315166233 
   6.0613967737742316   196.36245743737663 
   243.77568248805991   196.36245743737663 
   243.77568248805991   214.64817172309091 
   6.0613967737742316   214.64817172309091 
   6.0613967737742316   232.93388600880519 
   243.77568248805991   232.93388600880519 
   243.77568248805991   251.21960029451947 
   6.0613967737742316   251.21960029451947 
   6.0613967737742316   13.505314580233765 
   243.77568248805991   13.505314580233765 
