   28.452628103440563   10.527314804814127 
    46.11527178415497   15.260005915260219 
    41.38258067370888   32.922649595974605 
   23.719936992994473   28.189958485528518 
   18.987245882548379   45.852602166242903 
   36.649889563262782   50.585293276689001 
   31.917198452816695   68.247936957403397 
   14.254554772102288   63.515245846957299 
   9.5218636616561962   81.177889527671681 
   27.184507342370601   85.910580638117779 
   22.451816231924511   103.57322431883219 
   4.7891725512101049   98.840533208386077 
   17.719125121478417   121.23586799954658 
    12.98643401103231   138.89851168026098 
    8.253742900586218   156.56115536097536 
   3.5210517901401266   174.22379904168977 
   86.173250256029846    7.062744455438013 
   68.510606575315464   2.3300533449919212 
   63.777915464869366    19.99269702570631 
   81.440559145583748   24.725388136152404 
   76.707868035137651   42.388031816866793 
   59.045224354423276   37.655340706420702 
   54.312533243977178   55.317984387135091 
   71.975176924691567   60.050675497581182 
    67.24248581424547   77.713319178295592 
   49.579842133531081   72.980628067849494 
    44.84715102308499   90.643271748563876 
   62.509794703799379    95.37596285900996 
   57.777103593353289   113.03860653972437 
     40.1144599126389   108.30591542927827 
   35.381768802192809   125.96855910999268 
   53.044412482907198   130.70125022043877 
   48.311721372461093   148.36389390115315 
   30.649077691746701   143.63120279070705 
   25.916386581300607   161.29384647142146 
   43.579030262014996   166.02653758186756 
   38.846339151568905   183.68918126258197 
   21.183695470854516   178.95649015213587 
   16.451004360408426   196.61913383285025 
   34.113648041122815   201.35182494329632 
   29.380956930676721    219.0144686240107 
   11.718313249962332   214.28177751356461 
   121.49853761745864   16.528126676330196 
   103.83589393674424   11.795435565884105 
   99.103202826298158   29.458079246598494 
   116.76584650701253   34.190770357044585 
   112.03315539656644   51.853414037758974 
   94.370511715852047   47.120722927312883 
   89.637820605405977   64.783366608027279 
   107.30046428612035   69.516057718473377 
   102.56777317567425   87.178701399187773 
   84.905129494959866   82.446010288741675 
   80.172438384513768   100.10865396945607 
   97.835082065228164   104.84134507990215 
   93.102390954782067   122.50398876061655 
   75.439747274067685   117.77129765017045 
   70.707056163621573   135.43394133088486 
   88.369699844335983   140.16663244133096 
   83.637008733889886   157.82927612204534 
   65.974365053175489   153.09658501159925 
   61.241673942729399   170.75922869231366 
   78.904317623443788   175.49191980275972 
   74.171626512997705   193.15456348347413 
   56.508982832283294   188.42187237302804 
   51.776291721837204   206.08451605374245 
   69.438935402551593   210.81720716418855 
   64.706244292105509   228.47985084490293 
   47.043600611391113   223.74715973445683 
   143.89387240861913    3.598174106061899 
   161.55651608933351   8.3308652165079913 
   156.82382497888739    25.99350889722238 
   139.16118129817303    21.26081778677629 
   134.42849018772694   38.923461467490675 
   152.09113386844132   43.656152577936773 
   147.35844275799522   61.318796258651169 
   129.69579907728084   56.586105148205071 
   124.96310796683476    74.24874882891946 
   142.62575164754912   78.981439939365544 
   137.89306053710305   96.644083620079954 
   120.23041685638866   91.911392509633856 
   115.49772574594255   109.57403619034825 
   133.16036942665696   114.30672730079435 
   128.42767831621086   131.96937098150875 
   110.76503463549646   127.23667987106265 
   106.03234352505036   144.89932355177706 
   123.69498720576476   149.63201466222313 
   118.96229609531866   167.29465834293754 
   101.29965241460428   162.56196723249144 
   96.566961304158184   180.22461091320582 
   114.22960498487257   184.95730202365192 
   109.49691387442648   202.61994570436633 
   91.834270193712072   197.88725459392023 
   87.101579083265989   215.54989827463464 
   104.76422276398038   220.28258938508074 
    100.0315316535343   237.94523306579509 
   82.368887972819891   233.21254195534902 
    179.2191597700479   13.063556326954084 
   196.88180345076231   17.796247437400176 
   192.14911234031621   35.458891118114565 
    174.4864686596018   30.726200007668474 
    169.7537775491557   48.388843688382863 
   187.41642122987011   53.121534798828968 
   182.68373011942401   70.784178479543357 
   165.02108643870963   66.051487369097259 
   160.28839532826353   83.714131049811655 
   177.95103900897794   88.446822160257753 
   173.21834789853185   106.10946584097213 
   155.55570421781744   101.37677473052605 
   150.82301310737134   119.03941841124043 
   168.48565678808575   123.77210952168653 
   163.75296567763965   141.43475320240091 
   146.09032199692524   136.70206209195482 
   141.35763088647917   154.36470577266923 
   159.02027456719352   159.09739688311532 
   154.28758345674746   176.76004056382973 
   136.62493977603305   172.02734945338364 
   131.89224866558698   189.68999313409802 
   149.55489234630136   194.42268424454412 
   144.82220123585526    212.0853279252585 
   127.15955755514086   207.35263681481243 
   122.42686644469478   225.01528049552681 
   140.08951012540916   229.74797160597291 
   135.35681901496307   247.41061528668729 
   117.69417533424868   242.67792417624119 
   214.54444713147672   22.528938547846266 
   232.20709081219107   27.261629658292375 
     227.474399701745   44.924273339006767 
   209.81175602103062   40.191582228560669 
   205.07906491058449   57.854225909275058 
   222.74170859129887   62.586917019721156 
   218.00901748085278   80.249560700435538 
   200.34637380013839   75.516869589989454 
    195.6136826896923   93.179513270703836 
   213.27632637040668   97.912204381149934 
   208.54363525996058   115.57484806186432 
   190.88099157924623   110.84215695141823 
   186.14830046880013   128.50480063213263 
   203.81094414951451   133.23749174257873 
   199.07825303906841   150.90013542329311 
   181.41560935835403   146.16744431284701 
   176.68291824790793   163.83008799356142 
   194.34556192862232   168.56277910400752 
   189.61287081817622    186.2254227847219 
   171.95022713746184   181.49273167427583 
   167.21753602701577   199.15537535499018 
   184.88017970773012   203.88806646543628 
   180.14748859728405   221.55071014615069 
   162.48484491656967   216.81801903570459 
   157.75215380612357     234.480662716419 
   175.41479748683795    239.2133538268651 
   170.68210637639186   256.87599750757948 
   153.01946269567745   252.14330639713339 
   249.86973449290545   31.994320768738465 
   245.13704338245935   49.656964449452857 
   240.40435227201328   67.319608130167239 
    253.3343048422816   89.714942921327733 
   235.67166116156719   84.982251810881635 
   230.93897005112109   102.64489549159603 
    248.6016137318355   107.37758660204213 
    243.8689226213894   125.04023028275653 
   226.20627894067499   120.30753917231041 
   221.47358783022889    137.9701828530248 
    239.1362315109433   142.70287396347092 
   234.40354040049721   160.36551764418527 
   216.74089671978282   155.63282653373921 
   212.00820560933673   173.29547021445359 
   229.67084929005114   178.02816132489971 
   224.93815817960501    195.6908050056141 
   207.27551449889063     190.958113895168 
   202.54282338844453   208.62075757588238 
   220.20546706915891   213.35344868632848 
   215.47277595871282   231.01609236704289 
   197.81013227799843   226.28340125659679 
   193.07744116755237    243.9460449373112 
   210.74008484826672   248.67873604775727 
