   94.627378936194162   5.4082142126249693 
   69.648628695564426   12.101250167540416 
   85.484521793337024   21.244107310397556 
   76.341664650479899   37.080000408170143 
   60.505771552707287   27.937143265313004 
   51.362914409850134   43.773036363085609 
   67.198807507622746   52.915893505942748 
     58.0559503647656   68.751786603715331 
   42.220057266992995   59.608929460858192 
   33.077200124135864    75.44482255863079 
   48.913093221908468   84.587679701487929 
   39.770236079051308   100.42357279926053 
   23.934342981278707   91.280715656403402 
   14.791485838421581   107.11660875417596 
   30.627378936194184    116.2594658970331 
   21.484521793337027   132.09535899480571 
   5.6486286955644225   122.95250185194858 
   12.341664650479899   147.93125209257829 
   3.1988075076227402    163.7671451903509 
    135.4420222745965    7.858035400566652 
   126.29916513173936    23.69392849833924 
   110.46327203396676   14.551071355482113 
   101.32041489110961   30.386964453254702 
   117.15630798888222   39.529821596111844 
   108.01345084602508   55.365714693884435 
   92.177557748252482   46.222857551027289 
   83.034700605395329   62.058750648799887 
   98.870593703167927   71.201607791657025 
   89.727736560310788   87.037500889429609 
   73.891843462538205   77.894643746572484 
   64.748986319681052   93.730536844345067 
   80.584879417453649   102.87339398720221 
   71.442022274596496   118.70928708497482 
   55.606129176823899   109.56642994211769 
   46.463272033966774   125.40232303989025 
   62.299165131739372    134.5451801827474 
   53.156307988882219   150.38107328052001 
   37.320414891109614   141.23821613766287 
   28.177557748252486   157.07410923543543 
   44.013450846025087   166.21696637829257 
   34.870593703167934   182.05285947606521 
   19.034700605395329   172.91000233320804 
   9.8918434625382012   188.74589543098062 
   25.727736560310806   197.88875257383776 
   151.27791537236908   17.000892543423795 
   167.11380847014169   26.143749686280938 
   157.97095132728452   41.979642784053524 
   142.13505822951194   32.836785641196386 
    132.9922010866548   48.672678738968983 
   148.82809418442741   57.815535881826115 
   139.68523704157025    73.65142897959872 
   123.84934394379766   64.508571836741567 
   114.70648680094052   80.344464934514178 
   130.54237989871314   89.487322077371303 
   121.39952275585598    105.3232151751439 
   105.56362965808337   96.180358032286762 
   96.420772515226233   112.01625113005936 
   112.25666561299884    121.1591082729165 
   103.11380847014168    136.9950013706891 
   87.277915372369094   127.85214422783196 
   78.135058229511969   143.68803732560454 
   93.970951327284553   152.83089446846165 
     84.8280941844274   168.66678756623429 
   68.992201086654802   159.52393042337715 
   59.849343943797678   175.35982352114971 
   75.685237041570261   184.50268066400687 
   66.542379898713122   200.33857376177946 
   50.706486800940517   191.19571661892232 
   41.563629658083393   207.03160971669487 
   57.399522755855998   216.17446685955204 
   176.25666561299883   10.307856588508349 
   160.42077251522625   1.1649994456512065 
   182.94970156791427    35.28660682913808 
   198.78559466568686   44.429463971995226 
   189.64273752282975   60.265357069767809 
   173.80684442505714    51.12249992691067 
       164.6639872822   66.958393024683261 
   180.49988037997258     76.1012501675404 
   171.35702323711541   91.937143265312997 
   155.52113013934283   82.794286122455844 
   146.37827299648572   98.630179220228442 
    162.2141660942583   107.77303636308559 
   153.07130895140116   123.60892946085818 
   137.23541585362858   114.46607231800104 
   128.09255871077141   130.30196541577365 
   143.92845180854403   139.44482255863079 
   134.78559466568686   155.28071565640337 
   118.94970156791429   146.13785851354626 
   109.80684442505715   161.97375161131882 
   125.64273752282975   171.11660875417596 
   116.49988037997258   186.95250185194857 
       100.6639872822   177.80964470909143 
   91.521130139342873   193.64553780686398 
   107.35702323711546   202.78839494972112 
   98.214166094258303   218.62428804749376 
   82.378272996485705   209.48143090463662 
   73.235415853628581   225.31732400240921 
   89.071308951401193   234.46018114526632 
     207.928451808544   28.593570874222635 
   192.09255871077141   19.450713731365493 
   214.62148776345947    53.57232111485235 
   230.45738086123208   62.715178257709503 
   221.31452371837491   78.551071355482094 
   205.47863062060233   69.408214212624955 
   196.33577347774516   85.244107310397538 
   212.17166657551778   94.386964453254691 
   203.02880943266064   110.22285755102729 
   187.19291633488805   101.08000040817014 
   178.05005919203089   116.91589350594273 
    193.8859522898035   126.05875064879987 
   184.74309514694636   141.89464374657246 
   168.90720204917375   132.75178660371532 
   159.76434490631661   148.58767970148793 
   175.60023800408919   157.73053684434504 
   166.45738086123205   173.56642994211768 
   150.62148776345947   164.42357279926051 
   141.47863062060236    180.2594658970331 
   157.31452371837494   189.40232303989023 
   148.17166657551778   205.23821613766285 
   132.33577347774516   196.09535899480571 
   123.19291633488807   211.93125209257829 
   139.02880943266064   221.07410923543543 
    129.8859522898035   236.91000233320801 
    114.0500591920309    227.7671451903509 
   104.90720204917378   243.60303828812346 
   120.74309514694636   252.74589543098062 
   239.60023800408916    46.87928515993692 
   223.76434490631658   37.736428017079781 
   246.29327395900467   71.858035400566635 
   252.98630991392011   96.836785641196371 
    237.1504168161475   87.693928498339247 
   228.00755967329036   103.52982159611183 
   243.84345277106294   112.67267873896897 
    234.7005956282058   128.50857183674157 
   218.86470253043322   119.36571469388441 
   209.72184538757608   135.20160779165701 
   225.55773848534869   144.34446493451415 
   216.41488134249153   160.18035803228676 
   200.57898824471894   151.03750088942959 
    191.4361311018618   166.87339398720218 
   207.27202419963439   176.01625113005935 
   198.12916705677725   191.85214422783196 
   182.29327395900467   182.70928708497479 
   173.15041681614753   198.54518018274734 
   188.98630991392011   207.68803732560451 
   179.84345277106294   223.52393042337712 
   164.00755967329036   214.38107328052001 
   154.86470253043325   230.21696637829257 
   170.70059562820583   239.35982352114968 
   161.55773848534866   255.19571661892235 
   145.72184538757608   246.05285947606518 
    255.4361311018618   56.022142302794066 
   250.53648872597844   137.65142897959871 
   241.39363158312128   153.48732207737129 
   248.08666753803669   178.46607231800104 
   232.25077444026411    169.3232151751439 
   223.10791729740703   185.15910827291648 
   238.94381039517961   194.30196541577362 
   229.80095325232244   210.13785851354623 
   213.96506015454986    200.9950013706891 
   204.82220301169269   216.83089446846168 
   220.65809610946528   225.97375161131879 
   211.51523896660814   241.80964470909143 
   195.67934586883555   232.66678756623426 
   186.53648872597844   248.50268066400685 
