   105.69456616438404   11.643689175479642 
   79.834661023847445   11.643689175479642 
   92.764613594115744   24.573641745747938 
   79.834661023847445    37.50359431601624 
   66.904708453579147   24.573641745747938 
   53.974755883310841    37.50359431601624 
   66.904708453579147   50.433546886284532 
   53.974755883310841   63.363499456552823 
   41.044803313042543   50.433546886284532 
   28.114850742774262   63.363499456552816 
   41.044803313042564   76.293452026821114 
   28.114850742774262   89.223404597089413 
   15.184898172505966   76.293452026821114 
   2.2549456022376684   89.223404597089413 
   15.184898172505966   102.15335716735771 
   2.2549456022376684   115.08330973762601 
   157.41437644545721   11.643689175479626 
   131.55447130492064   11.643689175479626 
   144.48442387518892   24.573641745747924 
   131.55447130492064   37.503594316016219 
   118.62451873465233   24.573641745747938 
   105.69456616438406    37.50359431601624 
   118.62451873465233   50.433546886284518 
   105.69456616438404   63.363499456552816 
   92.764613594115744   50.433546886284532 
    79.83466102384746   63.363499456552823 
   92.764613594115744   76.293452026821114 
    79.83466102384746   89.223404597089413 
   66.904708453579161   76.293452026821114 
   53.974755883310877   89.223404597089413 
   66.904708453579161   102.15335716735771 
   53.974755883310863   115.08330973762601 
   41.044803313042578   102.15335716735771 
    28.11485074277428   115.08330973762601 
   41.044803313042564   128.01326230789431 
   28.114850742774262   140.94321487816259 
   15.184898172505982   128.01326230789431 
   2.2549456022376839   140.94321487816259 
   15.184898172505966   153.87316744843091 
   2.2549456022376839   166.80312001869919 
    183.2742815859938   11.643689175479626 
   196.20423415626212   24.573641745747924 
   183.27428158599383   37.503594316016219 
   170.34432901572552   24.573641745747924 
   157.41437644545724   37.503594316016219 
   170.34432901572552   50.433546886284518 
   157.41437644545724   63.363499456552823 
   144.48442387518892   50.433546886284518 
   131.55447130492064   63.363499456552823 
   144.48442387518892   76.293452026821114 
   131.55447130492064   89.223404597089427 
   118.62451873465236   76.293452026821114 
   105.69456616438406   89.223404597089427 
   118.62451873465236   102.15335716735771 
   105.69456616438406   115.08330973762602 
   92.764613594115758   102.15335716735771 
    79.83466102384746   115.08330973762601 
   92.764613594115772   128.01326230789431 
    79.83466102384746   140.94321487816259 
   66.904708453579161   128.01326230789431 
   53.974755883310877   140.94321487816259 
   66.904708453579175   153.87316744843091 
   53.974755883310877   166.80312001869922 
   41.044803313042578   153.87316744843091 
    28.11485074277428   166.80312001869922 
   41.044803313042578    179.7330725889675 
    28.11485074277428   192.66302515923579 
   15.184898172505982    179.7330725889675 
   209.13418672653043   37.503594316016219 
   222.06413929679871   50.433546886284518 
   209.13418672653043   63.363499456552816 
   196.20423415626212   50.433546886284518 
   183.27428158599383   63.363499456552816 
   196.20423415626212   76.293452026821114 
   183.27428158599383   89.223404597089413 
   170.34432901572552   76.293452026821114 
   157.41437644545724   89.223404597089413 
   170.34432901572552   102.15335716735771 
   157.41437644545724   115.08330973762601 
   144.48442387518892   102.15335716735771 
   131.55447130492064   115.08330973762601 
   144.48442387518892   128.01326230789431 
   131.55447130492064   140.94321487816259 
   118.62451873465236   128.01326230789431 
   105.69456616438407   140.94321487816259 
   118.62451873465237   153.87316744843091 
   105.69456616438407   166.80312001869919 
   92.764613594115772   153.87316744843091 
   79.834661023847474   166.80312001869919 
   92.764613594115772    179.7330725889675 
   79.834661023847474   192.66302515923579 
   66.904708453579175    179.7330725889675 
   53.974755883310877   192.66302515923579 
   66.904708453579175    205.5929777295041 
   53.974755883310877   218.52293029977241 
   41.044803313042578    205.5929777295041 
     234.994091867067   63.363499456552816 
   247.92404443733531   76.293452026821114 
   234.99409186706703   89.223404597089399 
   222.06413929679871   76.293452026821114 
   209.13418672653043   89.223404597089413 
   222.06413929679874   102.15335716735771 
   209.13418672653043   115.08330973762601 
   196.20423415626212   102.15335716735771 
   183.27428158599383   115.08330973762601 
   196.20423415626212   128.01326230789431 
   183.27428158599383   140.94321487816259 
   170.34432901572552   128.01326230789431 
   157.41437644545724   140.94321487816259 
   170.34432901572555   153.87316744843091 
   157.41437644545724   166.80312001869922 
   144.48442387518892   153.87316744843091 
   131.55447130492067   166.80312001869919 
   144.48442387518895    179.7330725889675 
   131.55447130492067   192.66302515923579 
   118.62451873465237    179.7330725889675 
   105.69456616438407   192.66302515923579 
   118.62451873465237    205.5929777295041 
   105.69456616438407   218.52293029977238 
   92.764613594115772    205.5929777295041 
   79.834661023847474   218.52293029977241 
   92.764613594115772   231.45288287004067 
   79.834661023847488   244.38283544030898 
   66.904708453579175    231.4528828700407 
   247.92404443733531   102.15335716735771 
     234.994091867067     115.083309737626 
   247.92404443733531   128.01326230789431 
     234.994091867067   140.94321487816259 
   222.06413929679871   128.01326230789431 
   209.13418672653043   140.94321487816259 
   222.06413929679874   153.87316744843091 
   209.13418672653043   166.80312001869919 
   196.20423415626212   153.87316744843091 
   183.27428158599383   166.80312001869919 
   196.20423415626212    179.7330725889675 
   183.27428158599383   192.66302515923579 
   170.34432901572555    179.7330725889675 
   157.41437644545724   192.66302515923579 
   170.34432901572555    205.5929777295041 
   157.41437644545724   218.52293029977238 
   144.48442387518895    205.5929777295041 
   131.55447130492067   218.52293029977238 
   144.48442387518895   231.45288287004067 
   131.55447130492067   244.38283544030898 
   118.62451873465237   231.45288287004067 
   105.69456616438407   244.38283544030898 
   247.92404443733531   153.87316744843091 
   234.99409186706703   166.80312001869919 
   247.92404443733531    179.7330725889675 
   234.99409186706703   192.66302515923579 
   222.06413929679874    179.7330725889675 
   209.13418672653043   192.66302515923579 
   222.06413929679874    205.5929777295041 
   209.13418672653043   218.52293029977241 
   196.20423415626215    205.5929777295041 
   183.27428158599386   218.52293029977238 
   196.20423415626215   231.45288287004067 
   183.27428158599386   244.38283544030898 
   170.34432901572555   231.45288287004067 
   157.41437644545726   244.38283544030898 
