   200.32451673516107   2.1735486506672386 
   184.48862363738849   11.316405793524382 
   159.50987339675876   4.6233698386089355 
    168.6527305396159   20.459262936381524 
   152.81683744184332   29.602120079238667 
   143.67398029898618    13.76622698146608 
   127.83808720121358   22.909084124323222 
   136.98094434407071   38.744977222095812 
   121.14505124629814   47.887834364952951 
   112.00219410344098   32.051941267180368 
   96.166301005668402   41.194798410037507 
   105.30915814852554   57.030691507810097 
   89.473265050752957   66.173548650667243 
   80.330407907895804   50.337655552894667 
   64.494514810123235   59.480512695751791 
   73.637371952980374   75.316405793524382 
   57.801478855207783   84.459262936381521 
   48.658621712350637   68.623369838608937 
   32.822728614578054    77.76622698146609 
   41.965585757435193   93.602120079238688 
   26.129692659662606   102.74497722209581 
   16.986835516805463   86.909084124323215 
   1.1509424190328579   96.051941267180382 
   10.293799561890001   111.88783436495297 
   209.46737387801824   18.009441748439826 
    218.6102310208754   33.845334846212417 
   202.77433792310279   42.988191989069556 
   193.63148078024565   27.152298891296969 
   177.79558768247307   36.295156034154111 
   186.93844482533021   52.131049131926702 
   171.10255172755762   61.273906274783847 
   161.95969458470046   45.438013177011257 
   146.12380148692787    54.58087031986841 
   155.26665862978501   70.416763417640993 
   139.43076553201243   79.559620560498146 
   130.28790838915526   63.723727462725556 
   114.45201529138269   72.866584605582702 
   123.59487243423983   88.702477703355285 
   107.75897933646725   97.845334846212424 
   98.616122193610096   82.009441748439841 
   82.780229095837527   91.152298891296979 
   91.923086238694651   106.98819198906958 
   76.087193140922068   116.13104913192672 
   66.944335998064929   100.29515603415413 
   51.108442900292339   109.43801317701127 
   60.251300043149477   125.27390627478385 
   44.415406945376887   134.41676341764099 
   35.272549802519748   118.58087031986841 
   19.436656704747143   127.72372746272556 
   28.579513847604304   143.55962056049813 
   12.743620749831699    152.7024777033553 
   3.6007636069745552   136.86658460558269 
   227.75308816373254      49.681227943985 
   236.89594530658968   65.517121041757605 
   221.06005220881707   74.659978184614729 
   211.91719506595993   58.824085086842146 
   196.08130196818735   67.966942229699299 
   205.22415911104446   83.802835327471897 
   189.38826601327187   92.945692470329035 
   180.24540887041476   77.109799372556438 
   164.40951577264215   86.252656515413591 
   173.55237291549929   102.08854961318617 
   157.71647981772671   111.23140675604333 
   148.57362267486957    95.39551365827073 
   132.73772957709699   104.53837080112787 
   141.88058671995412   120.37426389890047 
   126.04469362218153   129.51712104175763 
   116.90183647932439   113.68122794398502 
   101.06594338155182   122.82408508684216 
   110.20880052440896   138.65997818461474 
   94.372907426636345   147.80283532747191 
   85.230050283779221    131.9669422296993 
   69.394157186006623   141.10979937255644 
   78.537014328863762   156.94569247032902 
   62.701121231091179   166.08854961318619 
   53.558264088234033   150.25265651541361 
   37.722370990461442   159.39551365827074 
   46.865228133318588   175.23140675604333 
   31.029335035545998   184.37426389890047 
   21.886477892688855   168.53837080112788 
   246.03880244944679   81.353014139530188 
   255.18165959230396   97.188907237302786 
   239.34576649453138   106.33176438015992 
   230.20290935167421   90.495871282387341 
   214.36701625390162    99.63872842524448 
   223.50987339675879   115.47462152301706 
   207.67398029898621   124.61747866587423 
   198.53112315612904   108.78158556810162 
   182.69523005835646   117.92444271095877 
    191.8380872012136   133.76033580873138 
   176.00219410344101   142.90319295158852 
   166.85933696058387   127.06729985381592 
   151.02344386281126   136.21015699667308 
    160.1663010056684   152.04605009444563 
   144.33040790789582    161.1889072373028 
   135.18755076503868   145.35301413953022 
    119.3516576672661   154.49587128238733 
   128.49451481012323   170.33176438015994 
   112.65862171235065   179.47462152301708 
   103.51576456949351   163.63872842524449 
   87.679871471720929   172.78158556810163 
   96.822728614578054   188.61747866587422 
   80.986835516805456   197.76033580873138 
   71.843978373948332   181.92444271095877 
   56.008085276175727   191.06729985381594 
   65.150942419032873   206.90319295158852 
   49.315049321260283   216.04605009444566 
   40.172192178403144   200.21015699667308 
   248.48862363738854   122.16765747793251 
   232.65273053961593   131.31051462078966 
   241.79558768247307   147.14640771856224 
   225.95969458470049   156.28926486141941 
   216.81683744184335   140.45337176364683 
   200.98094434407074   149.59622890650394 
   210.12380148692787   165.43212200427655 
   194.28790838915526   174.57497914713369 
   185.14505124629815   158.73908604936111 
   169.30915814852557   167.88194319221822 
   178.45201529138268   183.71783628999086 
    162.6161221936101   192.86069343284797 
   153.47326505075299   177.02480033507538 
   137.63737195298037   186.16765747793252 
   146.78022909583754   202.00355057570513 
   130.94433599806493   211.14640771856227 
   121.80147885520779   195.31051462078966 
   105.96558575743521    204.4533717636468 
   115.10844290029235   220.28926486141938 
   99.272549802519762   229.43212200427655 
   90.129692659662624   213.59622890650397 
   74.293799561890026   222.73908604936111 
   83.436656704747165   238.57497914713372 
   67.600763606974567   247.71783628999086 
   58.457906464117428   231.88194319221824 
   250.93844482533021   162.98230081633483 
   244.24540887041476   187.96105105696458 
    235.1025517275576   172.12515795919199 
   219.26665862978501   181.26801510204916 
   228.40951577264218   197.10390819982175 
    212.5736226748696   206.24676534267886 
   203.43076553201243   190.41087224490627 
   187.59487243423985   199.55372938776341 
   196.73772957709701   215.38962248553599 
   180.90183647932443   224.53247962839316 
   171.75897933646726   208.69658653062055 
   155.92308623869468   217.83944367347772 
   165.06594338155182    233.6753367712503 
   149.23005028377924   242.81819391410744 
   140.08719314092207   226.98230081633486 
    124.2513000431495   236.12515795919197 
   133.39415718600662   251.96105105696455 
    108.4154069453769   245.26801510204913 
   92.579513847604318    254.4108722449063 
   253.38826601327193   203.79694415473716 
   237.55237291549935   212.93980129759433 
   118.69523005835643   7.0731910265506333 
   102.85933696058385   16.216048169407777 
   221.71647981772676    222.0826584404515 
   205.88058671995412   231.22551558330861 
   87.023443862811263    25.35890531226492 
   71.187550765038651   34.501762455122076 
   190.04469362218154   240.36837272616577 
   174.20880052440899   249.51122986902288 
   55.351657667266082   43.644619597979208 
   39.515764569493491   52.787476740836347 
    23.67987147172089     61.9303338836935 
   7.8439783739483033   71.073191026550631 
