   228.89875820455262   8.1996724693279432 
   211.23611452383821   12.932363579774034 
   193.57347084312383   17.665054690220128 
   175.91082716240945   22.397745800666218 
   171.17813605196335   4.7351021199518284 
   153.51549237124894   9.4677932303979198 
   158.24818348169504   27.130436911112309 
   140.58553980098065   31.863128021558417 
   135.85284869053456   14.200484340844028 
   118.19020500982016   18.933175451290118 
   122.92289612026626   36.595819132004507 
   105.26025243955186   41.328510242450598 
   100.52756132910578   23.665866561736213 
   82.864917648391383   28.398557672182303 
   87.597608758837481   46.061201352896695 
   69.934965078123085   50.793892463342786 
   65.202273967676987   33.131248782628397 
   47.539630286962591   37.863939893074487 
   52.272321397408682   55.526583573788876 
   34.609677716694293   60.259274684234967 
   29.876986606248202   42.596631003520578 
   12.214342925533813   47.329322113966668 
   16.947034035979904   64.991965794681079 
   233.63144931499872   25.862316150042332 
   238.36414042544482   43.524959830756735 
   220.70149674473041   48.257650941202826 
   215.96880563428431   30.595007260488423 
    198.3061619535699   35.327698370934513 
     203.038853064016   52.990342051648923 
   185.37620938330161   57.723033162095014 
   180.64351827285554   40.060389481380611 
   162.98087459214113   44.793080591826701 
   167.71356570258723   62.455724272541104 
   150.05092202187285   67.188415382987202 
   145.31823091142675   49.525771702272806 
   127.65558723071236   54.258462812718896 
   132.38827834115844   71.921106493433285 
   114.72563466044406   76.653797603879397 
   109.99294354999796   58.991153923164994 
   92.330299869283564   63.723845033611084 
   97.062990979729662   81.386488714325495 
   79.400347299015252   86.119179824771578 
   74.667656188569168   68.456536144057168 
   57.005012507854794   73.189227254503265 
   61.737703618300877   90.851870935217676 
   44.075059937586481   95.584562045663759 
   39.342368827140383   77.921918364949363 
   21.679725146425998   82.654609475395446 
   26.412416256872088   100.31725315610986 
   8.7497725761576994   105.04994426655595 
   4.0170814657116072   87.387300585841544 
   243.09683153589091   61.187603511471124 
   247.82952264633698    78.85024719218552 
    230.1668789656226   83.582938302631604 
    225.4341878551765   65.920294621917222 
   207.77154417446209   70.652985732363305 
   212.50423528490819   88.315629413077701 
   194.84159160419381   93.048320523523799 
   190.10890049374771   75.385676842809403 
    172.4462568130333     80.1183679532555 
    177.1789479234794   97.781011633969882 
   159.51630424276505   102.51370274441599 
   154.78361313231895   84.851059063701584 
   137.12096945160454   89.583750174147681 
   141.85366056205064   107.24639385486208 
   124.19101688133624   111.97908496530818 
   119.45832577089014   94.316441284593765 
   101.79568209017576   99.049132395039862 
   106.52837320062184   116.71177607575427 
   88.865729519907461   121.44446718620036 
   84.133038409461363   103.78182350548597 
   66.470394728746967   108.51451461593206 
   71.203085839193065   126.17715829664645 
   53.540442158478676   130.90984940709254 
   48.807751048032586   113.24720572637816 
   31.145107367318179   117.97989683682424 
   35.877798477764273   135.64254051753863 
   18.215154797049884   140.37523162798473 
    13.48246368660379   122.71258794727034 
   252.56221375678308   96.512890872899902 
   239.63226118651477   118.90822566406041 
   234.89957007606867     101.245581983346 
   217.23692639535429    105.9782730937921 
   221.96961750580036   123.64091677450649 
     204.306973825086   128.37360788495261 
   199.57428271463991   110.71096420423818 
    181.9116390339255   115.44365531468428 
   186.64433014437162    133.1062989953987 
   168.98168646365721    137.8389901058448 
   164.24899535321111   120.17634642513038 
    146.5863516724967   124.90903753557647 
    151.3190427829428   142.57168121629087 
   133.65639910222845     147.304372326737 
   128.92370799178232   129.64172864602256 
   111.26106431106794   134.37441975646865 
   115.99375542151402   152.03706343718306 
   98.331111740799642   156.76975454762916 
   93.598420630353544   139.10711086691475 
   75.935776949639163   143.83980197736085 
   80.668468060085246   161.50244565807526 
   63.005824379370864   166.23513676852136 
   58.273133268924767   148.57249308780695 
   40.610489588210378   153.30518419825304 
   45.343180698656468   170.96782787896746 
   27.680537017942083   175.70051898941352 
   22.947845907495974   158.03787530869914 
   249.09764340740696   154.23351302548917 
   244.36495229696087   136.57086934477482 
   226.70230861624646   141.30356045522089 
   231.43499972669258   158.96620413593527 
   213.77235604597817   163.69889524638137 
   209.03966493553207   146.03625156566699 
   191.37702125481772   150.76894267611308 
   196.10971236526382   168.43158635682747 
   178.44706868454941   173.16427746727356 
   173.71437757410331   155.50163378655918 
    156.0517338933889   160.23432489700528 
     160.784425003835   177.89696857771963 
   143.12178132312062   182.62965968816576 
   138.38909021267452   164.96701600745135 
   120.72644653196014   169.69970711789745 
   125.45913764240623   187.36235079861186 
   107.79649396169184   192.09504190905795 
   103.06380285124575   174.43239822834354 
   85.401159170531344   179.16508933878964 
   90.133850280977441   196.82773301950405 
   72.471206600263059   201.56042412995012 
   67.738515489816947   183.89778044923574 
   50.075871809102566   188.63047155968184 
   54.808562919548656   206.29311524039622 
   37.145919238834267   211.02580635084232 
    32.41322812838817   193.36316267012793 
   253.83033451785306   171.89615670620358 
   236.16769083713868   176.62884781664968 
   240.90038194758478   194.29149149736409 
   223.23773826687039   199.02418260781019 
    218.5050471564243   181.36153892709578 
   200.84240347570989   186.09423003754188 
   205.57509458615598   203.75687371825626 
   187.91245090544157   208.48956482870236 
    183.1797597949955   190.82692114798795 
   165.51711611428109   195.55961225843404 
   170.24980722472716   213.22225593914845 
   152.58716354401281   217.95494704959455 
   147.85447243356671   200.29230336888014 
   130.19182875285233   205.02499447932624 
    134.9245198632984   222.68763816004065 
   117.26187618258402   227.42032927048672 
   112.52918507213793   209.75768558977234 
   94.866541391423524   214.49037670021841 
   99.599232501869622   232.15302038093282 
    81.93658882115524   236.88571149137891 
   77.203897710709157    219.2230678106645 
   59.541254029994747    223.9557589211106 
   64.273945140440844   241.61840260182501 
   46.611301459726448   246.35109371227111 
   41.878610349280358    228.6884500315567 
   245.63307305803085   211.95413517807847 
   227.97042937731649   216.68682628852454 
   210.30778569660208   221.41951739897064 
   192.64514201588767   226.15220850941677 
   174.98249833517329   230.88489961986286 
   113.45751389937408   1.2705317705757455 
   95.794870218659682   6.0032228810218378 
   157.31985465445891   235.61759073030896 
    139.6572109737445   240.35028184075503 
     78.1322265379453    10.73591399146793 
   60.469582857230897    15.46860510191402 
   121.99456729303012   245.08297295120113 
   104.33192361231572   249.81566406164723 
   42.806939176516501   20.201296212360113 
   25.144295495802112   24.933987322806203 
   86.669279931601338   254.54835517209332 
   7.4816518150877211   29.666678433252297 
