   246.11679658605965   31.586300195133823 
   246.11679658605965   49.872014480848108 
   227.83108230034537   49.872014480848108 
   227.83108230034537   31.586300195133823 
   209.54536801463107   31.586300195133823 
   209.54536801463107   49.872014480848108 
   191.25965372891679   49.872014480848108 
   191.25965372891679   31.586300195133823 
   172.97393944320251   31.586300195133823 
   172.97393944320251   49.872014480848108 
    154.6882251574882   49.872014480848108 
    154.6882251574882   31.586300195133823 
   136.40251087177393   31.586300195133823 
   136.40251087177393   49.872014480848108 
   118.11679658605965   49.872014480848108 
   118.11679658605965   31.586300195133823 
   99.831082300345358   31.586300195133823 
   99.831082300345358   49.872014480848108 
    81.54536801463108   49.872014480848108 
    81.54536801463108   31.586300195133823 
   63.259653728916781   31.586300195133823 
   63.259653728916781   49.872014480848108 
   44.973939443202504   49.872014480848108 
   44.973939443202504   31.586300195133823 
   26.688225157488215   31.586300195133823 
   26.688225157488215   49.872014480848108 
   8.4025108717739307   49.872014480848108 
   8.4025108717739307   31.586300195133823 
   246.11679658605965   68.157728766562386 
   246.11679658605965   86.443443052276663 
   227.83108230034537   86.443443052276663 
   227.83108230034537   68.157728766562386 
   209.54536801463107   68.157728766562386 
   209.54536801463107   86.443443052276663 
   191.25965372891679   86.443443052276677 
   191.25965372891679     68.1577287665624 
   172.97393944320251     68.1577287665624 
   172.97393944320251   86.443443052276677 
    154.6882251574882   86.443443052276677 
    154.6882251574882     68.1577287665624 
   136.40251087177393     68.1577287665624 
   136.40251087177393   86.443443052276677 
   118.11679658605965   86.443443052276677 
   118.11679658605965     68.1577287665624 
   99.831082300345358     68.1577287665624 
   99.831082300345358   86.443443052276677 
    81.54536801463108   86.443443052276677 
    81.54536801463108     68.1577287665624 
   63.259653728916788     68.1577287665624 
   63.259653728916788   86.443443052276692 
   44.973939443202504   86.443443052276692 
   44.973939443202504     68.1577287665624 
   26.688225157488215     68.1577287665624 
   26.688225157488215   86.443443052276692 
   8.4025108717739307   86.443443052276692 
   8.4025108717739307     68.1577287665624 
   246.11679658605965   104.72915733799096 
   246.11679658605965   123.01487162370525 
   227.83108230034537   123.01487162370525 
   227.83108230034537   104.72915733799096 
   209.54536801463107   104.72915733799097 
   209.54536801463107   123.01487162370525 
   191.25965372891679   123.01487162370525 
   191.25965372891679   104.72915733799097 
   172.97393944320251   104.72915733799097 
   172.97393944320251   123.01487162370525 
    154.6882251574882   123.01487162370525 
    154.6882251574882   104.72915733799097 
   136.40251087177393   104.72915733799097 
   136.40251087177393   123.01487162370525 
   118.11679658605965   123.01487162370525 
   118.11679658605965   104.72915733799097 
   99.831082300345358   104.72915733799097 
   99.831082300345358   123.01487162370525 
    81.54536801463108   123.01487162370525 
    81.54536801463108   104.72915733799097 
   63.259653728916788   104.72915733799097 
   63.259653728916788   123.01487162370525 
   44.973939443202504   123.01487162370525 
   44.973939443202504   104.72915733799097 
   26.688225157488215   104.72915733799098 
   26.688225157488215   123.01487162370525 
   8.4025108717739307   123.01487162370528 
   8.4025108717739307   104.72915733799098 
   246.11679658605965   141.30058590941951 
   246.11679658605965   159.58630019513382 
   227.83108230034537   159.58630019513382 
   227.83108230034537   141.30058590941951 
   209.54536801463107   141.30058590941951 
   209.54536801463107   159.58630019513382 
   191.25965372891679   159.58630019513382 
   191.25965372891679   141.30058590941951 
   172.97393944320251   141.30058590941951 
   172.97393944320251   159.58630019513382 
    154.6882251574882   159.58630019513382 
    154.6882251574882   141.30058590941951 
   136.40251087177393   141.30058590941951 
   136.40251087177393   159.58630019513382 
   118.11679658605965   159.58630019513382 
   118.11679658605965   141.30058590941951 
   99.831082300345358   141.30058590941951 
   99.831082300345358   159.58630019513382 
    81.54536801463108   159.58630019513382 
    81.54536801463108   141.30058590941951 
   63.259653728916788   141.30058590941951 
   63.259653728916788   159.58630019513382 
   44.973939443202504   159.58630019513382 
   44.973939443202504   141.30058590941951 
   26.688225157488215   141.30058590941951 
   26.688225157488215   159.58630019513382 
   8.4025108717739307   159.58630019513382 
   8.4025108717739307   141.30058590941951 
   246.11679658605965   177.87201448084809 
   246.11679658605965   196.15772876656237 
   227.83108230034537   196.15772876656237 
   227.83108230034537   177.87201448084809 
   209.54536801463107   177.87201448084809 
   209.54536801463107   196.15772876656237 
   191.25965372891679   196.15772876656237 
   191.25965372891679   177.87201448084809 
   172.97393944320251   177.87201448084809 
   172.97393944320251   196.15772876656237 
    154.6882251574882   196.15772876656237 
    154.6882251574882   177.87201448084809 
   136.40251087177393   177.87201448084809 
   136.40251087177393   196.15772876656237 
   118.11679658605965   196.15772876656237 
   118.11679658605965   177.87201448084809 
   99.831082300345358   177.87201448084809 
   99.831082300345358   196.15772876656237 
    81.54536801463108   196.15772876656237 
    81.54536801463108   177.87201448084809 
   63.259653728916788   177.87201448084809 
   63.259653728916796   196.15772876656237 
   44.973939443202504   196.15772876656237 
   44.973939443202504   177.87201448084809 
   26.688225157488215   177.87201448084809 
   26.688225157488215   196.15772876656237 
   8.4025108717739307   196.15772876656237 
   8.4025108717739307   177.87201448084809 
   246.11679658605965   214.44344305227668 
   246.11679658605965   232.72915733799096 
   227.83108230034537   232.72915733799096 
   227.83108230034537   214.44344305227668 
   209.54536801463107   214.44344305227668 
   209.54536801463107   232.72915733799096 
   191.25965372891679   232.72915733799096 
   191.25965372891679   214.44344305227668 
   172.97393944320251   214.44344305227668 
   172.97393944320251   232.72915733799096 
    154.6882251574882   232.72915733799096 
    154.6882251574882   214.44344305227668 
   136.40251087177393   214.44344305227668 
   136.40251087177393   232.72915733799096 
   118.11679658605965   232.72915733799096 
   118.11679658605965   214.44344305227668 
   99.831082300345358   214.44344305227668 
   99.831082300345358   232.72915733799096 
    81.54536801463108   232.72915733799096 
    81.54536801463108   214.44344305227668 
   63.259653728916796   214.44344305227668 
   63.259653728916796   232.72915733799096 
   44.973939443202504   232.72915733799096 
   44.973939443202504   214.44344305227668 
   26.688225157488215   214.44344305227668 
   26.688225157488215   232.72915733799096 
   8.4025108717739307   232.72915733799096 
   8.4025108717739307   214.44344305227668 
   246.11679658605965   251.01487162370523 
   246.11679658605965   13.300585909419523 
   227.83108230034537   13.300585909419523 
   227.83108230034537   251.01487162370523 
   209.54536801463107   251.01487162370523 
   209.54536801463107   13.300585909419523 
   191.25965372891679   13.300585909419523 
   191.25965372891679   251.01487162370523 
   172.97393944320251   251.01487162370523 
   172.97393944320251   13.300585909419523 
    154.6882251574882   13.300585909419523 
    154.6882251574882   251.01487162370523 
   136.40251087177393   251.01487162370523 
   136.40251087177393   13.300585909419523 
   118.11679658605965   13.300585909419523 
   118.11679658605965   251.01487162370523 
   99.831082300345358   251.01487162370523 
   99.831082300345358   13.300585909419523 
    81.54536801463108   13.300585909419523 
    81.54536801463108   251.01487162370523 
   63.259653728916796   251.01487162370523 
   63.259653728916781   13.300585909419523 
   44.973939443202504   13.300585909419523 
   44.973939443202504   251.01487162370523 
   26.688225157488215   251.01487162370523 
   26.688225157488215   13.300585909419523 
   8.4025108717739307   13.300585909419523 
   8.4025108717739307   251.01487162370523 
