   58.458527934827046   50.828515417653179 
   44.236021268160378   70.941922751311878 
   72.680607934827037   91.055330084970564 
   51.347274601493716   91.055330084970564 
   37.125194601493703   50.828515417653179 
   65.569354601493714   70.941922751311878 
   58.458527934827046   111.16572055837223 
   44.236021268160378   131.27912789203091 
   72.680607934827037   151.39253522568961 
   51.347274601493716   151.39253522568961 
   37.125194601493703   111.16572055837223 
   65.569354601493714   131.27912789203091 
   58.458527934827046   171.50292569909129 
   44.236021268160378   191.61633303274999 
   72.680607934827037   211.72974036640869 
   51.347274601493716   211.72974036640869 
   37.125194601493703   171.50292569909129 
   65.569354601493714   191.61633303274999 
   58.458527934827046   231.84013083981034 
   44.236021268160378   10.604717610592841 
   72.680607934827037   30.718124944251549 
   51.347274601493716   30.718124944251549 
   37.125194601493703   231.84013083981034 
   65.569354601493714   10.604717610592841 
    101.1251946014937   50.828515417653179 
   86.902687934827028   70.941922751311878 
   115.34727460149371   91.055330084970564 
   94.013941268160366   91.055330084970564 
   79.791861268160375   50.828515417653179 
   108.23602126816037   70.941922751311878 
    101.1251946014937   111.16572055837223 
   86.902687934827028   131.27912789203091 
   115.34727460149371   151.39253522568961 
   94.013941268160366   151.39253522568961 
   79.791861268160375   111.16572055837223 
   108.23602126816037   131.27912789203091 
    101.1251946014937   171.50292569909129 
   86.902687934827028   191.61633303274999 
   115.34727460149371   211.72974036640869 
   94.013941268160366   211.72974036640869 
   79.791861268160375   171.50292569909129 
   108.23602126816037   191.61633303274999 
    101.1251946014937   231.84013083981034 
   86.902687934827028   10.604717610592841 
   115.34727460149371   30.718124944251549 
   94.013941268160366   30.718124944251549 
   79.791861268160375   231.84013083981034 
   108.23602126816037   10.604717610592841 
   143.79186126816037   50.828515417653179 
    129.5693546014937   70.941922751311878 
   158.01394126816038   91.055330084970564 
   136.68060793482704   91.055330084970564 
   122.45852793482705   50.828515417653179 
   150.90268793482704   70.941922751311878 
   143.79186126816037   111.16572055837223 
    129.5693546014937   131.27912789203091 
   158.01394126816038   151.39253522568961 
   136.68060793482704   151.39253522568961 
   122.45852793482705   111.16572055837223 
   150.90268793482704   131.27912789203091 
   143.79186126816037   171.50292569909129 
    129.5693546014937   191.61633303274999 
   158.01394126816038   211.72974036640869 
   136.68060793482704   211.72974036640869 
   122.45852793482705   171.50292569909129 
   150.90268793482704   191.61633303274999 
   143.79186126816037   231.84013083981034 
    129.5693546014937   10.604717610592841 
   158.01394126816038   30.718124944251549 
   136.68060793482704   30.718124944251549 
   122.45852793482705   231.84013083981034 
   150.90268793482704   10.604717610592841 
   186.45852793482706   50.828515417653179 
   172.23602126816039   70.941922751311878 
   200.68060793482704   91.055330084970564 
   179.34727460149372   91.055330084970564 
   165.12519460149372   50.828515417653179 
   193.56935460149373   70.941922751311878 
   186.45852793482706   111.16572055837223 
   172.23602126816039   131.27912789203091 
   200.68060793482704   151.39253522568961 
   179.34727460149372   151.39253522568961 
   165.12519460149372   111.16572055837223 
   193.56935460149373   131.27912789203091 
   186.45852793482706   171.50292569909129 
   172.23602126816039   191.61633303274999 
   200.68060793482704   211.72974036640869 
   179.34727460149372   211.72974036640869 
   165.12519460149372   171.50292569909129 
   193.56935460149373   191.61633303274999 
   186.45852793482706   231.84013083981034 
   172.23602126816039   10.604717610592841 
   200.68060793482704   30.718124944251549 
   179.34727460149372   30.718124944251549 
   165.12519460149372   231.84013083981034 
   193.56935460149373   10.604717610592841 
   229.12519460149369   50.828515417653179 
   214.90268793482704   70.941922751311878 
   243.34727460149369   91.055330084970564 
   222.01394126816038   91.055330084970564 
   207.79186126816037   50.828515417653179 
   236.23602126816036   70.941922751311878 
   229.12519460149369   111.16572055837223 
   214.90268793482704   131.27912789203091 
   243.34727460149369   151.39253522568961 
   222.01394126816038   151.39253522568961 
   207.79186126816037   111.16572055837223 
   236.23602126816036   131.27912789203091 
   229.12519460149369   171.50292569909129 
   214.90268793482704   191.61633303274999 
   243.34727460149369   211.72974036640869 
   222.01394126816038   211.72974036640869 
   207.79186126816037   171.50292569909129 
   236.23602126816036   191.61633303274999 
   229.12519460149369   231.84013083981034 
   214.90268793482704   10.604717610592841 
   243.34727460149369   30.718124944251549 
   222.01394126816038   30.718124944251549 
   207.79186126816037   231.84013083981034 
   236.23602126816036   10.604717610592841 
   15.791861268160392   50.828515417653179 
   1.5693546014936901   70.941922751311878 
   30.013941268160341   91.055330084970564 
   8.6806079348270266   91.055330084970564 
   250.45852793482703   50.828515417653179 
   22.902687934827064   70.941922751311878 
   15.791861268160392   111.16572055837223 
   1.5693546014936901   131.27912789203091 
   30.013941268160341   151.39253522568961 
   8.6806079348270266   151.39253522568961 
   250.45852793482703   111.16572055837223 
   22.902687934827064   131.27912789203091 
   15.791861268160392   171.50292569909129 
   1.5693546014936901   191.61633303274999 
   30.013941268160341   211.72974036640869 
   8.6806079348270266   211.72974036640869 
   250.45852793482703   171.50292569909129 
   22.902687934827064   191.61633303274999 
   15.791861268160392   231.84013083981034 
   1.5693546014936901   10.604717610592841 
   30.013941268160341   30.718124944251549 
   8.6806079348270266   30.718124944251549 
   250.45852793482703   231.84013083981034 
   22.902687934827064   10.604717610592841 
