   80.592309801875203   29.638263309013141 
   58.218554056218984   39.945731683292472 
    72.79558504287111   71.586746724238481 
   54.320376428803065   60.920080057571802 
   62.117101187807187   18.971596642346483 
   76.693762670287029   50.612398349959143 
   50.423707231515678   81.891815754228872 
   28.049951485859456   92.199284128508211 
   42.626982472511592    123.8402991694542 
   24.151773858443544   113.17363250278754 
   31.948498617447665   71.225149087562201 
    46.52516009992749   102.86595079517488 
   20.255104661156157   134.14536819944459 
    12.45837990215205   176.09385161466994 
   1.7798960470881409   123.47870153277793 
   16.356557529567961    155.1195032403906 
   102.96418761323062   19.333194279022774 
   84.488978999162583   8.6665276123561021 
   117.54272703001126   50.971596642346483 
   95.168971284355038     61.2790650166258 
   109.74600227100716   92.920080057571809 
   91.270793656939134   82.253413390905138 
    99.06751841594324   40.304929975679812 
   113.64417989842308   71.945731683292479 
   87.374124459651739    103.2251490875622 
   65.000368713995513   113.53261746184154 
   79.577399700647632   145.17363250278751 
   61.102191086579602   134.50696583612086 
   68.898915845583716   92.558482420895544 
   83.475577328063537   124.19928412850821 
   57.205521889292214   155.47870153277793 
   34.831766143635996   165.78616990705729 
   49.408797130288093   197.42718494800329 
   30.933588516220066   186.76051828133663 
   38.730313275224198   144.81203486611125 
   53.306974757704019   176.45283657372394 
   27.036919318932693   207.73225397799368 
   125.33757385471455    9.025512571410097 
   139.91460484136667   40.666527612356106 
   121.43939622729864   29.999860945689431 
   8.5617107048646766   197.06558731132699 
   143.81278246878259   19.692179238076768 
   154.49314425814731   72.304929975679812 
    132.1193885124911   82.612398349959122 
   146.69641949914319   114.25341339090512 
   128.22121088507518   103.58674672423847 
   136.01793564407927   61.638263309013141 
   150.59459712655911   93.279065016625793 
   124.32454168778779   124.55848242089553 
   101.95078594213155   134.86595079517488 
   116.52781692878368   166.50696583612086 
   98.052608314715656    155.8402991694542 
   105.84933307371976   113.89181575422887 
    120.4259945561996   145.53261746184154 
   94.155939117428261   176.81203486611125 
   71.782183371772021    187.1195032403906 
    86.35921435842414   218.76051828133657 
   67.884005744356131   208.09385161466994 
   75.680730503360252   166.14536819944459 
   90.257391985840073   197.78616990705726 
   63.987336547068736   229.06558731132696 
    162.2879910828506   30.358845904743426 
   176.86502206950269    61.99986094568942 
   158.38981345543468   51.333194279022763 
    45.51212793300072   218.39892064466031 
   180.76319969691863   41.025512571410083 
   191.44356148628336   93.638263309013126 
   169.06980574062715   103.94573168329246 
   183.64683672727924   135.58674672423845 
   165.17162811321123   124.92008005757179 
   172.96835287221532   82.971596642346469 
   187.54501435469518   114.61239834995912 
   161.27495891592383   145.89181575422887 
   138.90120317026762    156.1992841285082 
   153.47823415691971   187.84029916945417 
    135.0030255428517   177.17363250278754 
   142.79975030185579   135.22514908756219 
   157.37641178433563   166.86595079517485 
   131.10635634556431   198.14536819944459 
   108.73260059990808   208.45283657372394 
   123.30963158656019   240.09385161466992 
   104.83442297249218   229.42718494800326 
   112.63114773149627    187.4787015327779 
   127.20780921397612    219.1195032403906 
    100.9377537752048   250.39892064466031 
   199.23840831098664   51.692179238076754 
   213.81543929763873   83.333194279022749 
   195.34023068357072   72.666527612356106 
   82.462545161136745   239.73225397799362 
   217.71361692505468   62.358845904743426 
    228.3939787144194   114.97159664234644 
   206.02022296876316   125.27906501662578 
   220.59725395541528   156.92008005757177 
   202.12204534134727   146.25341339090511 
    209.9187701003514    104.3049299756798 
   224.49543158283117   135.94573168329245 
   198.22537614405988   167.22514908756216 
   175.85162039840364   177.53261746184154 
   190.42865138505576   209.17363250278748 
   171.95344277098775   198.50696583612083 
   179.75016752999187    156.5584824208955 
   194.32682901247165   188.19928412850817 
   168.05677357370035    219.4787015327779 
   145.68301782804414   229.78616990705726 
   141.78484020062822    250.7605182813366 
   149.58156495963235   208.81203486611125 
   164.15822644211212   240.45283657372391 
   236.18882553912269   73.025512571410061 
   250.76585652577481   104.66652761235608 
    232.2906479117068    93.99986094568942 
    254.6640341531907   83.692179238076733 
   242.97064019689921   146.61239834995914 
   35.845167814735007   50.253413390905116 
   239.07246256948329   167.58674672423845 
   246.86918732848741   125.63826330901311 
    39.74334544215094   29.279065016625797 
    235.1757933721959    188.5584824208955 
   212.80203762653969   198.86595079517488 
   5.6765652443754844   102.50696583612084 
   208.90385999912377   219.84029916945417 
   216.70058475812789   177.89181575422882 
   9.5747428717914111   81.532617461841539 
   205.00719080183637   240.81203486611125 
   182.63343505618016    251.1195032403906 
   186.53198218776836   230.14536819944456 
