   79.261826318200278   17.611412884129667 
   60.318206934442919   33.358416887951648 
   82.587834934038355   60.148477245607076 
   61.981417306538226   54.627004283419971 
    58.65540869070017   12.089939921942563 
   80.924624561943048   38.879889850138753 
   63.645408499524464   75.892677615651735 
    44.70178911576712    91.63968161947372 
   66.971417115362541   118.42974197712914 
   46.364999487862427   112.90826901494204 
    43.03899087202435    70.37120465346463 
   65.308206743267235   97.161154581660824 
   48.028990680848658   134.17394234717381 
   29.085371297091303   149.92094635099579 
   51.354999296686735   176.71100670865124 
   30.748581669186606   171.18953374646412 
    27.42257305334855   128.65246938498672 
   49.691788924591428   155.44241931318288 
   32.412572862172851   192.45520707869585 
   13.468953478415488   208.20221108251783 
   98.204252752714154    1.867212514085026 
   11.806155234672747   186.93373411650873 
   34.075371105915607   213.72368404470495 
   120.47466157320054   28.654358808503879 
   101.53104218944317   44.401362812325864 
    123.8006701890386   71.191423169981306 
   103.19425256153848   65.669950207794201 
   99.868243945700399   23.132885846316771 
   122.13745981694329   49.922835774512968 
   104.85824375452472   86.935623540025944 
   85.914624370767356   102.68262754384793 
   108.18425237036278   129.47268790150338 
   87.577834742862677   123.95121493931626 
   84.251826127024586   81.414150577838839 
   106.52104199826749   108.20410050603503 
   89.241825935848922   145.21688827154804 
   70.298206552091543      160.96389227537 
   92.567834551686985   187.75395263302545 
    71.96141692418685   182.23247967083833 
   68.635408308348786   139.69541530936092 
   90.904624179591679   166.48536523755709 
   73.625408117173123   203.49815300307009 
   54.681788733415736   219.24515700689207 
   139.41708800771443   12.910158438459252 
   118.81067038021428   7.3886854762721459 
    53.01899048967298   197.97668004088297 
   75.288206360915879   224.76662996907919 
   161.68749682820078   39.697304732878102 
    142.7438774444434   55.444308736700073 
   165.01350544403883   82.234369094355529 
   144.40708781653873    76.71289613216841 
   141.08107920070066   34.175831770690998 
   163.35029507194352   60.965781698887191 
   146.07107900952496   97.978569464400167 
   127.12745962576759   113.72557346822215 
   149.39708762536304   140.51563382587759 
   128.79066999786289   134.99416086369047 
   125.46466138202484   92.457096502213062 
   147.73387725326774   119.24704643040926 
   130.45466119084915   156.25983419592225 
   111.51104180709179   172.00683819974421 
   133.78066980668723   198.79689855739969 
   113.17425217918709   193.27542559521257 
   109.84824356334903   150.73836123373513 
   132.11745943459192   177.52831116193133 
   114.83824337217335    214.5410989274443 
   95.894623988415972   230.28810293126628 
   180.62992326271467   23.953104362833461 
   160.02350563521452   18.431631400646356 
    94.23182574467323   209.01962596525718 
   116.50104161591611   235.80957589345337 
   202.90033208320102   50.740250657252325 
   183.95671269944367   66.487254661074303 
    206.2263406990391   93.277315018729738 
   185.61992307153898   87.755842056542633 
    182.2939144557009   45.218777695065207 
   204.56313032694379   72.008727623261422 
   187.28391426452524   109.02151538877439 
   168.34029488076786   124.76851939259636 
   190.60992288036329   151.55857975025179 
   170.00350525286316    146.0371067880647 
   166.67749663702511   103.50004242658727 
   188.94671250826801   130.28999235478349 
   171.66749644584942   167.30278012029649 
   152.72387706209204   183.04978412411842 
   174.99350506168747   209.83984448177387 
   154.38708743418738   204.31837151958678 
   151.06107881834927   161.78130715810937 
   173.33029468959217   188.57125708630554 
   156.05107862717361   225.58404485181853 
   137.10745924341623   241.33104885564049 
   221.84275851771488   34.996050287207687 
   201.23634089021479   29.474577325020583 
   135.44466099967349   220.06257188963141 
   157.71387687091638   246.85252181782761 
   244.11316733820124   61.783196581626527 
   225.16954795444391   77.530200585448512 
   247.43917595403934   104.32026094310395 
   226.83275832653922   98.798787980916842 
   223.50674971070117   56.261723619439415 
   245.77596558194401    83.05167354763563 
   228.49674951952545    120.0644613131486 
   209.55313013576807   135.81146531697058 
   231.82275813536353     162.601525674626 
   211.21634050786341   157.08005271243891 
   207.89033189202533   114.54298835096149 
   230.15954776326822    141.3329382791577 
   212.88033170084964   178.34572604467067 
   193.93671231709229   194.09273004849263 
   216.20634031668772    220.8827904061481 
   195.59992268918759   215.36131744396098 
   192.27391407334952   172.82425308248358 
   214.54312994459238   199.61420301067974 
   197.26391388217382   236.62699077619271 
   178.32029449841647   252.37399478001473 
   242.44917614521503   40.517523249394792 
   176.65749625467373   231.10551781400562 
   38.048991063200027   6.5684669597554413 
   41.374999679038105   49.105531321232867 
   20.768582051537965   43.584058359045763 
   39.711789306942798    27.83694392576453 
   22.432573244524214   64.849731691277512 
   250.76596539076837   146.85441124134479 
   25.758581860362302   107.38679605275493 
   5.1521642328621615   101.86532309056783 
   249.10316714702554    125.5859342753357 
   24.095371488266995   86.118208657286615 
   6.8161554258484101   123.13099642279958 
   235.14954757209253   205.13567597286689 
   10.142164041686483   165.66806078427703 
   233.48674932834979   183.86719900685779 
   8.4789536695911796   144.39947338880867 
   217.87033150967395   242.14846373837983 
