    128.0384753177685   21.551129988996234 
   103.75931768990031   25.716625797922671 
   109.65035109155146    60.05231263636842 
    94.56540642623844   44.967367971055417 
   112.95353065245548    6.466185323683229 
   118.84426235521332   40.801570463235691 
   85.373628404922215    64.21597690184251 
   61.094470777054063   68.381472710768932 
   66.985504178705199    102.7171595492147 
   51.900559513392196   87.632214883901682 
   70.288683739609212   49.131032236529506 
   76.179415442367073   83.466417376081949 
   42.708781492075985   106.88082381468875 
   18.429623864207816    111.0463196236152 
   24.320657265858951   145.38200646206096 
   9.2357126005459325   130.29706179674795 
   27.623836826762982   91.795879149375736 
   33.514568529520815   126.13126428892821 
    152.3151980043977   17.387465723522169 
   137.23025333908467   2.3025210582091651 
   158.20836464839454   51.721019319622272 
   133.92920702052635   55.886515128548695 
   139.82024042217751   90.222201966994433 
   124.73529575686449    75.13725730168143 
    143.1234199830815   36.636074654309255 
   149.01415168583935   70.971459793861712 
   115.54351773554826    94.38586623246853 
   91.264360107680076   98.551362041394952 
   97.155393509331219   132.88704887984071 
   82.070448844018216    117.8021042145277 
   100.45857307023526   79.300921567155513 
   106.34930477299311   113.63630670670796 
    72.87867082270202   137.05071314531477 
    48.59951319483384   141.21620895424121 
   54.490546596484975   175.55189579268696 
   39.405601931171972   160.46695112737396 
    57.79372615738901   121.96576848000178 
    63.68445786014685   156.30115361955421 
   30.213823909855776   179.71556005816103 
   176.59405393337261   13.221668215702444 
   182.48508733502374   47.557355054148189 
    167.4001426697107   32.472410388835186 
   15.128879244542757   164.63061539284803 
   191.67899859868561    28.30661288101545 
   188.37825397902057   81.890908650248278 
   164.09909635115238   86.056404459174715 
   169.99012975280354   120.39209129762048 
   154.90518508749048   105.30714663230746 
   173.29330931370754   66.805963984935275 
   179.18404101646539   101.14134912448773 
   145.71340706617428   124.55575556309455 
   121.43424943830611   128.72125137202096 
   127.32528283995725   163.05693821046674 
   112.24033817464424   147.97199354515371 
   130.62846240086128   109.47081089778153 
   136.51919410361913   143.80619603733399 
   103.04856015332805   167.22060247594081 
   78.769402525459839   171.38609828486724 
    84.66043592711101     205.721785123313 
   69.575491261797993   190.63684045799999 
   87.963615488015037   152.13565781062778 
    93.85434719077287   186.47104295018025 
   60.383713240481796   209.88544938878704 
   206.76394326399861    43.39155754632845 
   212.65497666564974    77.72724438477421 
   197.57003200033671   62.642299719461199 
   45.298768575168779   194.80050472347406 
   221.84888792931162   58.476502211641474 
    218.5481433096466   112.06079798087431 
   194.26898568177842   116.22629378980075 
   200.16001908342955   150.56198062824649 
   185.07507441811654   135.47703596293348 
   203.46319864433357   96.975853315561295 
   209.35393034709142   131.31123845511377 
   175.88329639680035   154.72564489372058 
   151.60413876893216   158.89114070264702 
   157.49517217058329   193.22682754109275 
   142.41022750527029   178.14188287577977 
   160.79835173148732   139.64070022840755 
   166.68908343424516   173.97608536796002 
   133.21844948395409   197.39049180656684 
    108.9392918560859   201.55598761549328 
   114.83032525773703     235.891674453939 
   99.745380592424027   220.80672978862603 
   118.13350481864107   182.30554714125381 
   124.02423652139892   216.64093228080631 
   90.553602571107831   240.05533871941307 
   236.93383259462465   73.561446876954491 
   242.82486599627578   107.89713371540024 
    227.7399213309628   92.812189050087227 
   75.468657905794814   224.97039405410007 
   252.01877725993768   88.646391542267509 
   248.71803264027258   142.23068731150033 
   224.43887501240442   146.39618312042677 
   230.32990841405555   180.73186995887252 
   215.24496374874258   165.64692529355949 
   233.63308797495961   127.14574264618732 
    239.5238196777174   161.48112778573977 
   206.05318572742632   184.89553422434659 
   181.77402809955819   189.06103003327303 
   187.66506150120929   223.39671687171878 
   172.58011683589629   208.31177220640581 
   190.96824106211332   169.81058955903359 
   196.85897276487117     204.145974698586 
   163.38833881458007   227.56038113719285 
   139.10918118671191   231.72587694611926 
   129.91526992305006   250.97661911925204 
   148.30339414926709   212.47543647187985 
   154.19412585202494   246.81082161143229 
   105.63854723642083    255.1402833847261 
   254.60876434303043   176.56607245105278 
   79.480461760925422   29.882423305742396 
   64.395517095612405   14.797478640429375 
   88.674373024587283   10.631681132609652 
   55.203739074296202   34.046087571216489 
    211.9439174301842   219.23091936389903 
   36.815614848079179   72.547270218588665 
   21.730670182766158   57.462325553275654 
   221.13813039273933   199.98047888965959 
   46.009526111741032   53.296528045455915 
   12.538892161449965   76.710934484062719 
    178.4732834798931   242.64532580250588 
   3.3446791988947808   95.961374958302173 
