   167.52824606457986   33.483391049997074 
   142.99827102363389   31.223042637999548 
   139.80184264935457   65.913480958310359 
   129.13517598268788   47.438272344242343 
    156.8615793979132   15.008182435929045 
   153.66493769030058   49.698251252067578 
   115.27469361936416   63.651993620356606 
   90.744718578418158   61.391645208359073 
   87.548290204138837   96.082083528669898 
   76.881623537472166    77.60687491460186 
    104.6080269526975   45.176785006288583 
   101.41138524508483   79.866853822427117 
    63.02114117414844   93.820596190716145 
   38.491166133202455    91.56024777871859 
   35.294737758923127   126.25068609902944 
   24.628071092256455   107.77547748496141 
   52.354474507481768   75.345387576648108 
   49.157832799869126   110.03545639278664 
    10.76758872893274   123.98919876107566 
   192.05539509457029   35.744878387950834 
    181.3887284279036   17.269669773882804 
    188.8615793979132   70.433808278133142 
    164.3316043569672   68.173459866135602 
   161.13517598268791   102.86389818644641 
   150.46850931602123   84.388689572378382 
   178.19491273124655   51.958599664065105 
   174.99827102363389   86.648668480203625 
   136.60802695269749   100.60241084849267 
    112.0780519117515   98.342062436495127 
   108.88162353747218   133.03250075680594 
   98.214956870805509   114.55729214273792 
   125.94136028603083   82.127202234424644 
   122.74471857841817   116.81727105056316 
   84.354474507481783   130.77101341885219 
   59.824499466535798   128.51066500685465 
   56.628071092256455   163.20110332716547 
   45.961404425589798   144.72589471309746 
   73.687807840815111   112.29580480478417 
   70.491166133202469   146.98587362092269 
   32.100922062266079   160.93961598921172 
   7.5709470213200802   158.67926757721418 
   213.38872842790363   72.695295616086881 
   202.72206176123694   54.220087002018865 
   21.434255395599425   142.46440737514371 
   18.237613687986752   177.15447619128221 
   210.19491273124655   107.38422550626915 
   185.66493769030055   105.12387709427162 
   182.46850931602123   139.81431541458247 
   171.80184264935454   121.33910680051441 
   199.52824606457986   88.909016892201151 
   196.33160435696723   123.59908570833966 
   157.94136028603083   137.55282807662869 
   133.41138524508483   135.29247966463117 
   130.21495687080551   169.98291798494199 
   119.54829020413884   151.50770937087395 
   147.27469361936414   119.07761946256068 
   144.07805191175152   153.76768827869918 
   105.68780784081511   167.72143064698821 
   81.157832799869126    165.4610822349907 
   77.961404425589777   200.15152055530152 
   67.294737758923119   181.67631194123348 
    95.02114117414844    149.2462220329202 
   91.824499466535798   183.93629084905871 
   53.434255395599415   197.89003321734774 
   28.904280354653409   195.62968480535022 
   234.72206176123694   109.64571284422291 
   224.05539509457026    91.17050423015489 
   42.767588728932758   179.41482460327973 
    39.57094702132008   214.10489341941823 
   231.52824606457989   144.33464273440524 
   206.99827102363389    142.0742943224077 
   203.80184264935457   176.76473264271849 
   193.13517598268788   158.28952402865048 
    220.8615793979132   125.85943412033718 
   217.66493769030058    160.5495029364757 
   179.27469361936417   174.50324530476476 
   154.74471857841817   172.24289689276722 
   151.54829020413885   206.93333521307801 
   140.88162353747217      188.45812659901 
   168.60802695269751   156.02803669069669 
   165.41138524508486   190.71810550683526 
   127.02114117414845   204.67184787512429 
   102.49116613320247   202.41149946312675 
   99.294737758923148   237.10193778343756 
   88.628071092256477   218.62672916936953 
   116.35447450748178   186.19663926105625 
   113.15783279986914   220.88670807719478 
   74.767588728932765   234.84045044548381 
   50.237613687986752   232.58010203348627 
   256.05539509457026   146.59613007235896 
    245.3887284279036   128.12092145829095 
   64.100922062266079   216.36524183141574 
   60.904280354653423   251.05531064755431 
   252.86157939791323   181.28505996254123 
   228.33160435696723   179.02471155054377 
   225.13517598268791   213.71514987085453 
   214.46850931602125   195.23994125678655 
   242.19491273124655   162.80985134847325 
   238.99827102363392   197.49992016461175 
   200.60802695269751   211.45366253290075 
   176.07805191175152    209.1933141209033 
   172.88162353747219   243.88375244121406 
   162.21495687080554    225.4085438271461 
   189.94136028603086    192.9784539188328 
   186.74471857841817   227.66852273497128 
   148.35447450748177   241.62226510326028 
   123.82449946653581   239.36191669126282 
   109.96140442558982   255.57714639750563 
   137.68780784081514   223.14705648919232 
   85.434255395599436   253.31565905955185 
   118.46850931602121   28.963063730174312 
   107.80184264935454   10.487855116106283 
    132.3316043569672   12.747834023931516 
     93.9413602860308   26.701576392220542 
   69.411385245084816   24.441227980223012 
   66.214956870805494   59.131666300533837 
    55.54829020413883   40.656457686465806 
   83.274693619364129   8.2263677781525111 
   80.078051911751487   42.916436594291042 
   41.687807840815083   56.870178962580063 
   17.157832799869109   54.609830550582537 
   13.961404425589784   89.300268870893362 
   3.2947377589230973   70.825060256825353 
   31.021141174148411   38.394970348512032 
    27.82449946653578   73.085039164650581 
