   164.47307765459436   28.757658880429062 
   141.36396246191057   20.225505256382856 
   129.29790362306025   52.906599015689451 
   123.77643066087316    32.30018138818933 
   158.95160469240727   8.1512412529289371 
   146.88543542409769   40.831922883882982 
   106.19181292307229   44.374076699104862 
   83.082697730388503   35.841923075058673 
   71.016638891538179   68.523016834365251 
   65.495165929351089   47.916599206865129 
   100.67033996088519    23.76765907160474 
   88.604170692575607   56.448340702558795 
   47.910548191550227   59.990494517780682 
   24.801432998866435   51.458340893734473 
   12.735374160016086   84.139434653041064 
   7.2139011978289798    63.53301702554095 
   42.389075229363122   39.384076890280554 
   30.322905961053539   72.064758521234594 
   222.75434238611643   13.141241061753245 
   199.64522719343262   4.6090874377070543 
   187.57916835458232   37.290181197013645 
    182.0576953923952   16.683763569513523 
   205.16670015561971   25.215505065207179 
    175.5160235789686   69.970494135429306 
   152.40690838628481   61.438340511383103 
   140.34084954743449   94.119434270689695 
   134.81937658524737   73.513016643189573 
   169.99455061678148    49.36407650792917 
   157.92838134847193   82.044758138883239 
   117.23475884744651   85.586911954105133 
   94.125643654762712   77.054758330058903 
   82.059584815912402   109.73585208936551 
   76.538111853725297   89.129434461865372 
    111.7132858852594   64.980494326604997 
    99.64711661694983   97.661175957559053 
    58.95349411592445   101.20332977278093 
   35.844378923240647    92.67117614873473 
   23.778320084390309   125.35226990804132 
   18.256847122203204    104.7458522805412 
   53.432021153737331   80.596912145280783 
   41.365851885427766   113.27759377623487 
   233.79728831049064   54.354076316753492 
   210.68817311780685   45.821922692707304 
   198.62211427895653   78.503016452013895 
   193.10064131676941   57.896598824513774 
   228.27581534830355    33.74765868925337 
   216.20964607999397   66.428340320207425 
   186.55896950334278   111.18332939042955 
   163.44985431065902   102.65117576638333 
    151.3837954718087   135.33226952568995 
   145.86232250962158   114.72585189818982 
   181.03749654115569   90.576911762929427 
   168.97132727284611   123.25759339388348 
   128.27770477182071   126.79974720910536 
   105.16858957913693   118.26759358505916 
   93.102530740286625   150.94868734436577 
   87.581057778099506   130.34226971686562 
   122.75623180963362   106.19332958160524 
   110.69006254132404   138.87401121255928 
   69.996440040298666   142.41616502778118 
   46.887324847614856   133.88401140373495 
   34.821266008764539   166.56510516304161 
   29.299793046577417   145.95868753554146 
   64.474967078111547   121.80974740028105 
   52.408797809801975    154.4904290312351 
   244.84023423486488   95.566911571753735 
   221.73111904218109   87.034757947707533 
   209.66506020333074   119.71585170701414 
   204.14358724114362   99.109434079514017 
   239.31876127267776   74.960493944253614 
   227.25259200436818   107.64117557520765 
   197.60191542771702   152.39616464542982 
   174.49280023503323   143.86401102138359 
    162.4267413961829   176.54510478069017 
   156.90526843399581   155.93868715319007 
    192.0804424655299   131.78974701792967 
   180.01427319722035   164.47042864888374 
   139.32065069619495   168.01258246410563 
   116.21153550351116    159.4804288400594 
   104.14547666466085   192.16152259936598 
   98.624003702473743   171.55510497186589 
   133.79917773400783   147.40616483660548 
   121.73300846569826   180.08684646755955 
   81.039385964672888   183.62900028278142 
   57.930270771989079   175.09684665873525 
   45.864211933138748   207.77794041804182 
   40.342738970951643    187.1715227905417 
    75.51791300248577   163.02258265528133 
   63.451743734176191   195.70326428623537 
   255.88318015923909   136.77974682675398 
    232.7740649665553    128.2475932027078 
   220.70800612770495   160.92868696201438 
   215.18653316551786   140.32226933451426 
     250.361707197052   116.17332919925387 
   238.29553792874239   148.85401083020793 
   208.64486135209123   193.60899990043001 
   185.53574615940747   185.07684627638386 
   173.46968732055711   217.75794003569044 
   167.94821435837002   197.15152240819032 
   203.12338838990414   173.00258227292994 
   191.05721912159456   205.68326390388395 
   150.36359662056915   209.22541771910585 
   127.25448142788537   200.69326409505967 
   115.18842258903506   233.37435785436622 
   109.66694962684797   212.76794022686613 
   144.84212365838204   188.61900009160573 
   132.77595439007249   221.29968172255977 
   92.082331889047097   224.84183553778163 
   68.973216696363309   216.30968191373546 
   56.907157857512956   248.99077567304204 
   51.385684895325852   228.38435804554194 
   86.560858926859979   204.23541791028154 
   74.494689658550399   236.91609954123558 
   243.81701089092951   169.46042845770805 
   231.75095205207916   202.14152221701463 
   226.22947908989207    181.5351045895145 
   249.33848385311663   190.06684608520817 
   219.68780727646543   234.82183515543028 
   196.57869208378165   226.28968153138408 
   118.25495769868603   11.693763760689157 
   178.99116028274423   238.36435766319056 
   214.16633431427832   214.21541752793016 
   161.40654254494336   250.43825297410609 
   138.29742735225958   241.90609935005989 
   59.973692967163956   27.310181579364958 
   120.70989555122217   253.98077548186637 
   155.88506958275627   229.83183534660597 
   77.561224768201384    15.23550544755855 
   1.6924282356418598   42.926599398040779 
   97.603804851234202   245.44825316528178 
   19.279960036679313   30.851923266234351 
   254.85995681530375   210.67326371270829 
   237.27242501426628   222.74793984451478 
