   12.007347914097688   22.335575619504979 
   30.293062199811978   40.621289905219271 
   12.007347914097688   58.907004190933542 
   30.293062199811978    77.19271847664784 
   12.007347914097688   95.478432762362118 
   30.293062199811978   113.76414704807641 
   12.007347914097688   132.04986133379069 
   30.293062199811978   150.33557561950497 
   12.007347914097688   168.62128990521927 
   30.293062199811978   186.90700419093355 
   12.007347914097688   205.19271847664785 
   30.293062199811978   223.47843276236213 
   12.007347914097688   241.76414704807641 
   30.293062199811978   4.0498613337906608 
   48.578776485526269   22.335575619504979 
    66.86449077124054   40.621289905219271 
   48.578776485526269   58.907004190933542 
    66.86449077124054    77.19271847664784 
   48.578776485526269   95.478432762362118 
    66.86449077124054   113.76414704807641 
   48.578776485526269   132.04986133379069 
    66.86449077124054   150.33557561950497 
   48.578776485526269   168.62128990521927 
    66.86449077124054   186.90700419093355 
   48.578776485526269   205.19271847664785 
    66.86449077124054   223.47843276236213 
   48.578776485526269   241.76414704807641 
    66.86449077124054   4.0498613337906608 
   85.150205056954832   22.335575619504979 
   103.43591934266912   40.621289905219271 
   85.150205056954832   58.907004190933542 
   103.43591934266912    77.19271847664784 
   85.150205056954832   95.478432762362118 
   103.43591934266912   113.76414704807641 
   85.150205056954832   132.04986133379069 
   103.43591934266912   150.33557561950497 
   85.150205056954832   168.62128990521927 
   103.43591934266912   186.90700419093355 
   85.150205056954832   205.19271847664785 
   103.43591934266912   223.47843276236213 
   85.150205056954832   241.76414704807641 
   103.43591934266912   4.0498613337906608 
    121.7216336283834   22.335575619504979 
   140.00734791409769   40.621289905219271 
    121.7216336283834   58.907004190933542 
   140.00734791409769    77.19271847664784 
    121.7216336283834   95.478432762362118 
   140.00734791409769   113.76414704807641 
    121.7216336283834   132.04986133379069 
   140.00734791409769   150.33557561950497 
    121.7216336283834   168.62128990521927 
   140.00734791409769   186.90700419093355 
    121.7216336283834   205.19271847664785 
   140.00734791409769   223.47843276236213 
    121.7216336283834   241.76414704807641 
   140.00734791409769   4.0498613337906608 
   158.29306219981197   22.335575619504979 
   176.57877648552628   40.621289905219271 
   158.29306219981197   58.907004190933542 
   176.57877648552628    77.19271847664784 
   158.29306219981197   95.478432762362118 
   176.57877648552628   113.76414704807641 
   158.29306219981197   132.04986133379069 
   176.57877648552628   150.33557561950497 
   158.29306219981197   168.62128990521927 
   176.57877648552628   186.90700419093355 
   158.29306219981197   205.19271847664785 
   176.57877648552628   223.47843276236213 
   158.29306219981197   241.76414704807641 
   176.57877648552628   4.0498613337906608 
   194.86449077124055   22.335575619504979 
   213.15020505695486   40.621289905219271 
   194.86449077124055   58.907004190933542 
   213.15020505695486    77.19271847664784 
   194.86449077124055   95.478432762362118 
   213.15020505695486   113.76414704807641 
   194.86449077124055   132.04986133379069 
   213.15020505695486   150.33557561950497 
   194.86449077124055   168.62128990521927 
   213.15020505695486   186.90700419093355 
   194.86449077124055   205.19271847664785 
   213.15020505695486   223.47843276236213 
   194.86449077124055   241.76414704807641 
   213.15020505695486   4.0498613337906608 
   231.43591934266911   22.335575619504979 
   249.72163362838339   40.621289905219271 
   231.43591934266911   58.907004190933542 
   249.72163362838339    77.19271847664784 
   231.43591934266911   95.478432762362118 
   249.72163362838339   113.76414704807641 
   231.43591934266911   132.04986133379069 
   249.72163362838339   150.33557561950497 
   231.43591934266911   168.62128990521927 
   249.72163362838339   186.90700419093355 
   231.43591934266911   205.19271847664785 
   249.72163362838339   223.47843276236213 
   231.43591934266911   241.76414704807641 
   249.72163362838339   4.0498613337906608 
