   180.71264300956307    44.94216250414641 
   160.59923567590437   30.719655837479735 
   140.48582834224567   59.164242504146401 
   140.48582834224567   37.830909170813072 
   180.71264300956307   23.608829170813078 
   160.59923567590437   52.052989170813078 
   120.37543786884402    44.94216250414641 
   100.26203053518532   30.719655837479735 
   80.148623201526647   59.164242504146401 
   80.148623201526647   37.830909170813072 
   120.37543786884402   23.608829170813078 
   100.26203053518532   52.052989170813078 
   60.038232728124953    44.94216250414641 
   39.924825394466275   30.719655837479735 
   19.811418060807565   59.164242504146401 
   19.811418060807565   37.830909170813072 
   60.038232728124953   23.608829170813078 
   39.924825394466275   52.052989170813078 
   241.04984815028214    44.94216250414641 
   220.93644081662345   30.719655837479735 
   200.82303348296469   59.164242504146401 
   200.82303348296469   37.830909170813072 
   241.04984815028214   23.608829170813078 
   220.93644081662345   52.052989170813078 
   180.71264300956307   87.608829170813081 
   160.59923567590437   73.386322504146406 
   140.48582834224567   101.83090917081307 
   140.48582834224567   80.497575837479744 
   180.71264300956307   66.275495837479738 
   160.59923567590437   94.719655837479749 
   120.37543786884402   87.608829170813081 
   100.26203053518532   73.386322504146406 
   80.148623201526647   101.83090917081307 
   80.148623201526647   80.497575837479744 
   120.37543786884402   66.275495837479738 
   100.26203053518532   94.719655837479749 
   60.038232728124953   87.608829170813081 
   39.924825394466275   73.386322504146406 
   19.811418060807565   101.83090917081309 
   19.811418060807565   80.497575837479744 
   60.038232728124953   66.275495837479738 
   39.924825394466275   94.719655837479749 
   241.04984815028214   87.608829170813081 
   220.93644081662345   73.386322504146406 
   200.82303348296469   101.83090917081307 
   200.82303348296469   80.497575837479744 
   241.04984815028214   66.275495837479724 
   220.93644081662345   94.719655837479749 
   180.71264300956307   130.27549583747972 
   160.59923567590437   116.05298917081306 
    140.4858283422457   144.49757583747973 
    140.4858283422457    123.1642425041464 
   180.71264300956307   108.94216250414641 
   160.59923567590437   137.38632250414639 
   120.37543786884402   130.27549583747972 
   100.26203053518532   116.05298917081306 
   80.148623201526647   144.49757583747973 
   80.148623201526647    123.1642425041464 
   120.37543786884402   108.94216250414641 
   100.26203053518532   137.38632250414639 
   60.038232728124953   130.27549583747972 
   39.924825394466275   116.05298917081306 
   19.811418060807565   144.49757583747973 
   19.811418060807565    123.1642425041464 
   60.038232728124953   108.94216250414641 
   39.924825394466275   137.38632250414639 
   241.04984815028214   130.27549583747972 
   220.93644081662345   116.05298917081306 
   200.82303348296469   144.49757583747973 
   200.82303348296469    123.1642425041464 
   241.04984815028214    108.9421625041464 
   220.93644081662345   137.38632250414639 
   180.71264300956307   172.94216250414641 
   160.59923567590437   158.71965583747973 
    140.4858283422457   187.16424250414639 
    140.4858283422457   165.83090917081307 
   180.71264300956307   151.60882917081307 
   160.59923567590437   180.05298917081311 
   120.37543786884402   172.94216250414641 
   100.26203053518532   158.71965583747973 
   80.148623201526647   187.16424250414639 
   80.148623201526647   165.83090917081307 
   120.37543786884402   151.60882917081307 
   100.26203053518532   180.05298917081311 
   60.038232728124953   172.94216250414641 
   39.924825394466275   158.71965583747973 
   19.811418060807565   187.16424250414639 
   19.811418060807565   165.83090917081307 
   60.038232728124953   151.60882917081307 
   39.924825394466275   180.05298917081311 
   241.04984815028214   172.94216250414641 
   220.93644081662345   158.71965583747973 
   200.82303348296469   187.16424250414639 
   200.82303348296469   165.83090917081307 
   241.04984815028214   151.60882917081307 
   220.93644081662345   180.05298917081311 
    180.7126430095631   215.60882917081304 
   160.59923567590437   201.38632250414639 
    140.4858283422457   229.83090917081304 
    140.4858283422457   208.49757583747973 
    180.7126430095631   194.27549583747972 
   160.59923567590437   222.71965583747971 
   120.37543786884402   215.60882917081304 
   100.26203053518532   201.38632250414639 
   80.148623201526647   229.83090917081304 
   80.148623201526647   208.49757583747973 
   120.37543786884402   194.27549583747972 
   100.26203053518532   222.71965583747971 
   60.038232728124953   215.60882917081304 
   39.924825394466275   201.38632250414639 
   19.811418060807565   229.83090917081304 
   19.811418060807565   208.49757583747973 
   60.038232728124953   194.27549583747972 
   39.924825394466275   222.71965583747971 
   241.04984815028214   215.60882917081304 
   220.93644081662345   201.38632250414639 
   200.82303348296469   229.83090917081304 
   200.82303348296469   208.49757583747973 
   241.04984815028214   194.27549583747972 
   220.93644081662345   222.71965583747971 
   180.71264300956307   2.2754958374797356 
   160.59923567590437   244.05298917081305 
   140.48582834224567   16.497575837479712 
    140.4858283422457   251.16424250414639 
    180.7126430095631   236.94216250414638 
   160.59923567590437   9.3863225041464062 
     120.375437868844   2.2754958374797356 
   100.26203053518532   244.05298917081305 
   80.148623201526647   16.497575837479712 
   80.148623201526647   251.16424250414639 
   120.37543786884403   236.94216250414638 
   100.26203053518532   9.3863225041464062 
   60.038232728124939   2.2754958374797356 
   39.924825394466275   244.05298917081305 
   19.811418060807565   16.497575837479712 
   19.811418060807583   251.16424250414639 
   60.038232728124953   236.94216250414638 
   39.924825394466275   9.3863225041464062 
   241.04984815028209   2.2754958374797356 
   220.93644081662345   244.05298917081305 
   200.82303348296469   16.497575837479712 
   200.82303348296469   251.16424250414639 
   241.04984815028214   236.94216250414638 
   220.93644081662345   9.3863225041464062 
