    33.95451723464091   2.1160993132387604 
   46.884469804909216   24.511434104399264 
   24.489135013748729   37.441386674667541 
   37.419087584017021   59.836721465828035 
   15.023752792856534   72.766674036096333 
   27.953705363124843   95.162008827256827 
   5.5583705719643541    108.0919613975251 
   18.488323142232648   130.48729618868563 
    9.022940921340453    165.8125835501144 
    69.27980459606971   11.581481534130955 
   82.209757166337994   33.976816325291445 
   59.814422375177514   46.906768895559736 
   72.744374945445813    69.30210368672023 
   50.349040154285319   82.232056256988528 
   63.278992724553625   104.62739104814901 
   40.883657933393138   117.55734361841729 
    53.81361050366143    139.9526784095778 
   31.418275712500957   152.88263097984608 
   44.348228282769234   175.27796577100659 
   21.952893491608762   188.20791834127488 
   34.882846061877054   210.60325313243538 
   12.487511270716581   223.53320570270367 
   104.60509195749847   21.046863755023136 
   117.53504452776679    43.44219854618364 
   95.139709736606292   56.372151116451917 
   108.06966230687459   78.767485907612425 
   85.674327515714097   91.697438477880709 
    98.60428008598241    114.0927732690412 
    76.20894529482193   127.02272583930947 
   89.138897865090215   149.41806063046999 
   66.743563073929735   162.34801320073828 
   79.673515644198019   184.74334799189879 
   57.278180853037547   197.67330056216707 
   70.208133423305839   220.06863535332758 
   47.812798632145366   232.99858792359584 
   127.00042674865897   8.1169111847548265 
   139.93037931892724   30.512245975915331 
   152.86033188919555   52.907580767075821 
   130.46499709803507   65.837533337344112 
   143.39494966830338   88.232868128504592 
   120.99961487714289   101.16282069877289 
   133.92956744741119   123.55815548993338 
   111.53423265625071   136.48810806020165 
   124.46418522651899   158.88344285136219 
   102.06885043535851   171.81339542163047 
    114.9988030056268   194.20873021279098 
   92.603468214466332   207.13868278305924 
   105.53342078473462   229.53401757421975 
   83.138085993574137   242.46397014448803 
   162.32571411008774   17.582293405647007 
   175.25566668035606   39.977628196807508 
   188.18561925062434   62.372962987968016 
   165.79028445946386   75.302915558236293 
   178.72023702973217   97.698250349396787 
   156.32490223857167   110.62820291966509 
   169.25485480883998   133.02353771082556 
    146.8595200176795   145.95349028109385 
   159.78947258794778   168.34882507225439 
   137.39413779678731   181.27877764252267 
   150.32409036705562   203.67411243368315 
   127.92875557589511   216.60406500395143 
   140.85870814616342   238.99939979511194 
   118.46337335500293   251.92935236538023 
   197.65100147151654   27.047675626539203 
   210.58095404178485   49.443010417699703 
   223.51090661205313    71.83834520886019 
   201.11557182089268   84.768297779128474 
   214.04552439116094   107.16363257028898 
   191.65018960000049   120.09358514055727 
   204.58014217026874   142.48891993171776 
   182.18480737910829   155.41887250198604 
   195.11475994937655   177.81420729314658 
    172.7194251582161   190.74415986341484 
   185.64937772848438   213.13949465457534 
    163.2540429373239    226.0694472248436 
   176.18399550759219   248.46478201600414 
   232.97628883294533   36.513057847431398 
   245.90624140321361   58.908392638591884 
   236.44085918232142   94.233680000020669 
    249.3708117525897   116.62901479118116 
   226.97547696142922   129.55896736144945 
   239.90542953169754   151.95430215260996 
   217.51009474053703   164.88425472287824 
   230.44004731080534   187.27958951403875 
   208.04471251964486   200.20954208430703 
   220.97466508991315   222.60487687546751 
   198.57933029875267    235.5348294457358 
