    65.61440078373964   24.292821970739382 
   40.635650543109897   30.985857925654834 
   47.328686498025348    55.96460816628457 
   22.349936257395605   62.657644121200022 
   29.042972212311057   87.636394361829758 
   4.0642219716813157   94.329430316745217 
   10.757257926596766   119.30818055737495 
   115.57190126499908   10.906750060908481 
   90.593151024369362   17.599786015823931 
   97.286186979284807    42.57853625645366 
   72.307436738655085   49.271572211369119 
   79.000472693570529   74.250322451998855 
     54.0217224529408   80.943358406914314 
    60.71475840785623   105.92210864754405 
   35.736008167226508   112.61514460245951 
   42.429044122141946   137.59389484308923 
   17.450293881512216    144.2869307980047 
   24.143329836427654   169.26568103863443 
    5.857615550713378   200.93746723417962 
   140.55065150562882    4.213714105993029 
   147.24368746054429   29.192464346622771 
   122.26493721991454   35.885500301538222 
   128.95797317482999   60.864250542167945 
   103.97922293420027   67.557286497083396 
   110.67225888911571   92.536036737713133 
   85.693508648485974   99.229072692628591 
   92.386544603401418   124.20782293325833 
   67.407794362771682   130.90085888817379 
   74.100830317687141   155.87960912880351 
   49.122080077057397   162.57264508371898 
   55.815116031972856   187.55139532434873 
    30.83636579134312   194.24443127926415 
   37.529401746258586   219.22318151989387 
   172.22243770117399   22.499428391707319 
   178.91547365608949   47.478178632337048 
   153.93672341545974   54.171214587252493 
   160.62975937037518   79.149964827882243 
   135.65100912974543   85.843000782797674 
   142.34404508466091   110.82175102342742 
   117.36529484403115   117.51478697834288 
   124.05833079894661   142.49353721897262 
   99.079580558316877   149.18657317388806 
   105.77261651323234   174.16532341451781 
   80.793866272602585   180.85835936943329 
   87.486902227518044   205.83710961006301 
   62.508151986888308    212.5301455649784 
   69.201187941803781    237.5088958056082 
   203.89422389671921   40.785142677421611 
   210.58725985163468    65.76389291805134 
   185.60850961100493   72.456928872966799 
   192.30154556592038   97.435679113596521 
   167.32279532529066   104.12871506851198 
    174.0158312802061   129.10746530914173 
   149.03708103957638   135.80050126405715 
   155.73011699449179    160.7792515046869 
   130.75136675386207   167.47228745960234 
   137.44440270877752   192.45103770023209 
   112.46565246814779   199.14407365514754 
   119.15868842306324   224.12282389577729 
   94.179938182433517   230.81585985069273 
   100.87297413734896   255.79461009132245 
   235.56601009226443   59.070856963135896 
   242.25904604717988   84.049607203765632 
    217.2802958065501   90.742643158681076 
   223.97333176146557    115.7213933993108 
   198.99458152083585   122.41442935422627 
   205.68761747575132   147.39317959485601 
   180.70886723512157   154.08621554977145 
   187.40190319003699    179.0649657904012 
   162.42315294940727   185.75800174531668 
   169.11618890432274    210.7367519859464 
   144.13743866369299   217.42978794086184 
   150.83047461860843   242.40853818149159 
   125.85172437797871   249.10157413640701 
    248.9520820020953   109.02835744439535 
   255.64511795701077   134.00710768502509 
   230.66636771638102   140.70014363994053 
   237.35940367129646   165.67889388057026 
   212.38065343066671   172.37192983548573 
   219.07368938558218   197.35068007611545 
   194.09493914495243   204.04371603103093 
   200.78797509986788   229.02246627166065 
   175.80922485923816   235.71550222657612 
