   129.86491422369281   4.7314079062426799 
   104.00500908315622   4.7314079062426799 
   104.00500908315621   30.591313046779284 
   78.145103942619642   30.591313046779284 
   78.145103942619613   56.451218187315881 
   52.285198802083052   56.451218187315867 
   52.285198802083023   82.311123327852485 
   26.425293661546451   82.311123327852471 
   26.425293661546423   108.17102846838908 
    155.7248193642294   4.7314079062426799 
    155.7248193642294    30.59131304677927 
   129.86491422369281   30.591313046779284 
   129.86491422369281   56.451218187315867 
   104.00500908315622   56.451218187315881 
   104.00500908315621   82.311123327852471 
   78.145103942619642   82.311123327852457 
   78.145103942619613   108.17102846838907 
   52.285198802083038   108.17102846838907 
   52.285198802083023   134.03093360892566 
   26.425293661546451   134.03093360892566 
   26.425293661546423   159.89083874946229 
   181.58472450476603   4.7314079062426657 
     181.584724504766    30.59131304677927 
     181.584724504766   56.451218187315867 
    155.7248193642294   56.451218187315867 
    155.7248193642294   82.311123327852457 
   129.86491422369281   82.311123327852471 
   129.86491422369281   108.17102846838907 
   104.00500908315622   108.17102846838904 
   104.00500908315621   134.03093360892566 
   78.145103942619642   134.03093360892566 
   78.145103942619613   159.89083874946229 
   52.285198802083038   159.89083874946226 
   52.285198802083023   185.75074388999886 
   26.425293661546437   185.75074388999886 
    207.4446296453026    30.59131304677927 
    207.4446296453026   56.451218187315867 
    207.4446296453026   82.311123327852471 
   181.58472450476603   82.311123327852457 
   181.58472450476603   108.17102846838905 
    155.7248193642294   108.17102846838907 
   155.72481936422943   134.03093360892566 
   129.86491422369284   134.03093360892566 
   129.86491422369281   159.89083874946229 
   104.00500908315624   159.89083874946226 
   104.00500908315622   185.75074388999886 
   78.145103942619642   185.75074388999886 
   78.145103942619613   211.61064903053548 
   52.285198802083038   211.61064903053546 
   233.30453478583922   56.451218187315853 
   233.30453478583922   82.311123327852471 
   233.30453478583922   108.17102846838907 
    207.4446296453026   108.17102846838905 
    207.4446296453026   134.03093360892566 
   181.58472450476603   134.03093360892566 
   181.58472450476603   159.89083874946229 
   155.72481936422943   159.89083874946226 
   155.72481936422943   185.75074388999886 
   129.86491422369284   185.75074388999886 
   129.86491422369281   211.61064903053548 
   104.00500908315624   211.61064903053546 
   104.00500908315622   237.47055417107208 
   78.145103942619642   237.47055417107205 
   233.30453478583922   134.03093360892566 
   233.30453478583922   159.89083874946226 
    207.4446296453026   159.89083874946229 
    207.4446296453026   185.75074388999886 
   181.58472450476606   185.75074388999886 
   181.58472450476603   211.61064903053548 
   155.72481936422943   211.61064903053546 
   155.72481936422943   237.47055417107208 
   129.86491422369284   237.47055417107205 
   78.145103942619613   4.7314079062426799 
   233.30453478583919   185.75074388999883 
   52.285198802083009   30.591313046779284 
    207.4446296453026   211.61064903053543 
   26.425293661546409   56.451218187315881 
   181.58472450476603   237.47055417107205 
