   134.62786692723333   4.7882622739878329 
   102.95608073168815   23.073976559702125 
    77.97733049105841   16.380940604786687 
    71.28429453614298   41.359690845416409 
   46.305544295513236   34.666654890500979 
   39.612508340597785   59.645405131130701 
   14.633758099968045   52.952369176215264 
    7.940722145052594   77.931119416845007 
    184.5853674084928   18.174334183818736 
   159.60661716786308   11.481298228903285 
   152.91358121294763   36.460048469533007 
    127.9348309723179   29.767012514617573 
   121.24179501740244   54.745762755247313 
   96.263044776772716   48.052726800331861 
   89.570008821857272    73.03147704096159 
   64.591258581227521    66.33844108604616 
   57.898222626312076   91.317191326675896 
   32.919472385682333   84.624155371760438 
   26.226436430766885   109.60290561239019 
   1.2476861901371856   102.90986965747473 
   209.56411764912258   24.867370138734184 
   202.87108169420711   49.846120379363924 
   177.89233145357736   43.153084424448473 
   171.19929549866191   68.131834665078202 
   146.22054525803219   61.438798710162764 
   139.52750930311672   86.417548950792508 
   114.54875906248701   79.724512995877049 
   107.85572310757155   104.70326323650679 
   82.876972866941799   98.010227281591341 
   76.183936912026368   122.98897752222109 
   51.205186671396625   116.29594156730563 
   44.512150716481173    141.2746918079354 
   19.533400475851462   134.58165585301992 
    12.84036452093601   159.56040609364965 
   227.84983193483683   56.539156334279362 
   221.15679597992138   81.517906574909105 
   196.17804573929163   74.824870619993646 
   189.48500978437619   99.803620860623397 
   164.50625954374647   93.110584905707924 
   157.81322358883102   118.08933514633769 
   132.83447334820127   111.39629919142222 
   126.14143739328584   136.37504943205198 
   101.16268715265609   129.68201347713651 
    94.46965119774066   154.66076371776626 
   69.490900957110895   147.96772776285081 
   62.797865002195465   172.94647800348056 
   37.819114761565736   166.25344204856509 
   31.126078806650302   191.23219228919484 
   246.13554622055113   88.210942529824536 
   239.44251026563569    113.1896927704543 
   214.46376002500597   106.49665681553884 
   207.77072407009049   131.47540705616859 
   182.79197382946077   124.78237110125313 
    176.0989378745453   149.76112134188287 
   151.12018763391558    143.0680853869674 
   144.42715167900013   168.04683562759718 
    119.4484014383704    161.3537996726817 
   112.75536548345494   186.33254991331145 
   87.776615242825201   179.63951395839601 
   81.083579287909757   204.61826419902573 
   56.104829047280042   197.92522824411029 
    49.41179309236459   222.90397848474001 
   232.74947431072022   138.16844301108401 
    226.0564383558048   163.14719325171379 
   201.07768811517505   156.45415729679831 
   194.38465216025961   181.43290753742806 
   169.40590191962988   174.73987158251259 
   162.71286596471444   199.71862182314234 
   137.73411572408469    193.0255858682269 
   131.04107976916924   218.00433610885662 
   106.06232952853949    211.3113001539412 
   99.369293573624049   236.29005039457093 
   74.390543332994326   229.59701443965548 
   67.697507378078882    254.5757646802852 
   251.03518859643452    169.8402292066292 
   244.34215264151908   194.81897944725893 
   219.36340240088936   188.12594349234351 
   212.67036644597388   213.10469373297323 
   187.69161620534416   206.41165777805776 
   180.99858025042872   231.39040801868751 
   156.01983000979897   224.69737206377209 
   149.32679405488352   249.67612230440182 
   124.34804381425378   242.98308634948634 
