   175.44613781114032   10.135643350515442 
    140.1208504497115   19.601025571407625 
   117.72551565855102   6.6710730011393151 
   104.79556308828271   29.066407792299817 
   82.400228297122254   16.136455222031497 
   69.470275726853956   38.531790013192001 
   47.074940935693455   25.601837442923692 
   34.144988365425164   47.997172234084196 
   11.749653574264672    35.06721966381587 
   197.84147260230077   23.065595920783736 
   184.91152003203251   45.460930711944222 
   162.51618524087201   32.530978141675917 
   149.58623267060369   54.926312932836403 
    127.1908978794432   41.996360362568112 
    114.2609453091749   64.391695153728591 
   91.865610518014435   51.461742583460293 
   78.935657947746137   73.857077374620786 
    56.54032315658565   60.927124804352488 
   43.610370586317345   83.322459595512981 
   21.215035795156851   70.392507025244669 
   8.2850832248885595   92.787841816405162 
   220.23680739346128   35.995548491052034 
   207.30685482319296   58.390883282212521 
   194.37690225292468   80.786218073373007 
    171.9815674617642   67.856265503104694 
   159.05161489149589   90.251600294265202 
   136.65628010033538    77.32164772399689 
   123.72632753006708   99.716982515157383 
   101.33099273890663   86.787029944889071 
   88.401040168638318   109.18236473604956 
   66.005705377477838   96.252412165781251 
   53.075752807209533   118.64774695694176 
   30.680418016049046   105.71779438667345 
    17.75046544578074   128.11312917783394 
   229.70218961435344   71.320835852480812 
   216.77223704408516   93.716170643641291 
   203.84228447381687   116.11150543480178 
   181.44694968265637   103.18155286453349 
   168.51699711238808   125.57688765569397 
   146.12166232122757   112.64693508542568 
   133.19170975095926   135.04226987658615 
   110.79637495979881   122.11231730631786 
   97.866422389530513   144.50765209747834 
   75.471087598370005   131.57769952721003 
   62.541135028101714   153.97303431837054 
   40.145800236941227   141.04308174810222 
   27.215847666672921   163.43841653926273 
   4.8205128755124598   150.50846396899439 
   239.16757183524564   106.64612321390959 
   226.23761926497735    129.0414580050701 
   213.30766669470904   151.43679279623058 
   190.91233190354856   138.50684022596226 
   177.98237933328028   160.90217501712277 
   155.58704454211977   147.97222244685446 
   142.65709197185146   170.36755723801497 
   120.26175718069101   157.43760466774665 
   107.33180461042271   179.83293945890713 
     84.9364698192622   166.90298688863882 
   72.006517248993916   189.29832167979933 
   49.611182457833422   176.36836910953102 
   36.681229887565117   198.76370390069152 
   14.285895096404655   185.83375133042321 
   248.63295405613783   141.97141057533838 
   235.70300148586955   164.36674536649889 
   222.77304891560124   186.76208015765937 
   200.37771412444076   173.83212758739108 
   187.44776155417244   196.22746237855156 
   165.05242676301197   183.29750980828325 
   152.12247419274365   205.69284459944376 
   129.72713940158317   192.76289202917545 
   116.79718683131489   215.15822682033593 
   94.401852040154395   202.22827425006764 
   81.471899469886097   224.62360904122809 
   59.076564678725603   211.69365647095984 
   46.146612108457312   234.08899126212029 
    23.75127731729685     221.159038691852 
   245.16838370676172   199.69203272792763 
    232.2384311364934   222.08736751908813 
   209.84309634533295   209.15741494881979 
   196.91314377506461   231.55274973998033 
   174.51780898390413   218.62279716971199 
   161.58785641363582   241.01813196087252 
   139.19252162247537   228.08817939060418 
   126.26256905220707   250.48351418176469 
   103.86723426104658   237.55356161149638 
   68.541946899617784   247.01894383238857 
   33.216659538189028   256.48432605328071 
