   228.37366169498748   30.704711347828383 
   210.08794740927317   48.990425633542671 
   191.80223312355889   30.704711347828383 
   173.51651883784459   48.990425633542671 
   155.23080455213031   30.704711347828383 
   136.94509026641603   48.990425633542671 
   118.65937598070175   30.704711347828383 
   100.37366169498746   48.990425633542671 
   82.087947409273184   30.704711347828383 
   63.802233123558892   48.990425633542671 
     45.5165188378446   30.704711347828383 
   27.230804552130309   48.990425633542671 
   8.9450902664160488   30.704711347828397 
   246.65937598070175   48.990425633542657 
   228.37366169498748   67.276139919256948 
   210.08794740927317    85.56185420497124 
   191.80223312355889   67.276139919256948 
   173.51651883784459    85.56185420497124 
   155.23080455213031   67.276139919256948 
   136.94509026641603    85.56185420497124 
   118.65937598070175   67.276139919256948 
   100.37366169498746    85.56185420497124 
   82.087947409273184   67.276139919256948 
   63.802233123558892    85.56185420497124 
     45.5165188378446   67.276139919256948 
   27.230804552130309    85.56185420497124 
   8.9450902664160488   67.276139919256948 
   246.65937598070175    85.56185420497124 
   228.37366169498748   103.84756849068553 
   210.08794740927317   122.13328277639981 
   191.80223312355889   103.84756849068553 
   173.51651883784459   122.13328277639981 
   155.23080455213031   103.84756849068553 
   136.94509026641603   122.13328277639981 
   118.65937598070175   103.84756849068553 
   100.37366169498746   122.13328277639981 
   82.087947409273184   103.84756849068553 
   63.802233123558892   122.13328277639981 
     45.5165188378446   103.84756849068553 
   27.230804552130309   122.13328277639981 
   8.9450902664160488   103.84756849068553 
   246.65937598070175   122.13328277639981 
   228.37366169498748   140.41899706211407 
   210.08794740927317   158.70471134782841 
   191.80223312355889   140.41899706211407 
   173.51651883784459   158.70471134782841 
   155.23080455213031   140.41899706211407 
   136.94509026641603   158.70471134782841 
   118.65937598070175   140.41899706211407 
   100.37366169498746   158.70471134782841 
   82.087947409273184   140.41899706211407 
   63.802233123558892   158.70471134782841 
     45.5165188378446   140.41899706211407 
   27.230804552130309   158.70471134782841 
   8.9450902664160488   140.41899706211407 
   246.65937598070175   158.70471134782841 
   228.37366169498748   176.99042563354266 
   210.08794740927317   195.27613991925696 
   191.80223312355889   176.99042563354266 
   173.51651883784459   195.27613991925696 
   155.23080455213031   176.99042563354266 
   136.94509026641603   195.27613991925696 
   118.65937598070175   176.99042563354266 
   100.37366169498746   195.27613991925696 
   82.087947409273184   176.99042563354266 
   63.802233123558892   195.27613991925696 
     45.5165188378446   176.99042563354266 
   27.230804552130309   195.27613991925696 
   8.9450902664160488   176.99042563354266 
   246.65937598070175   195.27613991925696 
   228.37366169498748   213.56185420497124 
   210.08794740927317   231.84756849068555 
   191.80223312355889   213.56185420497124 
   173.51651883784459   231.84756849068555 
   155.23080455213031   213.56185420497124 
   136.94509026641603   231.84756849068555 
   118.65937598070175   213.56185420497124 
   100.37366169498746   231.84756849068555 
   82.087947409273184   213.56185420497124 
   63.802233123558892   231.84756849068555 
     45.5165188378446   213.56185420497124 
   27.230804552130309   231.84756849068555 
   8.9450902664160488   213.56185420497124 
   246.65937598070175   231.84756849068555 
    228.3736616949875   250.13328277639982 
   210.08794740927317   12.418997062114077 
   191.80223312355889   250.13328277639982 
   173.51651883784459   12.418997062114077 
   155.23080455213031   250.13328277639982 
   136.94509026641603   12.418997062114077 
   118.65937598070175   250.13328277639982 
   100.37366169498746   12.418997062114077 
   82.087947409273184   250.13328277639982 
   63.802233123558878   12.418997062114077 
   45.516518837844615   250.13328277639982 
   27.230804552130294   12.418997062114077 
    8.945090266416063   250.13328277639982 
   246.65937598070175   12.418997062114062 
