   20.715607213476012    69.19409856844355 
   32.493454094500947   50.908384282729251 
   20.715607213476012   105.76552713987212 
   32.493454094500947   87.479812854157828 
   20.715607213476012   142.33695571130067 
   32.493454094500947   124.05124142558641 
   20.715607213476012   178.90838428272926 
   32.493454094500947   160.62266999701495 
   20.715607213476012   215.47981285415784 
   32.493454094500947   197.19409856844354 
   20.715607213476012   252.05124142558643 
   32.493454094500947   233.76552713987212 
   20.715607213476012   32.622669997014995 
   32.493454094500947   14.336955711300675 
   44.271300975525889    69.19409856844355 
   56.049147856550825   50.908384282729251 
   44.271300975525889   105.76552713987212 
   56.049147856550825   87.479812854157828 
   44.271300975525889   142.33695571130067 
   56.049147856550825   124.05124142558641 
   44.271300975525889   178.90838428272926 
   56.049147856550825   160.62266999701495 
   44.271300975525889   215.47981285415784 
   56.049147856550825   197.19409856844354 
   44.271300975525889   252.05124142558643 
   56.049147856550825   233.76552713987212 
   44.271300975525889   32.622669997014995 
   56.049147856550825   14.336955711300675 
    67.82699473757576    69.19409856844355 
   79.604841618600702   50.908384282729251 
    67.82699473757576   105.76552713987212 
   79.604841618600702   87.479812854157828 
    67.82699473757576   142.33695571130067 
   79.604841618600702   124.05124142558641 
    67.82699473757576   178.90838428272926 
   79.604841618600702   160.62266999701495 
    67.82699473757576   215.47981285415784 
   79.604841618600702   197.19409856844354 
    67.82699473757576   252.05124142558643 
   79.604841618600702   233.76552713987212 
    67.82699473757576   32.622669997014995 
   79.604841618600702   14.336955711300675 
   91.382688499625644    69.19409856844355 
   103.16053538065059   50.908384282729251 
   91.382688499625644   105.76552713987212 
   103.16053538065059   87.479812854157828 
   91.382688499625644   142.33695571130067 
   103.16053538065059   124.05124142558641 
   91.382688499625644   178.90838428272926 
   103.16053538065059   160.62266999701495 
   91.382688499625644   215.47981285415784 
   103.16053538065059   197.19409856844354 
   91.382688499625644   252.05124142558643 
   103.16053538065059   233.76552713987212 
   91.382688499625644   32.622669997014995 
   103.16053538065059   14.336955711300675 
   114.93838226167553    69.19409856844355 
   126.71622914270046   50.908384282729251 
   114.93838226167553   105.76552713987212 
   126.71622914270046   87.479812854157828 
   114.93838226167553   142.33695571130067 
   126.71622914270046   124.05124142558641 
   114.93838226167553   178.90838428272926 
   126.71622914270046   160.62266999701495 
   114.93838226167553   215.47981285415784 
   126.71622914270046   197.19409856844354 
   114.93838226167553   252.05124142558643 
   126.71622914270046   233.76552713987212 
   114.93838226167553   32.622669997014995 
   126.71622914270046   14.336955711300675 
    138.4940760237254    69.19409856844355 
   150.27192290475031   50.908384282729251 
    138.4940760237254   105.76552713987212 
   150.27192290475031   87.479812854157828 
    138.4940760237254   142.33695571130067 
   150.27192290475031   124.05124142558641 
    138.4940760237254   178.90838428272926 
   150.27192290475031   160.62266999701495 
    138.4940760237254   215.47981285415784 
   150.27192290475031   197.19409856844354 
    138.4940760237254   252.05124142558643 
   150.27192290475031   233.76552713987212 
    138.4940760237254   32.622669997014995 
   150.27192290475031   14.336955711300675 
   162.04976978577528    69.19409856844355 
   173.82761666680022   50.908384282729251 
   162.04976978577528   105.76552713987212 
   173.82761666680022   87.479812854157828 
   162.04976978577528   142.33695571130067 
   173.82761666680022   124.05124142558641 
   162.04976978577528   178.90838428272926 
   173.82761666680022   160.62266999701495 
   162.04976978577528   215.47981285415784 
   173.82761666680022   197.19409856844354 
   162.04976978577528   252.05124142558643 
   173.82761666680022   233.76552713987212 
   162.04976978577528   32.622669997014995 
   173.82761666680022   14.336955711300675 
   185.60546354782517    69.19409856844355 
   197.38331042885014   50.908384282729251 
   185.60546354782517   105.76552713987212 
   197.38331042885014   87.479812854157828 
   185.60546354782517   142.33695571130067 
   197.38331042885014   124.05124142558641 
   185.60546354782517   178.90838428272926 
   197.38331042885014   160.62266999701495 
   185.60546354782517   215.47981285415784 
   197.38331042885014   197.19409856844354 
   185.60546354782517   252.05124142558643 
   197.38331042885014   233.76552713987212 
   185.60546354782517   32.622669997014995 
   197.38331042885014   14.336955711300675 
   209.16115730987502    69.19409856844355 
   220.93900419089996   50.908384282729251 
   209.16115730987502   105.76552713987212 
   220.93900419089996   87.479812854157828 
   209.16115730987502   142.33695571130067 
   220.93900419089996   124.05124142558641 
   209.16115730987502   178.90838428272926 
   220.93900419089996   160.62266999701495 
   209.16115730987502   215.47981285415784 
   220.93900419089996   197.19409856844354 
   209.16115730987502   252.05124142558643 
   220.93900419089996   233.76552713987212 
   209.16115730987502   32.622669997014995 
   220.93900419089996   14.336955711300675 
   232.71685107192494    69.19409856844355 
   244.49469795294988   50.908384282729251 
   232.71685107192494   105.76552713987212 
   244.49469795294988   87.479812854157828 
   232.71685107192494   142.33695571130067 
   244.49469795294988   124.05124142558641 
   232.71685107192494   178.90838428272926 
   244.49469795294988   160.62266999701495 
   232.71685107192494   215.47981285415784 
   244.49469795294988   197.19409856844354 
   232.71685107192494   252.05124142558643 
   244.49469795294988   233.76552713987212 
   232.71685107192494   32.622669997014995 
   244.49469795294988   14.336955711300675 
