   49.246824830849093   24.473227368749054 
   65.356042421755319   9.8589147711452529 
   39.781442609956898    59.79851473017785 
   55.890660200863131   45.184202132574022 
    30.31606038906472    95.12380209160662 
   46.425277979970936   80.509489494002821 
   20.850678168172525   130.44908945303544 
   36.959895759078755    115.8347768554316 
   11.385295947280342    165.7743768144642 
    27.49451353818656   151.16006421686038 
   1.9199137263881485     201.099664175893 
   18.029131317294379    186.4853515782892 
   8.5637490964021978   221.81063893971796 
   71.999877791769379   30.569889534970208 
   88.109095382675619   15.955576937366407 
   62.534495570877176   65.895176896398993 
   78.643713161783424   51.280864298795187 
   53.069113349984995   101.22046425782777 
   69.178330940891229   86.606151660223972 
     43.6037311290928   136.54575161925658 
   59.712948719999048   121.93143902165275 
   34.138348908200619   171.87103898068537 
   50.247566499106853   157.25672638308154 
   24.672966687308428   207.19632634211416 
   40.782184278214672   192.58201374451036 
   31.316802057322491    227.9073011059391 
    94.75293075268965   36.666551701191359 
   110.86214834359586    22.05223910358756 
   85.287548531797455   71.991839062620144 
   101.39676612270368   57.377526465016331 
   75.822166310905274   107.31712642404892 
   91.931383901811486   92.702813826445123 
   66.356784090013079   142.64241378547774 
   82.466001680919305   128.02810118787392 
   56.891401869120898   177.96770114690651 
   73.000619460027124   163.35338854930268 
   47.426019648228703    213.2929885083353 
   63.535237239134936    198.6786759107315 
   104.21831297358185   1.3412643397625503 
   54.069855018242755   234.00396327216026 
   117.50598371360994   42.763213867412517 
   133.61520130451618   28.148901269808714 
   108.04060149271776   78.088501228841309 
   124.14981908362398   63.474188631237482 
    98.57521927182556   113.41378859027009 
   114.68443686273179   98.799475992666274 
   89.109837050933379   148.73907595169888 
   105.21905464183961   134.12476335409505 
   79.644454830041184   184.06436331312767 
   95.753672420947424   169.45005071552384 
   70.179072609148989   219.38965067455646 
   86.288290200055229   204.77533807695266 
   126.97136593450213   7.4379265059837181 
   76.822907979163048    240.1006254383814 
   140.25903667453022   48.859876033633668 
   156.36825426543643   34.245563436029869 
   130.79365445363803   84.185163395062446 
   146.90287204454424   69.570850797458647 
   121.32827223274583   119.51045075649124 
   137.43748982365207   104.89613815888744 
   111.86289001185365   154.83573811792004 
   127.97210760275988   140.22142552031622 
   102.39750779096146   190.16102547934884 
   118.50672538186768   175.54671288174501 
   92.932125570069275    225.4863128407776 
    109.0413431609755    210.8720002431738 
   149.72441889542239   13.534588672204858 
    99.57596094008332   246.19728760460256 
   163.01208963545048   54.956538199854826 
   179.12130722635669   40.342225602251006 
   153.54670741455828   90.281825561283611 
   169.65592500546452   75.667512963679798 
   144.08132519366612   125.60711292271239 
   160.19054278457233   110.99280032510859 
   134.61594297277392   160.93240028414121 
   150.72516056368013   146.31808768653738 
   125.15056075188174   196.25768764556997 
   141.25977834278794   181.64337504796615 
   115.68517853098955   231.58297500699877 
   131.79439612189574   216.96866240939497 
   172.47747185634267   19.631250838426013 
   122.32901390100359   252.29394977082373 
   185.76514259637077   61.053200366075977 
   201.87436018727703   46.438887768472178 
   176.29976037547857   96.378487727504762 
   192.40897796638484   81.764175129900963 
    166.8343781545864   131.70377508893355 
   182.94359574549264   117.08946249132974 
   157.36899593369421   167.02906245036235 
   173.47821352460045   152.41474985275852 
   147.90361371280204   202.35434981179114 
   164.01283130370825   187.74003721418731 
   138.43823149190985   237.67963717321993 
   154.54744908281609   223.06532457561613 
   195.23052481726296   25.727913004647167 
   208.51819555729108   67.149862532297135 
   224.62741314819732   52.535549934693329 
   199.05281333639888   102.47514989372593 
   215.16203092730512   87.860837296122114 
   189.58743111550669   137.80043725515469 
   205.69664870641293   123.18612465755089 
   180.12204889461452   173.12572461658351 
   196.23126648552076   158.51141201897968 
   170.65666667372233    208.4510119780123 
   186.76588426462857   193.83669938040845 
   161.19128445283013   243.77629933944107 
    177.3005020437364   229.16198674183727 
   217.98357777818327   31.824575170868336 
   231.27124851821131   73.246524698518286 
   247.38046610911755   58.632212100914487 
   221.80586629731911   108.57181205994706 
   237.91508388822538   93.957499462343264 
   212.34048407642695   143.89709942137586 
   228.44970166733319   129.28278682377206 
   202.87510185553475   179.22238678280465 
   218.98431944644102   164.60807418520082 
   193.40971963464258   214.54767414423341 
   209.51893722554883   199.93336154662961 
   183.94433741375039   249.87296150566223 
   200.05355500465663   235.25864890805843 
    240.7366307391035   37.921237337089472 
   254.02430147913162   79.343186864739437 
   42.602989460835062    3.762252604924099 
   244.55891925823943   114.66847422616823 
   33.137607239942881   39.087539966352885 
   235.09353703734726   149.99376158759699 
   23.672225019050686    74.41282732778167 
   225.62815481645507   185.31904894902581 
   14.206842798158503   109.73811468921045 
   216.16277259556287   220.64433631045461 
   4.7414605772663085   145.06340205063924 
   206.69739037467068   255.96962367188337 
