   64.936909846585181   8.6053995750167758 
   46.651195560870889   40.277185770561971 
   65.993967304578959   30.330216113301834 
   28.365481275156611   71.948971966107138 
   47.708253018864667   62.002002308847025 
   10.079766989442323   103.62075816165232 
    29.42253873315039   93.673788504392206 
     11.1368244474361   125.34557469993739 
   85.336739048287001   20.383246456041714 
   104.67951079199507   10.436276798781581 
   67.051024762572723   52.055032651586906 
   86.393796506280779   42.108062994326772 
   48.765310476858438    83.72681884713208 
   68.108082220566487   73.779849189871967 
    30.47959619114415   115.39860504267727 
   49.822367934852217   105.45163538541713 
   12.193881905429862   147.07039123822247 
   31.536653649137929   137.12342158096234 
   13.250939363423639   168.79520777650754 
   105.73656824998884   32.161093337066653 
   125.07933999369689   22.214123679806519 
   87.450853964274543   63.832879532611841 
    106.7936257079826   53.885909875351707 
   69.165139678560266   95.504665728157008 
   88.507911422268307   85.557696070896895 
   50.879425392845981   127.17645192370222 
   70.222197136554044   117.22948226644208 
   32.593711107131689   158.84823811924738 
   51.936482850839759   148.90126846198726 
   14.307996821417401   190.52002431479258 
   33.650768565125468   180.57305465753245 
   126.13639745169068   43.938940218091588 
   145.47916919539873   33.991970560831454 
   107.85068316597639   75.610726413636783 
   127.19345490968445   65.663756756376642 
   89.564968880262114   107.28251260918196 
   108.90774062397016   97.335542951921852 
   71.279254594547822   138.95429880472716 
   90.622026338255893   129.00732914746703 
   52.993540308833531   170.62608500027233 
   72.336312052541601   160.67911534301223 
   34.707826023119246   202.29787119581752 
   54.050597766827309   192.35090153855742 
   144.42211173740495   12.267154022546412 
   163.76488348111303   2.3201843652862646 
    146.5362266533925    55.71678709911653 
   165.87899839710059   45.769817441856389 
    128.2505123676782   87.388573294661711 
   147.59328411138625   77.441603637401599 
   109.96479808196395   119.06035949020688 
     129.307569825672   109.11338983294679 
   91.679083796249657   150.73214568575207 
    111.0218555399577   140.78517602849195 
   73.393369510535365    182.4039318812973 
   92.736141254243421   172.45696222403714 
   55.107655224821073   214.07571807684249 
   74.450426968529129   204.12874841958234 
   164.82194093910678   24.045000903571349 
   184.16471268281484   14.098031246311201 
   166.93605585509431   67.494633980141444 
   186.27882759880239   57.547664322881332 
   148.65034156938003   99.166420175686653 
   167.99311331308809   89.219450518426527 
   130.36462728366578   130.83820637123182 
   149.70739902737381   120.89123671397171 
   112.07891299795148   162.50999256677702 
   131.42168474165956   152.56302290951689 
   93.793198712237185   194.18177876232221 
   113.13597045594524   184.23480910506206 
   75.507484426522907   225.85356495786741 
   94.850256170230963   215.90659530060725 
   185.22177014080862   35.822847784596284 
   204.56454188451667    25.87587812733614 
   187.33588505679617     79.2724808611664 
   206.67865680050423   69.325511203906288 
   169.05017077108187    110.9442670567116 
   188.39294251478995   100.99729739945147 
   150.76445648536762   142.61605325225676 
   170.10722822907564   132.66908359499666 
   132.47874219965331   174.28783944780196 
    151.8215139433614   164.34086979054183 
   114.19302791393903   205.95962564334712 
   133.53579965764709   196.01265598608703 
   95.907313628224742   237.63141183889232 
   115.25008537193281   227.68444218163222 
   205.62159934251042   47.600694665621241 
   224.96437108621853   37.653725008361093 
   207.73571425849798   91.050327742191342 
   227.07848600220606   81.103358084931216 
   189.44999997278373   122.72211393773652 
   208.79277171649176   112.77514428047641 
   171.16428568706942    154.3939001332817 
   190.50705743077751   144.44693047602161 
   152.87857140135515    186.0656863288269 
    172.2213431450632   176.11871667156677 
   134.59285711564084   217.73747252437209 
   153.93562885934892   207.79050286711197 
   116.30714282992656   249.40925871991729 
   135.64991457363462   239.46228906265716 
   226.02142854421228   59.378541546646161 
   245.36420028792034   49.431571889386028 
   228.13554346019981   102.82817462321627 
    247.4783152039079   92.881204965956158 
   209.84982917448554   134.49996081876148 
   229.19260091819359   124.55299116150135 
   191.56411488877129   166.17174701430662 
   210.90688663247931   156.22477735704655 
   173.27840060305695   197.84353320985184 
   192.62117234676504   187.89656355259172 
    154.9926863173427   229.51531940539704 
   174.33545806105073   219.56834974813691 
   156.04974377533648   251.24013594368211 
   246.42125774591412   71.156388427671104 
   248.53537266190168   114.60602150424121 
   230.24965837618734   146.27780769978639 
   249.59243011989545   136.33083804252627 
   211.96394409047309   177.94959389533159 
   231.30671583418112   168.00262423807149 
   193.67822980475879   209.62138009087678 
   213.02100154846687   199.67441043361663 
   175.39251551904451   241.29316628642195 
   194.73528726275256   231.34619662916185 
