   75.661252038983861   23.825033175781119 
    96.91940000660172   19.223276002862367 
   49.801346898447271   49.684938316317705 
   71.059494866065123   45.083181143398981 
   23.941441757910667   75.544843456854309 
   45.199589725528533   70.943086283935571 
   19.339684584991943   96.802991424472168 
   118.17754797421958   14.621518829943643 
   139.43569594183742   10.019761657024905 
   92.317642833682967   40.481423970480243 
   113.57579080130084   35.879666797561491 
   66.457737693146385   66.341329111016833 
   87.715885660764243   61.739571938098109 
   40.597832552609795   92.201234251553444 
   61.855980520227654   87.599477078634692 
   14.737927412073191   118.06113939209004 
   35.996075379691057    113.4593822191713 
   10.136170239154451   139.31928735970789 
    134.8339387689187   31.277909624642753 
   156.09208673653654   26.676152451724029 
    108.9740336283821   57.137814765179357 
   130.23218159599995   52.536057592260619 
    83.11412848784552   82.997719905715954 
   104.37227645546336    78.39596273279723 
   57.254223347308915   108.85762504625256 
   78.512371314926781   104.25586787333383 
   31.394318206772315   134.71753018678913 
   52.652466174390177   130.11577301387041 
   5.5344130662357127   160.57743532732576 
   26.792561033853577   155.97567815440703 
    160.6938439094553   5.4180044841061656 
   151.49032956361782   47.934300419341895 
   172.74847753123569   43.332543246423164 
   125.63042442308124   73.794205559878492 
    146.8885723906991   69.192448386959754 
   99.770519282544655   99.654110700415075 
    121.0286672501625   95.052353527496351 
   73.910614142008043   125.51401584095169 
   95.168762109625916   120.91225866803295 
   48.050709001471454   151.37392098148828 
   69.308856969089319   146.77216380856956 
   22.190803860934849   177.23382612202491 
   43.448951828552715   172.63206894910616 
   177.35023470415442   22.074395278805305 
   17.589046688016154   198.49197408964272 
   168.14672035831694   64.590691214041016 
   189.40486832593481   59.988934041122278 
   142.28681521778034   90.450596354577613 
   163.54496318539825   85.848839181658875 
   116.42691007724376   116.31050149511421 
   137.68505804486162   111.70874432219549 
   90.567004936707178   142.17040663565081 
   111.82515290432502   137.56864946273208 
   64.707099796170581   168.03031177618743 
    85.96524776378844   163.42855460326868 
   38.847194655633977     193.890216916724 
   60.105342623251836   189.28845974380528 
   194.00662549885357   38.730786073504412 
   34.245437482715282   215.14836488434185 
   184.80311115301609   81.247082008740122 
   206.06125912063393   76.645324835821384 
   158.94320601247949   107.10698714927675 
   180.20135398009734     102.505229976358 
    133.0833008719429   132.96689228981333 
   154.34144883956074   128.36513511689458 
    107.2233957314063   158.82679743034993 
   128.48154369902414   154.22504025743117 
   81.363490590869702   184.68670257088652 
   102.62163855848755    180.0849453979678 
   55.503585450333098   210.54660771142315 
   76.761733417950964    205.9448505385044 
   210.66301629355266   55.387176868203539 
   50.901828277414388   231.80475567904094 
   201.45950194771521   97.903472803439271 
   222.71764991533308   93.301715630520548 
   175.59959680717861   123.76337794397585 
   196.85774477479649   119.16162077105713 
   149.73969166664202   149.62328308451245 
   170.99783963425989   145.02152591159373 
   123.87978652610543   175.48318822504905 
   145.13793449372329   170.88143105213032 
   98.019881385568823   201.34309336558567 
    119.2780293531867   196.74133619266692 
   72.159976245032226   227.20299850612227 
   93.418124212650099   222.60124133320352 
   227.31940708825178    72.04356766290266 
   67.558219072113545   248.46114647374009 
   218.11589274241433   114.55986359813838 
    239.3740407100322   109.95810642521967 
   192.25598760187773     140.419768738675 
   213.51413556949558   135.81801156575625 
   166.39608246134117   166.27967387921157 
   187.65423042895901   161.67791670629288 
   140.53617732080454    192.1395790197482 
   161.79432528842241   187.53782184682944 
   114.67627218026796   217.99948416028479 
   135.93442014788582   213.39772698736604 
   88.816367039731361   243.85938930082136 
   110.07451500734922   239.25763212790267 
   243.97579788295093   88.699958457601781 
   234.77228353711345    131.2162543928375 
   256.03043150473138   126.61449721991879 
   208.91237839657688    157.0761595333741 
   230.17052636419473    152.4744023604554 
   183.05247325604026   182.93606467391069 
    204.3106212236581   178.33430750099197 
   157.19256811550369   208.79596981444729 
   178.45071608312156   204.19421264152857 
   131.33266297496709   234.65587495498389 
   152.59081094258494   230.05411778206519 
   126.73090580204835   255.91402292260179 
   251.42867433181257   147.87264518753662 
     225.568769191276   173.73255032807324 
   246.82691715889388   169.13079315515449 
   199.70886405073941   199.59245546860981 
   220.96701201835725   194.99069829569109 
   173.84895891020278   225.45236060914641 
   195.10710687782066   220.85060343622771 
   147.98905376966621   251.31226574968304 
   169.24720173728409   246.71050857676428 
