    143.5244529811456   3.1963342002943023 
   164.23542774497056   9.8401695703083512 
   108.19916561971681   12.661716421186483 
   128.91014038354177   19.305551791200546 
   72.873878258288002   22.127098642078678 
   93.584853022112981   28.770934012092727 
   37.548590896859217   31.592480862970874 
   58.259565660684189   38.236316232984919 
   2.2233035354304227   41.057863083863054 
   22.934278299255404     47.7016984538771 
   184.94640250879553     16.4840049403224 
   205.65737727262049   23.127840310336463 
   149.62111514736674   25.949387161214595 
   170.33208991119173   32.593222531228648 
   114.29582778593797   35.414769382106776 
   135.00680254976291   42.058604752120836 
   78.970540424509167   44.880151602998971 
   99.681515188334131   51.523986973013017 
   43.645253063080375   54.345533823891166 
   64.356227826905339   60.989369193905212 
     8.31996570165159   63.810916044783347 
   29.030940465476558   70.454751414797414 
   220.27168987022429   7.0186227194302191 
   191.04306467501669   39.237057901242679 
   211.75403943884163   45.880893271256724 
    155.7177773135879   48.702440122134874 
    176.4287520774129   55.346275492148919 
   120.39248995215912   58.167822343027055 
   141.10346471598407     64.8116577130411 
   85.067202590730304    67.63320456391925 
    105.7781773545553   74.277039933933281 
   49.741915229301526   77.098586784811431 
    70.45288999312649   83.742422154825476 
    14.41662786787273   86.563969005703626 
   35.127602631697712   93.207804375717672 
   226.36835203644543   29.771675680350498 
   197.13972684123783   61.990110862162958 
    217.8507016050628    68.63394623217701 
   161.81443947980907   71.455493083055146 
   182.52541424363403   78.099328453069191 
   126.48915211838028   80.920875303947327 
   147.20012688220524   87.564710673961386 
   91.163864756951469   90.386257524839522 
   111.87483952077645   97.030092894853581 
   55.838577395522684   99.851639745731717 
   76.549552159347655   106.49547511574576 
   20.513290034093885    109.3170219666239 
    41.22426479791887   115.96085733663796 
   232.46501420266659   52.524728641270777 
   5.8989774364900986   125.42623955753014 
     203.236389007459   84.743163823083236 
   223.94736377128396   91.386999193097282 
    167.9111016460302   94.208546043975431 
    188.6220764098552   100.85238141398948 
   132.58581428460144   103.67392826486761 
   153.29678904842638   110.31776363488166 
    97.26052692317262   113.13931048575981 
    117.9715016869976   119.78314585577385 
   61.935239561743835     122.604692706652 
   82.646214325568806   129.24852807666605 
   26.609952200315039   132.07007492754417 
   47.320926964140007   138.71391029755824 
   238.56167636888776   75.277781602191055 
   11.995639602711252   148.17929251845041 
   209.33305117368016   107.49621678400351 
    230.0440259375051   114.14005215401757 
   174.00776381225137    116.9615990048957 
   194.71873857607636   123.60543437490975 
   138.68247645082258   126.42698122578788 
   159.39345121464754   133.07081659580194 
   103.35718908939377   135.89236344668009 
   124.06816385321875   142.53619881669414 
   68.031901727964993   145.35774566757229 
   88.742876491789957   152.00158103758633 
   32.706614366536193   154.82312788846446 
   53.417589130361158    161.4669632584785 
    244.6583385351089   98.030834563111327 
   18.092301768932405    170.9323454793707 
    215.4297133399013   130.24926974492382 
   236.14068810372626   136.89310511493787 
   180.10442597847251   139.71465196581599 
    200.8154007422975   146.35848733583006 
   144.77913861704374   149.18003418670818 
   165.49011338086868   155.82386955672223 
   109.45385125561492   158.64541640760038 
   130.16482601943991   165.28925177761442 
   74.128563894186144   168.11079862849257 
   94.839538658011122   174.75463399850662 
   38.803276532757344   177.57618084938474 
    59.51425129658233   184.22001621939881 
   250.75500070133006   120.78388752403163 
   24.188963935153559   193.68539844029098 
   221.52637550612246   153.00232270584408 
    242.2373502699474   159.64615807585812 
   186.20108814469367   162.46770492673627 
   206.91206290851866   169.11154029675032 
   150.87580078326488   171.93308714762844 
   171.58677554708984   178.57692251764252 
   115.55051342183609   181.39846936852064 
   136.26148818566105   188.04230473853468 
   80.225226060407294   190.86385158941283 
   100.93620082423227   197.50768695942688 
   44.899938698978502   200.32923381030503 
   65.610913462803481   206.97306918031907 
   256.85166286755123   143.53694048495188 
   30.285626101374714   216.43845140121127 
    227.6230376723436   175.75537566676437 
   248.33401243616856   182.39921103677844 
   192.29775031091484   185.22075788765653 
    213.0087250747398   191.86459325767061 
   156.97246294948604   194.68614010854873 
   177.68343771331101    201.3299754785628 
   121.64717558805725   204.15152232944092 
   142.35815035188222     210.795357699455 
   86.321888226628445   213.61690455033312 
   107.03286299045344   220.26073992034719 
   50.996600865199653   223.08228677122531 
   71.707575629024632   229.72612214123936 
   36.382288267595868   239.19150436213152 
   233.71969983856476   198.50842862768465 
   254.43067460238973    205.1522639976987 
   198.39441247713597   207.97381084857685 
   219.10538724096097   214.61764621859089 
   163.06912511570721   217.43919306946904 
   183.78009987953214   224.08302843948309 
   127.74383775427839   226.90457529036124 
   148.45481251810338   233.54841066037528 
    92.41855039284961   236.36995751125343 
   113.12952515667457   243.01379288126748 
   57.093263031420811    245.8353397321456 
   77.804237795245783   252.47917510215964 
