   90.101771044993598   16.529051277340898 
   111.82658758327867   17.586108735334673 
   58.429984849448431   34.814765563055168 
   80.154801387733471   35.871823021048961 
   26.758198653903239    53.10047984876946 
   48.483015192188311   54.157537306763238 
    16.81122899664312   72.443251592477537 
   133.55140412156373   18.643166193328437 
    155.2762206598488   19.700223651322183 
   101.87961792601854   36.928880479042725 
   123.60443446430361   37.985937937036489 
   70.207831730473387   55.214594764757003 
   91.932648268758427   56.271652222750781 
   38.536045534928192   73.500309050471287 
   60.260862073213247   74.557366508465066 
   6.8642593393829996   91.786023336185579 
   28.589075877668055   92.843080794179357 
   186.94800685539397   1.4145093656079082 
   145.32925100258865   39.042995395030268 
   167.05406754087372    40.10005285302401 
   113.65746480704348   57.328709680744552 
   135.38228134532855   58.385767138738316 
   81.985678611498301    75.61442396645883 
   103.71049514978334   76.671481424452608 
   50.313892415953127   93.900138252173136 
   72.038708954238189   94.957195710166886 
   18.642106220407936   112.18585253788743 
   40.366922758692994   113.24290999588118 
   8.6951365631478019   131.52862428159546 
   177.00103719813384   20.757281109315961 
   198.72585373641888   21.814338567309736 
   157.10709788361362   59.442824596732095 
   178.83191442189869   60.499882054725859 
   125.43531168806844   77.728538882446401 
   147.16012822635349   78.785596340440151 
   93.763525492523257   96.014253168160664 
    115.4883420308083   97.071310626154443 
   62.091739296978076   114.29996745387496 
   83.816555835263131   115.35702491186872 
   30.419953101432888   132.58568173958926 
   52.144769639717943   133.64273919758301 
   20.472983444172755   151.92845348329732 
   188.77888407915881   41.157110311017803 
   210.50370061744385   42.214167769011581 
   168.88494476463856   79.842653798433929 
    190.6097613029236   80.899711256427679 
   137.21315856909337   98.128368084148207 
   158.93797510737843   99.185425542141971 
   105.54137237354821   116.41408236986248 
   127.26618891183324   117.47113982785626 
   73.869586178003019   134.69979665557679 
   95.594402716288073   135.75685411357054 
   42.197799982457823   152.98551094129107 
   63.922616520742885   154.04256839928485 
   10.526013786912635   171.27122522700537 
   32.250830325197697   172.32828268499912 
   200.55673096018376   61.556939512719616 
    222.2815474984688   62.613996970713394 
   180.66279164566348   100.24248300013573 
   202.38760818394854   101.29954045812948 
   148.99100545011828   118.52819728585003 
   170.71582198840338   119.58525474384379 
   117.31921925457314   136.81391157156432 
   139.04403579285818    137.8709690295581 
   85.647433059027961    155.0996258572786 
   107.37224959731302   156.15668331527235 
   53.975646863482766    173.3853401429929 
    75.70046340176782   174.44239760098665 
    22.30386066793757   191.67105442870718 
   44.028677206222632   192.72811188670093 
   212.33457784120867   81.956768714421443 
   234.05939437949371   83.013826172415207 
   192.44063852668845   120.64231220183757 
   214.16545506497351   121.69936965983135 
   160.76885233114325   138.92802648755188 
   182.49366886942832   139.98508394554565 
   129.09706613559808   157.21374077326612 
   150.82188267388312   158.27079823125993 
   97.425279940052889   175.49945505898043 
   119.15009647833796   176.55651251697424 
   65.753493744507708   193.78516934469471 
   87.478310282792776   194.84222680268849 
   34.081707548962513   212.07088363040904 
   55.806524087247581   213.12794108840279 
   224.11242472223364   102.35659791612326 
   245.83724126051868   103.41365537411707 
   204.21848540771339    141.0421414035394 
   225.94330194599846   142.09919886153318 
   172.54669921216819   159.32785568925368 
   194.27151575045326   160.38491314724746 
   140.87491301662303   177.61356997496796 
   162.59972955490807   178.67062743296177 
   109.20312682107783   195.89928426068226 
   130.92794335936293   196.95634171867604 
    77.53134062553265   214.18499854639654 
   99.256157163817704   215.24205600439032 
   45.859554429987448   232.47071283211085 
   67.584370968272538   233.52777029010463 
   235.89027160325858    122.7564271178251 
    215.9963322887383   161.44197060524121 
   237.72114882702337   162.49902806323499 
   184.32454609319311   179.72768489095549 
    206.0493626314782   180.78474234894927 
   152.65275989764797   198.01339917666979 
   174.37757643593301    199.0704566346636 
   120.98097370210277   216.29911346238407 
   142.70579024038784   217.35617092037785 
   89.309187506557578   234.58482774809838 
   111.03400404484265   235.64188520609218 
   57.637401311012383   252.87054203381265 
   79.362217849297451   253.92759949180643 
    247.6681184842835   143.15625631952693 
   227.77417916976324   181.84179980694302 
   249.49899570804834   182.89885726493682 
   196.10239297421805   200.12751409265732 
   217.82720951250315   201.18457155065113 
   164.43060677867291    218.4132283783716 
   186.15542331695795   219.47028583636541 
   132.75882058312772   236.69894266408591 
   154.48363712141278   237.75600012207968 
   101.08703438758252   254.98465694980021 
    122.8118509258676   256.04171440779396 
