   205.88242132136313   18.413125488448809 
   224.16813560707737   30.190972369473748 
   169.31099274993451   18.413125488448809 
   187.59670703564879   30.190972369473748 
   132.73956417850596   18.413125488448809 
   151.02527846422021   30.190972369473748 
   96.168135607077375   18.413125488448809 
   114.45384989279167   30.190972369473748 
   59.596707035648798   18.413125488448809 
   77.882421321363097   30.190972369473748 
   23.025278464220222   18.413125488448809 
   41.310992749934513   30.190972369473748 
   242.45384989279171   18.413125488448809 
   4.7395641785059599   30.190972369473762 
   205.88242132136313   41.968819250498683 
   224.16813560707737   53.746666131523639 
   169.31099274993451   41.968819250498683 
   187.59670703564879   53.746666131523639 
   132.73956417850596   41.968819250498683 
   151.02527846422021   53.746666131523639 
   96.168135607077375   41.968819250498683 
   114.45384989279167   53.746666131523639 
   59.596707035648798   41.968819250498683 
   77.882421321363097   53.746666131523639 
   23.025278464220222   41.968819250498683 
   41.310992749934513   53.746666131523639 
   242.45384989279171   41.968819250498683 
   4.7395641785059599   53.746666131523654 
   205.88242132136313   65.524513012548553 
   224.16813560707737   77.302359893573481 
   169.31099274993451   65.524513012548553 
   187.59670703564879   77.302359893573481 
   132.73956417850596   65.524513012548553 
   151.02527846422021   77.302359893573495 
   96.168135607077375   65.524513012548553 
   114.45384989279167   77.302359893573495 
   59.596707035648798   65.524513012548567 
   77.882421321363097   77.302359893573495 
   23.025278464220222   65.524513012548567 
   41.310992749934513   77.302359893573509 
   242.45384989279171   65.524513012548553 
   4.7395641785059599   77.302359893573509 
   205.88242132136313   89.080206774598437 
   224.16813560707737   100.85805365562338 
   169.31099274993454   89.080206774598452 
   187.59670703564879   100.85805365562338 
   132.73956417850596   89.080206774598452 
   151.02527846422021   100.85805365562338 
   96.168135607077375   89.080206774598452 
   114.45384989279167   100.85805365562338 
   59.596707035648798   89.080206774598466 
   77.882421321363097   100.85805365562338 
   23.025278464220222   89.080206774598466 
   41.310992749934513   100.85805365562338 
   242.45384989279171   89.080206774598437 
   4.7395641785059599   100.85805365562338 
   205.88242132136313   112.63590053664832 
   224.16813560707737   124.41374741767326 
   169.31099274993454   112.63590053664832 
   187.59670703564879   124.41374741767326 
   132.73956417850596   112.63590053664832 
   151.02527846422021   124.41374741767326 
   96.168135607077375   112.63590053664832 
   114.45384989279167   124.41374741767326 
   59.596707035648798   112.63590053664832 
   77.882421321363097   124.41374741767326 
   23.025278464220222   112.63590053664834 
   41.310992749934513   124.41374741767326 
   242.45384989279171   112.63590053664831 
   4.7395641785059599   124.41374741767328 
   205.88242132136313   136.19159429869819 
   224.16813560707737   147.96944117972311 
   169.31099274993454   136.19159429869819 
   187.59670703564879   147.96944117972311 
   132.73956417850596   136.19159429869822 
   151.02527846422021   147.96944117972311 
   96.168135607077375   136.19159429869822 
   114.45384989279167   147.96944117972311 
   59.596707035648798   136.19159429869822 
   77.882421321363097   147.96944117972313 
   23.025278464220222   136.19159429869822 
   41.310992749934513   147.96944117972313 
   242.45384989279171   136.19159429869819 
   4.7395641785059599   147.96944117972313 
   205.88242132136313   159.74728806074805 
   224.16813560707737   171.52513494177302 
   169.31099274993454   159.74728806074805 
   187.59670703564879   171.52513494177302 
   132.73956417850596   159.74728806074805 
   151.02527846422024   171.52513494177302 
   96.168135607077375   159.74728806074808 
   114.45384989279167   171.52513494177302 
   59.596707035648798   159.74728806074808 
   77.882421321363097   171.52513494177302 
   23.025278464220222   159.74728806074808 
   41.310992749934513   171.52513494177305 
   242.45384989279171   159.74728806074805 
   4.7395641785059599   171.52513494177305 
   205.88242132136313   183.30298182279793 
   224.16813560707737    195.0808287038229 
   169.31099274993454   183.30298182279796 
   187.59670703564882    195.0808287038229 
   132.73956417850596   183.30298182279796 
   151.02527846422024    195.0808287038229 
   96.168135607077375   183.30298182279796 
   114.45384989279167    195.0808287038229 
   59.596707035648798   183.30298182279796 
   77.882421321363097    195.0808287038229 
   23.025278464220222   183.30298182279796 
   41.310992749934513    195.0808287038229 
   242.45384989279171   183.30298182279793 
   4.7395641785059599    195.0808287038229 
   205.88242132136313   206.85867558484782 
   224.16813560707737   218.63652246587276 
   169.31099274993454   206.85867558484782 
   187.59670703564882   218.63652246587276 
   132.73956417850596   206.85867558484782 
   151.02527846422024   218.63652246587276 
   96.168135607077375   206.85867558484782 
   114.45384989279167   218.63652246587276 
   59.596707035648798   206.85867558484782 
   77.882421321363097   218.63652246587276 
   23.025278464220222   206.85867558484782 
   41.310992749934513   218.63652246587276 
   242.45384989279171   206.85867558484782 
   4.7395641785059599   218.63652246587279 
   205.88242132136313    230.4143693468977 
   224.16813560707737   242.19221622792267 
   169.31099274993454    230.4143693468977 
   187.59670703564882   242.19221622792267 
   132.73956417850596    230.4143693468977 
   151.02527846422024   242.19221622792267 
   96.168135607077375    230.4143693468977 
   114.45384989279167   242.19221622792267 
   59.596707035648798    230.4143693468977 
   77.882421321363097   242.19221622792267 
   23.025278464220222    230.4143693468977 
   41.310992749934513   242.19221622792267 
   242.45384989279171    230.4143693468977 
   4.7395641785059599   242.19221622792267 
