   30.436449932898402   35.601876726466948 
   30.436449932898402   61.201876726466949 
   42.095923678595774   61.201876726466949 
   42.095923678595774   35.601876726466948 
   30.436449932898402   86.801876726466944 
   30.436449932898402   112.40187672646694 
   42.095923678595774   112.40187672646694 
   42.095923678595774   86.801876726466944 
   30.436449932898402   138.00187672646692 
   30.436449932898402   163.60187672646694 
   42.095923678595774   163.60187672646694 
   42.095923678595774   138.00187672646692 
   30.436449932898402   189.20187672646693 
   30.436449932898402   214.80187672646693 
   42.095923678595774   214.80187672646693 
   42.095923678595774   189.20187672646693 
   30.436449932898402   240.40187672646695 
   30.436449932898402     10.0018767264669 
   42.095923678595774     10.0018767264669 
   42.095923678595774   240.40187672646695 
   53.755397424293136   35.601876726466948 
   53.755397424293136   61.201876726466949 
   65.414871169990505   61.201876726466949 
   65.414871169990505   35.601876726466948 
   53.755397424293136   86.801876726466944 
   53.755397424293136   112.40187672646694 
   65.414871169990505   112.40187672646694 
   65.414871169990505   86.801876726466944 
   53.755397424293136   138.00187672646692 
   53.755397424293136   163.60187672646694 
   65.414871169990505   163.60187672646694 
   65.414871169990505   138.00187672646692 
   53.755397424293136   189.20187672646693 
   53.755397424293136   214.80187672646693 
   65.414871169990505   214.80187672646693 
   65.414871169990505   189.20187672646693 
   53.755397424293136   240.40187672646695 
   53.755397424293136     10.0018767264669 
   65.414871169990505     10.0018767264669 
   65.414871169990505   240.40187672646695 
   77.074344915687874   35.601876726466948 
   77.074344915687874   61.201876726466949 
   88.733818661385243   61.201876726466949 
   88.733818661385243   35.601876726466948 
   77.074344915687874   86.801876726466944 
   77.074344915687874   112.40187672646694 
   88.733818661385243   112.40187672646694 
   88.733818661385243   86.801876726466944 
   77.074344915687874   138.00187672646692 
   77.074344915687874   163.60187672646694 
   88.733818661385243   163.60187672646694 
   88.733818661385243   138.00187672646692 
   77.074344915687874   189.20187672646693 
   77.074344915687874   214.80187672646693 
   88.733818661385243   214.80187672646693 
   88.733818661385243   189.20187672646693 
   77.074344915687874   240.40187672646695 
   77.074344915687874     10.0018767264669 
   88.733818661385243     10.0018767264669 
   88.733818661385243   240.40187672646695 
   100.39329240708263   35.601876726466948 
   100.39329240708263   61.201876726466949 
   112.05276615277999   61.201876726466949 
   112.05276615277999   35.601876726466948 
   100.39329240708263   86.801876726466944 
   100.39329240708263   112.40187672646694 
   112.05276615277999   112.40187672646694 
   112.05276615277999   86.801876726466944 
   100.39329240708263   138.00187672646692 
   100.39329240708263   163.60187672646694 
   112.05276615277999   163.60187672646694 
   112.05276615277999   138.00187672646692 
   100.39329240708263   189.20187672646693 
   100.39329240708263   214.80187672646693 
   112.05276615277999   214.80187672646693 
   112.05276615277999   189.20187672646693 
   100.39329240708263   240.40187672646695 
   100.39329240708263     10.0018767264669 
   112.05276615277999     10.0018767264669 
   112.05276615277999   240.40187672646695 
   123.71223989847736   35.601876726466948 
   123.71223989847736   61.201876726466949 
   135.37171364417472   61.201876726466949 
   135.37171364417472   35.601876726466948 
   123.71223989847736   86.801876726466944 
   123.71223989847736   112.40187672646694 
   135.37171364417472   112.40187672646694 
   135.37171364417472   86.801876726466944 
   123.71223989847736   138.00187672646692 
   123.71223989847736   163.60187672646694 
   135.37171364417472   163.60187672646694 
   135.37171364417472   138.00187672646692 
   123.71223989847736   189.20187672646693 
   123.71223989847736   214.80187672646693 
   135.37171364417472   214.80187672646693 
   135.37171364417472   189.20187672646693 
   123.71223989847736   240.40187672646695 
   123.71223989847736     10.0018767264669 
   135.37171364417472     10.0018767264669 
   135.37171364417472   240.40187672646695 
   147.03118738987209   35.601876726466948 
   147.03118738987209   61.201876726466949 
   158.69066113556948   61.201876726466949 
   158.69066113556948   35.601876726466948 
   147.03118738987209   86.801876726466944 
   147.03118738987209   112.40187672646694 
   158.69066113556948   112.40187672646694 
   158.69066113556948   86.801876726466944 
   147.03118738987209   138.00187672646692 
   147.03118738987209   163.60187672646694 
   158.69066113556948   163.60187672646694 
   158.69066113556948   138.00187672646692 
   147.03118738987209   189.20187672646693 
   147.03118738987209   214.80187672646693 
   158.69066113556948   214.80187672646693 
   158.69066113556948   189.20187672646693 
   147.03118738987209   240.40187672646695 
   147.03118738987209     10.0018767264669 
   158.69066113556948     10.0018767264669 
   158.69066113556948   240.40187672646695 
   170.35013488126685   35.601876726466948 
   170.35013488126685   61.201876726466949 
   182.00960862696425   61.201876726466949 
   182.00960862696425   35.601876726466948 
   170.35013488126685   86.801876726466944 
   170.35013488126685   112.40187672646694 
   182.00960862696425   112.40187672646694 
   182.00960862696425   86.801876726466944 
   170.35013488126685   138.00187672646692 
   170.35013488126685   163.60187672646694 
   182.00960862696425   163.60187672646694 
   182.00960862696425   138.00187672646692 
   170.35013488126685   189.20187672646693 
   170.35013488126685   214.80187672646693 
   182.00960862696425   214.80187672646693 
   182.00960862696425   189.20187672646693 
   170.35013488126685   240.40187672646695 
   170.35013488126685     10.0018767264669 
   182.00960862696425     10.0018767264669 
   182.00960862696425   240.40187672646695 
   193.66908237266156   35.601876726466948 
   193.66908237266156   61.201876726466949 
   205.32855611835896   61.201876726466949 
   205.32855611835896   35.601876726466948 
   193.66908237266156   86.801876726466944 
   193.66908237266156   112.40187672646694 
   205.32855611835896   112.40187672646694 
   205.32855611835896   86.801876726466944 
   193.66908237266156   138.00187672646692 
   193.66908237266156   163.60187672646694 
   205.32855611835896   163.60187672646694 
   205.32855611835896   138.00187672646692 
   193.66908237266156   189.20187672646693 
   193.66908237266156   214.80187672646693 
   205.32855611835896   214.80187672646693 
   205.32855611835896   189.20187672646693 
   193.66908237266156   240.40187672646695 
   193.66908237266156     10.0018767264669 
   205.32855611835896     10.0018767264669 
   205.32855611835896   240.40187672646695 
   216.98802986405633   35.601876726466948 
   216.98802986405633   61.201876726466949 
    228.6475036097537   61.201876726466949 
    228.6475036097537   35.601876726466948 
   216.98802986405633   86.801876726466944 
   216.98802986405633   112.40187672646694 
    228.6475036097537   112.40187672646694 
    228.6475036097537   86.801876726466944 
   216.98802986405633   138.00187672646692 
   216.98802986405633   163.60187672646694 
    228.6475036097537   163.60187672646694 
    228.6475036097537   138.00187672646692 
   216.98802986405633   189.20187672646693 
   216.98802986405633   214.80187672646693 
    228.6475036097537   214.80187672646693 
    228.6475036097537   189.20187672646693 
   216.98802986405633   240.40187672646695 
   216.98802986405633     10.0018767264669 
    228.6475036097537     10.0018767264669 
    228.6475036097537   240.40187672646695 
   240.30697735545104   35.601876726466948 
   240.30697735545104   61.201876726466949 
   18.776976187201051   61.201876726466949 
   18.776976187201051   35.601876726466948 
   240.30697735545104   86.801876726466944 
   240.30697735545104   112.40187672646694 
   18.776976187201051   112.40187672646694 
   18.776976187201051   86.801876726466944 
   240.30697735545104   138.00187672646692 
   240.30697735545104   163.60187672646694 
   18.776976187201051   163.60187672646694 
   18.776976187201051   138.00187672646692 
   240.30697735545104   189.20187672646693 
   240.30697735545104   214.80187672646693 
   18.776976187201051   214.80187672646693 
   18.776976187201051   189.20187672646693 
   240.30697735545104   240.40187672646695 
   240.30697735545104     10.0018767264669 
   18.776976187201051     10.0018767264669 
   18.776976187201051   240.40187672646695 
