   52.690473244232003   8.3185016116382631 
   63.952660056140438   11.336195472897566 
   46.064705689607486   33.046202764638409 
   39.438938134982948   57.773903917638556 
   50.701124946891383   60.791597778897859 
   57.326892501515921   36.063896625897712 
   32.813170580358417   82.501605070638703 
   26.187403025733882   107.22930622363886 
   37.449589837642321   110.24700008489816 
   44.075357392266852   85.519298931898007 
   19.561635471109362   131.95700737663898 
   12.935867916484828   156.68470852963912 
   24.198054728393263   159.70240239089844 
   30.823822283017797    134.9747012378983 
    6.310100361860294   181.41240968263932 
   10.946519619144196   209.15780469689872 
   17.572287173768729   184.43010354389858 
    75.21484686804888   14.353889334156872 
   86.477033679957316   17.371583195416175 
   68.589079313424349   39.081590487157015 
   61.963311758799811   63.809291640157163 
    73.22549857070824   66.826985501416488 
   79.851266125332785   42.099284348416319 
   55.337544204175273    88.53699279315731 
   48.711776649550742   113.26469394615748 
   59.973963461459178   116.28238780741678 
   66.599731016083709   91.554686654416614 
   42.086009094926219   137.99239509915759 
   35.460241540301688   162.72009625215773 
   46.722428352210123   165.73779011341705 
   53.348195906834654   141.01008896041691 
   28.834473985677153   187.44779740515793 
   22.208706431052619   212.17549855815807 
   33.470893242961054   215.19319241941733 
   40.096660797585585   190.46549126641719 
   97.739220491865737   20.389277056675478 
   109.00140730377416   23.406970917934782 
   91.113452937241206   45.116978209675622 
   84.487685382616661   69.844679362675791 
   95.749872194525082   72.862373223935094 
   102.37563974914963   48.134672070934933 
   77.861917827992144   94.572380515675917 
   71.236150273367613   119.30008166867609 
    82.49833708527602   122.31777552993539 
   89.124104639900551    97.59007437693522 
   64.610382718743068   144.02778282167623 
   57.984615164118544   168.75548397467634 
   69.246801976026973   171.77317783593566 
   75.872569530651504   147.04547668293552 
   51.358847609494006   193.48318512767653 
    44.73308005486949   218.21088628067668 
   55.995266866777911   221.22858014193594 
   62.621034421402435    196.5008789889358 
   126.88936167030712   1.6969636261939403 
   120.26359411568259   26.424664779194085 
   131.52578092759103   29.442358640453392 
   138.15154848221556   4.7146574874532448 
   113.63782656105808   51.152365932194236 
   107.01205900643353   75.880067085194398 
   118.27424581834195   78.897760946453701 
    124.9000133729665   54.170059793453539 
     100.386291451809   100.60776823819454 
    93.76052389718447   125.33546939119469 
   105.02271070909291   128.35316325245401 
   111.64847826371744   103.62546209945384 
   87.134756342559953   150.06317054419483 
   80.508988787935422   174.79087169719494 
   91.771175599843858   177.80856555845429 
   98.396943154468374   153.08086440545412 
   73.883221233310877   199.51857285019514 
   67.257453678686346   224.24627400319528 
   78.519640490594782   227.26396786445457 
   85.145408045219312   202.53626671145443 
   149.41373529412397   7.7323513487125481 
   142.78796773949946   32.460052501712696 
   154.05015455140787   35.477746362971999 
    160.6759221060324   10.750045209971852 
   136.16220018487493   57.187753654712843 
    129.5364326302504   81.915454807713004 
   140.79861944215884   84.933148668972308 
   147.42438699678337   60.205447515972146 
   122.91066507562586   106.64315596071314 
   116.28489752100133    131.3708571137133 
   127.54708433290976   134.38855097497259 
   134.17285188753431   109.66084982197245 
   109.65912996637681   156.09855826671344 
   103.03336241175228   180.82625941971355 
    114.2955492236607    183.8439532809729 
   120.92131677828523   159.11625212797273 
   96.407594857127734   205.55396057271375 
   89.781827302503217   230.28166172571389 
   101.04401411441164   233.29935558697315 
   107.66978166903615   208.57165443397304 
   171.93810891794084   13.767739071231157 
   165.31234136331631   38.495440224231302 
   176.57452817522474   41.513134085490591 
   183.20029572984924   16.785432932490458 
   158.68657380869178    63.22314137723145 
   152.06080625406724   87.950842530231611 
   163.32299306597568     90.9685363914909 
   169.94876062060018    66.24083523849076 
   145.43503869944271   112.67854368323175 
   138.80927114481821   137.40624483623191 
   150.07145795672662    140.4239386974912 
   156.69722551135115   115.69623754449104 
   132.18350359019365   162.13394598923205 
   125.55773603556914   186.86164714223216 
   136.81992284747753   189.87934100349148 
   143.44569040210206   165.15163985049134 
   118.93196848094459   211.58934829523236 
   112.30620092632006    236.3170494482325 
   123.56838773822848   239.33474330949176 
     130.194155292853   214.60704215649164 
   194.46248254175771   19.803126793749765 
   187.83671498713318   44.530827946749909 
   199.09890179904161   47.548521808009212 
   205.72466935366612   22.820820655009069 
   181.21094743250865   69.258529099750064 
   174.58517987788412   93.986230252750218 
   185.84736668979255   97.003924114009521 
   192.47313424441708   72.276222961009367 
   167.95941232325958   118.71393140575036 
   161.33364476863505   143.44163255875051 
   172.59583158054349    146.4593264200098 
   179.22159913516802   121.73162526700966 
   154.70787721401049   168.16933371175065 
   148.08210965938599   192.89703486475076 
   159.34429647129443   195.91472872601011 
   165.97006402591896   171.18702757300994 
   141.45634210476143   217.62473601775096 
   134.83057455013693    242.3524371707511 
   146.09276136204537   245.37013103201039 
    152.7185289166699   220.64242987901025 
   216.98685616557455   25.838514516268372 
   210.36108861095002   50.566215669268502 
   221.62327542285846   53.583909530527819 
   228.24904297748299   28.856208377527675 
   203.73532105632552    75.29391682226867 
   197.10955350170096   100.02161797526881 
   208.37174031360942   103.03931183652813 
   214.99750786823392   78.311610683527974 
   190.48378594707646   124.74931912826897 
    183.8580183924519   149.47702028126912 
   195.12020520436036   152.49471414252844 
   201.74597275898486   127.76701298952827 
   177.23225083782739   174.20472143426926 
   170.60648328320283   198.93242258726937 
   181.86867009511127   201.95011644852872 
   188.49443764973583   177.22241529552855 
    163.9807157285783   223.66012374026957 
   157.35494817395377   248.38782489326971 
   168.61713498586221     251.405518754529 
   175.24290254048674   226.67781760152886 
   239.51122978939139   31.873902238786979 
   232.88546223476689   56.601603391787116 
    244.1476490466753   59.619297253046433 
   250.77341660129986   34.891596100046286 
   226.25969468014236   81.329304544787277 
   219.63392712551783   106.05700569778742 
   230.89611393742626   109.07469955904672 
    237.5218814920508    84.34699840604658 
    213.0081595708933   130.78470685078756 
   206.38239201626877   155.51240800378773 
    217.6445788281772   158.53010186504704 
   224.27034638280173   133.80240071204688 
   199.75662446164426   180.24010915678787 
   193.13085690701968   204.96781030978798 
   204.39304371892814   207.98550417104732 
   211.01881127355267   183.25780301804716 
   186.50508935239517   229.69551146278818 
   179.87932179777064   254.42321261578832 
   197.76727616430358   232.71320532404746 
    255.4098358585837   62.636991114305722 
    248.7840683039592   87.364692267305884 
    242.1583007493347   112.09239342030602 
   253.42048756124311   115.11008728156533 
   235.53253319471014   136.82009457330616 
   228.90676564008564   161.54779572630633 
   240.16895245199404   164.56548958756565 
    246.7947200066186   139.83778843456548 
   222.28099808546111   186.27549687930647 
   215.65523053083655   211.00319803230661 
   226.91741734274498   214.02089189356593 
   233.54318489736954   189.29319074056576 
   209.02946297621202   235.73089918530678 
   220.29164978812045   238.74859304656607 
