   85.765482030643867    12.09984019876658 
   95.862882489175519    17.92957707161527 
   72.965482030643869   34.270090535648222 
   60.165482030643879   56.440340872529831 
   70.262882489175524   62.270077745378522 
   83.062882489175522   40.099827408496914 
   47.365482030643868   78.610591209411481 
   34.565482030643878    100.7808415462931 
   44.662882489175523   106.61057841914179 
    57.46288248917552    84.44032808226018 
   21.765482030643881   122.95109188317473 
   8.9654820306438872   145.12134222005633 
   19.062882489175532   150.95107909290502 
   31.862882489175529   128.78082875602342 
   6.2628824891755253   173.12132942978667 
   118.76028294770714   1.5890636075823359 
   105.96028294770713   23.759313944463962 
   116.05768340623877   29.589050817312639 
   128.85768340623878    7.418800480430999 
   93.160282947707145   45.929564281345591 
   80.360282947707148   68.099814618227214 
   90.457683406238772   73.929551491075898 
   103.25768340623875   51.759301154194269 
   67.560282947707137    90.27006495510885 
    54.76028294770714   112.44031529199049 
   64.857683406238777   118.27005216483916 
   77.657683406238775   96.099801827957535 
    41.96028294770715   134.61056562887208 
   29.160282947707152   156.78081596575373 
   39.257683406238783   162.61055283860242 
    52.05768340623878   140.44030250172079 
   16.360282947707145   178.95106630263538 
     3.56028294770715   201.12131663951698 
   13.657683406238784   206.95105351236566 
   26.457683406238779   184.78080317548407 
   138.95508386477039   13.248537353279691 
   126.15508386477039   35.418787690161317 
   136.25248432330201   41.248524563010008 
   149.05248432330202   19.078274226128368 
   113.35508386477039   57.589038027042953 
    100.5550838647704   79.759288363924568 
   110.65248432330202   85.589025236773253 
   123.45248432330202   63.418774899891631 
   87.755083864770384   101.92953870080622 
   74.955083864770387   124.09978903768786 
   85.052484323302011   129.92952591053654 
   97.852484323302008   107.75927557365492 
   62.155083864770397   146.27003937456948 
   49.355083864770407    168.4402897114511 
   59.452484323302023   174.27002658429976 
   72.252484323302014   152.09977624741813 
   36.555083864770396   190.61054004833272 
   23.755083864770402   212.78079038521435 
   33.852484323302022   218.61052725806306 
   46.652484323302012   196.44027692118141 
   159.14988478183363   24.908011098977056 
   146.34988478183362   47.078261435858686 
   156.44728524036526   52.907998308707377 
   169.24728524036527   30.737747971825748 
   133.54988478183364   69.248511772740329 
   120.74988478183364   91.418762109621952 
    130.8472852403653   97.248498982470636 
   143.64728524036525   75.078248645589014 
   107.94988478183365   113.58901244650359 
   95.149884781833649    135.7592627833852 
   105.24728524036527   141.58899965623388 
   118.04728524036527   119.41874931935229 
   82.349884781833651   157.92951312026682 
   69.549884781833654   180.09976345714847 
   79.647285240365306   185.92950032999715 
   92.447285240365289   163.75924999311553 
    56.74988478183365   202.27001379403009 
   43.949884781833653   224.44026413091174 
   54.047285240365291   230.27000100376043 
   66.847285240365295   208.09975066687878 
   179.34468569889691   36.567484844674425 
    166.5446856988969   58.737735181556054 
   176.64208615742854   64.567472054404746 
   189.44208615742852   42.397221717523117 
   153.74468569889689   80.907985518437684 
    140.9446856988969   103.07823585531931 
   151.04208615742851   108.90797272816799 
   163.84208615742853   86.737722391286368 
   128.14468569889689   125.24848619220096 
    115.3446856988969   147.41873652908259 
   125.44208615742853   153.24847340193128 
    138.2420861574285   131.07822306504966 
    102.5446856988969   169.58898686596422 
   89.744685698896916   191.75923720284581 
    99.84208615742854   197.58897407569449 
   112.64208615742854    175.4187237388129 
   76.944685698896905   213.92948753972746 
   64.144685698896907   236.09973787660908 
    74.24208615742856   241.92947474945777 
   87.042086157428528   219.75922441257615 
   199.53948661596013   48.226958590371794 
   186.73948661596012   70.397208927253416 
   196.83688707449178   76.226945800102115 
   209.63688707449177   54.056695463220471 
   173.93948661596013   92.567459264135053 
   161.13948661596015   114.73770960101668 
   171.23688707449179   120.56744647386536 
   184.03688707449177   98.397196136983752 
   148.33948661596014   136.90795993789831 
   135.53948661596016   159.07821027477993 
   145.63688707449177   164.90794714762862 
   158.43688707449178     142.737696810747 
   122.73948661596016   181.24846061166156 
   109.93948661596016   203.41871094854318 
    120.0368870744918   209.24844782139189 
   132.83688707449178   187.07819748451027 
   97.139486615960152   225.58896128542486 
   84.339486615960155   247.75921162230645 
   94.436887074491793   253.58894849515514 
   107.23688707449179   231.41869815827354 
   219.73428753302343   59.886432336069163 
   206.93428753302339   82.056682672950799 
   217.03168799155506   87.886419545799498 
   229.83168799155504   65.716169208917847 
   194.13428753302341   104.22693300983244 
   181.33428753302343   126.39718334671406 
   191.43168799155507   132.22692021956277 
   204.23168799155502   110.05666988268113 
   168.53428753302339   148.56743368359568 
   155.73428753302341   170.73768402047733 
   165.83168799155507   176.56742089332602 
   178.63168799155505   154.39717055644439 
   142.93428753302342   192.90793435735895 
   130.13428753302344   215.07818469424058 
   140.23168799155508   220.90792156708926 
   153.03168799155506   198.73767123020764 
   117.33428753302341   237.24843503112223 
   127.43168799155507   243.07817190397091 
   239.92908845008668   71.545906081766532 
   227.12908845008667   93.716156418648168 
   237.22648890861831   99.545893291496867 
   250.02648890861829   77.375642954615216 
   214.32908845008666   115.88640675552979 
   201.52908845008668   138.05665709241143 
   211.62648890861828   143.88639396526011 
    224.4264889086183   121.71614362837849 
   188.72908845008666   160.22690742929308 
   175.92908845008665    182.3971577661747 
   186.02648890861829   188.22689463902339 
    198.8264889086183   166.05664430214173 
   163.12908845008667   204.56740810305629 
   150.32908845008669   226.73765843993792 
   160.42648890861832   232.56739531278663 
   173.22648890861828   210.39714497590498 
   137.52908845008668   248.90790877681957 
   147.62648890861831   254.73764564966831 
   247.32388936714992   105.37563016434554 
   234.52388936714991   127.54588050122717 
   221.72388936714992   149.71613083810877 
   231.82128982568156   155.54586771095745 
   244.62128982568157   133.37561737407586 
   208.92388936714994   171.88638117499042 
   196.12388936714993   194.05663151187207 
   206.22128982568157   199.88636838472075 
   219.02128982568155   177.71611804783913 
   183.32388936714992   216.22688184875369 
   170.52388936714993   238.39713218563529 
   180.62128982568157   244.22686905848397 
   193.42128982568155   222.05661872160238 
   75.668081572112271   6.2701033259179173 
   254.71869028421318   139.20535424692454 
   241.91869028421317   161.37560458380617 
   50.068081572112284   50.610603999681167 
   62.868081572112281   28.440353662799545 
   229.11869028421316   183.54585492068782 
   216.31869028421318   205.71610525756941 
   24.468081572112286   94.951104673444434 
    37.26808157211228   72.780854336562811 
   203.51869028421316   227.88635559445103 
   190.71869028421321   250.05660593133265 
   11.668081572112291   117.12135501032606 
