   105.89289788990831   2.1424442580935232 
   114.13739084055744   10.386937208742669 
   87.790964291532674    20.24437785646915 
   69.689030693157065   38.346311454844773 
   77.933523643806197   46.590804405493905 
   96.035457242181806   28.488870807118282 
    51.58709709478147   56.448245053220376 
   33.485163496405846   74.550178651595999 
   41.729656447054978   82.794671602245131 
   59.831590045430602   64.692738003869508 
    15.38322989803023   92.652112249971623 
   5.5257892503037498   118.99853879899636 
   23.627722848679362   100.89660520062075 
   122.38188379120656   18.631430159391787 
   130.62637674185567   26.875923110040905 
    148.7283103402313   8.7739895116652917 
   104.27995019283094     36.7333637577674 
   86.178016594455315   54.835297356143023 
   94.422509545104447   63.079790306792141 
   112.52444314348007   44.977856708416532 
    68.07608299607972    72.93723095451864 
   49.974149397704096   91.039164552894263 
   58.218642348353228   99.283657503543381 
   76.320575946728852   81.181723905167757 
    31.87221579932848   109.14109815126986 
   13.770282200952883    127.2430317496455 
   22.014775151601999   135.48752470029459 
   40.116708749977612   117.38559110191899 
   3.9128415532263734   153.58945829867025 
   156.97280329088042   17.018482462314424 
   138.87086969250481    35.12041606069004 
   147.11536264315393   43.364909011339158 
   165.21729624152954   25.262975412963542 
    120.7689360941292   53.222349659065664 
   102.66700249575358    71.32428325744128 
    110.9114954464027   79.568776208090398 
   129.01342904477832   61.466842609714782 
   84.565068897377984    89.42621685581689 
    66.46313529900236   107.52815045419251 
   74.707628249651464   115.77264340484163 
   92.809561848027087   97.670709806466007 
   48.361201700626744   125.63008405256812 
   30.259268102251131   143.73201765094373 
   38.503761052900252   151.97651060159285 
   56.605694651275861   133.87457700321727 
   12.157334503875505   161.83395124931937 
   183.31922983990518   7.1610418145879153 
   20.401827454524621   170.07844419996849 
   173.46178919217866   33.507468363612674 
   155.35985559380308    51.60940196198829 
   163.60434854445219   59.853894912637422 
    181.7062821428278   41.751961314261806 
   137.25792199542744   69.711335560363906 
   119.15598839705184    87.81326915873953 
   127.40048134770095   96.057762109388648 
   145.50241494607658   77.955828511013024 
   101.05405479867623   105.91520275711514 
    82.95212120030061   124.01713635549076 
   91.196614150949728   132.26162930613989 
   109.29854774932535   114.15969570776427 
   64.850187601925001   142.11906995386639 
   46.748254003549398     160.221003552242 
   54.992746954198516   168.46549650289111 
   73.094680552574133    150.3635629045155 
   28.646320405173768   178.32293715061761 
   191.56372279055429   15.405534765237048 
   199.80821574120344   23.650027715886178 
   36.890813355822885   186.56743010126675 
   189.95077509347692   49.996454264910923 
   171.84884149510131   68.098387863286533 
   180.09333444575043   76.342880813935651 
   198.19526804412607   58.240947215560041 
    153.7469078967257   86.200321461662142 
   135.64497429835009   104.30225506003778 
   143.88946724899921    112.5467480106869 
   161.99140084737482   94.444814412311274 
   117.54304069997448   122.40418865841339 
    99.44110710159886   140.50612225678901 
   107.68560005224798   148.75061520743813 
    125.7875336506236   130.64868160906249 
    81.33917350322325   158.60805585516462 
   63.237239904847648   176.70998945354023 
   71.481732855496759   184.95448240418935 
   89.583666453872368   166.85254880581374 
   45.135306306472017   194.81192305191584 
   208.05270869185256   31.894520666535296 
    216.2972016425017   40.139013617184418 
   53.379799257121135   203.05641600256499 
   206.43976099477516   66.485440166209159 
   188.33782739639958   84.587373764584768 
   196.58232034704869     92.8318667152339 
    214.6842539454243   74.729933116858291 
   170.23589379802394   102.68930736296039 
   152.13396019964833   120.79124096133602 
   160.37845315029745   129.03573391198515 
   178.48038674867308   110.93380031360951 
   134.03202660127272   138.89317455971161 
    115.9300930028971   156.99510815808725 
   124.17458595354623   165.23960110873637 
   142.27651955192184   147.13766751036073 
     97.8281594045215   175.09704175646286 
   79.726225806145877    193.1989753548385 
   87.970718756795009   201.44346830548761 
   106.07265235517063     183.341534707112 
   61.624292207770253    211.3009089532141 
   224.54169459315079   48.383506567833535 
   232.78618754379994   56.627999518482667 
   69.868785158419385   219.54540190386325 
   222.92874689607342   82.974426067507423 
   204.82681329769784   101.07635966588303 
   213.07130624834696   109.32085261653216 
   231.17323984672257   91.218919018156555 
    186.7248796993222   119.17829326425866 
   168.62294610094659   137.28022686263427 
   176.86743905159571   145.52471981328341 
   194.96937264997135   127.42278621490777 
   150.52101250257098    155.3821604610099 
   132.41907890419535   173.48409405938554 
   140.66357185484449   181.72858701003463 
    158.7655054532201   163.62665341165899 
   114.31714530581976   191.58602765776112 
   96.215211707444155   209.68796125613676 
   104.45970465809327   217.93245420678588 
    122.5616382564689   199.83052060841027 
   78.113278109068531   227.78989485451237 
   241.03068049444906   64.872492469131799 
    249.2751734450982   73.116985419780931 
   86.357771059717663   236.03438780516151 
   239.41773279737166   99.463411968805673 
    221.3157991989961   117.56534556718128 
   229.56029214964522   125.80983851783041 
    247.6622257480208    107.7079049194548 
   203.21386560062047   135.66727916555692 
   185.11193200224486    153.7692127639325 
   193.35642495289397   162.01370571458165 
   211.45835855126961   143.91177211620604 
   167.00999840386925   171.87114636230814 
   148.90806480549361   189.97307996068378 
   157.15255775614276   198.21757291133289 
   175.25449135451836   180.11563931295726 
     130.806131207118   208.07501355905939 
   112.70419760874239     226.176947157435 
   120.94869055939152   234.42144010808411 
   139.05062415776715   216.31950650970853 
   94.602264010366767    244.2788807558106 
    102.8467569610159   252.52337370645975 
   255.90671869866992   115.95239787010392 
   237.80478510029434   134.05433146847952 
   246.04927805094346   142.29882441912866 
   219.70285150191873   152.15626506685516 
   201.60091790354312   170.25819866523076 
   209.84541085419224   178.50269161587991 
   227.94734445256788   160.40075801750427 
   183.49898430516748   188.36013226360637 
   165.39705070679184   206.46206586198204 
   173.64154365744099   214.70655881263116 
    191.7434772558166   196.60462521425549 
   147.29511710841626   224.56399946035759 
   129.19318351004065   242.66593305873323 
    137.4376764606898   250.91042600938235 
   155.53961005906538   232.80849241100674 
   254.29377100159257   150.54331736977778 
   236.19183740321697   168.64525096815342 
   218.08990380484136     186.747184566529 
   226.33439675549047   194.99167751717818 
   244.43633035386611   176.88974391880254 
   199.98797020646575   204.84911816490461 
   181.88603660809011   222.95105176328028 
   190.13052955873925   231.19554471392939 
   208.23246315711486   213.09361111555373 
    163.7841030097145   241.05298536165586 
   172.02859596036362     249.297478312305 
