   117.32638986122711   11.993929170234164 
   123.15612673407581   22.091329628765781 
   145.32637707095742   9.2913296287657747 
   95.156139524345491   24.793929170234172 
   72.985889187463883   37.593929170234169 
   78.815626060312553   47.691329628765786 
   100.98587639719416   34.891329628765789 
   50.815638850582253   50.393929170234159 
   28.645388513700638   63.193929170234156 
   34.475125386549315    73.29132962876578 
   56.645375723430945   60.491329628765783 
   6.4751381768189846   75.993929170234168 
   12.304875049667675   86.091329628765777 
   173.32636428068776   6.5887300872973986 
   179.15610115353647   16.686130545829016 
   201.32635149041806   3.8861305458290234 
    151.1561139438061   19.388730087297393 
   128.98586360692448   32.188730087297401 
   134.81560047977317   42.286130545829032 
   156.98585081665479   29.486130545829027 
   106.81561327004286   44.988730087297412 
   84.645362933161252   57.788730087297402 
   90.475099806009922   67.886130545829019 
   112.64535014289154   55.086130545829029 
   62.475112596279629   70.588730087297392 
   40.304862259398007    83.38873008729739 
   46.134599132246699   93.486130545829027 
   68.304849469128314    80.68613054582903 
   18.134611922516367   96.188730087297401 
    1.794098458483445   119.08613054582902 
   23.964348795365044   106.28613054582904 
   207.15608836326675   13.983531004360657 
   184.98583802638512    26.78353100436065 
   190.81557489923381   36.880931462892271 
   212.98582523611543   24.080931462892277 
    162.8155876895035   39.583531004360644 
   140.64533735262185   52.383531004360655 
   146.47507422547056   62.480931462892286 
   168.64532456235219   49.680931462892275 
   118.47508701574024    65.18353100436066 
   96.304836678858607   77.983531004360657 
   102.13457355170731   88.080931462892295 
   124.30482388858891   75.280931462892283 
   74.134586341976984   90.783531004360654 
   51.964336005095376   103.58353100436067 
   57.794072877944068   113.68093146289227 
   79.964323214825683   100.88093146289228 
   29.794085668213732   116.38353100436066 
   7.6238353313321214   129.18353100436065 
   13.453572204180798   139.28093146289228 
    35.62382254106241   126.48093146289229 
   218.81556210896412   34.178331921423911 
   196.64531177208249   46.978331921423901 
   202.47504864493118   57.075732379955525 
   224.64529898181283   44.275732379955528 
   174.47506143520087   59.778331921423913 
   152.30481109831925   72.578331921423924 
    158.1345479711679   82.675732379955534 
   180.30479830804956   69.875732379955537 
   130.13456076143763   85.378331921423921 
   107.96431042455599   98.178331921423904 
   113.79404729740467   108.27573237995554 
   135.96429763428628   95.475732379955545 
   85.794060087674367   110.97833192142392 
   63.623809750792759   123.77833192142391 
   69.453546623641429   133.87573237995554 
   91.623796960523066   121.07573237995554 
   41.453559413911115   136.57833192142394 
   19.283309077029489   149.37833192142392 
   25.113045949878181   159.47573237995553 
   47.283296286759793   146.67573237995555 
   230.47503585466151   54.373132838487159 
   208.30478551777986   67.173132838487149 
   214.13452239062855   77.270533297018773 
   236.30477272751017    64.47053329701879 
   186.13453518089827   79.973132838487146 
   163.96428484401659   92.773132838487157 
    169.7940217168653   102.87053329701878 
   191.96427205374692   90.070533297018784 
   141.79403450713497   105.57313283848717 
   119.62378417025336   118.37313283848717 
   125.45352104310204   128.47053329701879 
   147.62377137998368   115.67053329701878 
    97.45353383337175   131.17313283848716 
   75.283283496490128   143.97313283848717 
   81.113020369338813   154.07053329701878 
   103.28327070622042   141.27053329701877 
   53.113033159608484   156.77313283848719 
   30.942782822726858   169.57313283848714 
   36.772519695575546   179.67053329701881 
   58.942770032457162    166.8705332970188 
   242.13450960035885   74.567933755550399 
   219.96425926347723   87.367933755550411 
   225.79399613632592    97.46533421408202 
   247.96424647320754   84.665334214082037 
   197.79400892659561   100.16793375555041 
   175.62375858971399    112.9679337555504 
   181.45349546256267   123.06533421408203 
   203.62374579944429   110.26533421408203 
   153.45350825283236   125.76793375555042 
   131.28325791595074    138.5679337555504 
   137.11299478879943   148.66533421408204 
   159.28324512568102   135.86533421408205 
   109.11300757906912   151.36793375555038 
   86.942757242187497   164.16793375555039 
   92.772494115036181   174.26533421408203 
   114.94274445191779   161.46533421408205 
   64.772506905305846    176.9679337555504 
   42.602256568424238   189.76793375555042 
   48.431993441272915   199.86533421408203 
   70.602243778154545   187.06533421408204 
   253.79398334605622   94.762734672613661 
   231.62373300917463   107.56273467261366 
   237.45346988202331    117.6601351311453 
   209.45348267229298   120.36273467261367 
   187.28323233541136   133.16273467261365 
   193.11296920826007   143.26013513114532 
   215.28321954514169   130.46013513114531 
    165.1129819985297   145.96273467261366 
   142.94273166164811   158.76273467261368 
    148.7724685344968   168.86013513114528 
   170.94271887137839   156.06013513114533 
   120.77248132476649   171.56273467261366 
    98.60223098788488   184.36273467261367 
   104.43196786073356   194.46013513114528 
   126.60221819761517    181.6601351311453 
   76.431980651003229   197.16273467261368 
   54.261730314121607   209.96273467261369 
   60.091467186970299    220.0601351311453 
   82.261717523851928   207.26013513114532 
     243.283206754872   127.75753558967691 
   249.11294362772068   137.85493604820854 
   221.11295641799035   140.55753558967692 
   198.94270608110875   153.35753558967693 
   204.77244295395744   163.45493604820854 
   226.94269329083903   150.65493604820853 
    176.7724557442271   166.15753558967691 
   154.60220540734551   178.95753558967692 
   160.43194228019419   189.05493604820856 
   182.60219261707579   176.25493604820855 
   132.43195507046386   191.75753558967693 
   110.26170473358223   204.55753558967692 
   116.09144160643093   214.65493604820853 
   138.26169194331257   201.85493604820854 
   88.091454396700598   217.35753558967693 
    65.92120405981899   230.15753558967691 
   71.750940932667675   240.25493604820855 
   93.921191269549297   227.45493604820857 
    254.9426805005694   147.95233650674015 
   232.77243016368772   160.75233650674016 
   210.60217982680609   173.55233650674018 
   216.43191669965478   183.64973696527179 
   238.60216703653643    170.8497369652718 
   188.43192948992447   186.35233650674019 
   166.26167915304285   199.15233650674017 
   172.09141602589153   209.24973696527181 
   194.26166636277316   196.44973696527182 
   144.09142881616123   211.95233650674015 
    121.9211784792796   224.75233650674014 
   127.75091535212832    234.8497369652718 
   149.92116568900991   222.04973696527179 
   99.750928142397967   237.55233650674018 
   77.580677805516345   250.35233650674016 
   105.58066501524667   247.64973696527179 
   244.43190390938511   180.94713742380338 
   222.26165357250346   193.74713742380339 
   228.09139044535215   203.84453788233506 
    250.2616407822338   191.04453788233505 
   200.09140323562187   206.54713742380341 
   177.92115289874022   219.34713742380342 
   183.75088977158893   229.44453788233503 
   205.92114010847055   216.64453788233507 
    155.7509025618586    232.1471374238034 
   133.58065222497697   244.94713742380338 
   139.41038909782566   255.04453788233505 
   161.58063943470731   242.24453788233504 
