   185.87152263623071   7.9466803127371497 
   161.14382148323057   14.572447867361683 
   164.16151534448986   25.834634679270106 
   188.88921649749003   19.208867124645572 
    136.4161203302304    21.19821542198622 
   111.68841917723027   27.823982976610754 
   114.70611303848958   39.086169788519172 
   139.43381419148972   32.460402233894641 
   86.960718024230104   34.449750531235289 
   62.233016871229971   41.075518085859805 
   65.250710732489281   52.337704897768226 
   89.978411885489407    45.71193734314371 
   37.505315718229831   47.701285640484343 
   12.777614565229694    54.32705319510886 
   15.795308426488999   65.589240007017281 
   40.523009579489134   58.963472452392764 
   210.59922378923088   1.3209127581126157 
   213.61691765049019   12.583099570021037 
   191.90691035874934   30.471053936554007 
   167.17920920574917   37.096821491178545 
   170.19690306700846   48.359008303086966 
   194.92460422000863   41.733240748462428 
   142.45150805274901   43.722589045803076 
   117.72380689974888   50.348356600427607 
   120.74150076100818   61.610543412336035 
   145.46920191400832   54.984775857711497 
   92.996105746748711   56.974124155052145 
   68.268404593748585   63.599891709676662 
   71.286098455007888    74.86207852158509 
   96.013799608008014   68.236310966960559 
   43.540703440748437     70.2256592643012 
   18.813002287748304   76.851426818925731 
   21.830696149007608   88.113613630834138 
   46.558397302007741   81.487846076209607 
   216.63461151174948   23.845286381929473 
    219.6523053730088   35.107473193837897 
   197.94229808126792   52.995427560370864 
   173.21459692826778   59.621195114995402 
   176.23229078952707   70.883381926903823 
   200.95999194252724   64.257614372279278 
   148.48689577526761   66.246962669619933 
   123.75919462226749   72.872730224244464 
   126.77688848352679   84.134917036152871 
   151.50458963652693   77.509149481528354 
   99.031493469267318   79.498497778869009 
   74.303792316267192   86.124265333493526 
   77.321486177526495   97.386452145401947 
   102.04918733052662   90.760684590777416 
   49.576091163267044   92.750032888118042 
   24.848390010266911   99.375800442742573 
   27.866083871526214   110.63798725465099 
   52.593785024526348   104.01221970002648 
   222.66999923426809   46.369660005746333 
   225.68769309552741   57.631846817654754 
   3.1383827185260396   117.26375480927554 
   203.97768580378653   75.519801184187742 
   179.24998465078639   82.145568738812273 
   182.26767851204568   93.407755550720694 
   206.99537966504585   86.781987996096177 
   154.52228349778622   88.771336293436804 
   129.79458234478608   95.397103848061334 
    132.8122762060454   106.65929065996974 
   157.53997735904554   100.03352310534522 
   105.06688119178592   102.02287140268587 
   80.339180038785798    108.6486389573104 
   83.356873900045102   119.91082576921882 
   108.08457505304523    113.2850582145943 
   55.611478885785651   115.27440651193491 
   30.883777732785518   121.90017406655944 
   33.901471594044821   133.16236087846789 
   58.629172747044954   126.53659332384335 
    6.156076579785358   128.52594162118399 
    228.7053869567867   68.894033629563197 
   231.72308081804601   80.156220441471618 
   9.1737704410446614   139.78812843309242 
   210.01307352630513   98.044174808004598 
   185.28537237330499   104.66994236262913 
   188.30306623456428   115.93212917453755 
   213.03076738756445   109.30636161991302 
   160.55767122030483   111.29570991725365 
   135.82997006730469   117.92147747187818 
     138.847663928564   129.18366428378661 
   163.57536508156414   122.55789672916208 
   111.10226891430453   124.54724502650272 
   86.374567761304405   131.17301258112724 
   89.392261622563709   142.43519939303567 
   114.11996277556385   135.80943183841114 
   61.646866608304258    137.7987801357518 
   36.919165455304125    144.4245476903763 
   39.936859316563428   155.68673450228474 
   64.664560469563554   149.06096694766021 
   12.191464302303952   151.05031524500086 
    234.7407746793053   91.418407253380067 
   237.75846854056462   102.68059406528849 
   15.209158163563256   162.31250205690927 
   216.04846124882374   120.56854843182144 
    191.3207600958236   127.19431598644596 
   194.33845395708289   138.45650279835442 
   219.06615511008306   131.83073524372989 
   166.59305894282343   133.82008354107049 
   141.86535778982332   140.44585109569502 
   144.88305165108261   151.70803790760345 
   169.61075280408275   145.08227035297892 
   117.13765663682315   147.07161865031955 
   92.409955483822998   153.69738620494408 
   95.427649345082315   164.95957301685254 
   120.15535049808246   158.33380546222799 
   67.682254330822872   160.32315375956864 
   42.954553177822717   166.94892131419317 
   45.972247039082035   178.21110812610161 
   70.699948192082175   171.58534057147708 
   18.226852024822559   173.57468886881767 
   240.77616240182391   113.94278087719691 
   243.79385626308323   125.20496768910535 
   21.244545886081863   184.83687568072614 
   222.08384897134235   143.09292205563833 
   197.35614781834221   149.71868961026286 
   200.37384167960153   160.98087642217129 
   225.10154283260167   154.35510886754676 
   172.62844666534207   156.34445716488739 
   147.90074551234193   162.97022471951189 
   150.91843937360122   174.23241153142035 
   175.64614052660136   167.60664397679582 
   123.17304435934176   169.59599227413645 
   98.445343206341619   176.22175982876098 
   101.46303706760092   187.48394664066944 
   126.19073822060106   180.85817908604488 
   73.717642053341493   182.84752738338551 
   48.989940900341345   189.47329493801004 
   52.007634761600649   200.73548174991848 
   76.735335914600796   194.10971419529395 
    24.26223974734118   196.09906249263457 
   246.81155012434252   136.46715450101379 
   249.82924398560183   147.72934131292223 
   27.279933608600484   207.36124930454301 
   228.11923669386096    165.6172956794552 
   203.39153554086081    172.2430632340797 
   206.40922940212013   183.50525004598816 
   231.13693055512027   176.87948249136363 
   178.66383438786065   178.86883078870423 
   153.93613323486053   185.49459834332876 
   156.95382709611982   196.75678515523722 
   181.68152824911996   190.13101760061267 
   129.20843208186037   192.12036589795329 
   104.48073092886023   198.74613345257785 
   107.49842479011953   210.00832026448629 
   132.22612594311965   203.38255270986173 
   79.753029775860085   205.37190100720235 
   55.025328622859952   211.99766856182691 
   58.043022484119255   223.25985537373532 
   82.770723637119403   216.63408781911082 
    30.29762746985979   218.62343611645142 
   252.84693784686112   158.99152812483064 
   255.86463170812041    170.2537149367391 
   33.315321331119094   229.88562292835988 
   234.15462441637956   188.14166930327204 
   209.42692326337942   194.76743685789657 
   212.44461712463874   206.02962366980501 
   237.17231827763888   199.40385611518047 
   184.69922211037925   201.39320441252107 
   159.97152095737914   208.01897196714563 
   162.98921481863843   219.28115877905407 
   187.71691597163857   212.65539122442954 
   135.24381980437897   214.64473952177013 
   110.51611865137883   221.27050707639469 
   113.53381251263814   232.53269388830313 
   138.26151366563826    225.9069263336786 
   85.788417498378692   227.89627463101922 
   61.060716345378559   234.52204218564373 
   64.078410206637869   245.78422899755219 
    88.80611135963801   239.15846144292769 
   36.333015192378397   241.14780974026829 
   39.350709053637701   252.40999655217672 
   240.19001213889817   210.66604292708888 
   215.46231098589803   217.29181048171341 
   158.12612762197125   3.3102610554532621 
   190.73460983289786   223.91757803633794 
   166.00690867989775   230.54334559096247 
   108.67072531597097   16.561796164702329 
   133.39842646897111   9.9360286100777966 
   141.27920752689758   237.16911314558703 
   116.55150637389744   243.79488070021154 
   59.215323009970668   29.813331273951384 
   83.943024162970801   23.187563719326864 
   91.823805220897299    250.4206482548361 
   9.7599207039703906   43.064866383200439 
    34.48762185697052   36.439098828575922 
