   222.85633208404897   15.281232417096204 
   197.25633208404898   15.281232417096204 
   197.25633208404898   26.940706162793571 
   222.85633208404897   26.940706162793571 
   171.65633208404896   15.281232417096204 
   146.05633208404899   15.281232417096204 
   146.05633208404899   26.940706162793571 
   171.65633208404896   26.940706162793571 
   120.45633208404897   15.281232417096204 
   94.856332084048972   15.281232417096204 
   94.856332084048972   26.940706162793571 
   120.45633208404897   26.940706162793571 
   69.256332084048978   15.281232417096204 
   43.656332084048991   15.281232417096204 
   43.656332084048991   26.940706162793571 
   69.256332084048978   26.940706162793571 
   18.056332084048979   15.281232417096204 
   248.45633208404897    15.28123241709619 
   248.45633208404897   26.940706162793557 
   18.056332084048979   26.940706162793571 
   222.85633208404897   38.600179908490936 
   197.25633208404898   38.600179908490936 
   197.25633208404898    50.25965365418832 
   222.85633208404897    50.25965365418832 
   171.65633208404896   38.600179908490936 
   146.05633208404899   38.600179908490936 
   146.05633208404899    50.25965365418832 
   171.65633208404896    50.25965365418832 
   120.45633208404897   38.600179908490936 
   94.856332084048972   38.600179908490936 
   94.856332084048972    50.25965365418832 
   120.45633208404897    50.25965365418832 
   69.256332084048978   38.600179908490936 
   43.656332084048991   38.600179908490936 
   43.656332084048991    50.25965365418832 
   69.256332084048978    50.25965365418832 
   18.056332084048979   38.600179908490936 
   248.45633208404897   38.600179908490922 
   248.45633208404897   50.259653654188305 
   18.056332084048979    50.25965365418832 
   222.85633208404897   61.919127399885689 
   197.25633208404898   61.919127399885689 
   197.25633208404898    73.57860114558305 
   222.85633208404897    73.57860114558305 
   171.65633208404896   61.919127399885689 
   146.05633208404899   61.919127399885689 
   146.05633208404899    73.57860114558305 
   171.65633208404896    73.57860114558305 
   120.45633208404897   61.919127399885689 
   94.856332084048972   61.919127399885689 
   94.856332084048972    73.57860114558305 
   120.45633208404897    73.57860114558305 
   69.256332084048978   61.919127399885689 
   43.656332084048991   61.919127399885689 
   43.656332084048991    73.57860114558305 
   69.256332084048978    73.57860114558305 
   18.056332084048979   61.919127399885689 
   248.45633208404897   61.919127399885674 
   248.45633208404897    73.57860114558305 
   18.056332084048979    73.57860114558305 
   222.85633208404897   85.238074891280405 
   197.25633208404898   85.238074891280405 
   197.25633208404898   96.897548636977788 
   222.85633208404897   96.897548636977788 
   171.65633208404896   85.238074891280419 
   146.05633208404899   85.238074891280419 
   146.05633208404899   96.897548636977788 
   171.65633208404896   96.897548636977788 
   120.45633208404897   85.238074891280419 
   94.856332084048972   85.238074891280419 
   94.856332084048972   96.897548636977788 
   120.45633208404897   96.897548636977788 
   69.256332084048978   85.238074891280434 
   43.656332084048991   85.238074891280434 
   43.656332084048991   96.897548636977788 
   69.256332084048978   96.897548636977788 
   18.056332084048979   85.238074891280434 
   248.45633208404897   85.238074891280405 
   248.45633208404897   96.897548636977788 
   18.056332084048979   96.897548636977788 
   222.85633208404897   108.55702238267514 
   197.25633208404898   108.55702238267516 
   197.25633208404898   120.21649612837253 
   222.85633208404897   120.21649612837253 
   171.65633208404896   108.55702238267516 
   146.05633208404899   108.55702238267516 
   146.05633208404899   120.21649612837253 
   171.65633208404896   120.21649612837253 
   120.45633208404897   108.55702238267516 
   94.856332084048972   108.55702238267516 
   94.856332084048972   120.21649612837253 
   120.45633208404897   120.21649612837253 
   69.256332084048978   108.55702238267516 
   43.656332084048991   108.55702238267516 
   43.656332084048991   120.21649612837253 
   69.256332084048978   120.21649612837253 
   18.056332084048979   108.55702238267517 
   248.45633208404897   108.55702238267514 
   248.45633208404897   120.21649612837253 
   18.056332084048979   120.21649612837253 
   222.85633208404897   131.87596987406988 
   197.25633208404898   131.87596987406988 
   197.25633208404898   143.53544361976725 
   222.85633208404897   143.53544361976725 
   171.65633208404896   131.87596987406988 
   146.05633208404899   131.87596987406988 
   146.05633208404899   143.53544361976725 
   171.65633208404896   143.53544361976725 
   120.45633208404897   131.87596987406991 
   94.856332084048972   131.87596987406991 
   94.856332084048972   143.53544361976728 
   120.45633208404897   143.53544361976728 
   69.256332084048978   131.87596987406991 
   43.656332084048991   131.87596987406991 
   43.656332084048991   143.53544361976728 
   69.256332084048978   143.53544361976728 
   18.056332084048979   131.87596987406991 
   248.45633208404897   131.87596987406988 
   248.45633208404897   143.53544361976725 
   18.056332084048979   143.53544361976728 
   222.85633208404897   155.19491736546465 
   197.25633208404898   155.19491736546465 
   197.25633208404898   166.85439111116202 
   222.85633208404897   166.85439111116202 
   171.65633208404896   155.19491736546465 
   146.05633208404899   155.19491736546468 
   146.05633208404899   166.85439111116204 
   171.65633208404896   166.85439111116204 
   120.45633208404897   155.19491736546468 
   94.856332084048972   155.19491736546468 
   94.856332084048972   166.85439111116204 
   120.45633208404897   166.85439111116204 
   69.256332084048978   155.19491736546468 
   43.656332084048991   155.19491736546468 
   43.656332084048991   166.85439111116204 
   69.256332084048978   166.85439111116204 
   18.056332084048979   155.19491736546468 
   248.45633208404897   155.19491736546465 
   248.45633208404897   166.85439111116202 
   18.056332084048979   166.85439111116204 
   222.85633208404897   178.51386485685939 
   197.25633208404898   178.51386485685939 
   197.25633208404898   190.17333860255675 
   222.85633208404897   190.17333860255675 
   171.65633208404896   178.51386485685939 
   146.05633208404899   178.51386485685939 
   146.05633208404899   190.17333860255675 
   171.65633208404896   190.17333860255675 
   120.45633208404897   178.51386485685939 
   94.856332084048972   178.51386485685939 
   94.856332084048972   190.17333860255675 
   120.45633208404897   190.17333860255675 
   69.256332084048978   178.51386485685941 
   43.656332084048991   178.51386485685941 
   43.656332084048991   190.17333860255678 
   69.256332084048978   190.17333860255678 
   18.056332084048979   178.51386485685941 
   248.45633208404897   178.51386485685939 
   248.45633208404897   190.17333860255675 
   18.056332084048979   190.17333860255678 
   222.85633208404897   201.83281234825415 
   197.25633208404898   201.83281234825415 
   197.25633208404898   213.49228609395152 
   222.85633208404897   213.49228609395152 
   171.65633208404896   201.83281234825415 
   146.05633208404899   201.83281234825415 
   146.05633208404899   213.49228609395152 
   171.65633208404896   213.49228609395152 
   120.45633208404897   201.83281234825415 
   94.856332084048972   201.83281234825415 
   94.856332084048972   213.49228609395152 
   120.45633208404897   213.49228609395152 
   69.256332084048978   201.83281234825415 
   43.656332084048991   201.83281234825415 
   43.656332084048991   213.49228609395152 
   69.256332084048978   213.49228609395152 
   18.056332084048979   201.83281234825415 
   248.45633208404897   201.83281234825412 
   248.45633208404897   213.49228609395149 
   18.056332084048979   213.49228609395152 
   222.85633208404897   225.15175983964886 
   197.25633208404898   225.15175983964886 
   197.25633208404898   236.81123358534623 
   222.85633208404897   236.81123358534623 
   171.65633208404896   225.15175983964886 
   146.05633208404899   225.15175983964886 
   146.05633208404899   236.81123358534623 
   171.65633208404896   236.81123358534623 
   120.45633208404897   225.15175983964886 
   94.856332084048972   225.15175983964886 
   94.856332084048972   236.81123358534623 
   120.45633208404897   236.81123358534623 
   69.256332084048978   225.15175983964886 
   43.656332084048991   225.15175983964886 
   43.656332084048991   236.81123358534623 
   69.256332084048978   236.81123358534623 
   18.056332084048979   225.15175983964886 
   248.45633208404897   225.15175983964886 
   248.45633208404897   236.81123358534623 
   18.056332084048979   236.81123358534623 
