    31.09653721334832   31.422442865531519 
    46.18148187866133   63.422442865531529 
    31.09653721334832   42.089109532198201 
    46.18148187866133   52.755776198864851 
    31.09653721334832   74.089109532198179 
    46.18148187866133   106.08910953219819 
    31.09653721334832   84.755776198864865 
    46.18148187866133   95.422442865531522 
    31.09653721334832   116.75577619886485 
    46.18148187866133   148.75577619886488 
    31.09653721334832   127.42244286553154 
    46.18148187866133   138.08910953219819 
    31.09653721334832   159.42244286553151 
    46.18148187866133   191.42244286553151 
    31.09653721334832   170.08910953219819 
    46.18148187866133   180.75577619886485 
    31.09653721334832   202.08910953219819 
    46.18148187866133   234.08910953219817 
    31.09653721334832   212.75577619886488 
    46.18148187866133   223.42244286553151 
    31.09653721334832   244.75577619886485 
    46.18148187866133   20.755776198864865 
    31.09653721334832   255.42244286553156 
    46.18148187866133   10.089109532198185 
   61.266426543974347   31.422442865531519 
   76.351371209287365   63.422442865531529 
   61.266426543974347   42.089109532198201 
   76.351371209287365   52.755776198864851 
   61.266426543974347   74.089109532198179 
   76.351371209287365   106.08910953219819 
   61.266426543974347   84.755776198864865 
   76.351371209287365   95.422442865531522 
   61.266426543974347   116.75577619886485 
   76.351371209287365   148.75577619886488 
   61.266426543974347   127.42244286553154 
   76.351371209287365   138.08910953219819 
   61.266426543974347   159.42244286553151 
   76.351371209287365   191.42244286553151 
   61.266426543974347   170.08910953219819 
   76.351371209287365   180.75577619886485 
   61.266426543974347   202.08910953219819 
   76.351371209287365   234.08910953219817 
   61.266426543974347   212.75577619886488 
   76.351371209287365   223.42244286553151 
   61.266426543974347   244.75577619886485 
   76.351371209287365   20.755776198864865 
   61.266426543974347   255.42244286553156 
   76.351371209287365   10.089109532198185 
   91.436315874600382   31.422442865531519 
   106.52126053991337   63.422442865531529 
   91.436315874600382   42.089109532198201 
   106.52126053991337   52.755776198864851 
   91.436315874600382   74.089109532198179 
   106.52126053991337   106.08910953219819 
   91.436315874600382   84.755776198864865 
   106.52126053991337   95.422442865531522 
   91.436315874600382   116.75577619886485 
   106.52126053991337   148.75577619886488 
   91.436315874600382   127.42244286553154 
   106.52126053991337   138.08910953219819 
   91.436315874600382   159.42244286553151 
   106.52126053991337   191.42244286553151 
   91.436315874600382   170.08910953219819 
   106.52126053991337   180.75577619886485 
   91.436315874600382   202.08910953219819 
   106.52126053991337   234.08910953219817 
   91.436315874600382   212.75577619886488 
   106.52126053991337   223.42244286553151 
   91.436315874600382   244.75577619886485 
   106.52126053991337   20.755776198864865 
   91.436315874600382   255.42244286553156 
   106.52126053991337   10.089109532198185 
   121.60620520522639   31.422442865531519 
   136.69114987053942   63.422442865531529 
   121.60620520522639   42.089109532198201 
   136.69114987053942   52.755776198864851 
   121.60620520522639   74.089109532198179 
   136.69114987053942   106.08910953219819 
   121.60620520522639   84.755776198864865 
   136.69114987053942   95.422442865531522 
   121.60620520522639   116.75577619886485 
   136.69114987053942   148.75577619886488 
   121.60620520522639   127.42244286553154 
   136.69114987053942   138.08910953219819 
   121.60620520522639   159.42244286553151 
   136.69114987053942   191.42244286553151 
   121.60620520522639   170.08910953219819 
   136.69114987053942   180.75577619886485 
   121.60620520522639   202.08910953219819 
   136.69114987053942   234.08910953219817 
   121.60620520522639   212.75577619886488 
   136.69114987053942   223.42244286553151 
   121.60620520522639   244.75577619886485 
   136.69114987053942   20.755776198864865 
   121.60620520522639   255.42244286553156 
   136.69114987053942   10.089109532198185 
   151.77609453585242   31.422442865531519 
   166.86103920116543   63.422442865531529 
   151.77609453585242   42.089109532198201 
   166.86103920116543   52.755776198864851 
   151.77609453585242   74.089109532198179 
   166.86103920116543   106.08910953219819 
   151.77609453585242   84.755776198864865 
   166.86103920116543   95.422442865531522 
   151.77609453585242   116.75577619886485 
   166.86103920116543   148.75577619886488 
   151.77609453585242   127.42244286553154 
   166.86103920116543   138.08910953219819 
   151.77609453585242   159.42244286553151 
   166.86103920116543   191.42244286553151 
   151.77609453585242   170.08910953219819 
   166.86103920116543   180.75577619886485 
   151.77609453585242   202.08910953219819 
   166.86103920116543   234.08910953219817 
   151.77609453585242   212.75577619886488 
   166.86103920116543   223.42244286553151 
   151.77609453585242   244.75577619886485 
   166.86103920116543   20.755776198864865 
   151.77609453585242   255.42244286553156 
   166.86103920116543   10.089109532198185 
   181.94598386647843   31.422442865531519 
   197.03092853179143   63.422442865531529 
   181.94598386647843   42.089109532198201 
   197.03092853179143   52.755776198864851 
   181.94598386647843   74.089109532198179 
   197.03092853179143   106.08910953219819 
   181.94598386647843   84.755776198864865 
   197.03092853179143   95.422442865531522 
   181.94598386647843   116.75577619886485 
   197.03092853179143   148.75577619886488 
   181.94598386647843   127.42244286553154 
   197.03092853179143   138.08910953219819 
   181.94598386647843   159.42244286553151 
   197.03092853179143   191.42244286553151 
   181.94598386647843   170.08910953219819 
   197.03092853179143   180.75577619886485 
   181.94598386647843   202.08910953219819 
   197.03092853179143   234.08910953219817 
   181.94598386647843   212.75577619886488 
   197.03092853179143   223.42244286553151 
   181.94598386647843   244.75577619886485 
   197.03092853179143   20.755776198864865 
   181.94598386647843   255.42244286553156 
   197.03092853179143   10.089109532198185 
   212.11587319710446   31.422442865531519 
   227.20081786241747   63.422442865531529 
   212.11587319710446   42.089109532198201 
   227.20081786241747   52.755776198864851 
   212.11587319710446   74.089109532198179 
   227.20081786241747   106.08910953219819 
   212.11587319710446   84.755776198864865 
   227.20081786241747   95.422442865531522 
   212.11587319710446   116.75577619886485 
   227.20081786241747   148.75577619886488 
   212.11587319710446   127.42244286553154 
   227.20081786241747   138.08910953219819 
   212.11587319710446   159.42244286553151 
   227.20081786241747   191.42244286553151 
   212.11587319710446   170.08910953219819 
   227.20081786241747   180.75577619886485 
   212.11587319710446   202.08910953219819 
   227.20081786241747   234.08910953219817 
   212.11587319710446   212.75577619886488 
   227.20081786241747   223.42244286553151 
   212.11587319710446   244.75577619886485 
   227.20081786241747   20.755776198864865 
   212.11587319710446   255.42244286553156 
   227.20081786241747   10.089109532198185 
   242.28576252773047   31.422442865531519 
   16.011592548035289   63.422442865531529 
   242.28576252773047   42.089109532198201 
   16.011592548035289   52.755776198864851 
   242.28576252773047   74.089109532198179 
   16.011592548035289   106.08910953219819 
   242.28576252773047   84.755776198864865 
   16.011592548035289   95.422442865531522 
   242.28576252773047   116.75577619886485 
   16.011592548035289   148.75577619886488 
   242.28576252773047   127.42244286553154 
   16.011592548035289   138.08910953219819 
   242.28576252773047   159.42244286553151 
   16.011592548035289   191.42244286553151 
   242.28576252773047   170.08910953219819 
   16.011592548035289   180.75577619886485 
   242.28576252773047   202.08910953219819 
   16.011592548035289   234.08910953219817 
   242.28576252773047   212.75577619886488 
   16.011592548035289   223.42244286553151 
   242.28576252773047   244.75577619886485 
   16.011592548035289   20.755776198864865 
   242.28576252773047   255.42244286553156 
   16.011592548035289   10.089109532198185 
