   46.575540233755198   14.187948854355362 
   52.864268430841904   49.001846269306228 
   43.814803752661653   24.491157668105426 
   55.625004911935449   38.698637455556167 
   35.532594309380976   55.400784109355612 
   41.821322506467681   90.214681524306471 
    32.77185782828743   65.703992923105673 
    44.58205898756124   79.911472710556424 
    24.48964838500677   96.613619364355856 
   30.778376582093472   131.42751677930673 
   21.728911903913211   106.91682817810593 
   33.539113063187024   121.12430796555667 
   13.446702460632551    137.8264546193561 
   19.735430657719252   172.64035203430694 
    10.68596597953899    148.1296634331062 
   22.496167138812801    162.3371432205569 
   2.4037565362583306   179.03928987435634 
    8.692484733345033   213.85318728930719 
    11.45322121443858   203.54997847555714 
   63.907214355216119   7.7890110143059657 
     75.7174155144899   21.996490801756721 
   82.006143711576584   56.810388216707587 
   72.956679033396341   32.299699615506782 
   84.766880192670143   46.507179402957526 
   64.674469590115677   63.209326056756971 
   70.963197787202361   98.023223471707837 
   61.913733109022125   73.512534870507025 
    73.72393426829592   87.720014657957776 
   53.631523665741462   104.42216131175722 
   59.920251862828152   139.23605872670805 
   50.870787184647902    114.7253701255073 
   62.680988343921697   128.93284991295801 
   42.588577741367246   145.63499656675745 
   48.877305938453929    180.4488939817083 
   39.827841260273679   155.93820538050753 
   51.638042419547482   170.14568516795825 
   31.545631816993023   186.84783182175769 
   37.834360014079714   221.66172923670857 
    28.78489533589946    197.1510406355078 
   40.595096495173259   211.35852042295852 
   20.502685892618803   228.06066707675797 
   93.049089635950793   15.597552961707324 
   95.809826117044366   5.2943441479572479 
   104.85929079522458    29.80503274915808 
   111.14801899231126   64.618930164108946 
   102.09855431413104   40.108241562908141 
   113.90875547340482   54.315721350358885 
   93.816344870850372   71.017868004158331 
   100.10507306793706   105.83176541910919 
   91.055608389756813   81.321076817908391 
   102.86580954903062   95.528556605359128 
   82.773398946476149   112.23070325915857 
   89.062127143562847    147.0446006741094 
    80.01266246538259   122.53391207290865 
   91.822863624656392   136.74139186035936 
   71.730453022101941    153.4435385141588 
   78.019181219188624   188.25743592910968 
   68.969716541008367   163.74674732790888 
   80.779917700282169   177.95422711535963 
   60.687507097727718   194.65637376915907 
   66.976235294814401   229.47027118410992 
   57.926770616634151   204.95958258290918 
   69.736971775907946   219.16706237035987 
   49.644561173353495   235.86920902415932 
   122.19096491668549   23.406094909108685 
   124.95170139777905   13.102886095358606 
   134.00116607595925   37.613574696559439 
   140.28989427304595   72.427472111510298 
    131.2404295948657     47.9167835103095 
   143.05063075413952   62.124263297760244 
   122.95822015158504   78.826409951559668 
   129.24694834867174   113.64030736651056 
   120.19748367049149   89.129618765309743 
   132.00768482976531   103.33709855276049 
   111.91527422721082   120.03924520655993 
   118.20400242429753   154.85314262151078 
   109.15453774611727   130.34245402030999 
   120.96473890539109   144.54993380776074 
   100.87232830283659   161.25208046156018 
   107.16105649992332   196.06597787651103 
   98.111591821743048   171.55528927531026 
   109.92179298101686   185.76276906276098 
   89.829382378462384   202.46491571656043 
   96.118110575549096   237.27881313151127 
   87.068645897368825    212.7681245303105 
   98.878847056642641   226.97560431776122 
   78.786436454088175   243.67775097156067 
   151.33284019742021    31.21463685651004 
   142.28337551923994   6.7039482553092657 
   154.09357667851376   20.911428042759965 
   163.14304135669394   45.422116643960798 
   169.43176955378067   80.236014058911664 
    160.3823048756004   55.725325457710845 
   172.19250603487421   69.932805245161589 
   152.10009543231973   86.634951898961035 
   158.38882362940643   121.44884931391191 
   149.33935895122619    96.93816071271111 
       161.1495601105   111.14564050016183 
   141.05714950794552   127.84778715396128 
   147.34587770503222   162.66168456891214 
   138.29641302685195   138.15099596771137 
   150.10661418612577   152.35847575516209 
   130.01420358357129   169.06062240896154 
   136.30293178065801   203.87451982391238 
   127.25346710247774   179.36383122271161 
   139.06366826175156   193.57131101016233 
   118.97125765919708   210.27345766396178 
   125.25998585628379   245.08735507891262 
   116.21052117810352   220.57666647771185 
   128.02072233737732   234.78414626516258 
   107.92831173482287   251.48629291896202 
   180.47471547815485   39.023178803911399 
   171.42525079997463   14.512490202710625 
   183.23545195924845   28.719969990161324 
   192.28491663742864   53.230658591362143 
   198.57364483451533   88.044556006313002 
   189.52418015633509   63.533867405112204 
   201.33438131560885   77.741347192562941 
   181.24197071305443   94.443493846362387 
    187.5306989101411   129.25739126131324 
   178.48123423196088   104.74670266011245 
   190.29143539123467    118.9541824475632 
   170.19902478868019   135.65632910136264 
   176.48775298576689   170.47022651631349 
   167.43828830758665   145.95953791511272 
   179.24848946686043   160.16701770256344 
   159.15607886430598   176.86916435636289 
   165.44480706139268   211.68306177131373 
   156.39534238321244   187.17237317011296 
   168.20554354248623   201.37985295756368 
    148.1131329399318   218.08199961136313 
   154.40186113701844     252.895897026314 
   145.35239645883823   228.38520842511321 
   157.16259761811199   242.59268821256393 
   209.61659075888952   46.831720751312744 
    200.5671260807093   22.321032150111968 
   212.37732723998309   36.528511937562669 
   221.42679191816333   61.039200538763502 
      227.71552011525   95.853097953714368 
   218.66605543706979   71.342409352513556 
   230.47625659634357   85.549889139964307 
   210.38384599378912   102.25203579376375 
   216.67257419087579    137.0659332087146 
   207.62310951269558   112.55524460751381 
   219.43331067196937   126.76272439496455 
   199.34090006941489     143.464871048764 
   205.62962826650158   178.27876846371484 
   196.58016358832134   153.76807986251407 
   208.39036474759513   167.97555964996479 
   188.29795414504071   184.67770630376424 
   194.58668234212738   219.49160371871511 
   185.53721766394713   194.98091511751431 
   197.34741882322092   209.18839490496507 
   177.25500822066647   225.89054155876448 
   174.49427173957289   236.19375037251459 
   186.30447289884668   250.40123015996531 
   238.75846603962424   54.640262698714103 
   229.70900136144402   30.129574097513327 
   241.51920252071778   44.337053884964028 
   250.56866719889803   68.847742486164861 
   256.85739539598467   103.66163990111572 
   247.80793071780448   79.150951299914922 
   239.52572127452382    110.0605777411651 
   245.81444947161046   144.87447515611595 
   236.76498479343027   120.36378655491517 
   248.57518595270403    134.5712663423659 
   228.48277535014961   151.27341299616535 
   234.77150354723628   186.08731041111622 
   225.72203886905604   161.57662180991542 
   237.53224002832982   175.78410159736617 
   217.43982942577537   192.48624825116562 
   223.72855762286204   227.30014566611646 
   214.67909294468183   202.78945706491569 
   226.48929410395561   216.99693685236642 
   206.39688350140116   233.69908350616586 
   203.63614702030759   244.00229231991594 
