   74.860871053679304   18.836180639314271 
   80.194204387012633   9.5985763322802526 
   56.463592425502377   20.531312613691778 
   53.527537720345983   55.786597867450325 
   51.130259092169048   29.768916920725797 
   58.860871053679304   46.548993560416307 
   35.130259092169041   57.481729841827828 
   32.194204387012647   92.737015095586358 
   29.796925758835716   66.719334148861847 
    37.52753772034599   83.499410788552339 
   13.796925758835709   94.432147069963889 
   10.860871053679313   129.68743232372242 
   8.4635924255023696   103.66975137699792 
   16.194204387012654   120.44982801668839 
   100.98876164336654   33.921125304627289 
    98.59148301518961   7.9034443579027469 
   106.32209497669989   24.683520997593266 
    82.59148301518961   35.616257279004792 
   79.655428310033216   70.871542532763343 
   77.258149681856267   44.853861586038796 
   84.988761643366558   61.633938225729317 
   61.258149681856267   72.566674507140831 
   58.322094976699894   107.82195976089939 
   55.924816348522938    81.80427881417485 
   63.655428310033237   98.584355453865356 
   39.924816348522931   109.51709173527691 
   36.988761643366558   144.77237698903545 
   34.591483015189588   118.75469604231093 
   42.322094976699901   135.53477268200143 
   18.591483015189596   146.46750896341297 
   15.655428310033228    181.7227942171715 
   13.258149681856256   155.70511327044699 
   20.988761643366569   172.48518991013748 
   130.05270693821018   13.750784716181743 
   127.11665223305377   49.006069969940285 
   124.71937360487684   22.988389023215763 
   132.44998556638711   39.768465662906266 
   108.71937360487684   50.701201944317795 
   105.78331889972044   85.956487198076331 
   103.38604027154351   59.938806251351814 
   111.11665223305377   76.718882891042313 
   87.386040271543493   87.651619172453863 
   84.449985566387099   122.90690442621239 
   82.052706938210179   96.889223479487868 
   89.783318899720442   113.66930011917837 
   66.052706938210164   124.60203640058991 
   63.116652233053784   159.85732165434845 
   60.719373604876822   133.83964070762391 
   68.449985566387113   150.61971734731441 
   44.719373604876829   161.55245362872597 
   41.783318899720449    196.8077388824845 
   39.386040271543493   170.79005793575999 
   47.116652233053792   187.57013457545048 
     23.3860402715435   198.50287085686202 
   148.44998556638711   12.055652741804236 
   18.052706938210157   207.74047516389606 
   153.78331889972046   2.8180484347702164 
   156.18059752789739   28.835729381494755 
   153.24454282274101   64.091014635253302 
   150.84726419456408   38.073333688528777 
   158.57787615607432   54.853410328219283 
   134.84726419456408   65.786146609630805 
    131.9112094894077   101.04143186338935 
   129.51393086123073   75.023750916664824 
   137.24454282274101    91.80382755635533 
   113.51393086123075   102.73656383776685 
   110.57787615607435   137.99184909152538 
    108.1805975278974   111.97416814480087 
    115.9112094894077   128.75424478449136 
   92.180597527897405   139.68698106590293 
    89.24454282274101   174.94226631966146 
   86.847264194564062   148.92458537293695 
   94.577876156074353   165.70466201262741 
   70.847264194564076   176.63739829403897 
   67.911209489407682    211.8926835477975 
   65.513930861230733   185.87500260107299 
   73.244542822741025   202.65507924076348 
   49.513930861230733   213.58781552217502 
   174.57787615607435   27.140597407117252 
    44.18059752789739   222.82541982920907 
    179.9112094894077   17.902993100083219 
   182.30848811758463   43.920674046807768 
   179.37243341242825   79.175959300566319 
   176.97515478425129   53.158278353841773 
   184.70576674576157     69.9383549935323 
   160.97515478425129   80.871091274943822 
   158.03910007909491   116.12637652870237 
     155.641821450918   90.108695581977827 
   163.37243341242825   106.88877222166835 
   139.64182145091797   117.82150850307987 
   136.70576674576157   153.07679375683841 
   134.30848811758466   127.05911281011387 
   142.03910007909491   143.83918944980439 
   118.30848811758463   154.77192573121593 
   115.37243341242825   190.02721098497446 
   112.97515478425129   164.00953003824995 
   120.70576674576159   180.78960667794041 
   96.975154784251302   191.72234295935198 
   94.039100079094922   226.97762821311051 
   91.641821450917959     200.959947266386 
   99.372433412428265   217.74002390607649 
   75.641821450917973   228.67276018748805 
   200.70576674576157   42.225542072430251 
   70.308488117584631   237.91036449452207 
   206.03910007909491   32.987937765396232 
   208.43637870727184   59.005618712120771 
   205.50032400211546   94.260903965879322 
   203.10304537393853   68.243223019154783 
   210.83365733544878   85.023299658845289 
   187.10304537393853   95.956035940256825 
   184.16699066878212   131.21132119401537 
   181.76971204060519   105.19364024729083 
   189.50032400211546   121.97371688698135 
   165.76971204060519   132.90645316839286 
   162.83365733544881   168.16173842215142 
   160.43637870727184   142.14405747542688 
   168.16699066878212    158.9241341151174 
   144.43637870727184   169.85687039652893 
   141.50032400211546   205.11215565028746 
   139.10304537393853   179.09447470356295 
   146.83365733544881   195.87455134325342 
   123.10304537393853   206.80728762466498 
   120.16699066878212   242.06257287842348 
   117.76971204060519     216.044891931699 
   125.50032400211546   232.82496857138949 
   101.76971204060519   243.75770485280103 
   226.83365733544881   57.310486737743254 
   96.436378707271842   252.99530915983505 
   232.16699066878212   48.072882430709228 
   234.56426929695908   74.090563377433782 
   231.62821459180267   109.34584863119231 
   229.23093596362574   83.328167684467786 
   236.96154792513602   100.10824432415829 
   213.23093596362577   111.04098060556984 
   210.29488125846939   146.29626585932837 
   207.89760263029243   120.27858491260385 
   215.62821459180267   137.05866155229435 
    191.8976026302924   147.99139783370589 
   188.96154792513602   183.24668308746442 
   186.56426929695911   157.22900214073988 
   194.29488125846936    174.0090787804304 
   170.56426929695908   184.94181506184194 
    167.6282145918027   220.19710031560047 
   165.23093596362574   194.17941936887595 
   172.96154792513605   210.95949600856645 
   149.23093596362574   221.89223228997798 
    143.8976026302924   231.12983659701203 
    151.6282145918027   247.90991323670249 
   252.96154792513605   72.395431403056264 
   255.35882655331298   98.413112349780803 
   239.35882655331298   126.12592527088285 
    236.4227718481566   161.38121052464138 
   234.02549321997967   135.36352957791686 
   241.75610518148991   152.14360621760738 
   218.02549321997967   163.07634249901889 
   215.08943851482326   198.33162775277745 
   212.69215988664632   172.31394680605291 
    220.4227718481566    189.0940234457434 
   196.69215988664632   200.02675972715497 
   193.75610518148991   235.28204498091347 
   191.35882655331298   209.26436403418899 
   199.08943851482326   226.04444067387948 
   175.35882655331298   236.97717695529101 
   170.02549321997964   246.21478126232503 
