   92.070547695630182   21.573833776560182 
   99.613020028286684    14.03136144390368 
   73.861408696307009   18.449639442550044 
   61.900658365004155   51.743723107186206 
   66.318936363650508   25.992111775206542 
   69.443130697660663   44.201250774529711 
   43.691519365680975   48.619528773176071 
   31.730769034378142   81.913612437812233 
   36.149047033024466   56.162001105832587 
   39.273241367034629   74.371140105155732 
   13.521630035054949   78.789418103802106 
   1.5608797037521009   112.08350176843827 
   5.9791577023984344   86.331890436458607 
   9.1033520364086158   104.54102943578177 
   143.57377035958953   12.737277779267499 
   151.11624269224606   5.1948054466109861 
   125.36463136026637    9.613083445257347 
   113.40388102896351   42.907167109893528 
   117.82215902760986   17.155555777913861 
   120.94635336162001   35.364694777237013 
   95.194742029640338   39.782972775883373 
   83.233991698337476   73.077056440519556 
   87.652269696983836   47.325445108539874 
   90.776464030993992    65.53458410786304 
   65.024852699014318     69.9528621065094 
   53.064102367711463   103.24694577114558 
   57.482380366357809   77.495334439165916 
   60.606574700367965   95.704473438489075 
   34.854963368388297   100.12275143713543 
   22.894213037085436    133.4168351017716 
   27.312491035731782   107.66522376979195 
   30.436685369741934   125.87436276911509 
   4.6850740377622682   130.29264076776147 
   164.90710369292285   34.070611112600837 
   169.32538169156919   8.3189997806211515 
   172.44957602557938   26.528138779944317 
   146.69796469359969   30.946416778590667 
   134.73721436229684    64.24050044322685 
   139.15549236094319   38.488889111247182 
   142.27968669495334   56.698028110570348 
   116.52807536297367   61.116306109216694 
   104.56732503167082    94.41038977385287 
   108.98560303031717   68.658778441873196 
   112.10979736432732   86.867917441196383 
   86.358186032347646   91.286195439842729 
   74.397435701044799    124.5802791044789 
   78.815713699691131   98.828667772499244 
     81.9399080337013    117.0378067718224 
   56.188296701721619   121.45608477046875 
   44.227546370418779   154.75016843510494 
   48.645824369065103   128.99855710312528 
    51.77001870307528   147.20769610244844 
   26.018407371095602   151.62597410109478 
   14.057657039792753   184.92005776573097 
   18.475935038439086   159.16844643375131 
   21.600129372449253   177.37758543307447 
   198.20118735755904   22.109860781297971 
   186.24043702625619   55.403944445934165 
   190.65871502490256   29.652333113954473 
   193.78290935891272   47.861472113277649 
   168.03129802693303   52.279750111924002 
   156.07054769563018   85.573833776560178 
    160.4888256942765   59.822222444580511 
   163.61302002828668   78.031361443903677 
     137.861408696307   82.449639442550023 
   125.90065836500416   115.74372310718621 
   130.31893636365049   89.992111775206524 
   133.44313069766065   108.20125077452971 
   107.69151936568097   112.61952877317606 
   95.730769034378127   145.91361243781225 
   100.14904703302446   120.16200110583257 
   103.27324136703463   138.37114010515575 
   77.521630035054955   142.78941810380209 
   65.560879703752121   176.08350176843825 
   69.979157702398453   150.33189043645862 
   73.103352036408594   168.54102943578175 
   47.351740704428934   172.95930743442813 
   35.390990373126087   206.25339109906429 
   39.809268371772419   180.50177976708463 
   42.933462705782588   198.71091876640779 
   219.53452069089241   43.443194114631304 
   207.57377035958953   76.737277779267487 
   211.99204835823588   50.985666447287805 
   215.11624269224603   69.194805446610971 
   189.36463136026637   73.613083445257331 
    177.4038810289635   106.90716710989352 
   181.82215902760984   81.155555777913847 
   184.94635336162003   99.364694777237005 
   159.19474202964034   103.78297277588337 
   147.23399169833749   137.07705644051956 
   151.65226969698384   111.32544510853987 
   154.77646403099399   129.53458410786305 
    129.0248526990143    133.9528621065094 
   117.06410236771146   167.24694577114553 
    121.4823803663578   141.49533443916593 
   124.60657470036796   159.70447343848906 
   98.854963368388283   164.12275143713541 
   86.894213037085436    197.4168351017716 
   91.312491035731782   171.66522376979191 
   94.436685369741937   189.87436276911507 
   68.685074037762263   194.29264076776144 
   56.724323706459423    227.5867244323976 
   61.142601705105754   201.83511310041797 
   64.266796039115903   220.04425209974113 
   240.86785402422569   64.776527447964611 
   228.90710369292282   98.070611112600801 
   233.32538169156919   72.318999780621112 
   236.44957602557935   90.528138779944285 
   210.69796469359969   94.946416778590645 
   198.73721436229681   128.24050044322684 
   203.15549236094319   102.48888911124715 
   206.27968669495331   120.69802811057032 
   180.52807536297365   125.11630610921667 
    168.5673250316708   158.41038977385284 
   172.98560303031715   132.65877844187315 
   176.10979736432731   150.86791744119634 
   150.35818603234765   155.28619543984269 
   138.39743570104477   188.58027910447888 
   142.81571369969112   162.82866777249922 
   145.93990803370127   181.03780677182237 
    120.1882967017216   185.45608477046872 
   108.22754637041875   218.75016843510491 
   112.64582436906508   192.99855710312525 
   115.77001870307525   211.20769610244841 
   90.018407371095591   215.62597410109476 
    78.05765703979273   248.92005776573095 
   82.475935038439061   223.16844643375128 
   85.600129372449231   241.37758543307444 
   250.24043702625616   119.40394444593413 
   254.65871502490253   93.652333113954441 
     232.031298026933   116.27975011192397 
   220.07054769563015   149.57383377656015 
    224.4888256942765   123.82222244458049 
   227.61302002828666   142.03136144390365 
     201.861408696307   146.44963944254999 
   189.90065836500412   179.74372310718618 
   194.31893636365047    153.9921117752065 
   197.44313069766062   172.20125077452968 
   171.69151936568096   176.61952877317603 
   159.73076903437811   209.91361243781222 
   164.14904703302446   184.16200110583256 
   167.27324136703464   202.37114010515569 
   141.52163003505495   206.78941810380206 
   129.56087970375211    240.0835017684382 
   133.97915770239842   214.33189043645859 
   137.10335203640861   232.54102943578175 
   111.35174070442892   236.95930743442813 
   103.80926837177239   244.50177976708463 
   253.36463136026637    137.6130834452573 
   241.40388102896347   170.90716710989349 
   245.82215902760984    145.1555557779138 
      248.94635336162   163.36469477723699 
   223.19474202964031   167.78297277588334 
   211.23399169833746   201.07705644051953 
   215.65226969698384   175.32544510853984 
   218.77646403099396   193.53458410786303 
    193.0248526990143   197.95286210650937 
   181.06410236771143   231.24694577114553 
   185.48238036635777    205.4953344391659 
   188.60657470036793   223.70447343848903 
   162.85496336838827   228.12275143713538 
   155.31249103573177   235.66522376979188 
   158.43668536974189   253.87436276911504 
