   206.62789637433193   4.4413399946861727 
    179.6225409067824   27.294487078334207 
   196.32468756058185   7.2020764757797346 
   189.92574972053251   24.533750597240644 
   165.41506111933168   15.484285919060394 
   138.40970565178216   38.337433002708408 
   155.11185230558161   18.245022400153957 
   148.71291446553224   35.576696521614863 
   124.20222586433144   26.527231843434613 
   97.196870396781947   49.380378927082631 
   113.89901705058138   29.287968324528162 
   107.50007921053199   46.619642445989086 
   82.989390609331195   37.570177767808836 
   55.984035141781696   60.423324851456854 
    72.68618179558112   40.330914248902381 
    66.28724395553175   57.662588370363302 
   41.776555354330945   48.613123692183052 
   14.771199886781451   71.466270775831077 
   31.473346540580867   51.373860173276604 
     25.0744087005315   68.705534294737532 
   220.83537616178273    16.25154115395997 
   214.43643832173328   33.583215275420862 
   187.43108285418379   56.436362359068866 
   204.13322950798323   36.343951756514429 
   197.73429166793383   53.675625877975321 
   173.22360306673306   44.626161199795085 
   146.21824759918354   67.479308283443089 
   162.92039425298296   47.386897680888644 
   156.52145641293362    64.71857180234953 
   132.01076781173279   55.669107124169308 
   105.00541234418331   78.522254207817298 
   121.70755899798274   58.429843605262853 
   115.30862115793336   75.761517726723753 
   90.797932556732547    66.71205304854351 
   63.792577089183055   89.565200132191521 
   80.494723742982472   69.472789529637083 
   74.095785902933102   86.804463651097976 
   49.585097301732304   77.754998972917733 
   22.579741834182808   100.60814605656574 
   39.281888487982229   80.515735454011306 
   32.882950647932859   97.847409575472184 
   8.3722620467320539   88.797944897291956 
   228.64391810918409    45.39341643469465 
   222.24498026913463   62.725090556155557 
   195.23962480158514   85.578237639803575 
   211.94177145538458   65.485827037249109 
   205.54283361533518   82.817501158710016 
   181.03214501413441   73.768036480529759 
   154.02678954658489   96.621183564177784 
   170.72893620038434   76.528772961623332 
   164.32999836033497   93.860447083084225 
   139.81930975913417   84.810982404903982 
   112.81395429158466   107.66412948855201 
    129.5161009453841   87.571718885997541 
    123.1171631053347   104.90339300745843 
   98.606474504133914   95.853928329278205 
   71.601119036584421   118.70707541292623 
   88.303265690383839   98.614664810371764 
   81.904327850334468   115.94633893183266 
   57.393639249133663   106.89687425365243 
   30.388283781584168   129.75002133730044 
   47.090430435383588   109.65761073474599 
   40.691492595334218   126.98928485620688 
   16.180803994133413   117.93982017802665 
   236.45246005658544   74.535291715429338 
   5.8775951803833362   120.70055665912021 
   230.05352221653598    91.86696583689023 
   203.04816674898649   114.72011292053826 
   219.75031340278593    94.62770231798379 
   213.35137556273654   111.95937643944471 
   188.84068696153574   102.90991176126445 
   161.83533149398625   125.76305884491248 
   178.53747814778569     105.670648242358 
   172.13854030773629   123.00232236381892 
   147.62785170653549   113.95285768563868 
   120.62249623898602   136.80600476928669 
   137.32464289278545   116.71359416673222 
   130.92570505273608   134.04526828819314 
   106.41501645153525    124.9958036100129 
   79.409660983985773    147.8489506936609 
   96.111807637785176   127.75654009110644 
    89.71286979773582   145.08821421256735 
   65.202181196535008   136.03874953438711 
   38.196825728985516   158.89189661803513 
   54.898972382784933   138.79948601548065 
   48.500034542735563   156.13116013694156 
   23.989345941534758   147.08169545876135 
   244.26100200398679   103.67716699616403 
   13.686137127784681   149.84243193985489 
   7.2871992877353122    167.1741060613158 
   237.86206416393733   121.00884111762493 
   210.85670869638784   143.86198820127296 
   227.55885535018729   123.76957759871847 
   221.15991751013789   141.10125172017942 
   196.64922890893709   132.05178704199915 
    169.6438734413876   154.90493412564717 
   186.34602009518704   134.81252352309269 
   179.94708225513764    152.1441976445536 
   155.43639365393685   143.09473296637336 
   128.43103818638738   165.94788005002138 
    145.1331848401868   145.85546944746693 
   138.73424700013743   163.18714356892787 
   114.22355839893662   154.13767889074759 
    87.21820293138714   176.99082597439562 
   103.92034958518654   156.89841537184114 
   97.521411745137186   174.23008949330205 
    73.01072314393636    165.1806248151218 
   46.005367676386868    188.0337718987698 
   62.707514330186285   167.94136129621535 
   56.308576490136922   185.27303541767625 
   31.797887888936117   176.22357073949601 
   252.06954395138817   132.81904227689873 
   21.494679075186038   178.98430722058959 
   15.095741235136671   196.31598134205049 
   245.67060611133871   150.15071639835961 
   218.66525064378922   173.00386348200763 
   235.36739729758867   152.91145287945318 
   228.96845945753927   170.24312700091409 
   204.45777085633844   161.19366232273384 
   177.45241538878895   184.04680940638184 
    194.1545620425884   163.95439880382739 
   187.75562420253902   181.28607292528827 
    163.2449356013382   172.23660824710805 
   136.23958013378871   195.08975533075605 
   152.94172678758815    174.9973447282016 
   146.54278894753875    192.3290188496625 
   122.03210034633797   183.27955417148229 
   95.026744878788463   206.13270125513029 
   111.72889153258789   186.04029065257583 
   105.32995369253852   203.37196477403671 
   80.819265091337726    194.3225000958565 
   53.813909623788227   217.17564717950447 
   70.516056277587651   197.08323657695004 
   64.117118437538281   214.41491069841092 
   39.606429836337476   205.36544602023073 
   29.303221022587397   208.12618250132428 
    22.90428318253803   225.45785662278516 
   253.47914805874007    179.2925916790943 
   226.47379259119057   202.14573876274233 
   243.17593924499002   182.05332816018785 
   236.77700140494062   199.38500228164875 
   212.26631280373982   190.33553760346854 
   185.26095733619033   213.18868468711651 
   201.96310398998978   193.09627408456208 
   195.56416614994038   210.42794820602299 
   171.05347754873958   201.37848352784275 
   144.04812208119006   224.23163061149074 
    160.7502687349895   204.13922000893629 
   154.35133089494013   221.47089413039717 
   129.84064229373931   212.42142945221698 
   102.83528682618983   235.27457653586495 
   119.53743347998926   215.18216593331053 
   113.13849563993988   232.51384005477144 
   88.627807038739078   223.46437537659119 
   61.622451571189572   246.31752246023919 
   78.324598224989003   226.22511185768474 
   71.925660384939619   243.55678597914562 
   47.414971783738835   234.50732130096537 
    37.11176296998876   237.26805778205897 
    30.71282512993939   254.59973190351988 
   250.98448119239137   211.19520344092254 
   220.07485475114117   219.47741288420323 
   130.60116370438081   9.1955577219737066 
   209.77164593739113   222.23814936529681 
   140.90437251813088   6.4348212408801579 
   178.86201949614093   230.52035880857744 
   89.388328449380595   20.238503646347926 
   168.55881068239088   233.28109528967099 
   99.691537263130641   17.477767165254377 
   137.64918424114069   241.56330473295168 
   48.175493194380337   31.281449570722145 
    127.3459754273906   244.32404121404522 
   58.478702008130391     28.5207130896286 
    96.43634898614043   252.60625065732592 
   6.9626579393800911   42.324395495096368 
    86.13314017239037   255.36698713841943 
    17.26586675313014   39.563659014002802 
