   147.17466370129426   8.0075301880723906 
   156.41226800832828   2.6741968547390647 
   110.22424647315822   29.340863521405737 
   121.15698275456973   5.6102515598954614 
   119.46185078019222   24.007530188072398 
   93.444169833467697   21.610251559895453 
   73.273829245022156   50.674196854739073 
   84.206565526433678   26.943584893228795 
   82.511433552056161   45.340863521405744 
   56.493752605331657   42.943584893228788 
   36.323412016886138   72.007530188072408 
   47.256148298297639   48.276918226562131 
   45.561016323920114   66.674196854739094 
   19.543335377195607   64.276918226562117 
   10.305731070161587    69.61025155989546 
   8.6105990957840675   88.007530188072423 
   182.42994895505279    5.071475482916008 
   162.25960836660727   34.135420777759613 
    173.1923446480188   10.404808816249334 
   171.49721267364129   28.802087444426284 
   145.47953172691678   26.404808816249343 
   125.30919113847123   55.468754111092956 
   136.24192741988276   31.738142149582682 
   134.54679544550524    50.13542077775962 
   108.52911449878071   47.738142149582679 
   88.358773910335174   76.802087444426292 
   99.291510191746696   53.071475482916014 
   97.596378217369178   71.468754111092963 
   71.578697270644668   69.071475482916014 
   51.408356682199155    98.13542077775962 
   62.341092963610649   74.404808816249343 
   60.645960989233131    92.80208744442632 
   34.628280042508635   90.404808816249343 
   14.457939454063103   119.46875411109296 
   25.390675735474602   95.738142149582686 
   23.695543761097081   114.13542077775965 
   199.21002559474334   12.802087444426265 
    197.5148936203658    31.19936607260323 
    177.3445530319203   60.263311367446846 
   188.27728931333181   36.532699405936569 
   186.58215733895429   54.929978034113518 
   160.56447639222978   52.532699405936562 
   140.39413580378425   81.596644700780175 
   151.32687208519576   57.866032739269905 
   149.63174011081827    76.26331136744686 
   123.61405916409372   73.866032739269912 
   103.44371857564819   102.92997803411353 
    114.3764548570597    79.19936607260324 
    112.6813228826822   97.596644700780203 
   86.663641935957685   95.199366072603226 
   66.493301347512173   124.26331136744685 
   77.426037628923652   100.53269940593658 
   75.730905654546149   118.92997803411353 
   49.713224707821638   116.53269940593658 
   29.542884119376133   145.59664470078019 
   40.475620400787612   121.86603273926991 
   38.780488426410095   140.26331136744687 
   12.762807479685598   137.86603273926991 
   214.29497026005637   38.929978034113496 
    3.525203172651564   143.19936607260325 
   1.8300711982740585   161.59664470078022 
   212.59983828567886   57.327256662290466 
    192.4294976972333   86.391201957134086 
   203.36223397864481   62.660589995623788 
   201.66710200426732   81.057868623800758 
   175.64942105754278   78.660589995623795 
   155.47908046909728   107.72453529046741 
   166.41181675050879   83.993923328957123 
   164.71668477613127   102.39120195713409 
   138.69900382940676   99.993923328957138 
   118.52866324096122   129.05786862380077 
   129.46139952237274   105.32725666229047 
   127.76626754799521   123.72453529046741 
    101.7485866012707   121.32725666229047 
    81.57824601282519   150.39120195713409 
   92.510982294236683   126.66058999562381 
   90.815850319859166   145.05786862380074 
    64.79816937313467   142.66058999562381 
   44.627828784689143   171.72453529046743 
   55.560565066100629   147.99392332895715 
   53.865433091723126   166.39120195713411 
   27.847752144998612   163.99392332895715 
   229.37991492536938   65.057868623800729 
   18.610147837964593   169.32725666229049 
   16.915015863587072   187.72453529046746 
   227.68478295099186   83.455147251977692 
   207.51444236254636   112.51909254682133 
   218.44717864395784   88.788480585311021 
   216.75204666958035   107.18575921348798 
   190.73436572285581   104.78848058531104 
   170.56402513441026   133.85242588015467 
   181.49676141582179   110.12181391864438 
   179.80162944144428   128.51909254682135 
   153.78394849471974   126.12181391864436 
   133.61360790627424   155.18575921348801 
   144.54634418768575   131.45514725197771 
   142.85121221330823   149.85242588015467 
   116.83353126658373   147.45514725197771 
   96.663190678138221   176.51909254682133 
    107.5959269595497   152.78848058531105 
   105.90079498517218   171.18575921348801 
   79.883114038447673   168.78848058531102 
   59.712773450002175   197.85242588015464 
   70.645509731413654   174.12181391864436 
   68.950377757036136   192.51909254682135 
   42.932696810311626   190.12181391864436 
   244.46485959068241   91.185759213487984 
   33.695092503277607   195.45514725197771 
     31.9999605289001   213.85242588015467 
   242.76972761630486   109.58303784166492 
   222.59938702785934   138.64698313650854 
   233.53212330927087   114.91637117499826 
   231.83699133489336    133.3136498031752 
   205.81931038816882   130.91637117499826 
   185.64896979972326   159.98031646984188 
    196.5817060811348    136.2497045083316 
   194.88657410675731   154.64698313650854 
   168.86889316003277   152.24970450833158 
   148.69855257158724    181.3136498031752 
   159.63128885299875   157.58303784166492 
   157.93615687862123   175.98031646984188 
   131.91847593189672   173.58303784166492 
   111.74813534345122   202.64698313650854 
    122.6808716248627   178.91637117499826 
   120.98573965048519   197.31364980317522 
    94.96805870376069   194.91637117499826 
   74.797718115315178   223.98031646984188 
   85.730454396726657    200.2497045083316 
    84.03532242234914   218.64698313650857 
   58.017641475624643    216.2497045083316 
   48.780037168590617   221.58303784166495 
     47.0849051942131   239.98031646984191 
   237.68433169317234   164.77487372619572 
   248.61706797458385   141.04426176468547 
   246.92193600020633   159.44154039286238 
   220.90425505348182   157.04426176468547 
   200.73391446503626   186.10820705952906 
    211.6666507464478   162.37759509801882 
   209.97151877207031   180.77487372619572 
   183.95383782534577   178.37759509801882 
   163.78349723690025   207.44154039286244 
   174.71623351831175   183.71092843135216 
   173.02110154393424   202.10820705952909 
   147.00342059720973   199.71092843135213 
   126.83308000876423   228.77487372619572 
   137.76581629017571   205.04426176468547 
   136.07068431579819   223.44154039286241 
   110.05300336907369   221.04426176468547 
   89.882662780628181   250.10820705952909 
   100.81539906203967   226.37759509801884 
   99.120267087662157   244.77487372619575 
    73.10258614093766   242.37759509801882 
    63.86498183390362   247.71092843135216 
   252.76927635848534   190.90276431588302 
   235.98919971879485   183.17215235437271 
   215.81885913034932   212.23609764921633 
   226.75159541176083   188.50548568770606 
   225.05646343738331   206.90276431588299 
    199.0387824906588   204.50548568770606 
   178.86844190221328   233.56943098254968 
   189.80117818362481    209.8388190210394 
   188.10604620924727   228.23609764921633 
   162.08836526252279    225.8388190210394 
   141.91802467407726   254.90276431588299 
   152.85076095548877   231.17215235437274 
   151.15562898111122    249.5694309825497 
   125.13794803438674   247.17215235437271 
   115.90034372735272   252.50548568770608 
