   244.71014272446357   23.416406095709583 
   212.71014272446357   38.501350761022614 
   234.04347605779691   23.416406095709597 
   223.37680939113022   38.501350761022614 
   202.04347605779688   23.416406095709597 
   170.04347605779688   38.501350761022614 
   191.37680939113019   23.416406095709597 
   180.71014272446357   38.501350761022614 
   159.37680939113022   23.416406095709597 
   127.37680939113024   38.501350761022614 
   148.71014272446354   23.416406095709597 
   138.04347605779688   38.501350761022614 
   116.71014272446355   23.416406095709597 
   84.710142724463566   38.501350761022614 
   106.04347605779688   23.416406095709597 
   95.376809391130223   38.501350761022614 
   74.043476057796894   23.416406095709597 
   42.043476057796902   38.501350761022614 
   63.376809391130209   23.416406095709597 
   52.710142724463559   38.501350761022614 
   31.376809391130223   23.416406095709597 
   255.37680939113022     38.5013507610226 
   20.710142724463541   23.416406095709597 
   10.043476057796889   38.501350761022628 
   244.71014272446357    53.58629542633561 
   212.71014272446357   68.671240091648627 
   234.04347605779691   53.586295426335624 
   223.37680939113022   68.671240091648627 
   202.04347605779688   53.586295426335624 
   170.04347605779688   68.671240091648642 
   191.37680939113019   53.586295426335624 
   180.71014272446357   68.671240091648642 
   159.37680939113022   53.586295426335624 
   127.37680939113024   68.671240091648642 
   148.71014272446354   53.586295426335624 
   138.04347605779688   68.671240091648642 
   116.71014272446355   53.586295426335624 
   84.710142724463566   68.671240091648642 
   106.04347605779688   53.586295426335624 
   95.376809391130223   68.671240091648642 
   74.043476057796894   53.586295426335624 
   42.043476057796902   68.671240091648642 
   63.376809391130209   53.586295426335624 
   52.710142724463559   68.671240091648642 
   31.376809391130223   53.586295426335624 
   255.37680939113022   68.671240091648627 
   20.710142724463541   53.586295426335624 
   10.043476057796889   68.671240091648642 
   244.71014272446357   83.756184756961645 
   212.71014272446357   98.841129422274648 
   234.04347605779691   83.756184756961645 
   223.37680939113022   98.841129422274633 
   202.04347605779688   83.756184756961645 
   170.04347605779691   98.841129422274648 
   191.37680939113019   83.756184756961645 
   180.71014272446357   98.841129422274648 
   159.37680939113022   83.756184756961659 
   127.37680939113024   98.841129422274648 
   148.71014272446354   83.756184756961659 
   138.04347605779688   98.841129422274648 
   116.71014272446355   83.756184756961659 
   84.710142724463566   98.841129422274648 
   106.04347605779688   83.756184756961659 
   95.376809391130223   98.841129422274648 
   74.043476057796894   83.756184756961659 
   42.043476057796902   98.841129422274662 
   63.376809391130209   83.756184756961673 
   52.710142724463559   98.841129422274648 
   31.376809391130223   83.756184756961673 
   255.37680939113022   98.841129422274633 
   20.710142724463541   83.756184756961673 
   10.043476057796889   98.841129422274662 
   244.71014272446357   113.92607408758766 
   212.71014272446357   129.01101875290067 
   234.04347605779691   113.92607408758766 
   223.37680939113022   129.01101875290067 
   202.04347605779688   113.92607408758766 
   170.04347605779691   129.01101875290067 
   191.37680939113019   113.92607408758766 
   180.71014272446357   129.01101875290067 
   159.37680939113022   113.92607408758766 
   127.37680939113024    129.0110187529007 
   148.71014272446354   113.92607408758766 
   138.04347605779688   129.01101875290067 
   116.71014272446355   113.92607408758766 
   84.710142724463566    129.0110187529007 
   106.04347605779688   113.92607408758766 
   95.376809391130223    129.0110187529007 
   74.043476057796894   113.92607408758766 
   42.043476057796902    129.0110187529007 
   63.376809391130209   113.92607408758766 
   52.710142724463559    129.0110187529007 
   31.376809391130223   113.92607408758766 
   255.37680939113022   129.01101875290067 
   20.710142724463541   113.92607408758766 
   10.043476057796889    129.0110187529007 
   244.71014272446357   144.09596341821367 
   212.71014272446357    159.1809080835267 
   234.04347605779691   144.09596341821367 
   223.37680939113022    159.1809080835267 
   202.04347605779688   144.09596341821367 
   170.04347605779691    159.1809080835267 
   191.37680939113019   144.09596341821367 
   180.71014272446357    159.1809080835267 
   159.37680939113022   144.09596341821367 
   127.37680939113024   159.18090808352673 
   148.71014272446354   144.09596341821367 
   138.04347605779688   159.18090808352673 
   116.71014272446355   144.09596341821367 
   84.710142724463566   159.18090808352673 
   106.04347605779688    144.0959634182137 
   95.376809391130223   159.18090808352673 
   74.043476057796894    144.0959634182137 
   42.043476057796902   159.18090808352673 
   63.376809391130209    144.0959634182137 
   52.710142724463559   159.18090808352673 
   31.376809391130223    144.0959634182137 
   255.37680939113022    159.1809080835267 
   20.710142724463541    144.0959634182137 
   10.043476057796889   159.18090808352673 
   244.71014272446357   174.26585274883971 
   212.71014272446357   189.35079741415271 
   234.04347605779691   174.26585274883971 
   223.37680939113022   189.35079741415271 
   202.04347605779688   174.26585274883971 
   170.04347605779691   189.35079741415274 
   191.37680939113019   174.26585274883971 
   180.71014272446357   189.35079741415274 
   159.37680939113022   174.26585274883973 
   127.37680939113024   189.35079741415274 
   148.71014272446357   174.26585274883973 
   138.04347605779688   189.35079741415274 
   116.71014272446355   174.26585274883973 
   84.710142724463566   189.35079741415274 
   106.04347605779688   174.26585274883973 
   95.376809391130223   189.35079741415274 
   74.043476057796894   174.26585274883973 
   42.043476057796902   189.35079741415274 
   63.376809391130209   174.26585274883973 
   52.710142724463559   189.35079741415274 
   31.376809391130223   174.26585274883973 
   255.37680939113022   189.35079741415271 
   20.710142724463541   174.26585274883973 
   10.043476057796889   189.35079741415274 
   244.71014272446357   204.43574207946574 
   212.71014272446357   219.52068674477871 
   234.04347605779691   204.43574207946574 
   223.37680939113022   219.52068674477871 
   202.04347605779688   204.43574207946574 
   170.04347605779691   219.52068674477871 
   191.37680939113022   204.43574207946574 
   180.71014272446357   219.52068674477871 
   159.37680939113022   204.43574207946574 
   127.37680939113024   219.52068674477871 
   148.71014272446357   204.43574207946574 
   138.04347605779688   219.52068674477871 
   116.71014272446355   204.43574207946574 
   84.710142724463566   219.52068674477871 
   106.04347605779688   204.43574207946574 
   95.376809391130223   219.52068674477871 
   74.043476057796894   204.43574207946574 
   42.043476057796902   219.52068674477871 
   63.376809391130209   204.43574207946574 
   52.710142724463559   219.52068674477871 
   31.376809391130223   204.43574207946574 
   255.37680939113022   219.52068674477871 
   20.710142724463541   204.43574207946574 
   10.043476057796889   219.52068674477874 
   244.71014272446357   234.60563141009175 
   212.71014272446357   8.3314614303965691 
   234.04347605779691   234.60563141009177 
   223.37680939113019   8.3314614303965691 
   202.04347605779688   234.60563141009177 
   170.04347605779688   8.3314614303965691 
   191.37680939113022   234.60563141009177 
   180.71014272446357   8.3314614303965691 
   159.37680939113022   234.60563141009177 
   127.37680939113024   8.3314614303965691 
   148.71014272446357   234.60563141009177 
   138.04347605779688   8.3314614303965691 
   116.71014272446355   234.60563141009177 
   84.710142724463566   8.3314614303965691 
   106.04347605779688   234.60563141009177 
   95.376809391130223   8.3314614303965691 
   74.043476057796894   234.60563141009177 
   42.043476057796887   8.3314614303965691 
   63.376809391130209   234.60563141009177 
   52.710142724463545   8.3314614303965691 
   31.376809391130223   234.60563141009177 
   255.37680939113022   8.3314614303965548 
   20.710142724463541   234.60563141009177 
   10.043476057796875   8.3314614303965833 
