    24.72140882714757   30.843858516292944 
   40.721408827147577   46.843858516292933 
    24.72140882714757    62.84385851629294 
   40.721408827147577    78.84385851629294 
    24.72140882714757    94.84385851629294 
   40.721408827147577   110.84385851629293 
    24.72140882714757   126.84385851629293 
   40.721408827147577   142.84385851629293 
    24.72140882714757   158.84385851629295 
   40.721408827147577   174.84385851629293 
    24.72140882714757   190.84385851629293 
   40.721408827147577   206.84385851629293 
    24.72140882714757   222.84385851629293 
   40.721408827147577   238.84385851629295 
    24.72140882714757   254.84385851629293 
   40.721408827147577   14.843858516292952 
    56.72140882714757   30.843858516292944 
    72.72140882714757   46.843858516292933 
    56.72140882714757    62.84385851629294 
    72.72140882714757    78.84385851629294 
    56.72140882714757    94.84385851629294 
    72.72140882714757   110.84385851629293 
    56.72140882714757   126.84385851629293 
    72.72140882714757   142.84385851629293 
    56.72140882714757   158.84385851629295 
    72.72140882714757   174.84385851629293 
    56.72140882714757   190.84385851629293 
    72.72140882714757   206.84385851629293 
    56.72140882714757   222.84385851629293 
    72.72140882714757   238.84385851629295 
    56.72140882714757   254.84385851629293 
    72.72140882714757   14.843858516292952 
   88.721408827147584   30.843858516292944 
   104.72140882714757   46.843858516292933 
   88.721408827147584    62.84385851629294 
   104.72140882714757    78.84385851629294 
   88.721408827147584    94.84385851629294 
   104.72140882714757   110.84385851629293 
   88.721408827147584   126.84385851629293 
   104.72140882714757   142.84385851629293 
   88.721408827147584   158.84385851629295 
   104.72140882714757   174.84385851629293 
   88.721408827147584   190.84385851629293 
   104.72140882714757   206.84385851629293 
   88.721408827147584   222.84385851629293 
   104.72140882714757   238.84385851629295 
   88.721408827147584   254.84385851629293 
   104.72140882714757   14.843858516292952 
   120.72140882714757   30.843858516292944 
   136.72140882714757   46.843858516292933 
   120.72140882714757    62.84385851629294 
   136.72140882714757    78.84385851629294 
   120.72140882714757    94.84385851629294 
   136.72140882714757   110.84385851629293 
   120.72140882714757   126.84385851629293 
   136.72140882714757   142.84385851629293 
   120.72140882714757   158.84385851629295 
   136.72140882714757   174.84385851629293 
   120.72140882714757   190.84385851629293 
   136.72140882714757   206.84385851629293 
   120.72140882714757   222.84385851629293 
   136.72140882714757   238.84385851629295 
   120.72140882714757   254.84385851629293 
   136.72140882714757   14.843858516292952 
   152.72140882714757   30.843858516292944 
   168.72140882714757   46.843858516292933 
   152.72140882714757    62.84385851629294 
   168.72140882714757    78.84385851629294 
   152.72140882714757    94.84385851629294 
   168.72140882714757   110.84385851629293 
   152.72140882714757   126.84385851629293 
   168.72140882714757   142.84385851629293 
   152.72140882714757   158.84385851629295 
   168.72140882714757   174.84385851629293 
   152.72140882714757   190.84385851629293 
   168.72140882714757   206.84385851629293 
   152.72140882714757   222.84385851629293 
   168.72140882714757   238.84385851629295 
   152.72140882714757   254.84385851629293 
   168.72140882714757   14.843858516292952 
   184.72140882714757   30.843858516292944 
    200.7214088271476   46.843858516292933 
   184.72140882714757    62.84385851629294 
    200.7214088271476    78.84385851629294 
   184.72140882714757    94.84385851629294 
    200.7214088271476   110.84385851629293 
   184.72140882714757   126.84385851629293 
    200.7214088271476   142.84385851629293 
   184.72140882714757   158.84385851629295 
    200.7214088271476   174.84385851629293 
   184.72140882714757   190.84385851629293 
    200.7214088271476   206.84385851629293 
   184.72140882714757   222.84385851629293 
    200.7214088271476   238.84385851629295 
   184.72140882714757   254.84385851629293 
    200.7214088271476   14.843858516292952 
    216.7214088271476   30.843858516292944 
    232.7214088271476   46.843858516292933 
    216.7214088271476    62.84385851629294 
    232.7214088271476    78.84385851629294 
    216.7214088271476    94.84385851629294 
    232.7214088271476   110.84385851629293 
    216.7214088271476   126.84385851629293 
    232.7214088271476   142.84385851629293 
    216.7214088271476   158.84385851629295 
    232.7214088271476   174.84385851629293 
    216.7214088271476   190.84385851629293 
    232.7214088271476   206.84385851629293 
    216.7214088271476   222.84385851629293 
    232.7214088271476   238.84385851629295 
    216.7214088271476   254.84385851629293 
    232.7214088271476   14.843858516292952 
   248.72140882714754   30.843858516292944 
   8.7214088271475525   46.843858516292933 
   248.72140882714754    62.84385851629294 
   8.7214088271475525    78.84385851629294 
   248.72140882714754    94.84385851629294 
   8.7214088271475525   110.84385851629293 
   248.72140882714754   126.84385851629293 
   8.7214088271475525   142.84385851629293 
   248.72140882714754   158.84385851629295 
   8.7214088271475525   174.84385851629293 
   248.72140882714754   190.84385851629293 
   8.7214088271475525   206.84385851629293 
   248.72140882714754   222.84385851629293 
   8.7214088271475525   238.84385851629295 
   248.72140882714754   254.84385851629293 
   8.7214088271475525   14.843858516292952 
