   49.388617075635317   10.314913216321925 
   29.792699133369883   21.628621715306689 
   41.106407632354646   41.224539657572123 
   21.510489690089216   52.538248156556875 
   32.824198189073982   72.134166098822291 
   13.228280246808549   83.447874597807058 
   24.541988745793315   103.04379254007249 
   4.9460708035278822   114.35750103905725 
   16.259779302512662   133.95341898132267 
   7.9775698592319957   164.86304542257287 
   80.298243516885478    18.59712265960259 
   60.702325574620069   29.910831158587357 
   72.016034073604814   49.506749100852787 
   52.420116131339398   60.820457599837539 
   63.733824630324165   80.416375542102955 
   44.137906688058735   91.730084041087707 
   55.451615187043501   111.32600198335315 
   35.855697244778064    122.6397104823379 
   47.169405743762844   142.23562842460333 
   27.573487801497414   153.54933692358807 
   38.887196300482181   173.14525486585353 
   19.291278358216747   184.45896336483827 
   30.604986857201514    204.0548813071037 
    11.00906891493608   215.36858980608844 
   99.894161459150908   7.2834141606178262 
   111.20786995813567   26.879332102883243 
    91.61195201587023   38.193040601868006 
     102.925660514855   57.788958544133443 
   83.329742572589581   69.102667043118203 
   94.643451071574347   88.698584985383619 
   75.047533129308917   100.01229348436837 
   86.361241628293683   119.60821142663382 
   66.765323686028253   130.92191992561857 
    78.07903218501302     150.517837867884 
   58.483114242747597   161.83154636686874 
   69.796822741732342   181.42746430913419 
   50.200904799466933   192.74117280811893 
   61.514613298451678   212.33709075038439 
   41.918695356186262    223.6507992493691 
   130.80378790040109   15.565623603898493 
   142.11749639938589    35.16154154616391 
   122.52157845712043   46.475250045148677 
   133.83528695610522   66.071167987414114 
   114.23936901383978   77.384876486398881 
   125.55307751282454   96.980794428664282 
   105.95715957055911   108.29450292764905 
   117.27086806954388   127.89042086991448 
    97.67495012727845   139.20412936889923 
   108.98865862626322   158.80004731116466 
     89.3927406839978    170.1137558101494 
   100.70644918298255   189.70967375241483 
   81.110531240717123    201.0233822513996 
   92.424239739701875   220.61930019366503 
   72.828321797436459   231.93300869264976 
   150.39970584266655   4.2519151049137278 
   161.71341434165126   23.847833047179158 
   173.02712284063603   43.443750989444574 
   153.43120489837062    54.75745948842934 
   164.74491339735536   74.353377430694763 
   145.14899545508996    85.66708592967953 
    156.4627039540747   105.26300387194493 
    136.8667860118093   116.57671237092971 
   148.18049451079401   136.17263031319513 
   128.58457656852863   147.48633881217989 
   139.89828506751337    167.0822567544453 
   120.30236712524797   178.39596525343006 
   131.61607562423271   197.99188319569549 
   112.02015768196729   209.30559169468029 
   123.33386618095203   228.90150963694569 
   103.73794823868664   240.21521813593046 
   181.30933228391669   12.534124548194379 
   192.62304078290146   32.130042490459829 
   203.93674928188622   51.725960432725245 
   184.34083133962076   63.039668931710011 
   195.65453983860556   82.635586873975427 
   176.05862189634013   93.949295372960179 
   187.37233039532489    113.5452133152256 
   167.77641245305946   124.85892181421036 
   179.09012095204423   144.45483975647579 
    159.4942030097788   155.76854825546059 
   170.80791150876357   175.36446619772596 
   151.21199356649814   186.67817469671076 
   162.52570206548288   206.27409263897616 
   142.92978412321747   217.58780113796095 
   154.24349262220224   237.18371908022635 
   134.64757467993681   248.49742757921109 
   212.21895872516689   20.816333991475044 
   223.53266722415162   40.412251933740492 
   234.84637572313642   60.008169876005894 
   215.25045778087096   71.321878374990675 
   226.56416627985575   90.917796317256091 
   206.96824833759032   102.23150481624084 
   218.28195683657509   121.82742275850626 
   198.68603889430963   133.14113125749105 
   209.99974739329443   152.73704919975646 
     190.403829451029   164.05075769874125 
   201.71753795001376   183.64667564100662 
   182.12162000774833   194.96038413999139 
   193.43532850673307   214.55630208225682 
   173.83941056446767   225.87001058124159 
   185.15311906345241   245.46592852350702 
   165.55720112118701   256.77963702249178 
   243.12858516641708   29.098543434755712 
   254.44229366540179   48.694461377021142 
   246.16008422212116   79.604087818271324 
   237.87787477884046   110.51371425952151 
   249.19158327782526   130.10963220178692 
   229.59566533555983   141.42334070077169 
    240.9093738345446   161.01925864303712 
   221.31345589227914   172.33296714202189 
    232.6271643912639   191.92888508428729 
    213.0312464489985   203.24259358327208 
   224.34495494798327   222.83851152553748 
   204.74903700571784   234.15222002452228 
   216.06274550470258   253.74813796678768 
