   55.645884544956076   1.3450218509469569 
   61.502291005507082    23.20142831149797 
   39.645884544956068   29.057834772048995 
   45.502291005507075   50.914241232600027 
   23.645884544956061   56.770647693151048 
   29.502291005507086   78.627054153702076 
    7.645884544956087   84.483460614253062 
   13.502291005507097    106.3398670748041 
   105.21510392660913   11.488615390395939 
   83.358697466058089   17.345021850946964 
   89.215103926609117   39.201428311497978 
   67.358697466058103   45.057834772048999 
   73.215103926609117   66.914241232600034 
   51.358697466058089   72.770647693151034 
   57.215103926609125   94.627054153702062 
   35.358697466058111   100.48346061425306 
   41.215103926609132   122.33986707480409 
   19.358697466058107   128.19627353535512 
   25.215103926609128   150.05267999590612 
   3.3586974660580999   155.90908645645717 
   9.2151039266091246   177.76549291700817 
   127.07151038716015   5.6322089298449143 
   132.92791684771115   27.488615390395928 
   111.07151038716013   33.345021850946956 
   116.92791684771116    55.20142831149797 
   95.071510387160146   61.057834772048992 
   100.92791684771117   82.914241232600006 
   79.071510387160146   88.770647693151048 
    84.92791684771116   110.62705415370206 
   63.071510387160153   116.48346061425308 
    68.92791684771116   138.33986707480409 
   47.071510387160146   144.19627353535512 
   52.927916847711167   166.05267999590615 
   31.071510387160139   171.90908645645717 
    36.92791684771116    193.7654929170082 
   15.071510387160147    199.6218993775592 
    154.7843233082622   21.632208929844907 
    160.6407297688132   43.488615390395935 
    138.7843233082622   49.345021850946956 
    144.6407297688132   71.201428311497978 
   122.78432330826219   77.057834772048992 
    128.6407297688132   98.914241232600006 
   106.78432330826217   104.77064769315103 
    112.6407297688132   126.62705415370206 
   90.784323308262202   132.48346061425306 
   96.640729768813216   154.33986707480409 
   74.784323308262202   160.19627353535509 
   80.640729768813202   182.05267999590615 
   58.784323308262195   187.90908645645715 
   64.640729768813202    209.7654929170082 
   42.784323308262202   215.62189937755917 
    176.6407297688132   15.775802469293897 
   182.49713622936423   37.632208929844914 
   188.35354268991523   59.488615390395914 
    166.4971362293642   65.345021850946964 
   172.35354268991523   87.201428311497949 
    150.4971362293642   93.057834772048992 
   156.35354268991523   114.91424123260001 
    134.4971362293642   120.77064769315105 
    140.3535426899152   142.62705415370203 
   118.49713622936423   148.48346061425306 
   124.35354268991522   170.33986707480406 
   102.49713622936422   176.19627353535512 
   108.35354268991523   198.05267999590612 
   86.497136229364216   203.90908645645715 
    92.35354268991523   225.76549291700817 
   70.497136229364244   231.62189937755917 
   204.35354268991523   31.775802469293886 
   210.20994915046623     53.6322089298449 
   216.06635561101726   75.488615390395921 
   194.20994915046623   81.345021850946935 
   200.06635561101729   103.20142831149795 
   178.20994915046623   109.05783477204898 
   184.06635561101726   130.91424123260001 
   162.20994915046623   136.77064769315103 
   168.06635561101726   158.62705415370203 
   146.20994915046626   164.48346061425306 
   152.06635561101729   186.33986707480406 
   130.20994915046626   192.19627353535512 
   136.06635561101729   214.05267999590612 
   114.20994915046624   219.90908645645715 
   120.06635561101726   241.76549291700817 
   98.209949150466258   247.62189937755915 
   232.06635561101726   47.775802469293879 
   237.92276207156829   69.632208929844907 
   243.77916853211934   91.488615390395921 
   221.92276207156829   97.345021850946949 
   227.77916853211934   119.20142831149796 
   205.92276207156829   125.05783477204899 
   211.77916853211931   146.91424123260001 
   189.92276207156829   152.77064769315103 
   195.77916853211931   174.62705415370206 
   173.92276207156831   180.48346061425306 
   179.77916853211931   202.33986707480409 
   157.92276207156829   208.19627353535512 
   163.77916853211931   230.05267999590612 
   141.92276207156829   235.90908645645715 
   249.63557499267031   113.34502185094694 
   255.49198145322134   135.20142831149795 
   233.63557499267031   141.05783477204895 
   239.49198145322134   162.91424123260001 
   217.63557499267031   168.77064769315101 
   223.49198145322134   190.62705415370203 
   201.63557499267031   196.48346061425303 
   207.49198145322134   218.33986707480406 
   185.63557499267031   224.19627353535509 
   191.49198145322134   246.05267999590615 
   169.63557499267031   251.90908645645715 
