   108.40736067152049   15.360557363419641 
    85.77994367355096   15.360557363419627 
   85.779943673550974   37.987974361389156 
   63.152526675581441   37.987974361389156 
   63.152526675581441   60.615391359358689 
   40.525109677611944   60.615391359358661 
   40.525109677611944   83.242808357328187 
   17.897692679642411   83.242808357328187 
   17.897692679642411   105.87022535529772 
   153.66219466745954   15.360557363419627 
   131.03477766949001   15.360557363419627 
   131.03477766949001   37.987974361389156 
   108.40736067152051   37.987974361389142 
   108.40736067152049   60.615391359358675 
   85.779943673550974   60.615391359358675 
    85.77994367355096   83.242808357328201 
    63.15252667558147   83.242808357328187 
   63.152526675581456   105.87022535529772 
   40.525109677611944   105.87022535529772 
   40.525109677611944   128.49764235326722 
   17.897692679642411   128.49764235326725 
   17.897692679642411   151.12505935123679 
   176.28961166542905   15.360557363419627 
   176.28961166542905   37.987974361389142 
   153.66219466745952   37.987974361389142 
   153.66219466745952   60.615391359358675 
   131.03477766949001   60.615391359358661 
   131.03477766949001   83.242808357328187 
   108.40736067152049   83.242808357328187 
   108.40736067152049   105.87022535529772 
   85.779943673550989   105.87022535529771 
   85.779943673550989   128.49764235326722 
   63.152526675581456   128.49764235326722 
   63.152526675581456   151.12505935123676 
    40.52510967761193   151.12505935123676 
    40.52510967761193   173.75247634920629 
   17.897692679642425   173.75247634920629 
   17.897692679642425   196.37989334717582 
   198.91702866339858   37.987974361389156 
   198.91702866339858   60.615391359358675 
   176.28961166542905   60.615391359358675 
   176.28961166542905   83.242808357328187 
   153.66219466745954   83.242808357328187 
   153.66219466745954   105.87022535529772 
   131.03477766949001   105.87022535529772 
   131.03477766949001   128.49764235326725 
   108.40736067152052   128.49764235326722 
   108.40736067152052   151.12505935123676 
   85.779943673550989   151.12505935123676 
   85.779943673550989   173.75247634920629 
   63.152526675581456   173.75247634920629 
   63.152526675581456   196.37989334717582 
   40.525109677611958   196.37989334717582 
   40.525109677611958   219.00731034514533 
   221.54444566136809   60.615391359358661 
   221.54444566136812   83.242808357328173 
   198.91702866339855   83.242808357328173 
   198.91702866339855   105.87022535529771 
   176.28961166542905   105.87022535529769 
   176.28961166542905   128.49764235326722 
   153.66219466745952   128.49764235326722 
   153.66219466745952   151.12505935123676 
   131.03477766949001   151.12505935123673 
   131.03477766949001   173.75247634920626 
   108.40736067152049   173.75247634920626 
   108.40736067152051   196.37989334717582 
   85.779943673550974   196.37989334717582 
   85.779943673550974   219.00731034514533 
    63.15252667558147   219.00731034514533 
    63.15252667558147   241.63472734311483 
   244.17186265933762   83.242808357328187 
   244.17186265933762   105.87022535529771 
   221.54444566136812   105.87022535529771 
   221.54444566136812   128.49764235326722 
   198.91702866339858   128.49764235326722 
   198.91702866339858   151.12505935123676 
   176.28961166542905   151.12505935123676 
   176.28961166542905   173.75247634920629 
   153.66219466745954   173.75247634920626 
   153.66219466745954   196.37989334717579 
   131.03477766949004   196.37989334717579 
   131.03477766949004   219.00731034514533 
   108.40736067152051   219.00731034514533 
   108.40736067152051   241.63472734311486 
   85.779943673550989   241.63472734311483 
   244.17186265933762   128.49764235326722 
   244.17186265933762   151.12505935123676 
   221.54444566136812   151.12505935123676 
   221.54444566136812   173.75247634920629 
   198.91702866339858   173.75247634920629 
   198.91702866339858   196.37989334717582 
   176.28961166542908   196.37989334717579 
   176.28961166542908   219.00731034514533 
   153.66219466745954   219.00731034514533 
   153.66219466745954   241.63472734311486 
   131.03477766949004   241.63472734311486 
   244.17186265933762   173.75247634920626 
   63.152526675581456   15.360557363419641 
   221.54444566136812   196.37989334717579 
    40.52510967761193    37.98797436138917 
   198.91702866339861    219.0073103451453 
   17.897692679642425   60.615391359358675 
   176.28961166542905   241.63472734311483 
