   120.33079827996603   12.899043985074258 
   98.474391819415018   7.0426375245232196 
    92.61798535886399   28.899043985074247 
   70.761578898312962   23.042637524523226 
   64.905172437761948   44.899043985074272 
   43.048765977210927   39.042637524523244 
   37.192359516659934   60.899043985074258 
   15.335953056108904   55.042637524523236 
   9.4795465955578795   76.899043985074272 
   169.90001766161907   2.7554504456252618 
    164.0436112010681   24.611856906176275 
   142.18720474051705   18.755450445625254 
   136.33079827996605   40.611856906176278 
   114.47439181941502   34.755450445625257 
     108.617985358864   56.611856906176286 
   86.761578898312976   50.755450445625264 
   80.905172437761962     72.6118569061763 
   59.048765977210934   66.755450445625272 
   53.192359516659941   88.611856906176286 
   31.335953056108909   82.755450445625272 
   25.479546595557885   104.61185690617629 
   3.6231401350068704   98.755450445625286 
   191.75642412217013   8.6118569061762713 
   185.90001766161907     30.4682633667273 
   180.04361120106807   52.324669827278299 
   158.18720474051705   46.468263366727307 
   152.33079827996605   68.324669827278314 
   130.47439181941502   62.468263366727314 
     124.617985358864   84.324669827278328 
   102.76157889831298   78.468263366727314 
   96.905172437761948   100.32466982727833 
   75.048765977210934   94.468263366727328 
   69.192359516659948   116.32466982727833 
   47.335953056108913   110.46826336672733 
   41.479546595557892   132.32466982727834 
   19.623140135006874   126.46826336672733 
   13.766733674455851   148.32466982727834 
   207.75642412217013   36.324669827278306 
   201.90001766161907   58.181076287829342 
    196.0436112010681   80.037482748380356 
   174.18720474051705   74.181076287829327 
   168.33079827996605   96.037482748380356 
   146.47439181941505   90.181076287829342 
   140.61798535886399   112.03748274838037 
   118.76157889831298   106.18107628782934 
   112.90517243776198   128.03748274838037 
   91.048765977210934   122.18107628782936 
   85.192359516659948   144.03748274838037 
    63.33595305610892   138.18107628782934 
   57.479546595557899   160.03748274838037 
   35.623140135006864   154.18107628782937 
   29.766733674455857   176.03748274838037 
    7.910327213904857   170.18107628782937 
   223.75642412217013   64.037482748380341 
    217.9000176616191    85.89388920893137 
   212.04361120106805   107.75029566948237 
   190.18720474051707   101.89388920893137 
   184.33079827996602   123.75029566948237 
   162.47439181941502   117.89388920893137 
   156.61798535886399   139.75029566948237 
   134.76157889831299   133.89388920893137 
   128.90517243776196   155.75029566948237 
   107.04876597721093    149.8938892089314 
   101.19235951665992    171.7502956694824 
   79.335953056108906   165.89388920893137 
   73.479546595557892    187.7502956694824 
   51.623140135006871   181.89388920893137 
    45.76673367445585    203.7502956694824 
   23.910327213904864    197.8938892089314 
    239.7564241221701   91.750295669482355 
   233.90001766161907   113.60670213003338 
   228.04361120106807   135.46310859058443 
   206.18720474051705   129.60670213003337 
   200.33079827996605   151.46310859058443 
   178.47439181941502   145.60670213003337 
   172.61798535886402   167.46310859058443 
   150.76157889831299    161.6067021300334 
   144.90517243776196   183.46310859058443 
   123.04876597721093    177.6067021300334 
   117.19235951665995    199.4631085905844 
    95.33595305610892    193.6067021300334 
   89.479546595557906   215.46310859058443 
   67.623140135006864    209.6067021300334 
   61.766733674455857   231.46310859058443 
   39.910327213904857    225.6067021300334 
    255.7564241221701   119.46310859058441 
    249.9000176616191   141.31951505113543 
    244.0436112010681   163.17592151168645 
   222.18720474051705   157.31951505113543 
   216.33079827996605   179.17592151168645 
   194.47439181941502   173.31951505113543 
   188.61798535886402   195.17592151168645 
   166.76157889831299   189.31951505113545 
   160.90517243776196   211.17592151168648 
   139.04876597721093   205.31951505113545 
   133.19235951665993   227.17592151168645 
   111.33595305610892   221.31951505113543 
   105.47954659555791   243.17592151168645 
   83.623140135006864   237.31951505113545 
   55.910327213904857   253.31951505113543 
   238.18720474051707   185.03232797223748 
   232.33079827996605   206.88873443278851 
   210.47439181941502   201.03232797223748 
   204.61798535886402   222.88873443278851 
   182.76157889831302   217.03232797223748 
   176.90517243776199   238.88873443278851 
   155.04876597721096   233.03232797223751 
   149.19235951665996   254.88873443278851 
   127.33595305610895   249.03232797223751 
