   180.47889349690902   10.263492497627917 
   149.56926705565883   18.545701940908582 
   129.97334911339343   7.2319934419238185 
   118.65964061440866    26.82791138418925 
   99.063722672143214   15.514202885204485 
   87.750014173158448    35.11012082746992 
   68.154096230893046   23.796412328485136 
   56.840387731908287    43.39233027075057 
   37.244469789642856   32.078621771765803 
   25.930761290658086   51.674539714031233 
   6.3348433483926554   40.360831215046474 
   211.38851993815922   1.9812830543472502 
   200.07481143917443   21.577200996612667 
   188.76110294018969   41.173118938878098 
   169.16518499792426   29.859410439893335 
   157.85147649893949   49.455328382158768 
   138.25555855667406   38.141619883174002 
   126.94185005768932   57.737537825439432 
   107.34593211542389   46.423829326454666 
   96.032223616439126   66.019747268720096 
   76.436305674173724   54.706038769735322 
   65.122597175188957   74.301956712000759 
    45.52667923292352   62.988248213015986 
   34.212970733938754   82.584166155281423 
   14.617052791673322   71.270457656296657 
    3.303344292688557   90.866375598562087 
   219.67072938143988   32.890909495597434 
   208.35702088245512    52.48682743786285 
   197.04331238347035   72.082745380128273 
   177.44739444120495   60.769036881143506 
   166.13368594222015   80.364954823408937 
   146.53776799995472    69.05124632442417 
   135.22405950096999     88.6471642666896 
   115.62814155870456   77.333455767704834 
   104.31443305971979   96.929373709970264 
   84.718515117454373   85.615665210985483 
   73.404806618469621   105.21158315325094 
   53.808888676204184   93.897874654266161 
   42.495180177219424   113.49379259653161 
   22.899262234953991   102.18008409754682 
   11.585553735969224   121.77600203981227 
   227.95293882472055   63.800535936847609 
   216.63923032573578   83.396453879113054 
   205.32552182675101   102.99237182137847 
   185.72960388448561   91.678663322393717 
   174.41589538550082   111.27458126465913 
   154.81997744323542   99.960872765674367 
   143.50626894425065    119.5567907079398 
   123.91035100198522   108.24308220895503 
   112.59664250300045   127.83900015122047 
   93.000724560735037   116.52529165223571 
   81.687016061750285   136.12120959450112 
   62.091098119484855   124.80750109551637 
   50.777389620500088   144.40341903778179 
   31.181471678234654   133.08971053879702 
   19.867763179249891   152.68562848106248 
   236.23514826800118   94.710162378097806 
   224.92143976901644   114.30608032036324 
   213.60773127003168   133.90199826262864 
   194.01181332776628   122.58828976364389 
   182.69810482878148    142.1842077059093 
   163.10218688651608   130.87049920692456 
   151.78847838753128   150.46641714918994 
   132.19256044526588   139.15270865020523 
    120.8788519462811    158.7486265924706 
    101.2829340040157   147.43491809348589 
   89.969225505030934   167.03083603575126 
   70.373307562765504   155.71712753676655 
   59.059599063780738   175.31304547903193 
   39.463681121515322   163.99933698004722 
   28.149972622530544   183.59525492231262 
   8.5540546802651534   172.28154642332785 
   244.51735771128187   125.61978881934796 
   233.20364921229711   145.21570676161338 
   221.88994071331234   164.81162470387883 
   202.29402277104691   153.49791620489407 
   190.98031427206215    173.0938341471595 
   171.38439632979674   161.78012564817473 
   160.07068783081195   181.37604359044016 
   140.47476988854655    170.0623350914554 
   129.16106138956178    189.6582530337208 
   109.56514344729636   178.34454453473606 
   98.251434948311612   197.94046247700149 
   78.655517006046168   186.62675397801672 
   67.341808507061401   206.22267192028215 
   47.745890564795978   194.90896342129739 
   36.432182065811212   214.50488136356284 
   16.836264123545806   203.19117286457805 
   252.79956715456251   156.52941526059817 
   241.48585865557777   176.12533320286357 
   230.17215015659303   195.72125114512903 
    210.5762322143276   184.40754264614426 
   199.26252371534281   204.00346058840967 
   179.66660577307741   192.68975208942493 
   168.35289727409261   212.28567003169036 
   148.75697933182721   200.97196153270559 
   137.44327083284242   220.56787947497099 
   117.84735289057704   209.25417097598623 
   106.53364439159228   228.85008891825166 
   86.937726449326846   217.53638041926692 
   75.624017950342079   237.13229836153235 
   56.028100008076642   225.81858986254755 
   44.714391509091875   245.41450780481301 
   25.118473566826474   234.10079930582822 
   249.76806809885844   207.03495964411374 
   238.45435959987367   226.63087758637917 
   218.85844165760824   215.31716908739443 
   207.54473315862347   234.91308702965986 
   187.94881521635807    223.5993785306751 
    176.6351067173733    243.1952964729405 
   157.03918877510787   231.88158797395576 
   145.72548027612308   251.47750591622119 
   126.12956233385769   240.16379741723642 
   95.219935892607509   248.44600686051706 
   64.310309451357298   256.72821630379775 
