   254.70879177008388   19.289561513512581 
   238.70879177008388   35.289561513512588 
   222.70879177008391   19.289561513512595 
   206.70879177008388   35.289561513512588 
   190.70879177008385   19.289561513512595 
   174.70879177008388   35.289561513512588 
   158.70879177008388   19.289561513512595 
   142.70879177008388   35.289561513512588 
   126.70879177008388   19.289561513512595 
   110.70879177008388   35.289561513512588 
   94.708791770083877   19.289561513512595 
   78.708791770083877   35.289561513512588 
   62.708791770083863   19.289561513512595 
   46.708791770083863   35.289561513512588 
   30.708791770083884   19.289561513512595 
   14.708791770083879   35.289561513512588 
   254.70879177008388   51.289561513512574 
   238.70879177008388   67.289561513512595 
   222.70879177008391   51.289561513512588 
   206.70879177008388   67.289561513512595 
   190.70879177008385   51.289561513512588 
   174.70879177008388   67.289561513512595 
   158.70879177008388   51.289561513512588 
   142.70879177008388   67.289561513512595 
   126.70879177008388   51.289561513512588 
   110.70879177008388   67.289561513512595 
   94.708791770083877   51.289561513512588 
   78.708791770083877   67.289561513512595 
   62.708791770083863   51.289561513512588 
   46.708791770083863   67.289561513512595 
   30.708791770083884   51.289561513512588 
   14.708791770083879   67.289561513512595 
   254.70879177008388   83.289561513512567 
   238.70879177008388   99.289561513512581 
   222.70879177008391   83.289561513512567 
   206.70879177008388   99.289561513512581 
   190.70879177008388   83.289561513512567 
   174.70879177008388   99.289561513512581 
   158.70879177008388   83.289561513512581 
   142.70879177008388   99.289561513512581 
   126.70879177008388   83.289561513512581 
   110.70879177008388   99.289561513512581 
   94.708791770083877   83.289561513512581 
   78.708791770083877   99.289561513512581 
   62.708791770083863   83.289561513512595 
   46.708791770083863   99.289561513512581 
   30.708791770083884   83.289561513512595 
   14.708791770083879   99.289561513512581 
   254.70879177008388   115.28956151351258 
   238.70879177008388   131.28956151351258 
   222.70879177008391   115.28956151351258 
   206.70879177008388   131.28956151351258 
   190.70879177008388   115.28956151351258 
   174.70879177008388   131.28956151351258 
   158.70879177008388   115.28956151351258 
   142.70879177008388   131.28956151351258 
   126.70879177008388   115.28956151351258 
   110.70879177008388   131.28956151351258 
   94.708791770083877   115.28956151351258 
   78.708791770083877   131.28956151351258 
   62.708791770083863   115.28956151351258 
   46.708791770083863   131.28956151351258 
   30.708791770083884   115.28956151351258 
   14.708791770083879   131.28956151351258 
   254.70879177008388   147.28956151351258 
   238.70879177008388   163.28956151351258 
   222.70879177008391   147.28956151351258 
   206.70879177008388   163.28956151351258 
   190.70879177008388   147.28956151351258 
   174.70879177008388   163.28956151351258 
   158.70879177008388   147.28956151351258 
   142.70879177008388   163.28956151351258 
   126.70879177008388   147.28956151351258 
   110.70879177008388   163.28956151351258 
   94.708791770083877   147.28956151351258 
   78.708791770083877   163.28956151351258 
   62.708791770083863   147.28956151351258 
   46.708791770083863   163.28956151351258 
   30.708791770083884   147.28956151351258 
   14.708791770083879   163.28956151351258 
   254.70879177008388   179.28956151351258 
   238.70879177008388   195.28956151351258 
   222.70879177008391   179.28956151351258 
   206.70879177008388   195.28956151351258 
   190.70879177008388   179.28956151351258 
   174.70879177008388   195.28956151351258 
   158.70879177008388   179.28956151351258 
   142.70879177008388   195.28956151351258 
   126.70879177008388   179.28956151351258 
   110.70879177008388   195.28956151351258 
   94.708791770083877   179.28956151351258 
   78.708791770083877   195.28956151351258 
   62.708791770083863   179.28956151351258 
   46.708791770083863   195.28956151351258 
   30.708791770083884   179.28956151351258 
   14.708791770083879   195.28956151351258 
   254.70879177008388   211.28956151351258 
   238.70879177008388   227.28956151351258 
   222.70879177008391   211.28956151351258 
   206.70879177008388   227.28956151351258 
   190.70879177008388   211.28956151351258 
   174.70879177008388   227.28956151351258 
   158.70879177008388   211.28956151351258 
   142.70879177008388   227.28956151351258 
   126.70879177008388   211.28956151351258 
   110.70879177008388   227.28956151351258 
   94.708791770083877   211.28956151351258 
   78.708791770083877   227.28956151351258 
   62.708791770083863   211.28956151351258 
   46.708791770083863   227.28956151351258 
   30.708791770083884   211.28956151351258 
   14.708791770083879   227.28956151351258 
   254.70879177008388   243.28956151351255 
   238.70879177008385   3.2895615135125746 
   222.70879177008391   243.28956151351258 
   206.70879177008385   3.2895615135125746 
   190.70879177008388   243.28956151351258 
   174.70879177008388   3.2895615135125746 
   158.70879177008388   243.28956151351258 
   142.70879177008388   3.2895615135125746 
   126.70879177008388   243.28956151351258 
   110.70879177008388   3.2895615135125746 
   94.708791770083877   243.28956151351258 
   78.708791770083877   3.2895615135125746 
   62.708791770083863   243.28956151351258 
   46.708791770083849   3.2895615135125746 
   30.708791770083884   243.28956151351258 
   14.708791770083865   3.2895615135125746 
