   56.431061137489799   30.917686489246098 
    79.05847813545931   14.917686489246092 
    79.05847813545931   30.917686489246098 
   56.431061137489799   14.917686489246092 
   56.431061137489799   62.917686489246108 
    79.05847813545931   46.917686489246101 
    79.05847813545931   62.917686489246108 
   56.431061137489799   46.917686489246101 
   56.431061137489799   94.917686489246094 
    79.05847813545931   78.917686489246094 
    79.05847813545931   94.917686489246094 
   56.431061137489799   78.917686489246094 
   56.431061137489799   126.91768648924611 
    79.05847813545931   110.91768648924609 
    79.05847813545931   126.91768648924611 
   56.431061137489799   110.91768648924609 
   56.431061137489799   158.91768648924611 
    79.05847813545931   142.91768648924608 
    79.05847813545931   158.91768648924611 
   56.431061137489799   142.91768648924608 
   56.431061137489799   190.91768648924611 
    79.05847813545931   174.91768648924611 
    79.05847813545931   190.91768648924611 
   56.431061137489799   174.91768648924611 
   56.431061137489799   222.91768648924611 
    79.05847813545931   206.91768648924611 
    79.05847813545931   222.91768648924611 
   56.431061137489799   206.91768648924611 
   56.431061137489799   254.91768648924611 
    79.05847813545931   238.91768648924611 
    79.05847813545931   254.91768648924611 
   56.431061137489799   238.91768648924611 
   101.68589513342884   30.917686489246098 
   124.31331213139836   14.917686489246092 
   124.31331213139836   30.917686489246098 
   101.68589513342884   14.917686489246092 
   101.68589513342884   62.917686489246108 
   124.31331213139836   46.917686489246101 
   124.31331213139836   62.917686489246108 
   101.68589513342884   46.917686489246101 
   101.68589513342884   94.917686489246094 
   124.31331213139836   78.917686489246094 
   124.31331213139836   94.917686489246094 
   101.68589513342884   78.917686489246094 
   101.68589513342884   126.91768648924611 
   124.31331213139836   110.91768648924609 
   124.31331213139836   126.91768648924611 
   101.68589513342884   110.91768648924609 
   101.68589513342884   158.91768648924611 
   124.31331213139836   142.91768648924608 
   124.31331213139836   158.91768648924611 
   101.68589513342884   142.91768648924608 
   101.68589513342884   190.91768648924611 
   124.31331213139836   174.91768648924611 
   124.31331213139836   190.91768648924611 
   101.68589513342884   174.91768648924611 
   101.68589513342884   222.91768648924611 
   124.31331213139836   206.91768648924611 
   124.31331213139836   222.91768648924611 
   101.68589513342884   206.91768648924611 
   101.68589513342884   254.91768648924611 
   124.31331213139836   238.91768648924611 
   124.31331213139836   254.91768648924611 
   101.68589513342884   238.91768648924611 
   146.94072912936787   30.917686489246098 
   169.56814612733743   14.917686489246092 
   169.56814612733743   30.917686489246098 
   146.94072912936787   14.917686489246092 
   146.94072912936787   62.917686489246108 
   169.56814612733743   46.917686489246101 
   169.56814612733743   62.917686489246108 
   146.94072912936787   46.917686489246101 
   146.94072912936787   94.917686489246094 
   169.56814612733743   78.917686489246094 
   169.56814612733743   94.917686489246094 
   146.94072912936787   78.917686489246094 
   146.94072912936787   126.91768648924611 
   169.56814612733743   110.91768648924609 
   169.56814612733743   126.91768648924611 
   146.94072912936787   110.91768648924609 
   146.94072912936787   158.91768648924611 
   169.56814612733743   142.91768648924608 
   169.56814612733743   158.91768648924611 
   146.94072912936787   142.91768648924608 
   146.94072912936787   190.91768648924611 
   169.56814612733743   174.91768648924611 
   169.56814612733743   190.91768648924611 
   146.94072912936787   174.91768648924611 
   146.94072912936787   222.91768648924611 
   169.56814612733743   206.91768648924611 
   169.56814612733743   222.91768648924611 
   146.94072912936787   206.91768648924611 
   146.94072912936787   254.91768648924611 
   169.56814612733743   238.91768648924611 
   169.56814612733743   254.91768648924611 
   146.94072912936787   238.91768648924611 
   192.19556312530693   30.917686489246098 
   214.82298012327644   14.917686489246092 
   214.82298012327644   30.917686489246098 
   192.19556312530693   14.917686489246092 
   192.19556312530693   62.917686489246108 
   214.82298012327644   46.917686489246101 
   214.82298012327644   62.917686489246108 
   192.19556312530693   46.917686489246101 
   192.19556312530693   94.917686489246094 
   214.82298012327644   78.917686489246094 
   214.82298012327644   94.917686489246094 
   192.19556312530693   78.917686489246094 
   192.19556312530693   126.91768648924611 
   214.82298012327644   110.91768648924609 
   214.82298012327644   126.91768648924611 
   192.19556312530693   110.91768648924609 
   192.19556312530693   158.91768648924611 
   214.82298012327644   142.91768648924608 
   214.82298012327644   158.91768648924611 
   192.19556312530693   142.91768648924608 
   192.19556312530693   190.91768648924611 
   214.82298012327644   174.91768648924611 
   214.82298012327644   190.91768648924611 
   192.19556312530693   174.91768648924611 
   192.19556312530693   222.91768648924611 
   214.82298012327644   206.91768648924611 
   214.82298012327644   222.91768648924611 
   192.19556312530693   206.91768648924611 
   192.19556312530693   254.91768648924611 
   214.82298012327644   238.91768648924611 
   214.82298012327644   254.91768648924611 
   192.19556312530693   238.91768648924611 
     237.450397121246   30.917686489246098 
   33.803644139520266   14.917686489246092 
   33.803644139520266   30.917686489246098 
     237.450397121246   14.917686489246092 
     237.450397121246   62.917686489246108 
   33.803644139520266   46.917686489246101 
   33.803644139520266   62.917686489246108 
     237.450397121246   46.917686489246101 
     237.450397121246   94.917686489246094 
   33.803644139520266   78.917686489246094 
   33.803644139520266   94.917686489246094 
     237.450397121246   78.917686489246094 
     237.450397121246   126.91768648924611 
   33.803644139520266   110.91768648924609 
   33.803644139520266   126.91768648924611 
     237.450397121246   110.91768648924609 
     237.450397121246   158.91768648924611 
   33.803644139520266   142.91768648924608 
   33.803644139520266   158.91768648924611 
     237.450397121246   142.91768648924608 
     237.450397121246   190.91768648924611 
   33.803644139520266   174.91768648924611 
   33.803644139520266   190.91768648924611 
     237.450397121246   174.91768648924611 
     237.450397121246   222.91768648924611 
   33.803644139520266   206.91768648924611 
   33.803644139520266   222.91768648924611 
     237.450397121246   206.91768648924611 
     237.450397121246   254.91768648924611 
   33.803644139520266   238.91768648924611 
   33.803644139520266   254.91768648924611 
     237.450397121246   238.91768648924611 
