    61.94994040174965   26.340514862729062 
   87.947451583941017   16.742108102654988 
   83.806346862300686   32.196921323280087 
   66.091045123389989   10.885701642103964 
   53.667730958468987   57.250141303979248 
   79.665242140660354   47.651734543905171 
   75.524137419020036   63.106547764530269 
   57.808835680109318    41.79532808335415 
   45.385521515188337   88.159767745229431 
   71.383032697379676    78.56136098515536 
   67.241927975739358   94.016174205780459 
   49.526626236828669   72.704954524604332 
   37.103312071907666   119.06939418647961 
   63.100823254099026   109.47098742640556 
   58.959718532458695   124.92580064703064 
   41.244416793547998   103.61458096585453 
   28.821102628626999    149.9790206277298 
   54.818613810818363   140.38061386765574 
   50.677509089178031    155.8354270882808 
   32.962207350267335   134.52420740710471 
   20.538893185346332   180.88864706897999 
   46.536404367537699   171.29024030890591 
    42.39529964589736   186.74505352953099 
   24.679997906986667   165.43383384835491 
   12.256683742065666   211.79827351023019 
   38.254194924257028    202.1998667501561 
   34.113090202616696   217.65467997078119 
      16.397788463706    196.3434602896051 
   29.971985480976379   233.10949319140627 
   92.088556305581363   1.2872948820298749 
   8.1155790204253471   227.25308673085524 
    105.6627533228517   38.053327783831094 
   131.66026450504305    28.45492102375702 
   127.51915978340271   43.909734244382122 
   109.80385804449203   22.598514563205999 
   97.380543879571036   68.962954225081276 
   123.37805506176238   59.364547465007206 
   119.23695034012205   74.819360685632304 
   101.52164860121137   53.508141004456178 
   89.098334436290372   99.872580666331459 
   115.09584561848172   90.274173906257388 
   110.95474089684137   105.72898712688249 
    93.23943915793069   84.417767445706374 
   80.816124993009709   130.78220710758166 
   106.81363617520104   121.18380034750759 
   102.67253145356072   136.63861356813266 
   84.957229714650026   115.32739388695656 
   72.533915549729045   161.69183354883182 
   98.531426731920376   152.09342678875777 
   94.390322010280059   167.54824000938282 
   76.675020271369377   146.23702032820674 
   64.251706106448381   192.60145999008202 
   90.249217288639727   183.00305323000794 
   86.108112566999395   198.45786645063302 
   68.392810828088727   177.14664676945691 
    55.96949666316771   223.51108643133222 
   81.967007845359063   213.91267967125813 
   77.825903123718732   229.36749289188322 
   60.110601384808042    208.0562732107071 
   113.94496276613236   7.1437013425808837 
     73.6847984020784   244.82230611250833 
   135.80136922668336   13.000107803131908 
   51.828391941527393   238.96589965195727 
   149.37556624395373   49.766140704933143 
   175.37307742614513   40.167733944859066 
   171.23197270450478   55.622547165484171 
   153.51667096559407   34.311327484308045 
   141.09335680067306   80.675767146183333 
   167.09086798286444   71.077360386109234 
   162.94976326122412   86.532173606734332 
   145.23446152231341    65.22095392555822 
    132.8111473573924    111.5853935874335 
    158.8086585395838   101.98698682735943 
   154.66755381794346   117.44180004798453 
   136.95225207903275   96.130580366808402 
   124.52893791411175   142.49502002868368 
   150.52644909630314   132.89661326860963 
   146.38534437466279   148.35142648923471 
   128.67004263575205   127.04020680805861 
   116.24672847083109   173.40464646993385 
   142.24423965302248    163.8062397098598 
   138.10313493138216   179.26105293048488 
   120.38783319247142    157.9498332493088 
   107.96451902755042   204.31427291118402 
   133.96203020974181   194.71586615110996 
   129.82092548810147   210.17067937173508 
   112.10562374919076   188.85945969055896 
    99.68230958426976   235.22389935243422 
   125.67982076646113   225.62549259236016 
    121.5387160448208   241.08030581298527 
   103.82341430591009   219.76908613180913 
   157.65777568723442   18.856514263682932 
   117.39761132318048   256.53511903361033 
   179.51418214778545   24.712920724233957 
   95.541204862629442   250.67871257305933 
   193.08837916505578   61.478953626035178 
   219.08589034724716   51.880546865961101 
   214.94478562560681   67.335360086586192 
   197.22948388669613    46.02414040541008 
   184.80616972177512   92.388580067285361 
   210.80368090396647    82.79017330721129 
   206.66257618232615   98.244986527836389 
   188.94727444341544   76.933766846660262 
   176.52396027849446   123.29820650853554 
   202.52147146068583   113.69979974846147 
   198.38036673904551   129.15461296908657 
   180.66506500013477   107.84339328791044 
   168.24175083521379   154.20783294978571 
   194.23926201740517   144.60942618971166 
   190.09815729576482   160.06423941033674 
   172.38285555685411   138.75301972916066 
   159.95954139193313   185.11745939103591 
    185.9570525741245   175.51905263096185 
   181.81594785248419   190.97386585158691 
   164.10064611357348   169.66264617041082 
   151.67733194865247    216.0270858322861 
   177.67484313084384   206.42867907221202 
   173.53373840920352    221.8834922928371 
   155.81843667029281   200.57227261166102 
    143.3951225053718    246.9367122735363 
   169.39263368756315   237.33830551346222 
   165.25152896592283   252.79311873408733 
   147.53622722701215   231.48189905291122 
   201.37058860833648   30.569327184784964 
   223.22699506888748   36.425733645335988 
   236.80119208615787    73.19176654713722 
   240.94229680779819   57.736953326512129 
   228.51898264287718   104.10139298838739 
   254.51649382506855   94.502986228313318 
    250.3753891034282   109.95779944893842 
   232.66008736451752    88.64657976776229 
   220.23677319959651    135.0110194296376 
   246.23428438178789    125.4126126695635 
   242.09317966014754    140.8674258901886 
   224.37787792123683   119.55620620901247 
   211.95456375631585   165.92064587088777 
   237.95207493850722   156.32223911081371 
   233.81097021686691    171.7770523314388 
    216.0956684779562   150.46583265026268 
   203.67235431303519   196.83027231213794 
   229.66986549522656   187.23186555206391 
   225.52876077358621   202.68667877268894 
    207.8134590346755   181.37545909151285 
   195.39014486975452   227.73989875338813 
    221.3876560519459   218.14149199331405 
   217.24655133030558   233.59630521393913 
   199.53124959139487   212.28508553276302 
   213.10544660866523   249.05111843456424 
    191.2490401481142   243.19471197401322 
    245.0834015294385   42.282140105887009 
