   129.29046169645113   9.9397526094162583 
   93.694543754185702   26.338857031533546 
   121.29046169645115   23.796159069967285 
   113.29046169645113   37.652565530518295 
    101.6945437541857   12.482450570982534 
   77.694543754185716   54.051669952635571 
   105.29046169645113   51.508971991069323 
   97.290461696451146    65.36537845162033 
   85.694543754185702   40.195263492084557 
   61.694543754185709    81.76448287373762 
   89.290461696451146   79.221784912171344 
   81.290461696451146   93.078191372722387 
   69.694543754185716   67.908076413186592 
   45.694543754185716   109.47729579483966 
   73.290461696451132   106.93459783327339 
   65.290461696451146   120.79100429382441 
   53.694543754185723   95.620889334288634 
   29.694543754185712    137.1901087159417 
   57.290461696451146   134.64741075437541 
   49.290461696451146   148.50381721492647 
   37.694543754185716   123.33370225539069 
   13.694543754185707   164.90292163704376 
   41.290461696451139   162.36022367547747 
   33.290461696451139   176.21663013602853 
   21.694543754185709   151.04651517649273 
    25.29046169645115    190.0730365965795 
    17.29046169645115   203.92944305713053 
   5.6945437541857187   178.75932809759476 
   148.88637963871656   21.253461108401023 
   176.48229758098199   18.710763146834765 
   168.48229758098199   32.567169607385779 
   156.88637963871659   7.3970546478499983 
   132.88637963871656   48.966274029503062 
   160.48229758098199     46.4235760679368 
   152.48229758098199   60.279982528487814 
   140.88637963871656   35.109867568952055 
   116.88637963871658   76.679086950605083 
   144.48229758098199   74.136388989038835 
   136.48229758098202   87.992795449589849 
   124.88637963871656    62.82268049005409 
   100.88637963871658   104.39189987170714 
   128.48229758098199   101.84920191014088 
   120.48229758098199   115.70560837069191 
   108.88637963871658   90.535493411156125 
   84.886379638716576   132.10471279280918 
   112.48229758098201   129.56201483124292 
   104.48229758098201   143.41842129179395 
   92.886379638716591   118.24830633225815 
   68.886379638716576   159.81752571391121 
   96.482297580981992   157.27482775234495 
   88.482297580981992   171.13123421289598 
   76.886379638716576   145.96111925336021 
   52.886379638716569   187.53033863501327 
   80.482297580981992     184.987640673447 
   72.482297580981992   198.84404713399806 
   60.886379638716576   173.67393217446227 
   36.886379638716583   215.24315155611529 
   64.482297580981992   212.70045359454903 
   56.482297580981999   226.55686005510009 
   44.886379638716583   201.38674509556429 
   188.07821552324745   43.880878106370538 
   215.67413346551285   41.338180144804284 
   207.67413346551285   55.194586605355305 
   196.07821552324745   30.024471645819514 
   172.07821552324742   71.593691027472573 
   199.67413346551285    69.05099306590634 
   191.67413346551285    82.90739952645734 
   180.07821552324745   57.737284566921566 
   156.07821552324742   99.306503948574615 
   183.67413346551285   96.763805987008354 
   175.67413346551285   110.62021244755937 
   164.07821552324742   85.450097488023601 
   140.07821552324742   127.01931686967667 
   167.67413346551285    124.4766189081104 
   159.67413346551285   138.33302536866142 
   148.07821552324742   113.16291040912564 
   124.07821552324744   154.73212979077869 
   151.67413346551288   152.18943182921242 
   143.67413346551285   166.04583828976345 
   132.07821552324742   140.87572333022769 
   108.07821552324742   182.44494271188074 
   135.67413346551285   179.90224475031448 
   127.67413346551284   193.75865121086551 
   116.07821552324744   168.58853625132974 
   92.078215523247437    210.1577556329828 
   119.67413346551285   207.61505767141654 
   111.67413346551285   221.47146413196756 
   100.07821552324742   196.30134917243177 
   76.078215523247437    237.8705685540848 
   103.67413346551287   235.32787059251856 
   95.674133465512853   249.18427705306956 
   84.078215523247437    224.0141620935338 
   227.27005140777828    66.50829510434005 
   254.86596935004368   63.965597142773788 
   246.86596935004368   77.822003603324816 
   235.27005140777828   52.651888643789029 
   211.27005140777828   94.221108025442092 
   238.86596935004368    91.67841006387583 
   230.86596935004368   105.53481652442684 
   219.27005140777828   80.364701564891078 
   195.27005140777825   121.93392094654412 
   222.86596935004368   119.39122298497787 
   214.86596935004368   133.24762944552887 
   203.27005140777825   108.07751448599311 
   179.27005140777825   149.64673386764616 
   206.86596935004368    147.1040359060799 
   198.86596935004368   160.96044236663093 
   187.27005140777825   135.79032740709513 
   163.27005140777825   177.35954678874819 
   190.86596935004371   174.81684882718193 
   182.86596935004371   188.67325528773299 
   171.27005140777825   163.50314032819719 
   147.27005140777825   205.07235970985025 
   174.86596935004368   202.52966174828398 
   166.86596935004368   216.38606820883504 
   155.27005140777825   191.21595324929925 
   131.27005140777825    232.7851726309523 
   158.86596935004368   230.24247466938604 
   150.86596935004368   244.09888112993704 
   139.27005140777825   218.92876617040127 
   123.27005140777827   246.64157909150327 
   250.46188729230914   116.84852502341161 
   82.098625811920257   1.1687420719977546 
   74.098625811920257   15.025148532548767 
   234.46188729230917   144.56133794451364 
   66.098625811920257   28.881554993099794 
   58.098625811920265   42.737961453650804 
   242.46188729230914   130.70493148396264 
   218.46188729230914    172.2741508656157 
   50.098625811920265   56.594367914201833 
   42.098625811920265   70.450774374752854 
   226.46188729230914   158.41774440506467 
   202.46188729230914   199.98696378671772 
   34.098625811920272   84.307180835303868 
   26.098625811920272   98.163587295854882 
   210.46188729230914   186.13055732616672 
   186.46188729230914   227.69977670781978 
   18.098625811920268   112.01999375640591 
   10.098625811920266   125.87640021695694 
   194.46188729230914   213.84337024726875 
   170.46188729230914   255.41258962892184 
   2.0986258119202628   139.73280667750794 
   178.46188729230914   241.55618316837084 
