   137.66968528664401   5.3741555443441342 
   99.042268288674521    12.00157254231366 
   126.35597678765927   16.687864043328901 
   115.04226828867452   28.001572542313649 
   76.414851290705016   34.628989540283193 
   103.72855978968975   39.315281041298419 
   92.414851290705002   50.628989540283179 
   87.728559789689768   23.315281041298427 
   53.787434292735483   57.256406538252705 
   81.101142791720235   61.942698039267931 
   69.787434292735469   73.256406538252705 
   65.101142791720235   45.942698039267945 
   31.160017294765968   79.883823536222224 
   58.473725793750724   84.570115037237443 
   47.160017294765957   95.883823536222224 
   42.473725793750717   68.570115037237471 
   8.5326002967964349   102.51124053419176 
   35.846308795781191   107.19753203520698 
   24.532600296796428   118.51124053419176 
   19.846308795781201   91.197532035207004 
   13.218891797811676   129.82494903317652 
     1.90518329882691   141.13865753216129 
   153.66968528664404   21.374155544344141 
   180.98339378562881   26.060447045359378 
   169.66968528664404   37.374155544344148 
   164.98339378562881   10.060447045359375 
   131.04226828867453   44.001572542313653 
   158.35597678765927   48.687864043328908 
   147.04226828867453    60.00157254231366 
   142.35597678765927   32.687864043328901 
   108.41485129070502   66.628989540283172 
   135.72855978968974   71.315281041298434 
     124.414851290705   82.628989540283172 
   119.72855978968977   55.315281041298419 
   85.787434292735483   89.256406538252705 
   113.10114279172025   93.942698039267938 
   101.78743429273548    105.2564065382527 
    97.10114279172025   77.942698039267952 
   63.160017294765964   111.88382353622224 
   90.473725793750717   116.57011503723746 
   79.160017294765964   127.88382353622222 
   74.473725793750731   100.57011503723747 
   40.532600296796431   134.51124053419176 
   67.846308795781198   139.19753203520699 
   56.532600296796438   150.51124053419178 
   51.846308795781198     123.197532035207 
   17.905183298826916   157.13865753216129 
   45.218891797811672   161.82494903317652 
    33.90518329882692   173.13865753216126 
   29.218891797811683   145.82494903317652 
   22.591474799842171   184.45236603114603 
   192.29710228461357   14.746738546374614 
   6.5914747998421648   168.45236603114606 
   185.66968528664404   53.374155544344148 
   212.98339378562883   58.060447045359389 
   201.66968528664404   69.374155544344163 
   196.98339378562883   42.060447045359382 
   163.04226828867453   76.001572542313667 
    190.3559767876593   80.687864043328901 
   179.04226828867453   92.001572542313667 
    174.3559767876593   64.687864043328915 
     140.414851290705   98.628989540283186 
   167.72855978968977   103.31528104129843 
     156.414851290705   114.62898954028319 
   151.72855978968977   87.315281041298434 
    117.7874342927355   121.25640653825272 
   145.10114279172026   125.94269803926795 
    133.7874342927355   137.25640653825272 
   129.10114279172026   109.94269803926795 
   95.160017294765979   143.88382353622225 
   122.47372579375075   148.57011503723749 
   111.16001729476598   159.88382353622225 
   106.47372579375075   132.57011503723746 
   72.532600296796446   166.51124053419178 
   99.846308795781212   171.19753203520699 
   88.532600296796446   182.51124053419178 
   83.846308795781212   155.19753203520699 
   49.905183298826927   189.13865753216129 
   77.218891797811693   193.82494903317652 
   65.905183298826927   205.13865753216129 
   61.218891797811679   177.82494903317652 
   208.29710228461357   30.746738546374619 
   54.591474799842182   216.45236603114606 
   224.29710228461357   46.746738546374623 
   38.591474799842175   200.45236603114606 
   217.66968528664404   85.374155544344134 
   244.98339378562883   90.060447045359368 
   233.66968528664407   101.37415554434413 
   228.98339378562881   74.060447045359368 
   195.04226828867451   108.00157254231365 
   222.35597678765927    112.6878640433289 
   211.04226828867456   124.00157254231365 
   206.35597678765927   96.687864043328901 
   172.41485129070503   130.62898954028316 
   199.72855978968977   135.31528104129842 
   188.41485129070503   146.62898954028316 
   183.72855978968977   119.31528104129842 
    149.7874342927355   153.25640653825269 
   177.10114279172026   157.94269803926795 
    165.7874342927355   169.25640653825269 
   161.10114279172024   141.94269803926795 
   127.16001729476596   175.88382353622222 
   154.47372579375073   180.57011503723746 
   143.16001729476599   191.88382353622222 
   138.47372579375073   164.57011503723746 
   104.53260029679645   198.51124053419176 
    131.8463087957812   203.19753203520702 
   120.53260029679645   214.51124053419176 
    115.8463087957812   187.19753203520699 
   81.905183298826927   221.13865753216129 
   109.21889179781168   225.82494903317652 
   97.905183298826927   237.13865753216129 
   93.218891797811679   209.82494903317652 
   240.29710228461354   62.746738546374615 
   86.591474799842175   248.45236603114603 
   256.29710228461357   78.746738546374615 
   70.591474799842175     232.452366031146 
   249.66968528664407   117.37415554434415 
   227.04226828867456   140.00157254231368 
    254.3559767876593   144.68786404332889 
   243.04226828867456   156.00157254231368 
   238.35597678765927   128.68786404332891 
   204.41485129070503   162.62898954028319 
    231.7285597896898   167.31528104129842 
   220.41485129070503   178.62898954028319 
   215.72855978968977   151.31528104129842 
    181.7874342927355   185.25640653825272 
   209.10114279172029   189.94269803926795 
    197.7874342927355   201.25640653825272 
   193.10114279172029   173.94269803926795 
   159.16001729476599   207.88382353622225 
   186.47372579375076   212.57011503723746 
   175.16001729476599   223.88382353622225 
   170.47372579375076   196.57011503723746 
   136.53260029679646   230.51124053419176 
   163.84630879578123   235.19753203520702 
   152.53260029679646   246.51124053419178 
   147.84630879578123   219.19753203520702 
   113.90518329882693   253.13865753216129 
   125.21889179781169   241.82494903317652 
