   160.45580346400558   4.6524183082887518 
   185.62591842354138   16.248336250554182 
   171.76951196299032   24.248336250554182 
   132.74299054290356   20.652418308288755 
   157.91310550243935   32.248336250554175 
   144.05669904188829   40.248336250554189 
   146.59939700345456   12.652418308288754 
   105.03017762180153   36.652418308288759 
   130.20029258133729   48.248336250554175 
   116.34388612078628   56.248336250554182 
   118.88658408235254   28.652418308288759 
   77.317364700699486   52.652418308288766 
   102.48747966023525   64.248336250554189 
   88.631073199684252   72.248336250554189 
   91.173771161250485   44.652418308288766 
   49.604551779597465   68.652418308288759 
    74.77466673913321   80.248336250554189 
   60.918260278582231   88.248336250554189 
   63.460958240148464   60.652418308288773 
   21.891738858495426   84.652418308288759 
   47.061853818031203   96.248336250554189 
   33.205447357480175    104.2483362505542 
   35.748145319046451   76.652418308288759 
   19.349040896929164    112.2483362505542 
   5.4926344363781379    120.2483362505542 
   8.0353323979443978   92.652418308288773 
   199.48232488409241   8.2483362505541642 
   183.08322046197512   43.844254192819605 
   208.25333542151091   55.440172135085028 
   194.39692896095988   63.440172135085035 
   196.93962692252612   35.844254192819598 
   155.37040754087309   59.844254192819605 
   180.54052250040888   71.440172135085035 
   166.68411603985783   79.440172135085035 
   169.22681400142409   51.844254192819591 
   127.65759461977105   75.844254192819591 
   152.82770957930683   87.440172135085021 
    138.9713031187558   95.440172135085049 
   141.51400108032206   67.844254192819591 
   99.944781698669004   91.844254192819605 
   125.11489665820478   103.44017213508505 
   111.25849019765377   111.44017213508504 
   113.80118815922002   83.844254192819605 
   72.231968777566976   107.84425419281959 
   97.402083737102743   119.44017213508504 
   83.545677276551757   127.44017213508502 
    86.08837523811799   99.844254192819605 
   44.519155856464941   123.84425419281962 
   69.689270816000729   135.44017213508502 
   55.832864355449708   143.44017213508502 
   58.375562317015969   115.84425419281959 
   16.806342935362903   139.84425419281962 
    41.97645789489868   151.44017213508502 
   28.120051434347669   159.44017213508505 
   30.662749395913917   131.84425419281962 
   210.79603338307717    27.84425419281958 
   14.263644973796671   167.44017213508505 
   222.10974188206191   47.440172135085014 
   2.9499364748119059   147.84425419281962 
   205.71063745994465   83.036090077350465 
   230.88075241948042   94.632008019615895 
   217.02434595892939    102.6320080196159 
   219.56704392049568   75.036090077350465 
   177.99782453884262   99.036090077350465 
   203.16793949837839    110.6320080196159 
   189.31153303782736   118.63200801961591 
   191.85423099939362   91.036090077350451 
   150.28501161774057   115.03609007735047 
   175.45512657727636    126.6320080196159 
   161.59872011672533   134.63200801961591 
   164.14141807829159   107.03609007735047 
   122.57219869663854   131.03609007735048 
   147.74231365617433   142.63200801961591 
    133.8859071956233   150.63200801961591 
   136.42860515718954   123.03609007735048 
   94.859385775536509   147.03609007735048 
   120.02950073507229   158.63200801961591 
   106.17309427452129   166.63200801961588 
   108.71579223608752   139.03609007735048 
   67.146572854434481   163.03609007735048 
   92.316687813970262   174.63200801961588 
   78.460281353419234   182.63200801961594 
   81.002979314985495   155.03609007735048 
   39.433759933332432   179.03609007735048 
    64.60387489286822   190.63200801961594 
   50.747468432317199   198.63200801961594 
    53.29016639388346   171.03609007735048 
   233.42345038104668   67.036090077350451 
   36.891061971766206   206.63200801961591 
   244.73715888003147   86.632008019615895 
   25.577353472781436   187.03609007735045 
   228.33805445791415    122.2279259618813 
   253.50816941744995   133.82384390414674 
   239.65176295689895   141.82384390414674 
   242.19446091846518    114.2279259618813 
   200.62524153681215   138.22792596188131 
   225.79535649634795   149.82384390414674 
   211.93895003579689   157.82384390414674 
   214.48164799736315   130.22792596188131 
    172.9124286157101   154.22792596188131 
   198.08254357524589   165.82384390414674 
   184.22613711469486   173.82384390414674 
   186.76883507626113   146.22792596188128 
   145.19961569460807   170.22792596188131 
   170.36973065414384   181.82384390414674 
   156.51332419359281   189.82384390414674 
   159.05602215515907   162.22792596188134 
   117.48680277350604   186.22792596188131 
   142.65691773304181   197.82384390414674 
   128.80051127249081   205.82384390414677 
   131.34320923405704   178.22792596188131 
   89.773989852403986   202.22792596188131 
   114.94410481193978   213.82384390414677 
   101.08769835138877   221.82384390414677 
   103.63039631295501   194.22792596188131 
   62.061176931301951   218.22792596188131 
   87.231291890837738   229.82384390414677 
    73.37488543028671   237.82384390414677 
   75.917583391852972   210.22792596188131 
   256.05086737901621   106.22792596188128 
   59.518478969735717   245.82384390414674 
   48.204770470750951   226.22792596188128 
   250.96547145588369   161.41976184641217 
   223.25265853478166   177.41976184641217 
   248.42277349431743    189.0156797886776 
   234.56636703376643    197.0156797886776 
   237.10906499533269   169.41976184641214 
   195.53984561367963   193.41976184641217 
   220.70996057321543    205.0156797886776 
    206.8535541126644    213.0156797886776 
   209.39625207423063   185.41976184641217 
    167.8270326925776   209.41976184641217 
    192.9971476521134    221.0156797886776 
   179.14074119156237    229.0156797886776 
    181.6834391531286   201.41976184641217 
   140.11421977147558   225.41976184641217 
   165.28433473101134   237.01567978867763 
   151.42792827046034    245.0156797886776 
   153.97062623202658   217.41976184641217 
   112.40140685037353   241.41976184641217 
   137.57152180990934    253.0156797886776 
   126.25781331092456   233.41976184641217 
   98.545000389822505   249.41976184641217 
