   204.95575560101378   5.6901563801471235 
   226.26697528218989   23.405458119057819 
   210.81216206156478   27.546562840698151 
   220.41056882163883   1.5490516585067899 
   174.04612915976355    13.97236582342779 
   195.35734884093969   31.687667562338486 
   179.90253562031458   35.828772283978822 
   189.50094238038864   9.8312611017874563 
   143.13650271851338   22.254575266708457 
    164.4477223996895   39.969877005619153 
   148.99290917906438   44.110981727259485 
   158.59131593913847   18.113470545068122 
   112.22687627726319   30.536784709989124 
    133.5380959584393   48.252086448899817 
    118.0832827378142   52.393191170540156 
   127.68168949788829   26.395679988348789 
   81.317249836013019   38.818994153269777 
   102.62846951718913   56.534295892180474 
   87.173656296564033   60.675400613820806 
   96.772063056638117   34.677889431629445 
   50.407623394762815   47.101203596550441 
   71.718843075938935    64.81650533546113 
   56.264029855313836   68.957610057101476 
   65.862436615387907   42.960098874910109 
   19.497996953512615   55.383413039831112 
   40.809216634688738   73.098714778741808 
    25.35440341406364    77.23981950038214 
   34.952810174137717   51.242308318190773 
   9.8995901934385699   81.380924222022472 
   4.0431837328875471   59.524517761471444 
   216.66856852211581   49.402969301249165 
   237.97978820329189   67.118271040159868 
   222.52497498266681   71.259375761800186 
   232.12338174274089   45.261864579608833 
   185.75894208086561   57.685178744529836 
   207.07016176204169   75.400480483440532 
   191.61534854141661    79.54158520508085 
   201.21375530149069   53.544074022889504 
   154.84931563961544   65.967388187810499 
   176.16053532079152   83.682689926721181 
   160.70572210016644   87.823794648361513 
    170.3041288602405   61.826283466170167 
   123.93968919836522   74.249597631091163 
   145.25090887954133   91.964899370001845 
   129.79609565891624   96.106004091642177 
   139.39450241899033   70.108492909450817 
   93.030062757115061   82.531807074371827 
   114.34128243829117   100.24710881328249 
   98.886469217666075   104.38821353492285 
   108.48487597774015   78.390702352731481 
    62.12043631586485    90.81401651765249 
   83.431655997040977   108.52931825656317 
   67.976842776415864    112.6704229782035 
   77.575249536489963   86.672911796012158 
    31.21080987461465   99.096225960933154 
   52.522029555790773   116.81152769984384 
   37.067216335165675   120.95263242148417 
   46.665623095239745   94.955121239292822 
   21.612403114540605    125.0937371431245 
   6.1575898939155049   129.23484186476483 
    15.75599665398958   103.23733068257349 
    228.3813814432178   93.115782222351214 
   249.69260112439392   110.83108396126192 
   234.23778790376886   114.97218868290224 
   243.83619466384292   88.974677500710882 
   197.47175500196761   101.39799166563188 
   218.78297468314375   119.11329340454257 
   203.32816146251866   123.25439812618291 
   212.92656822259272   97.256886943991546 
   166.56212856071744   109.68020110891254 
   187.87334824189358   127.39550284782324 
    172.4185350212685   131.53660756946357 
   182.01694178134255   105.53909638727221 
   135.65250211946724   117.96241055219321 
   156.96372180064338   135.67771229110389 
    141.5089085800183   139.81881701274423 
   151.10731534009236   113.82130583055287 
   104.74287567821708   126.24461999547387 
    126.0540953593932   143.95992173438455 
    110.5992821387681    148.1010264560249 
   120.19768889884217   122.10351527383354 
   73.833249236966878   134.52682943875453 
   95.144468918143019   152.24213117766521 
   79.689655697517921   156.38323589930556 
   89.288062457591977   130.38572471711419 
   42.923622795716696    142.8090388820352 
   64.234842476892823   160.52434062094591 
   48.780029256267724   164.66544534258625 
   58.378436016341794   138.66793416039488 
   12.013996354466528   151.09124832531586 
   33.325216035642654   168.80655006422657 
   17.870402815017552   172.94765478586689 
   27.468809575091626   146.95014360367551 
   240.09419436431986   136.82859514345324 
   245.95060082487089   158.68500160400427 
   255.54900758494492    132.6874904218129 
   209.18456792306966   145.11080458673391 
   230.49578760424581   162.82610632564459 
   215.04097438362069   166.96721104728493 
   224.63938114369475   140.96969986509359 
    178.2749414818195   153.39301403001457 
   199.58616116299561   171.10831576892525 
    184.1313479423705    175.2494204905656 
   193.72975470244458   149.25190930837425 
    147.3653150405693   161.67522347329523 
   168.67653472174541   179.39052521220592 
    153.2217215011203   183.53162993384626 
   162.82012826119438   157.53411875165492 
   116.45568859931913    169.9574329165759 
   137.76690828049524   187.67273465548658 
   122.31209505987013   191.81383937712693 
   131.91050181994422   165.81632819493555 
   85.546062158068935   178.23964235985656 
   106.85728183924503   195.95494409876724 
   91.402468618619935   200.09604882040759 
   101.00087537869403   174.09853763821624 
   54.636435716818731   186.52185180313722 
   75.947655397994836   204.23715354204793 
   60.492842177369752   208.37825826368828 
   70.091248937443822   182.38074708149688 
   23.726809275568563   194.80406124641789 
   45.038028956744682    212.5193629853286 
   29.583215736119584   216.66046770696892 
   39.181622496193661   190.66295652477754 
   251.80700728542192    180.5414080645553 
   220.89738084417172   188.82361750783599 
    242.2086005253478   206.53891924674667 
   226.75378730472272   210.68002396838699 
   236.35219406479681   184.68251278619564 
   189.98775440292152   197.10582695111663 
   211.29897408409764   214.82112869002731 
   195.84416086347255   218.96223341166765 
   205.44256762354661   192.96472222947631 
   159.07812796167136   205.38803639439732 
   180.38934764284744     223.103338133308 
   164.93453442222236   227.24444285494832 
   174.53294118229641   201.24693167275697 
   128.16850152042116   213.67024583767795 
   149.47972120159727   231.38554757658864 
   134.02490798097219   235.52665229822895 
   143.62331474104627   209.52914111603764 
   97.258875079170963   221.95245528095862 
   118.57009476034709   239.66775701986933 
   103.11528153972199   243.80886174150967 
   112.71368829979606   217.81135055931827 
   66.349248637920766   230.23466472423928 
   87.660468319096893   247.94996646314999 
   72.205655098471794   252.09107118479031 
   81.804061858545879   226.09356000259896 
   35.439622196670598   238.51687416751994 
   56.750841877846717   256.23217590643065 
   50.894435417295696    234.3757694458796 
