   232.57950344776788    22.75481844928315 
   248.57950344776788   45.382235447252654 
   232.57950344776788   45.382235447252668 
   248.57950344776788   22.754818449283135 
   200.57950344776788    22.75481844928315 
   216.57950344776788   45.382235447252668 
   200.57950344776788   45.382235447252668 
   216.57950344776788    22.75481844928315 
   168.57950344776788    22.75481844928315 
   184.57950344776788   45.382235447252668 
   168.57950344776788   45.382235447252668 
   184.57950344776788    22.75481844928315 
   136.57950344776785    22.75481844928315 
   152.57950344776785   45.382235447252668 
   136.57950344776785   45.382235447252668 
   152.57950344776785    22.75481844928315 
   104.57950344776788    22.75481844928315 
   120.57950344776788   45.382235447252668 
   104.57950344776788   45.382235447252668 
   120.57950344776788    22.75481844928315 
   72.579503447767863    22.75481844928315 
   88.579503447767863   45.382235447252668 
   72.579503447767863   45.382235447252668 
   88.579503447767863    22.75481844928315 
   40.579503447767848    22.75481844928315 
   56.579503447767856   45.382235447252668 
   40.579503447767848   45.382235447252668 
   56.579503447767856    22.75481844928315 
    8.579503447767868   22.754818449283164 
   24.579503447767873   45.382235447252668 
    8.579503447767868   45.382235447252683 
   24.579503447767873    22.75481844928315 
   232.57950344776788   68.009652445222187 
   248.57950344776788   90.637069443191706 
   232.57950344776788   90.637069443191706 
   248.57950344776788   68.009652445222187 
   200.57950344776788   68.009652445222187 
   216.57950344776788   90.637069443191706 
   200.57950344776788   90.637069443191706 
   216.57950344776788   68.009652445222187 
   168.57950344776788   68.009652445222187 
   184.57950344776788   90.637069443191706 
   168.57950344776788   90.637069443191706 
   184.57950344776788   68.009652445222187 
   136.57950344776785   68.009652445222187 
   152.57950344776785   90.637069443191706 
   136.57950344776785   90.637069443191706 
   152.57950344776785   68.009652445222187 
   104.57950344776788   68.009652445222187 
   120.57950344776788   90.637069443191706 
   104.57950344776788   90.637069443191706 
   120.57950344776788   68.009652445222187 
   72.579503447767863   68.009652445222187 
   88.579503447767863   90.637069443191706 
   72.579503447767863   90.637069443191706 
   88.579503447767863   68.009652445222187 
   40.579503447767848   68.009652445222201 
   56.579503447767856   90.637069443191706 
   40.579503447767848   90.637069443191706 
   56.579503447767856   68.009652445222201 
    8.579503447767868   68.009652445222201 
   24.579503447767873   90.637069443191706 
    8.579503447767868   90.637069443191706 
   24.579503447767873   68.009652445222201 
   232.57950344776788   113.26448644116124 
   248.57950344776788   135.89190343913077 
   232.57950344776788   135.89190343913077 
   248.57950344776788   113.26448644116124 
   200.57950344776788   113.26448644116124 
   216.57950344776788   135.89190343913077 
   200.57950344776788   135.89190343913077 
   216.57950344776788   113.26448644116124 
   168.57950344776788   113.26448644116124 
   184.57950344776788   135.89190343913077 
   168.57950344776788   135.89190343913077 
   184.57950344776788   113.26448644116124 
   136.57950344776785   113.26448644116124 
   152.57950344776785   135.89190343913077 
   136.57950344776785   135.89190343913077 
   152.57950344776785   113.26448644116124 
   104.57950344776788   113.26448644116124 
   120.57950344776788   135.89190343913077 
   104.57950344776788   135.89190343913077 
   120.57950344776788   113.26448644116124 
   72.579503447767863   113.26448644116124 
   88.579503447767863   135.89190343913077 
   72.579503447767863   135.89190343913077 
   88.579503447767863   113.26448644116124 
   40.579503447767848   113.26448644116124 
   56.579503447767856   135.89190343913077 
   40.579503447767848   135.89190343913077 
   56.579503447767856   113.26448644116124 
    8.579503447767868   113.26448644116124 
   24.579503447767873   135.89190343913077 
    8.579503447767868   135.89190343913077 
   24.579503447767873   113.26448644116124 
   232.57950344776788   158.51932043710025 
   248.57950344776788   181.14673743506978 
   232.57950344776788   181.14673743506978 
   248.57950344776788   158.51932043710025 
   200.57950344776788   158.51932043710025 
   216.57950344776788   181.14673743506978 
   200.57950344776788   181.14673743506978 
   216.57950344776788   158.51932043710025 
   168.57950344776788   158.51932043710025 
   184.57950344776788   181.14673743506981 
   168.57950344776788   181.14673743506981 
   184.57950344776788   158.51932043710025 
   136.57950344776785   158.51932043710025 
   152.57950344776785   181.14673743506981 
   136.57950344776785   181.14673743506981 
   152.57950344776785   158.51932043710025 
   104.57950344776788   158.51932043710025 
   120.57950344776788   181.14673743506981 
   104.57950344776788   181.14673743506981 
   120.57950344776788   158.51932043710025 
   72.579503447767863   158.51932043710028 
   88.579503447767863   181.14673743506981 
   72.579503447767863   181.14673743506981 
   88.579503447767863   158.51932043710028 
   40.579503447767848   158.51932043710028 
   56.579503447767856   181.14673743506981 
   40.579503447767848   181.14673743506981 
   56.579503447767856   158.51932043710028 
    8.579503447767868   158.51932043710028 
   24.579503447767873   181.14673743506981 
    8.579503447767868   181.14673743506981 
   24.579503447767873   158.51932043710028 
   232.57950344776788   203.77415443303931 
   248.57950344776788   226.40157143100885 
   232.57950344776788   226.40157143100888 
   248.57950344776788   203.77415443303931 
   200.57950344776788   203.77415443303931 
   216.57950344776788   226.40157143100888 
   200.57950344776788   226.40157143100888 
   216.57950344776788   203.77415443303931 
   168.57950344776788   203.77415443303931 
   184.57950344776788   226.40157143100888 
   168.57950344776788   226.40157143100888 
   184.57950344776788   203.77415443303931 
   136.57950344776785   203.77415443303931 
   152.57950344776785   226.40157143100888 
   136.57950344776785   226.40157143100888 
   152.57950344776785   203.77415443303931 
   104.57950344776788   203.77415443303931 
   120.57950344776788   226.40157143100888 
   104.57950344776788   226.40157143100888 
   120.57950344776788   203.77415443303931 
   72.579503447767863   203.77415443303931 
   88.579503447767863   226.40157143100888 
   72.579503447767863   226.40157143100888 
   88.579503447767863   203.77415443303931 
   40.579503447767848   203.77415443303931 
   56.579503447767856   226.40157143100888 
   40.579503447767848   226.40157143100888 
   56.579503447767856   203.77415443303931 
    8.579503447767868   203.77415443303934 
   24.579503447767873   226.40157143100888 
    8.579503447767868   226.40157143100888 
   24.579503447767873   203.77415443303931 
