   54.437963034933027   132.65561104638988 
   86.437963034933034   100.65561104638986 
   86.437963034933034   116.65561104638986 
   70.437963034933034   116.65561104638986 
   70.437963034933034   132.65561104638988 
   86.437963034933034   132.65561104638988 
   86.437963034933034   148.65561104638988 
   70.437963034933034   148.65561104638988 
   86.437963034933034   164.65561104638988 
   118.43796303493302   68.655611046389865 
   118.43796303493302   84.655611046389879 
   102.43796303493303   84.655611046389879 
   102.43796303493303   100.65561104638986 
   118.43796303493302   100.65561104638986 
   118.43796303493302   116.65561104638986 
   102.43796303493303   116.65561104638986 
   102.43796303493303   132.65561104638988 
   118.43796303493302   132.65561104638988 
   118.43796303493302   148.65561104638988 
   102.43796303493303   148.65561104638988 
   102.43796303493303   164.65561104638988 
   118.43796303493302   164.65561104638988 
   118.43796303493302   180.65561104638988 
   102.43796303493303   180.65561104638988 
   118.43796303493302   196.65561104638988 
   134.43796303493303   52.655611046389858 
   134.43796303493303   68.655611046389865 
   150.43796303493303   68.655611046389865 
   150.43796303493303   84.655611046389879 
   134.43796303493303   84.655611046389879 
   134.43796303493303   100.65561104638986 
   150.43796303493303   100.65561104638986 
   150.43796303493303   116.65561104638986 
   134.43796303493303   116.65561104638986 
   134.43796303493303   132.65561104638988 
   150.43796303493303   132.65561104638988 
   150.43796303493303   148.65561104638988 
   134.43796303493303   148.65561104638988 
   134.43796303493303   164.65561104638988 
   150.43796303493303   164.65561104638988 
   150.43796303493303   180.65561104638988 
   134.43796303493303   180.65561104638988 
   134.43796303493303   196.65561104638988 
   150.43796303493303   196.65561104638988 
   134.43796303493303   212.65561104638988 
   166.43796303493303   84.655611046389879 
   166.43796303493303   100.65561104638986 
   182.43796303493306   100.65561104638986 
   182.43796303493306   116.65561104638986 
   166.43796303493303   116.65561104638986 
   166.43796303493303   132.65561104638988 
   182.43796303493306   132.65561104638988 
   182.43796303493306   148.65561104638988 
   166.43796303493303   148.65561104638988 
   166.43796303493303   164.65561104638988 
   182.43796303493306   164.65561104638988 
   166.43796303493303   180.65561104638988 
   198.43796303493303   116.65561104638986 
   198.43796303493303   132.65561104638988 
   214.43796303493303   132.65561104638988 
   198.43796303493303   148.65561104638988 
   54.437963034933027   100.65561104638986 
   54.437963034933027   116.65561104638986 
   38.437963034933034   116.65561104638986 
   38.437963034933034   132.65561104638988 
   54.437963034933027   148.65561104638988 
   38.437963034933034   148.65561104638988 
   54.437963034933027   164.65561104638988 
   86.437963034933034   68.655611046389865 
   86.437963034933034   84.655611046389879 
   70.437963034933034   84.655611046389879 
   70.437963034933034   100.65561104638986 
   70.437963034933034   164.65561104638988 
   86.437963034933034   180.65561104638988 
   70.437963034933034   180.65561104638988 
   86.437963034933034   196.65561104638988 
   118.43796303493302   36.655611046389851 
   118.43796303493302   52.655611046389858 
   102.43796303493303   52.655611046389858 
   102.43796303493303   68.655611046389865 
   102.43796303493303   196.65561104638988 
   118.43796303493302   212.65561104638988 
   102.43796303493303   212.65561104638988 
   118.43796303493302   228.65561104638985 
   134.43796303493303   36.655611046389851 
   150.43796303493303   36.655611046389851 
   150.43796303493303   52.655611046389858 
   150.43796303493303   212.65561104638988 
   134.43796303493303   228.65561104638985 
   150.43796303493303   228.65561104638985 
   166.43796303493303   52.655611046389858 
   166.43796303493303   68.655611046389865 
   182.43796303493306   68.655611046389865 
   182.43796303493306   84.655611046389879 
   182.43796303493306   180.65561104638988 
   166.43796303493303   196.65561104638988 
   182.43796303493306   196.65561104638988 
   166.43796303493303   212.65561104638988 
   198.43796303493303   84.655611046389879 
   198.43796303493303   100.65561104638986 
   214.43796303493303   100.65561104638986 
   214.43796303493303   116.65561104638986 
   214.43796303493303   148.65561104638988 
   198.43796303493303   164.65561104638988 
   214.43796303493303   164.65561104638988 
   198.43796303493303   180.65561104638988 
   230.43796303493301   116.65561104638986 
   230.43796303493301   132.65561104638988 
   230.43796303493301   148.65561104638988 
   54.437963034933027   68.655611046389865 
   54.437963034933027   84.655611046389879 
   38.437963034933034   84.655611046389879 
   38.437963034933034   100.65561104638986 
   38.437963034933034   164.65561104638988 
   54.437963034933027   180.65561104638988 
   38.437963034933034   180.65561104638988 
   54.437963034933027   196.65561104638988 
   86.437963034933034   36.655611046389851 
   86.437963034933034   52.655611046389858 
   70.437963034933034   52.655611046389858 
   70.437963034933034   68.655611046389865 
   70.437963034933034   196.65561104638988 
   86.437963034933034   212.65561104638988 
   70.437963034933034   212.65561104638988 
   86.437963034933034   228.65561104638985 
   102.43796303493303   36.655611046389851 
   102.43796303493303   228.65561104638985 
   166.43796303493303   36.655611046389851 
   182.43796303493306   36.655611046389851 
   182.43796303493306   52.655611046389858 
   182.43796303493306   212.65561104638988 
   166.43796303493303   228.65561104638985 
   182.43796303493306   228.65561104638985 
   198.43796303493303   52.655611046389858 
   198.43796303493303   68.655611046389865 
   214.43796303493303   68.655611046389865 
   214.43796303493303   84.655611046389879 
   214.43796303493303   180.65561104638988 
   198.43796303493303   196.65561104638988 
   214.43796303493303   196.65561104638988 
   198.43796303493303   212.65561104638988 
   230.43796303493301   84.655611046389879 
   230.43796303493301   100.65561104638986 
   230.43796303493301   164.65561104638988 
   230.43796303493301   180.65561104638988 
   54.437963034933027   52.655611046389858 
   38.437963034933034   68.655611046389865 
   38.437963034933034   196.65561104638988 
   54.437963034933027   212.65561104638988 
   70.437963034933034   36.655611046389851 
   70.437963034933034   228.65561104638985 
   198.43796303493303   36.655611046389851 
   214.43796303493303   52.655611046389858 
   214.43796303493303   212.65561104638988 
   198.43796303493303   228.65561104638985 
   230.43796303493301   68.655611046389865 
   230.43796303493301   196.65561104638988 
