   59.858623993142537    114.2610232473411 
   99.050459877673404   91.633606249371596 
   94.909355156033087   107.08841946999668 
   79.454541935407988   102.94731474835635 
   75.313437213767628   118.40212796898145 
   90.768250434392741   122.54323269062178 
   86.627145712752409   137.99804591124689 
    71.17233249212731   133.85694118960654 
   82.486040991112077     153.452859131872 
   138.24229576220426   69.006189251402063 
   134.10119104056389   84.461002472027161 
   118.64637781993883   80.319897750386843 
   114.50527309829849   95.774710971011928 
   129.96008631892357   99.915815692652245 
   125.81898159728325   115.37062891327734 
   110.36416837665817   111.22952419163701 
   106.22306365501782   126.68433741226211 
   121.67787687564291   130.82544213390244 
   117.53677215400259   146.28025535452755 
   102.08195893337751   142.13915063288721 
   97.940854211737161   157.59396385351232 
   113.39566743236225   161.73506857515264 
   109.25456271072193   177.18988179577775 
   93.799749490096829    173.0487770741374 
    105.1134579890816   192.64469501640281 
   157.83821370446967   57.692480752417296 
   153.69710898282932   73.147293973042409 
   169.15192220345443   77.288398694682726 
   165.01081748181409   92.743211915307825 
     149.556004261189   88.602107193667507 
   145.41489953954868   104.05692041429259 
   160.86971276017377   108.19802513593291 
   156.72860803853345   123.65283835655799 
   141.27379481790834   119.51173363491768 
   137.13269009626799   134.96654685554276 
   152.58750331689313   139.10765157718311 
   148.44639859525276   154.56246479780819 
   132.99158537462768   150.42136007616787 
   128.85048065298733   165.87617329679296 
   144.30529387361244    170.0172780184333 
    140.1641891519721   185.47209123905839 
   124.70937593134701   181.33098651741807 
   120.56827120970668   196.78579973804315 
   136.02308443033178    200.9269044596835 
   116.42716648806635   212.24061295866827 
    180.4656307024392   96.884316636948171 
   176.32452598079888   112.33912985757325 
   191.77933920142397   116.48023457921359 
   187.63823447978365   131.93504779983869 
   172.18342125915854   127.79394307819834 
   168.04231653751822   143.24875629882345 
   183.49712975814333   147.38986102046377 
   179.35602503650296   162.84467424108888 
   163.90121181587787   158.70356951944854 
   159.76010709423755   174.15838274007365 
   175.21492031486264   178.29948746171397 
   155.61900237259721   189.61319596069873 
    203.0930477004087     136.076152521479 
   198.95194297876836   151.53096574210409 
   214.40675619939344   155.67207046374443 
   194.81083825712804    166.9857789627292 
   68.140833436423193   83.351396806090918 
   63.999728714782876   98.806210026716002 
   48.544915494157792   94.665105305075684 
   44.403810772517453   110.11991852570078 
   55.717519271502212   129.71583646796623 
   40.262706050877128    125.5747317463259 
   51.576414549861873   145.17064968859131 
   107.33266932095407   60.723979808121406 
   103.19156459931374   76.178793028746497 
   87.736751378688638    72.03768830710618 
   83.595646657048306   87.492501527731264 
   67.031227770486979   149.31175441023163 
   78.344936269471759   168.90767235249709 
   62.890123048846647   164.76656763085677 
   74.203831547831413   184.36248557312217 
    146.5245052054849   38.096562810151873 
   142.38340048384458   53.551376030776972 
    126.9285872632195   49.410271309136647 
   122.78748254157915   64.865084529761731 
   89.658644768456497   188.50359029476249 
   100.97235326744126   208.09950823702792 
    85.51754004681618   203.95840351538757 
   96.831248545800932   223.55432145765297 
   161.97931842611001   42.237667531792198 
    177.4341316467351   46.378772253432537 
   173.29302692509478   61.833585474057635 
   131.88197970869143   216.38171768030858 
   112.28606176642602   227.69542617929329 
   127.74087498705111   231.83653090093364 
   188.74784014571986    65.97469019569796 
   184.60673542407952   81.429503416323058 
    200.0615486447046   85.570608137963404 
   195.92044392306428    101.0254213585885 
   171.07381559322232   193.75430068233908 
   151.47789765095689   205.06800918132382 
   166.93271087158195   209.20911390296413 
   147.33679292931654    220.5228224019489 
    211.3752571436894   105.16652608022883 
   207.23415242204902   120.62133930085392 
   222.68896564267413   124.76244402249424 
   218.54786092103382   140.21725724311932 
   210.26565147775312   171.12688368436955 
   190.66973353548769   182.44059218335428 
   206.12454675611281   186.58169690499466 
   186.52862881384738   197.89540540397942 
   234.00267414165887   144.35836196475964 
   229.86156942001855   159.81317518538475 
   225.72046469837824   175.26798840600986 
   76.423042879703857   52.441770364840743 
   72.281938158063539   67.896583585465834 
   56.827124937438455   63.755478863825516 
   52.686020215798116     79.2102920844506 
   36.121601329236789   141.02954496695099 
   47.435309828221534   160.62546290921642 
    31.98049660759645   156.48435818757608 
   43.294205106581209   176.08027612984148 
   115.61487876423473    29.81435336687121 
   111.47377404259441   45.269166587496308 
   96.018960821969316   41.128061865855983 
   91.877856100328955   56.582875086481081 
   58.749018327206322    180.2213808514818 
   70.062726826191081   199.81729879374726 
   54.607913605565983   195.67619407210691 
   65.921622104550764   215.27211201437231 
   131.06969198485982   33.955458088511534 
   81.376435325175848   219.41321673601266 
   192.88894486736021   50.519876975072862 
   208.34375808798529   54.660981696713201 
   204.20265336634498   70.115794917338292 
   162.79160614994163   224.66392712358922 
    143.1956882076762   235.97763562257398 
   158.65050142830131   240.11874034421433 
   219.65746658697003   74.256899638978638 
   215.51636186532971   89.711712859603736 
    230.9711750859548   93.852817581244054 
   226.83007036431448   109.30763080186915 
   201.98344203447249   202.03651012561974 
   182.38752409220706   213.35021862460445 
   197.84233731283214    217.4913233462448 
   178.24641937056671   228.80503184522956 
   242.28488358493956   113.44873552350948 
   238.14377886329919   128.90354874413458 
   221.57935997673789   190.72280162663498 
   217.43825525509754   206.17761484726006 
   80.564147601344203   36.986957144215644 
    60.96822965907878   48.300665643200418 
   27.839391885956125   171.93917140820116 
   39.153100384940885   191.53508935046656 
   100.16006554360963   25.673248645230871 
   50.466808883925658   211.13100729273199 
   223.79857130861035   58.802086418353525 
   235.11227980759514   78.398004360618955 
    193.7012325911918   232.94613656686988 
   174.10531464892637   244.25984506585465 
   246.42598830657988   97.993922302884386 
   213.29715053345723   221.63242806788514 
