   69.233156786498995   94.711722582356231 
   112.94596970760104   82.998909661254203 
   104.94596970760104   96.855316121805217 
   91.089563247050009   88.855316121805203 
   83.089563247050009   102.71172258235622 
   96.945969707601037   110.71172258235622 
   88.945969707601037   124.56812904290724 
   75.089563247049995   116.56812904290724 
   80.945969707601037   138.42453550345829 
   156.65878262870305   71.286096740152146 
   148.65878262870305    85.14250320070316 
   134.80237616815205   77.142503200703175 
   126.80237616815205   90.998909661254189 
   140.65878262870305   98.998909661254174 
   132.65878262870308   112.85531612180519 
   118.80237616815205    104.8553161218052 
   110.80237616815205   118.71172258235623 
   124.65878262870305   126.71172258235622 
   116.65878262870305   140.56812904290723 
   102.80237616815204   132.56812904290723 
   94.802376168152051   146.42453550345829 
   108.65878262870305   154.42453550345829 
   100.65878262870307   168.28094196400929 
   86.802376168152051   160.28094196400929 
   92.658782628703051   182.13734842456032 
   178.51518908925408   65.429690279601118 
   170.51518908925408   79.286096740152146 
   184.37159554980511   87.286096740152146 
   176.37159554980508   101.14250320070317 
   162.51518908925408    93.14250320070316 
   154.51518908925405   106.99890966125417 
   168.37159554980511   114.99890966125419 
   160.37159554980511    128.8553161218052 
   146.51518908925408   120.85531612180519 
   138.51518908925408    134.7117225823562 
   152.37159554980511    142.7117225823562 
   144.37159554980511   156.56812904290726 
   130.51518908925408   148.56812904290726 
   122.51518908925406   162.42453550345826 
   136.37159554980508   170.42453550345826 
   128.37159554980508   184.28094196400932 
   114.51518908925406   176.28094196400932 
   106.51518908925406   190.13734842456029 
   120.37159554980511   198.13734842456029 
   98.515189089254065   203.99375488511129 
   190.22800201035614   109.14250320070317 
   182.22800201035611   122.99890966125419 
   196.08440847090714    130.9989096612542 
   188.08440847090716    144.8553161218052 
   174.22800201035614    136.8553161218052 
   166.22800201035611    150.7117225823562 
   180.08440847090716    158.7117225823562 
   172.08440847090714   172.56812904290726 
   158.22800201035614   164.56812904290726 
   150.22800201035611   178.42453550345826 
   164.08440847090714   186.42453550345826 
   142.22800201035614   192.28094196400929 
   201.94081493145816   152.85531612180517 
   193.94081493145814   166.71172258235623 
   207.79722139200919   174.71172258235623 
   185.94081493145816   180.56812904290723 
   85.233156786498981   66.998909661254189 
   77.233156786498995   80.855316121805203 
   63.376750325947967   72.855316121805203 
   55.376750325947967   86.711722582356245 
   61.233156786498988   108.56812904290726 
    47.37675032594796   100.56812904290726 
   53.233156786498988   122.42453550345829 
   128.94596970760102   55.286096740152161 
   120.94596970760102   69.142503200703189 
   107.08956324704999   61.142503200703182 
   99.089563247050009   74.998909661254189 
   67.089563247049995   130.42453550345829 
   72.945969707601037   152.28094196400932 
   59.089563247050009   144.28094196400932 
   64.945969707601037   166.13734842456032 
   172.65878262870305   43.573283819050111 
   164.65878262870305   57.429690279601125 
   150.80237616815205   49.429690279601118 
   142.80237616815205   63.286096740152146 
   78.802376168152051   174.13734842456032 
   84.658782628703051   195.99375488511131 
   70.802376168152037   187.99375488511131 
   76.658782628703079   209.85016134566234 
   186.51518908925408   51.573283819050097 
   200.37159554980508   59.573283819050104 
   192.37159554980508   73.429690279601118 
   112.37159554980511   211.99375488511134 
   90.515189089254093   217.85016134566231 
   104.37159554980511   225.85016134566234 
   206.22800201035614   81.429690279601118 
   198.22800201035614   95.286096740152132 
   212.08440847090714   103.28609674015215 
   204.08440847090716   117.14250320070317 
   156.08440847090714   200.28094196400932 
   134.22800201035614   206.13734842456029 
   148.08440847090716   214.13734842456029 
   126.22800201035612   219.99375488511131 
   217.94081493145814   125.14250320070315 
   209.94081493145814   138.99890966125417 
   223.79722139200916   146.99890966125417 
   215.79722139200919   160.85531612180517 
   199.79722139200916   188.56812904290723 
   177.94081493145814   194.42453550345829 
   191.79722139200916   202.42453550345826 
   169.94081493145816   208.28094196400929 
   229.65362785256019   168.85531612180517 
   221.65362785256016    182.7117225823562 
   213.65362785256019    196.5681290429072 
   101.23315678649898   39.286096740152153 
   93.233156786498981   53.142503200703175 
   79.376750325947967   45.142503200703175 
   71.376750325947953   58.998909661254189 
    39.37675032594796   114.42453550345829 
   45.233156786498981   136.28094196400932 
   31.376750325947953   128.28094196400932 
   37.233156786498995   150.13734842456029 
   144.94596970760105   27.573283819050118 
   136.94596970760102   41.429690279601132 
   123.08956324705001   33.429690279601125 
   115.08956324705001   47.286096740152153 
   51.089563247050016   158.13734842456029 
   56.945969707601044   179.99375488511131 
   43.089563247050016   171.99375488511134 
   48.945969707601051   193.85016134566234 
   158.80237616815205   35.573283819050104 
   62.802376168152065   201.85016134566234 
   214.22800201035614   67.573283819050104 
   228.08440847090714   75.573283819050104 
   220.08440847090716   89.429690279601118 
   140.08440847090716   227.99375488511134 
   118.22800201035614   233.85016134566231 
   132.08440847090716   241.85016134566231 
   233.94081493145816   97.429690279601104 
   225.94081493145816   111.28609674015215 
   239.79722139200916   119.28609674015215 
   231.79722139200919   133.14250320070315 
   183.79722139200916   216.28094196400929 
   161.94081493145816   222.13734842456029 
   175.79722139200919   230.13734842456029 
   153.94081493145814   235.99375488511131 
   245.65362785256016   141.14250320070315 
   237.65362785256016   154.99890966125417 
   205.65362785256016   210.42453550345826 
   197.65362785256019   224.28094196400929 
   109.23315678649898   25.429690279601122 
   87.376750325947967   31.286096740152146 
   23.376750325947963   142.13734842456032 
   29.233156786498988   163.99375488511134 
   131.08956324705002   19.573283819050115 
   35.089563247050023   185.85016134566231 
   241.94081493145816    83.57328381905009 
   247.79722139200919    105.4296902796011 
   167.79722139200919   243.99375488511131 
   145.94081493145816   249.85016134566231 
   253.65362785256016   127.28609674015212 
   189.65362785256016   238.13734842456029 
