   70.529817804008729   77.662770891477535 
   115.78465179994775   77.662770891477535 
   104.47094330096301   88.976479390462273 
   93.157234801978248   77.662770891477521 
   81.843526302993482   88.976479390462273 
   93.157234801978262   100.29018788944705 
   81.843526302993496   111.60389638843182 
   70.529817804008729   100.29018788944705 
   70.529817804008729   122.91760488741659 
    161.0394857958868   77.662770891477521 
   149.72577729690204   88.976479390462273 
   138.41206879791727   77.662770891477535 
   127.09836029893252   88.976479390462302 
   138.41206879791727   100.29018788944705 
   127.09836029893253   111.60389638843179 
   115.78465179994777   100.29018788944704 
   104.47094330096301   111.60389638843181 
   115.78465179994775   122.91760488741657 
     104.470943300963   134.23131338640135 
   93.157234801978248   122.91760488741657 
   81.843526302993467   134.23131338640135 
   93.157234801978248   145.54502188538609 
   81.843526302993467   156.85873038437086 
   70.529817804008729   145.54502188538612 
   70.529817804008729    168.1724388833556 
   183.66690279385634   77.662770891477507 
   172.35319429487157   88.976479390462273 
   183.66690279385634   100.29018788944705 
   172.35319429487157   111.60389638843181 
    161.0394857958868   100.29018788944705 
   149.72577729690204   111.60389638843181 
    161.0394857958868   122.91760488741659 
   149.72577729690207   134.23131338640133 
    138.4120687979173   122.91760488741656 
   127.09836029893253   134.23131338640133 
    138.4120687979173   145.54502188538609 
   127.09836029893253   156.85873038437086 
   115.78465179994775   145.54502188538609 
     104.470943300963   156.85873038437086 
   115.78465179994777   168.17243888335562 
     104.470943300963   179.48614738234039 
   93.157234801978248   168.17243888335562 
   81.843526302993496   179.48614738234039 
   93.157234801978277   190.79985588132516 
   70.529817804008729   190.79985588132516 
   183.66690279385634   122.91760488741659 
   172.35319429487157   134.23131338640135 
   183.66690279385634   145.54502188538612 
    172.3531942948716   156.85873038437086 
   161.03948579588683   145.54502188538609 
   149.72577729690207   156.85873038437086 
   161.03948579588683    168.1724388833556 
   149.72577729690207   179.48614738234039 
    138.4120687979173   168.17243888335562 
   127.09836029893253   179.48614738234039 
    138.4120687979173   190.79985588132516 
   115.78465179994777   190.79985588132516 
   183.66690279385634    168.1724388833556 
   172.35319429487157   179.48614738234039 
   183.66690279385634   190.79985588132513 
    161.0394857958868   190.79985588132513 
   93.157234801978234   55.035353893508017 
   81.843526302993482   66.349062392492769 
   70.529817804008729   55.035353893508002 
   59.216109305023963   66.349062392492769 
   59.216109305023949   88.976479390462302 
   47.902400806039189   77.662770891477535 
   47.902400806039189   100.29018788944705 
    138.4120687979173   55.035353893508002 
   127.09836029893253   66.349062392492783 
   115.78465179994775   55.035353893508002 
   104.47094330096299   66.349062392492783 
   59.216109305023949   111.60389638843182 
   59.216109305023963   134.23131338640135 
   47.902400806039189   122.91760488741659 
   47.902400806039225   145.54502188538609 
   183.66690279385631   55.035353893508002 
   172.35319429487157   66.349062392492769 
   161.03948579588683   55.035353893508002 
   149.72577729690204   66.349062392492769 
   59.216109305023963   156.85873038437086 
   59.216109305023963   179.48614738234039 
   47.902400806039211    168.1724388833556 
   47.902400806039225   190.79985588132513 
   194.98061129284108   66.349062392492769 
   206.29431979182581   77.662770891477535 
    194.9806112928411   88.976479390462273 
   81.843526302993496   202.11356438030992 
   59.216109305023977   202.11356438030987 
   70.529817804008758   213.42727287929463 
    206.2943197918259   100.29018788944705 
    194.9806112928411   111.60389638843181 
    206.2943197918259   122.91760488741657 
    194.9806112928411   134.23131338640135 
   127.09836029893253   202.11356438030992 
   104.47094330096303    202.1135643803099 
   115.78465179994778   213.42727287929466 
   93.157234801978277   213.42727287929466 
   206.29431979182581   145.54502188538609 
   194.98061129284108   156.85873038437086 
   206.29431979182581    168.1724388833556 
    194.9806112928411   179.48614738234039 
   172.35319429487157    202.1135643803099 
   149.72577729690204    202.1135643803099 
   161.03948579588683   213.42727287929466 
   138.41206879791727   213.42727287929466 
   206.29431979182584    190.7998558813251 
    194.9806112928411   202.11356438030987 
   183.66690279385634   213.42727287929463 
   115.78465179994775   32.407936895538484 
   104.47094330096299   43.721645394523243 
   93.157234801978248   32.407936895538484 
   81.843526302993467   43.721645394523257 
   36.588692307054437   88.976479390462316 
   36.588692307054423   111.60389638843182 
    25.27498380806966   100.29018788944707 
   25.274983808069674   122.91760488741657 
    161.0394857958868   32.407936895538498 
   149.72577729690204   43.721645394523243 
   138.41206879791727   32.407936895538469 
   127.09836029893252   43.721645394523243 
   36.588692307054451   134.23131338640135 
   36.588692307054451   156.85873038437086 
   25.274983808069674   145.54502188538609 
   25.274983808069706    168.1724388833556 
   172.35319429487157   43.721645394523243 
   36.588692307054465   179.48614738234039 
   217.60802829081061   88.976479390462316 
   228.92173678979537   100.29018788944707 
   217.60802829081064   111.60389638843181 
   104.47094330096303    224.7409813782794 
   81.843526302993524    224.7409813782794 
   93.157234801978291    236.0546898772642 
   228.92173678979537   122.91760488741656 
   217.60802829081061   134.23131338640133 
   228.92173678979537   145.54502188538609 
   217.60802829081061   156.85873038437086 
   149.72577729690204    224.7409813782794 
   127.09836029893253    224.7409813782794 
    138.4120687979173    236.0546898772642 
   115.78465179994777    236.0546898772642 
   228.92173678979537    168.1724388833556 
   217.60802829081061   179.48614738234039 
   172.35319429487157    224.7409813782794 
    161.0394857958868    236.0546898772642 
   127.09836029893252   21.094228396553714 
     104.470943300963   21.094228396553728 
   13.961275309084916   111.60389638843181 
   13.961275309084916   134.23131338640135 
   149.72577729690201   21.094228396553728 
   13.961275309084931   156.85873038437083 
   240.23544528878011   111.60389638843181 
   240.23544528878014   134.23131338640133 
   127.09836029893253   247.36839837624896 
   104.47094330096303    247.3683983762489 
   240.23544528878014   156.85873038437083 
   149.72577729690204    247.3683983762489 
