   89.103960324002983    69.04874868317998 
   132.81677324510503   80.761561604282022 
   118.96036678455401   88.761561604282022 
   110.96036678455401   74.905155143731008 
   97.103960324002983   82.905155143731008 
     105.103960324003   96.761561604282022 
   91.247553863451969   104.76156160428204 
   83.247553863451969   90.905155143731008 
   77.391147402900941   112.76156160428204 
   176.52958616620705    92.47437452538405 
   162.67317970565603   100.47437452538405 
   154.67317970565603   86.617968064833036 
   140.81677324510505   94.617968064833036 
   148.81677324510503   108.47437452538405 
     134.960366784554   116.47437452538404 
   126.96036678455401   102.61796806483302 
   113.10396032400298   110.61796806483304 
     121.103960324003   124.47437452538405 
   107.24755386345197   132.47437452538404 
   99.247553863451969   118.61796806483305 
   85.391147402900955   126.61796806483305 
   93.391147402900941   140.47437452538406 
   79.534740942349927   148.47437452538406 
   71.534740942349927   134.61796806483304 
   65.678334481798913   156.47437452538406 
   198.38599262675808   98.330780985935064 
   184.52958616620708   106.33078098593508 
   192.52958616620708   120.18718744648608 
   178.67317970565603   128.18718744648612 
   170.67317970565603   114.33078098593508 
   156.81677324510503   122.33078098593508 
   164.81677324510503   136.18718744648609 
   150.96036678455403   144.18718744648609 
     142.960366784554   130.33078098593506 
     129.103960324003   138.33078098593509 
     137.103960324003   152.18718744648609 
   123.24755386345197   160.18718744648609 
   115.24755386345197   146.33078098593509 
   101.39114740290094   154.33078098593509 
   109.39114740290094   168.18718744648609 
   95.534740942349927   176.18718744648612 
   87.534740942349927   162.33078098593509 
   73.678334481798913   170.33078098593506 
   81.678334481798913   184.18718744648612 
   59.821928021247906   178.33078098593506 
   186.67317970565605   142.04359390703712 
   172.81677324510505   150.04359390703709 
   180.81677324510503   163.90000036758815 
   166.96036678455403   171.90000036758815 
   158.96036678455405   158.04359390703712 
     145.103960324003   166.04359390703712 
     153.103960324003   179.90000036758815 
     139.247553863452   187.90000036758815 
   131.24755386345197   174.04359390703712 
   117.39114740290097   182.04359390703712 
   125.39114740290097   195.90000036758815 
   103.53474094234994   190.04359390703715 
   174.96036678455403   185.75640682813912 
     161.103960324003   193.75640682813915 
   169.10396032400303   207.61281328869015 
   147.24755386345197   201.75640682813918 
   116.81677324510501   53.048748683179973 
   102.96036678455401   61.048748683179973 
   94.960366784553997   47.192342222628945 
   81.103960324002969   55.192342222628952 
   75.247553863451969    77.04874868317998 
   67.247553863451955   63.192342222628952 
   61.391147402900941   85.048748683179994 
   160.52958616620705   64.761561604282022 
   146.67317970565605   72.761561604282022 
   138.67317970565605   58.905155143731008 
   124.81677324510503   66.905155143730994 
   69.391147402900941   98.905155143731008 
    63.53474094234992   120.76156160428205 
   55.534740942349913   106.90515514373102 
    49.67833448179892   128.76156160428204 
   204.24239908730911   76.474374525384036 
   190.38599262675808   84.474374525384036 
   182.38599262675808   70.617968064833022 
   168.52958616620708   78.617968064833036 
    57.67833448179892   142.61796806483304 
   51.821928021247899   164.47437452538406 
   43.821928021247892   150.61796806483304 
   37.965521560696899   172.47437452538404 
   212.24239908730911   90.330780985935064 
   220.24239908730911   104.18718744648609 
   206.38599262675808   112.18718744648608 
   67.821928021247913   192.18718744648612 
   45.965521560696907   186.33078098593509 
   53.965521560696907   200.18718744648612 
   214.38599262675811   126.04359390703711 
   200.52958616620708   134.04359390703712 
   208.52958616620708   147.90000036758815 
   194.67317970565605   155.90000036758815 
   111.53474094234994   203.90000036758818 
   89.678334481798942   198.04359390703712 
   97.678334481798942   211.90000036758815 
   75.821928021247913   206.04359390703712 
   202.67317970565605   169.75640682813915 
   188.81677324510503   177.75640682813912 
   196.81677324510503   191.61281328869018 
   182.96036678455403   199.61281328869018 
   155.24755386345197   215.61281328869018 
   133.39114740290097   209.75640682813915 
   141.39114740290097   223.61281328869015 
   119.53474094234993   217.75640682813918 
   190.96036678455403   213.46921974924115 
     177.103960324003   221.46921974924118 
   163.24755386345197   229.46921974924118 
   144.52958616620705    37.04874868317998 
   130.67317970565603    45.04874868317998 
   122.67317970565603   31.192342222628955 
   108.81677324510501   39.192342222628945 
   53.391147402900934   71.192342222628952 
   47.534740942349913   93.048748683180008 
   39.534740942349906   79.192342222628966 
   33.678334481798913   101.04874868317998 
   188.24239908730908   48.761561604282015 
   174.38599262675808   56.761561604282015 
   166.38599262675808   42.905155143730987 
   152.52958616620705   50.905155143731008 
   41.678334481798913   114.90515514373102 
   35.821928021247906   136.76156160428204 
   27.821928021247889   122.90515514373102 
   21.965521560696907   144.76156160428204 
   196.24239908730908   62.617968064833022 
   29.965521560696896   158.61796806483306 
   228.24239908730911   118.04359390703711 
   236.24239908730911   131.90000036758812 
   222.38599262675811   139.90000036758815 
   83.821928021247913   219.90000036758818 
   61.965521560696914   214.04359390703712 
   69.965521560696928   227.90000036758815 
   230.38599262675811   153.75640682813915 
   216.52958616620708   161.75640682813912 
   224.52958616620705   175.61281328869018 
   210.67317970565605   183.61281328869018 
   127.53474094234993   231.61281328869018 
   105.67833448179893   225.75640682813915 
   113.67833448179893   239.61281328869018 
   91.821928021247913   233.75640682813915 
   218.67317970565603   197.46921974924118 
   204.81677324510505   205.46921974924115 
   149.39114740290097   237.46921974924118 
   135.53474094234991   245.46921974924118 
   158.38599262675808   29.048748683179962 
   136.52958616620705   23.192342222628952 
    25.67833448179891   87.192342222628966 
   19.821928021247885   109.04874868317999 
   180.24239908730908   34.905155143731001 
   13.965521560696891   130.90515514373101 
   244.24239908730911   145.75640682813915 
   238.38599262675808   167.61281328869015 
   99.821928021247913   247.61281328869021 
   77.965521560696899   241.75640682813915 
   232.52958616620708   189.46921974924115 
   121.67833448179894   253.46921974924118 
