   106.49785356283225   57.485729889925381 
   145.68968944736312   80.113146887894928 
   130.23487622673804   84.254251609535245 
   126.09377150509771   68.799438388910147 
   110.63895828447259   72.940543110550479 
   114.78006300611291   88.395356331175591 
   99.325249785487813   92.536461052815923 
   95.184145063847495   77.081647832190811 
   83.870436564862715   96.677565774456255 
   184.88152533189395   102.74056388586443 
   169.42671211126887   106.88166860750476 
   165.28560738962852   91.426855386879666 
   149.83079416900347   95.567960108519998 
   153.97189889064379    111.0227733291451 
    138.5170856700187   115.16387805078541 
   134.37598094837836    99.70906483016033 
   118.92116772775326   103.85016955180068 
   123.06227244939357   119.30498277242576 
   107.60745922876848   123.44608749406609 
   103.46635450712814   107.99127427344099 
   88.011541286503046   112.13237899508134 
   92.152646008143364   127.58719221570642 
   76.697832787518266   131.72829693734678 
   72.556728065877948   116.27348371672167 
   61.243019566893203    135.8694016589871 
   204.47744327415938   114.05427238484918 
    189.0226300535343   118.19537710648952 
   193.16373477517465   133.65019032711461 
   177.70892155454953   137.79129504875493 
   173.56781683290922   122.33648182812985 
    158.1130036122841   126.47758654977018 
   162.25410833392445   141.93239977039528 
   146.79929511329937   146.07350449203562 
   142.65819039165902   130.61869127141051 
   127.20337717103391   134.75979599305083 
   131.34448189267425   150.21460921367594 
   115.88966867204914   154.35571393531629 
   111.74856395040881    138.9009007146912 
    96.29375072978371   143.04200543633152 
   100.43485545142404   158.49681865695661 
   84.980042230798944   162.63792337859695 
   80.838937509158612   147.18311015797184 
   65.384124288533528   151.32421487961216 
   69.525229010173874   166.77902810023727 
   49.929311067908444    155.4653196012525 
   181.85002627618985   153.24610826938002 
   166.39521305556477   157.38721299102039 
   170.53631777720511   172.84202621164548 
   155.08150455658003   176.98313093328579 
   150.94039983493968   161.52831771266071 
   135.48558661431457   165.66942243430103 
   139.62669133595492   181.12423565492617 
    124.1718781153298   185.26534037656648 
   120.03077339368947    169.8105271559414 
   104.57596017306437   173.95163187758172 
   108.71706489470471    189.4064450982068 
   89.121146952439275   178.09273659922204 
   159.22260927822038   192.43794415391091 
   143.76779605759523   196.57904887555125 
   147.90890077923558   212.03386209617636 
   128.31298283697015   200.72015359719157 
   137.40748000408246   49.203520446644717 
   121.95266678345736   53.344625168285056 
   117.81156206181704   37.889811947659972 
   102.35674884119193   42.030916669300296 
   91.043040342207149    61.62683461156572 
   86.901935620566817   46.172021390940635 
   75.588227121582037   65.767939333206044 
   176.59931588861329   71.830937444614264 
   161.14450266798821   75.972042166254596 
   157.00339794634789   60.517228945629491 
   141.54858472572278   64.658333667269815 
   79.729331843222397   81.222752553831157 
   68.415623344237616   100.81867049609659 
   64.274518622597284   85.363857275471474 
   52.960810123612553   104.95977521773692 
   215.79115177314415   94.458354442583769 
   200.33633855251904   98.599459164224101 
   196.19523383087872   83.144645943599016 
   180.74042061025364   87.285750665239348 
   57.101914845252878     120.414588438362 
   45.788206346268105   140.01050638062742 
    41.64710162462778   124.55569316000233 
   30.333393125643035   144.15161110226774 
   219.93225649478447   109.91316766320885 
   224.07336121642481   125.36798088383395 
   208.61854799579973    129.5090856054743 
   54.070415789548768   170.92013282187759 
   34.474497847283359   159.60642432289285 
   38.615602568923698    175.0612375435179 
   212.75965271744005   144.96389882609938 
   197.30483949681496    149.1050035477397 
   201.44594421845528   164.55981676836481 
    185.9911309978302   168.70092149000516 
   93.262251674079607   193.54754981984712 
   73.666333731814206   182.23384132086235 
   77.807438453454523   197.68865454148747 
   58.211520511189107    186.3749460425027 
   190.13223571947054   184.15573471063024 
   174.67742249884543   188.29683943227059 
   178.81852722048581   203.75165265289567 
   163.36371399986069   207.89275737453602 
   132.45408755861047   216.17496681781668 
   112.85816961634505   204.86125831883191 
   116.99927433798537     220.316071539457 
   97.403356395719939   209.00236304047223 
   167.50481872150101   223.34757059516107 
    152.0500055008759   227.48867531680139 
   136.59519228025079   231.62978003844171 
   168.31710644533263   40.921311003364053 
   152.86229322470754   45.062415725004392 
    148.7211885030672   29.607602504379308 
   133.26637528244214   33.748707226019633 
   71.447122399941719   50.313126112580974 
    60.13341390095696   69.909044054846376 
   55.992309179316621   54.454230834221299 
   44.678600680331876   74.050148776486708 
   207.50894232986346   63.548728001333593 
   192.05412910923837   67.689832722973918 
   187.91302438759806   52.235019502348827 
   172.45821116697297   56.376124223989152 
   48.819705401972215   89.504961997111806 
   37.505996902987441   109.10087993937725 
   33.364892181347116   93.646066718752138 
   22.051183682362371   113.24198466101758 
   211.65004705150383   79.003541221958685 
    26.19228840400271   128.69679788164268 
   228.21446593806516   140.82279410445906 
   232.35557065970548   156.27760732508415 
   216.90075743908037   160.41871204672447 
   62.352625232829432   201.82975926312781 
   42.756707290564037   190.51605076414302 
   46.897812012204362   205.97086398476813 
   221.04186216072071   175.87352526734958 
    205.5870489400956   180.01462998898992 
   209.72815366173597   195.46944320961501 
   194.27334044111086   199.61054793125535 
   101.54446111736027   224.45717626109732 
   81.948543175094869   213.14346776211255 
   86.089647896735201   228.59828098273766 
   66.493729954469771    217.2845724837529 
   198.41444516275118   215.06536115188038 
   182.95963194212609   219.20646587352073 
    121.1403790596257   235.77088476008205 
    105.6855658390006   239.91198948172237 
   183.77191966595771   36.780206281723729 
   164.17600172369231   25.466497782738966 
   40.537495958691551   58.595335555861624 
   29.223787459706777    78.19125349812704 
   203.36783760822314   48.093914780708488 
   17.910078960722046    97.78717144039247 
    236.4966753813458   171.73242054570926 
   225.18296688236103   191.32833848797466 
   70.634834676110103   232.73938570437801 
   51.038916733844701   221.42567720539324 
   213.86925838337629   210.92425643024004 
   90.230752618375533   244.05309420336269 
