   126.88242490447831    60.07740136593641 
   158.88242490447831   92.077401365936424 
   142.88242490447831   92.077401365936424 
   142.88242490447831   76.077401365936424 
   126.88242490447831   76.077401365936424 
   126.88242490447831   92.077401365936424 
   110.88242490447831   92.077401365936424 
   110.88242490447831   76.077401365936424 
   94.882424904478313   92.077401365936424 
   190.88242490447831   124.07740136593641 
   174.88242490447831   124.07740136593641 
   174.88242490447831   108.07740136593641 
   158.88242490447831   108.07740136593641 
   158.88242490447831   124.07740136593641 
   142.88242490447831   124.07740136593641 
   142.88242490447831   108.07740136593641 
   126.88242490447831   108.07740136593641 
   126.88242490447831   124.07740136593641 
   110.88242490447831   124.07740136593641 
   110.88242490447831   108.07740136593641 
   94.882424904478313   108.07740136593641 
   94.882424904478313   124.07740136593641 
   78.882424904478299   124.07740136593641 
   78.882424904478299   108.07740136593641 
   62.882424904478327   124.07740136593641 
   206.88242490447834   140.07740136593642 
   190.88242490447831   140.07740136593642 
   190.88242490447831   156.07740136593642 
   174.88242490447831   156.07740136593642 
   174.88242490447831   140.07740136593642 
   158.88242490447831   140.07740136593642 
   158.88242490447831   156.07740136593642 
   142.88242490447834   156.07740136593642 
   142.88242490447831   140.07740136593642 
   126.88242490447831   140.07740136593642 
   126.88242490447831   156.07740136593642 
   110.88242490447831   156.07740136593642 
   110.88242490447831   140.07740136593642 
   94.882424904478313   140.07740136593642 
   94.882424904478313   156.07740136593642 
   78.882424904478299   156.07740136593642 
   78.882424904478299   140.07740136593642 
   62.882424904478327   140.07740136593642 
   62.882424904478327   156.07740136593642 
    46.88242490447832   140.07740136593642 
   174.88242490447831   172.07740136593642 
   158.88242490447831   172.07740136593642 
   158.88242490447831   188.07740136593645 
   142.88242490447834   188.07740136593645 
   142.88242490447834   172.07740136593642 
   126.88242490447831   172.07740136593642 
   126.88242490447831   188.07740136593645 
   110.88242490447831   188.07740136593645 
   110.88242490447831   172.07740136593642 
   94.882424904478313   172.07740136593642 
   94.882424904478313   188.07740136593645 
   78.882424904478299   172.07740136593642 
   142.88242490447834   204.07740136593642 
   126.88242490447831   204.07740136593642 
   126.88242490447831   220.07740136593642 
   110.88242490447831   204.07740136593642 
   158.88242490447831    60.07740136593641 
   142.88242490447831    60.07740136593641 
   142.88242490447831   44.077401365936403 
   126.88242490447831   44.077401365936403 
   110.88242490447831    60.07740136593641 
   110.88242490447831   44.077401365936403 
   94.882424904478313    60.07740136593641 
   190.88242490447831   92.077401365936424 
   174.88242490447831   92.077401365936424 
   174.88242490447831   76.077401365936424 
   158.88242490447831   76.077401365936424 
   94.882424904478313   76.077401365936424 
   78.882424904478299   92.077401365936424 
   78.882424904478299   76.077401365936424 
   62.882424904478327   92.077401365936424 
   222.88242490447831   124.07740136593641 
   206.88242490447834   124.07740136593641 
   206.88242490447834   108.07740136593641 
   190.88242490447831   108.07740136593641 
   62.882424904478327   108.07740136593641 
    46.88242490447832   124.07740136593641 
    46.88242490447832   108.07740136593641 
   30.882424904478338   124.07740136593641 
   222.88242490447831   140.07740136593642 
   222.88242490447831   156.07740136593642 
   206.88242490447834   156.07740136593642 
    46.88242490447832   156.07740136593642 
   30.882424904478338   140.07740136593642 
   30.882424904478338   156.07740136593642 
   206.88242490447834   172.07740136593642 
   190.88242490447831   172.07740136593642 
   190.88242490447831   188.07740136593645 
   174.88242490447831   188.07740136593645 
   78.882424904478299   188.07740136593645 
   62.882424904478327   172.07740136593642 
   62.882424904478327   188.07740136593645 
    46.88242490447832   172.07740136593642 
   174.88242490447831   204.07740136593642 
   158.88242490447831   204.07740136593642 
   158.88242490447831   220.07740136593642 
   142.88242490447834   220.07740136593642 
   110.88242490447831   220.07740136593642 
   94.882424904478313   204.07740136593642 
   94.882424904478313   220.07740136593642 
   78.882424904478299   204.07740136593642 
   142.88242490447834    236.0774013659364 
   126.88242490447831    236.0774013659364 
   110.88242490447831    236.0774013659364 
   190.88242490447828    60.07740136593641 
   174.88242490447828    60.07740136593641 
   174.88242490447828   44.077401365936403 
   158.88242490447831   44.077401365936403 
   94.882424904478313   44.077401365936403 
   78.882424904478299    60.07740136593641 
   78.882424904478299   44.077401365936403 
   62.882424904478327    60.07740136593641 
   222.88242490447831   92.077401365936424 
   206.88242490447834   92.077401365936424 
   206.88242490447834   76.077401365936424 
   190.88242490447831   76.077401365936424 
   62.882424904478327   76.077401365936424 
    46.88242490447832   92.077401365936424 
    46.88242490447832   76.077401365936424 
   30.882424904478338   92.077401365936424 
   222.88242490447831   108.07740136593641 
   30.882424904478338   108.07740136593641 
   222.88242490447831   172.07740136593642 
   222.88242490447831   188.07740136593645 
   206.88242490447834   188.07740136593645 
    46.88242490447832   188.07740136593645 
   30.882424904478338   172.07740136593642 
   30.882424904478338   188.07740136593645 
   206.88242490447834   204.07740136593642 
   190.88242490447831   204.07740136593642 
   190.88242490447831   220.07740136593642 
   174.88242490447831   220.07740136593642 
   78.882424904478299   220.07740136593642 
   62.882424904478327   204.07740136593642 
   62.882424904478327   220.07740136593642 
    46.88242490447832   204.07740136593642 
   174.88242490447831    236.0774013659364 
   158.88242490447831    236.0774013659364 
   94.882424904478313    236.0774013659364 
   78.882424904478299    236.0774013659364 
   206.88242490447834    60.07740136593641 
   190.88242490447828   44.077401365936403 
   62.882424904478327   44.077401365936403 
    46.88242490447832    60.07740136593641 
   222.88242490447831   76.077401365936424 
   30.882424904478338   76.077401365936424 
   222.88242490447831   204.07740136593642 
   206.88242490447834   220.07740136593642 
    46.88242490447832   220.07740136593642 
   30.882424904478338   204.07740136593642 
   190.88242490447831    236.0774013659364 
   62.882424904478327    236.0774013659364 
