   2.6969983999999991   8.9054506666666686 
   3.2110378666666746   138.20516266666667 
   3.1072384000000057    38.03031466666669 
                    1   90.360384000000025 
   7.8993792000000065   19.868138666666663 
   11.722867200000003                    1 
   2.9800576000000092   103.53892266666666 
   3.7302400000000033   186.40305066666667 
   10.031731199999998   60.825920000000025 
            4.7143552   231.45410133333334 
   11.491784533333339   157.91741866666672 
   5.5477973333333317   211.13427199999998 
   14.126621866666664   145.21299200000001 
   14.572317866666678   72.819776000000019 
   12.728435199999998   85.968106666666685 
   7.4453376000000082   243.58705066666667 
   8.8021632000000096   199.10133333333337 
   14.927133866666676   37.518997333333346 
   17.426376533333343   49.546474666666668 
    23.13927253333333   127.25331200000002 
   20.225565866666663   25.671146666666679 
    15.42036053333333   178.88253866666668 
   12.903880533333343   222.61382400000002 
    20.50204586666667   166.52669866666668 
           25.6449152   140.09273600000003 
   18.217416533333335   248.96612266666665 
   24.840733866666671   93.012373333333329 
   26.593565866666676   72.145472000000012 
   29.267059200000009   49.456106666666692 
    21.03213653333334   199.19630933333332 
   31.401245866666674   61.272128000000023 
   24.349725866666677   187.24989866666667 
   32.038429866666668   118.99662933333335 
   32.308509866666675   104.55959466666668 
   32.762483199999998   83.049962666666687 
   37.337544533333343   21.904874666666668 
   24.173341866666668   228.26246399999999 
   36.783731200000013   1.5602133333333312 
   35.623368533333341   148.77088000000003 
   33.501725866666675   161.60962133333337 
   27.574899199999997   241.21239466666665 
   40.727837866666668   42.016149333333352 
   31.044808533333345   207.37883733333334 
   44.108915199999998   11.075989333333336 
   42.552605866666667   60.961941333333336 
    44.25346986666667   123.43925333333335 
   46.532125866666682   30.731242666666684 
   33.202291200000005    220.0270293333333 
   44.719560533333336   81.107520000000008 
   36.358685866666669   187.29000533333334 
    45.19060053333336   102.97435733333333 
   48.429939200000021   70.157973333333345 
   48.513821866666667   51.007381333333356 
   48.137331199999998   145.17433600000004 
   40.059421866666675   198.84192000000002 
    44.95311786666668    167.9418666666667 
   39.009907200000001   247.31458133333334 
   50.808008533333336   113.64964266666668 
   51.845661866666674   133.39936000000003 
   45.980360533333354   180.04665600000001 
   56.272072533333358   5.5470719999999956 
   43.806835200000009   226.44938666666664 
   56.116595199999999   85.282880000000006 
   59.557832533333354   55.232234666666663 
   55.974173866666689   96.419562666666678 
   59.781576533333343    67.11865600000003 
   61.210909866666682   28.412309333333344 
   47.686515200000002   238.79643733333336 
   58.473928533333343    152.2029866666667 
   56.953288533333335   164.02967466666669 
   52.060445866666669   198.28256000000002 
   62.697245866666677   112.55831466666667 
    65.54097920000001   77.324352000000019 
   53.705587200000018   220.16552533333331 
   56.617331200000017   186.73030400000002 
   69.447112533333353   37.464810666666672 
   64.465011199999992    131.9459626666667 
   69.043144533333333   49.233898666666683 
   68.676552533333322   7.3829333333333276 
    67.03200853333334   101.63360000000002 
   57.300595200000011   208.75159466666665 
   71.830301866666687   18.971797333333338 
   69.860637866666664   121.28160000000003 
   60.448200533333328   239.38643199999999 
   71.119304533333349   150.44665600000002 
   77.444893866666675   77.114517333333353 
   68.574579200000002   169.60160000000002 
   63.224349866666671   227.69397333333333 
   74.522227200000003   139.06259200000005 
   79.335965866666655    54.85796266666668 
   68.303901866666664   181.95257599999999 
    81.92719786666666   35.582528000000018 
   79.101725866666669   99.120192000000031 
   84.062835200000009   23.854741333333337 
   69.030088533333341   208.94888533333335 
   83.140125866666679   66.266346666666678 
   70.261875200000006   247.15244799999999 
   83.546141866666673   87.575018666666693 
    87.99490986666666   46.190997333333343 
   72.739955200000011           220.908096 
   78.261704533333344   160.71968000000004 
   81.869427200000004           120.008768 
   77.823432533333346   200.83803733333335 
   87.300637866666662    108.8803626666667 
   79.285619199999985   188.12251733333335 
   85.255197866666677   131.89152000000001 
   96.137672533333316   19.644735999999998 
   95.702301866666673   7.1324800000000019 
   95.368477866666666    64.59304533333335 
   95.224605866666664   85.429056000000017 
   98.473587199999983    52.47656533333334 
   83.370867200000006           244.378432 
   84.534728533333322   222.28631466666667 
   86.476744533333331   209.82730666666666 
   91.752392533333321   159.21201066666666 
   101.47945386666667   74.682602666666682 
   91.451421866666678   182.62175999999999 
   89.989832533333328   233.67754666666667 
   89.290013866666655   255.87923199999997 
    99.76536320000001   106.47686400000001 
   96.784157866666675   135.02888533333336 
   106.99207253333334    3.314240000000003 
          102.7848832   94.679360000000017 
   108.98972586666666   25.815786666666661 
   99.139869866666658   147.61597866666671 
   109.84997120000001   48.931392000000002 
           98.6822272   170.47225600000002 
   96.504264533333327   205.19908266666667 
   98.404381866666668   192.88061866666666 
   114.28278186666667   37.199509333333346 
   113.56410453333335            76.978752 
   109.78119253333334   114.28665600000002 
   107.79488853333332   127.00618666666668 
   117.70951253333332   7.9701973333333322 
   113.58765653333333   89.170240000000021 
   102.65457919999999   235.16712533333333 
   120.14100053333335   19.219690666666672 
   119.17067520000001   56.833685333333342 
   105.66565120000001           213.305408 
          111.7167232   146.49060266666669 
          110.0906112   193.60040533333333 
   112.12717653333333   168.12106666666665 
   122.48809386666669   68.671040000000005 
          109.4595712   245.52317866666667 
   109.72999253333334   224.82165333333336 
   127.15693653333334   38.250474666666697 
   117.59456853333334   134.63609600000001 
   113.78238719999999   205.19285333333332 
   117.76404053333333   156.84392533333332 
   121.16721920000001   108.18361600000003 
   123.09506986666669   95.535765333333359 
   129.18599253333335   50.107626666666675 
   133.28310186666667   18.991594666666668 
   119.66108586666665   187.09996800000002 
   122.34976853333335   175.75396266666667 
   137.39156053333332   30.652480000000001 
   121.13854719999999   243.85593599999999 
   135.48794453333332   68.771306666666675 
          138.0624512   6.2247893333333346 
          133.2263552   111.38378666666669 
   122.27040853333334    224.7594453333333 
   139.36660053333335   56.567360000000022 
   134.79990186666666   90.326080000000019 
   131.01519786666668   132.50958933333337 
   129.87642453333333   154.73909333333333 
   125.18616320000001   206.19748266666664 
   128.23930453333332   195.03477333333333 
   128.21430186666666   234.73056000000003 
   127.62609920000001   253.54118400000002 
   140.26021120000001   100.85792000000002 
   135.75316053333333   143.78971733333336 
   141.92233386666666   79.394197333333352 
   134.89436586666667   174.66067199999998 
   139.71450453333333   121.57915733333334 
   149.03264853333334   35.878976000000009 
   130.92568320000001   216.31477333333333 
   149.25477119999999   49.084309333333337 
   138.40608853333333   163.43200000000004 
   139.17878186666667   193.93832533333335 
   138.67770453333333   250.32428799999997 
   139.75836586666668   238.18186666666668 
   144.08519253333333   183.23052799999999 
   152.03151786666666   102.09226666666669 
   147.73199786666666   146.76878933333336 
          155.1061632    79.00627200000001 
   152.94466986666666   114.81606400000003 
   149.72086186666667    159.6443946666667 
   161.13274453333332   30.944917333333326 
   145.52152320000002   203.93469866666666 
   143.45184853333333    215.4139946666667 
   160.51032320000002    53.85316266666667 
   162.11851519999999   3.7829759999999926 
   163.06742186666668    67.24657066666667 
   159.61270186666667   91.513749333333351 
   150.56335786666668   232.99513599999997 
   167.24269653333334   17.450559999999996 
   158.19668053333334   141.05358933333338 
   167.80802986666669   42.635072000000022 
          155.3693312   187.88802133333331 
   154.29967786666666   221.67379200000002 
   156.84278186666668   251.49326933333336 
   164.80130986666666   117.89702400000002 
   156.35638186666668   200.32270933333336 
   162.08165120000001   163.52398933333333 
   165.59362986666667   130.50621866666668 
   159.54238720000001   240.27662933333335 
   171.38972586666665   95.526208000000025 
   165.57357653333335   151.64251733333336 
   175.88662186666667   67.741418666666675 
   173.77197653333332   108.04042666666669 
   166.46215253333332   185.35225600000001 
   180.24928853333333   16.861930666666666 
   179.70332586666666   45.192085333333353 
   170.38287786666666   174.11163733333336 
   166.88839253333333   206.36405333333332 
   167.17442986666669   218.87528533333335 
   182.48442453333337   57.135424000000015 
   176.55256320000001   135.28488533333334 
   176.05387520000002   147.46630400000001 
   171.54486186666665   238.98877866666669 
   182.38185386666672   88.796224000000024 
          173.9201152           196.321088 
   184.84790186666669    76.66779733333334 
    187.4468138666667   5.7266986666666675 
   175.15198720000001   250.76554666666664 
   189.71207253333336   26.121109333333347 
   190.46411520000001   38.480533333333355 
   177.55983786666667   228.46197333333336 
   182.00502186666665   180.33269333333331 
   186.51369386666673   108.60422400000002 
   188.00796586666669   131.78698666666668 
   186.34993920000002   152.43662933333331 
   192.18102186666667   96.370496000000017 
   194.69511253333337    58.57593600000002 
   185.41093119999999   256.07319466666667 
   185.45692586666669   193.70246400000002 
   191.63522986666666   119.93572266666668 
   196.91207253333334   70.969066666666691 
   191.17647786666669   174.13442133333331 
   199.77304320000002   7.7741866666666741 
   192.29314986666668   162.56356266666668 
   200.48941653333338   19.885290666666666 
   193.81378986666672           142.931264 
   200.34742186666668   47.228736000000012 
   190.89965653333334   232.78009599999999 
   193.62486186666672   246.34442666666666 
   197.29521919999999   200.82105600000003 
   203.90377386666671   90.128703999999999 
   203.53658453333338   120.13489066666669 
   201.27584853333337   180.01585066666667 
   207.84992853333338   77.233642666666682 
   204.09918720000005   148.89512533333334 
   201.61453653333336           225.631552 
   204.22462720000004   160.73657599999999 
   212.08433920000002   22.869312000000004 
   211.63804586666672   2.5692799999999956 
   204.35945386666668           212.561984 
   212.99185920000005   45.985600000000019 
   204.44879786666672   252.25734400000002 
   205.21244586666671   191.45094399999999 
   210.73880320000001   110.42225066666668 
    210.6204458666667           130.139712 
    212.7597525333334   98.318656000000018 
   209.50505386666671   171.71342933333332 
   217.28386986666672   33.838400000000014 
   212.58618453333335   141.83959466666667 
   219.95292586666667   12.566506666666662 
   220.91761920000002   70.194069333333346 
    212.9991125333334   231.91430400000002 
   221.58245120000004   56.431509333333345 
   214.34626986666669   244.37058133333332 
   217.53321386666673   190.49990399999999 
   221.55966720000004           115.324224 
   217.58552320000004   212.02216533333333 
   219.68642986666674   178.11027200000001 
   221.88666453333335   126.67748266666669 
   225.15416320000003   96.968426666666701 
   223.53590186666673   146.29561600000002 
   229.12122453333333   29.844543999999996 
   232.56647253333333   17.304981333333338 
    224.1223125333334   200.96091733333336 
   223.27051520000003   224.11330133333334 
   225.59823786666669   249.61141333333333 
   233.31996586666671   51.520661333333358 
   229.39232853333337   135.75345066666668 
          233.1334272   76.510101333333338 
   230.25675520000004   107.96789333333335 
   228.29400320000005   157.44441600000002 
   233.69440853333339   88.828650666666675 
   228.06701653333337   169.97629866666665 
   236.11898453333336   39.090922666666678 
   240.84892586666672   112.96782933333336 
   246.13728853333336   14.801898666666663 
   236.59258453333339   242.61655466666664 
   240.76069120000005   134.48462933333334 
   235.77611520000002   228.86295466666664 
   236.50537386666667   198.91624533333331 
   244.91522986666672   55.714880000000008 
   238.93080320000001   174.97188266666666 
   246.59569920000001   75.468693333333349 
   245.30580053333335   93.961706666666686 
   240.18119253333333   155.52612266666668 
   247.81280853333337   36.237717333333343 
   245.88717653333339   123.89228800000002 
   254.81722453333339   4.4678613333333335 
   241.46682453333335   186.77544533333335 
   245.76130986666672   145.18022400000004 
   249.57605120000002   105.07065600000001 
   253.43593386666672   25.588458666666686 
   252.15345920000007   65.306176000000008 
   246.53553920000002   165.56089600000001 
   253.01831253333336   46.806762666666678 
   247.10727253333334   250.60068266666664 
   253.91559253333338   85.896341333333339 
   246.05425920000005   207.24153600000002 
   247.07348053333334           220.485184 
   253.70055253333339   187.10696533333333 
   255.98142720000001   199.11140266666669 
