   16.981877432117745   52.878503383972991 
   31.874222618236352   30.643665550958122 
    7.722656197944783   90.275435479565829 
   38.076126172619603   11.118641236521217 
   30.000291244817483   52.643360516823272 
   8.3074371534900209   102.39154915688317 
   21.031906803247814   73.810971334248933 
   40.739158480452112   22.884067217504057 
   36.629851652595683   42.229393696560386 
   18.891197008426708   85.769169939179235 
   4.7818223135703501    130.0282161491688 
   50.188763851438111    7.578189934892392 
   5.3336535599284014   142.95868633950519 
   38.165528911129016   62.107823971143077 
   33.635731367755369   73.137956757061374 
   20.044309198073492   104.95734245862253 
   52.505736346452615   24.907086370962226 
   15.969665508250925   126.52045773882955 
   27.435866295677911   94.978128746934701 
   49.195373994593972    44.09164762070251 
   59.520319775063776   15.476541463722651 
   22.396319217179766   116.42590386611934 
   57.167289302954941    35.18715524165259 
   17.507793154127238   146.83154463728349 
   11.588996376738987   176.30844292664173 
   50.834595998695917   63.684202961988561 
    43.41891576334492   81.527834691887861 
   23.215578479836449   136.25601715784805 
    57.06797946115968   53.568782731405342 
   10.112284130339654   200.33966711391423 
   39.960793722083068   93.387904941220057 
   71.829289321852315   16.172648479391789 
   15.755873312906639   188.71623392896925 
   33.675077175177556   119.65228828040823 
    21.03676087806566   168.46895904428371 
   8.6113509871259346   225.57567998399816 
    24.97708212008844    156.8729059652311 
   79.110376256701088   6.1711668928996462 
   13.905127681483282   213.26899820010831 
   34.163261715673301   132.16418287349759 
   55.074770358387681   75.455771305416235 
   69.096322225302217   37.065797328416075 
   44.268037178553293   114.09369562144116 
   77.222712118139341   27.722283970033718 
   48.971419787124127   102.18988821557429 
   69.291243028297444    49.41995630348697 
    30.57495016755103   175.63933540453402 
   27.712944543814533   187.37652349444053 
   90.946322253900533   7.1209350316583064 
   38.357364221724339   157.58626905998861 
   45.199428654316414   136.54815184923859 
   26.300857094209352   215.46819554922433 
   50.299900617267667    125.0163049787903 
   68.495987849179372   77.491121544781592 
   62.146383540747927   100.02530607225098 
   47.520386704227938     148.963121839504 
   41.098194782735455   170.22717669106231 
    89.88478346501752   28.626790842687555 
   35.996983066168511   195.68512862213871 
   79.615353342839995   55.434332923682817 
   30.040442481181479     227.382323534753 
   95.854834535887022   18.012786326406935 
   35.391954414005298   207.76760681147482 
   78.633016925789406   68.202234582636976 
   72.275328180832574    90.16125651374422 
   61.183613675098393   123.14109703848585 
   66.207239169954363   111.73416107446978 
   110.84801726933384   3.7051796906300902 
    49.16676695464794   179.77775834767883 
   97.538008781898469   38.762758017396479 
   92.327329668138276   50.534787882042274 
    47.50271085216297   191.88911887194973 
   107.71537747185575    15.48734851687362 
     59.3680612648579   153.67982198265861 
   42.126547623335291   229.87092544718203 
   67.934762278988359   133.34234738313549 
   47.115230250101455   211.01980862505218 
   91.072593115607134   70.370334010078849 
   77.308975397213715   115.45404032212404 
   85.870684553155783   91.369990962087257 
   63.260834950584304   165.44426288712253 
   68.879990919369476   145.51811511534717 
   60.573067238898119   177.75537229506713 
   54.985693890336734    201.9383900067227 
   99.818327821634611    60.44105817926323 
   51.158909339411714    221.9655433176236 
   77.874610858727252   127.60698717428947 
   94.234216021414369   81.936036659361463 
   110.11564898307032    35.81459461189975 
   115.25131436337821   24.096673474565932 
   88.235781030954413   111.65212113408828 
    93.76941132348496   101.38860383777845 
   74.973373648535343   166.85657155279341 
   70.481470385405771   186.18533991706661 
   134.14906370066763    1.451703609088175 
   66.522405705084282   206.48757651351448 
    120.9356147720908   42.026856171647218 
   81.009203221335881   148.70372529585373 
   127.90567966781087     22.0939373055853 
   62.740799358359808   226.86837151929547 
   61.018776507011246   239.31739748246571 
   113.33204072462473    61.86052493888225 
   106.47865115328611   83.037840731356852 
   88.629795409607382   131.52889900808677 
   94.468025245194994   121.53676089611845 
   74.913574664181766    197.8851847943676 
   84.169848924075524   159.87347526600141 
   78.733141035787568   177.89090474370093 
   130.45409270043226   33.680145607547288 
   114.98904927075726   73.982566871046771 
   137.61480011555804   13.377970556937802 
   71.786216940915622   218.34684591690822 
   106.16952631451477   103.57934685021327 
   124.56392967756477   53.554084622106423 
    91.55519849873869   142.78694844084026 
   112.46778409782222   93.642183277735938 
   105.31853055193011   123.30901853306948 
   90.240766000122349   177.64398775603817 
   94.427294586186818   166.19500513086072 
   86.022750286983239   204.58352889472172 
   112.82914121020828   114.23595306976107 
   84.945228366157068   217.13793056339148 
   141.50482939334213   37.919071282550036 
   125.78867704960797   79.960480694273159 
    150.4498038223565   16.415489577647257 
   139.09370541757829   50.445656863958142 
   124.37732027469427   92.912116296163859 
   108.85789641464632    134.6063959601891 
   103.88768377292757   145.15887321330635 
   96.661093486314272   187.24013835437029 
   83.065649091626412   248.08540389939509 
   161.18342384804171   7.1170157162554313 
    151.5656125676054   29.663162990063316 
    96.71201183300451   199.44033528854828 
   106.20654009018422   163.98154573770219 
   137.37598690783079   77.148480586953426 
     122.523334198664   121.65529616070799 
   112.74572751682172   154.01299795439689 
   93.249236816139501     237.661674379598 
   95.868699906555051   224.97508976056665 
   107.48432870049116   183.47460498598144 
   149.74892908139128   56.490359940646051 
   120.25841785514541   133.92174995276926 
   135.31281293806791   99.858724672197241 
   147.25075170893814     68.8749742237014 
   112.99502726680427   173.33887200032143 
   161.90284348541158   36.587018548943526 
   141.76090503845995    89.28588079340949 
   108.82388807604356   202.46908431944382 
   173.43774411357563   10.912855282521166 
   160.96500280352845    49.29139739764711 
   133.89448117311841   122.07696836081904 
   114.73297522622561   192.29954461737987 
   104.22877257402261   243.43963731970547 
   140.59089722003912   112.23412287410132 
   128.86794407561484   142.48312509162193 
    111.2512240607459   222.79324612089931 
   125.90608980386827   154.64207910859324 
   156.59945850065509   76.327192432936954 
   116.63352388195382   211.54522892939295 
   152.96497973489392   87.964469371945967 
   124.92184780649919   175.20137281307836 
   174.26227183892206   32.931325265436016 
   138.25937730022144   134.60230924964191 
   179.78335909945318   21.854424904386601 
   125.35801147647352   187.51044990883148 
   133.45640617376156   166.59005001792877 
   150.20689849304034   121.25123374341584 
   173.12663515962555   53.133782915886272 
   116.91393271871441   242.21612691595939 
    121.4860336980873   230.85535135216816 
   168.56985057970113   75.913358152513041 
   161.62379900499687   95.430252429265877 
     129.086332266478   207.46223768472231 
   181.76717543988067   42.783721510133333 
   133.89367004942648   195.29245427872323 
   150.08083043932456   135.05885901897679 
   175.14085138780757   65.404721185557918 
   121.92560327556434   253.58581820659526 
   192.91139314858862   19.472310908288257 
   160.67007554843991   117.63791022437123 
   164.74345646385663   106.75033498662995 
   171.29349470641907   88.180561267820906 
   145.22406915668572   174.21363535189377 
   144.34570825949157   188.02110770123357 
   138.09383993542048   215.69162581917985 
   134.71362804864427   228.44390463670547 
   159.67331652526246   144.99886665476839 
   194.70597899703111   39.788684893622488 
    186.5851287565919   68.677399950781378 
   168.90309258074822   125.93284418501509 
   201.85515916492733   28.354352102827821 
   179.68486472891325   96.603265670407666 
   157.42402780622731   170.08188709191811 
   176.74123751038766   108.07369495108657 
   149.34698955550414   209.25042603109296 
   163.45806745918492   158.16809070537565 
   153.27045196600815   196.53398804198335 
   169.74593367552404   137.99716252447416 
   196.05575398353096   61.159781491259317 
   190.83817506439439    80.17475348998785 
   201.14048195215398   49.991666988445289 
   145.15370871972479   236.69573601597165 
   179.00071930358274     120.043196064741 
   189.70878035066457   91.984742926900765 
   216.29955471787974   24.936813634147104 
   166.79458791272202   179.09710459810452 
   150.59845145999432   250.57672779119954 
   164.87192016811787   191.47761454840648 
   158.43292793652665    217.1610602513129 
   155.72813856452959   229.75066150905695 
   181.89302895109424   140.26737783532991 
   205.23918192664127   68.695369821370534 
   176.37318476037663   161.06982454904247 
   187.17954861848472   128.85720561733191 
   202.61659752912698   79.746408717608489 
   213.46202838344277   51.895355137320713 
   199.13209192704653   99.122924399618356 
   169.76907503082467   211.45361866121488 
   185.55010004345638   152.07732500814384 
   178.73504908169863   174.22034928147144 
   174.38405952211329   199.45209314173277 
   207.51747885903404   90.455729396721964 
   226.46440978299137   34.199315824331023 
   165.33750150862261   237.56770149535578 
   215.54388231795508    63.84067205504752 
   200.84254311897467   111.12332549534428 
   223.81800096542253   46.243313420827356 
   163.84893465759379   250.13060941793634 
   197.37980093029455   123.16944614278422 
   177.86678251743899   219.92317263373363 
   175.62308021586173   231.95846160701529 
   224.48105486025619   71.411694864749578 
   186.81418555135556   195.54112481015028 
   218.82686908728695   92.172490871674597 
    189.5852303546379   182.04484955249211 
   198.04041884843238   153.30729562679295 
   206.58046076231327   130.80656463704483 
   239.73750221244165   36.677685325377389 
   233.70521172501103   54.206714168766467 
    212.8211771467891   112.34702741448564 
   226.52017333813905   83.267906855644171 
   205.97508244600556   142.86430127885262 
    220.8888722064132   103.79789733595607 
   234.95474947012684   66.042357432664915 
   189.64220657874978   217.37086348637487 
   185.92668791074675   238.14694703934518 
   247.73613916480923   28.299901509109397 
   216.36181424936271   123.68450007462621 
   194.90414986099097    205.9746017534589 
   244.10910233076436   48.644547638814586 
   205.10919002362439   163.82034227685648 
   202.66597390316193   176.87651780657947 
    187.3143410265877   250.35238842366871 
   194.18737173162245   228.83438204718763 
   232.07023192228192   106.40460354059522 
   217.70615258316892   146.35084680778792 
   238.42330598830983   85.407731712438064 
   244.08538631132177   74.271167373782106 
   227.71997692878523   126.80247256296018 
    216.8023313226243   158.53657666134848 
   207.72216414217499   207.13291797117338 
    254.1802288882395   56.581959756852193 
   214.19137127209802   183.66836609993399 
   240.45275540545973   97.264091536906918 
   205.65285541544023   229.99497102980592 
   201.08143975172578   251.09722202575082 
   236.00095781227532   117.84112287512288 
   216.03141253395418    197.1175178899685 
   228.01365991405723   139.04554385058083 
   212.03259095281038   219.41149695552244 
   255.27244484104273   69.650953199597609 
   210.88187230684323   241.21555774258704 
   225.41279666157911   176.42074672916505 
    227.3564171275475   163.78400070987306 
   250.26686028171355   103.58211695167445 
   247.94110938598894   115.52368609368945 
   239.43856717291297   142.96518462500146 
   227.87464044057785   201.83399833501437 
   223.39790819032774   224.17996581307804 
   237.74285596982165   155.65890496936626 
    223.8209451212231   237.98180061066469 
   236.61990601831087   181.25707668493689 
   231.06789118292016   214.48870581036311 
   237.33568653006341   193.61227688466386 
   251.34337385154868    135.2109784881313 
   246.67937956863429   173.49368624226977 
