   26.412318891868473   52.071626309957672 
   41.455612796204072   35.705084421123914 
   58.588698017497833   5.5677497941022924 
    17.80631103336982   77.705280904547692 
   38.770821771840701   56.916772216359476 
   7.0147511902045157   100.03192551249667 
   47.404871170680359   47.231834649176335 
   15.849584037280147   91.238277878316666 
   64.189895603448434   36.184620858670357 
   31.690508388538579   77.037386729748661 
   7.6455301137564371   113.65155076856118 
   42.269296981244025   68.877758071319406 
   59.940133805587962   48.556709545963301 
   82.783873675005395   7.3818287905788109 
   26.393563631553086   97.435516173733106 
   35.239885606877351    88.74841571902509 
   76.025133259723034   33.483702585017042 
   83.477546734110462   21.115903808367118 
    94.62551517341781   2.7150027369790983 
   14.580849915389566   124.17814717206075 
   64.242655882732151   61.061429374329485 
   55.985888768979187   71.119284188280105 
   11.051719645152145   137.09389477330788 
   30.973527943314213   109.52812928891062 
   84.382356207966097   43.438647828479482 
   26.517866740872158   121.56052620618702 
   105.95186923243293   7.0113367089176339 
    45.61989670657519    94.78762911121953 
   95.426383171964915   26.184093340006271 
    76.87833745407552    64.20371223783431 
   43.048870761941451   106.64224867490293 
   62.736962483006408   82.328865509942247 
   17.903633732297113    148.0960474452759 
   94.953558536720138   38.237865631320361 
   12.700712132033884   160.10740933806269 
   85.977334017041755   55.860449226215572 
   57.574186061524372   93.325541913401139 
   32.490492573755333   132.42472280903499 
   113.73431078157817    16.32582187219635 
   108.04262895553734   25.899261308748859 
   125.99038972064061   2.4276331148320422 
   8.9841305847758122   182.41296274172001 
   29.676868678976387   145.05742234818192 
   16.600312493318341   172.67274071643746 
   82.315768000099339   75.459000936160734 
   75.085511130088591   84.940893186793318 
   53.721742417368205   112.15834070504205 
   105.79560409900918   43.237366526125761 
   125.87533074059778   14.145726447466602 
   9.2927774614342376   194.92225333641682 
   44.204993938184046   131.93211526050956 
   63.444248878167599   104.43223620468751 
     97.6327097856053   60.911444880423005 
   115.01197602105222   35.943667429029333 
   53.025327526325647   123.84486534614197 
    107.6376408816087   54.373649229252656 
    40.43381503941302   151.94921538427926 
   27.087513703741372   178.88981539078694 
   94.145150189838745   80.260661961381729 
   136.28934057974661   19.915961628871962 
   82.363881405518256   95.576967406783382 
    48.68426022011225   143.21132381291307 
   102.78419966628594   72.103234672407197 
   149.05533430546535    1.586755886821523 
   19.441380710152437   201.71999421711169 
    75.95397995862298   106.13788771764861 
   126.72136184821625   39.801850917620975 
   27.901035132299921   191.95328827681081 
   63.084721393179166   129.88047074207159 
   38.242361168798361   173.76271683062728 
   146.64564150552599   13.368786246949458 
   45.049698605222133     163.581619859809 
   136.34292567586894   32.025645519859637 
   60.317954837832289   142.09238432194806 
   95.194138033828708   92.728561719068978 
   118.67397351297099   59.275739049169552 
   74.755404681394651   127.25294232783736 
   128.94174259027596      52.353862660226 
   82.379455479802843   116.97207231884158 
   115.66476092169249   71.259389481373248 
    45.59971457696038   183.15743358511736 
   39.797421616390466     193.753945126557 
   158.07235565061092   18.033840784096416 
   147.52975351038427   36.006419334953293 
   166.81969921480575   9.0932159663169845 
   57.789426695229103   167.73374753330452 
   69.843418843044859   149.18334336591798 
   77.754758033600709   139.36453393196442 
   107.63125122302525    98.16822577589555 
   158.31983744186127   29.827141747702658 
   95.665728313231341    118.2911780614547 
   68.872061487330967   161.77599165832018 
   57.165158077288424   180.65330583048188 
   140.93826071347146   56.504734423597299 
   45.648763125820963   203.92350833978659 
   124.08045049424047   79.740907560992554 
   149.45199374070665   47.797556258348763 
   41.937174857615631   215.43769313042819 
   119.82701026357363   91.819506147464963 
   178.44452342867922   11.711197798831185 
   108.00254142171801   111.38480162074072 
   88.752957090557231   140.37013437355961 
   96.557738971395054   130.65209028062219 
   167.63737724838847    37.85799073458535 
    62.48692789487685   191.96675945356557 
   145.70732735610747   68.276127360536449 
   137.62737229913549   78.298412042084976 
   57.744922363308525   203.23474596401454 
   161.56202987869841   48.427905052518511 
   79.095264499825262   169.39837795792218 
   182.56534320716779   23.215136573654249 
   92.633788011115968   151.97111137690092 
   52.419257988540707   221.61328591183857 
   131.28157274991133   97.133328609322291 
   106.31841711517927   137.11855848592751 
   120.82180376364599   116.07108659563369 
    179.5196347141565   35.125295761927205 
   79.810533777708486   181.76947922753536 
   90.395488188767075   163.97664305844827 
   74.027999948808045   192.96545228234339 
   62.371986178485336   214.87833501293153 
   142.29918946142712   89.805947353323646 
   103.71936491626097   149.00380094597759 
   131.34204185199059   109.12322771889954 
   158.61943569760786   68.683753013557208 
    166.6129286829773   58.694318366285266 
   194.60189177813044   22.397857567643101 
   117.85690996945466   136.27425195288541 
   125.85838012816957   127.79266443607834 
   90.758445017230585   186.16509272392875 
   81.416946275132588   203.67265916408323 
   190.72770230356056   41.712054575746635 
   72.338177963123087   222.25843248396339 
   167.46286848796598   77.484750107336311 
   101.28691101879191   170.19297735012964 
   200.18869026543481   33.082454735982914 
   179.35445320867299   60.035014521895377 
   154.98504873220173   94.674653225340023 
   142.88409009638278   113.35658173620115 
   113.09300996466162   155.57572347003131 
   121.31846258733921   147.43510427896962 
   82.669887583817911   216.12095449187174 
   101.44891630951018   181.80016262217728 
   91.534205857603141   197.79653953388117 
   178.81729980386092   71.886010177155157 
   153.44818076371732   106.81251196461351 
   190.98860159073351   54.128942421371264 
   74.353224397923256   235.07598167927893 
   137.26896543241611    133.1181456116912 
    167.9840853008464   89.558274772334983 
   113.00493475685714   167.20731420483582 
   212.49362259305764   31.546028094176805 
   145.92454247279505   125.14969174226158 
   131.34055186212993    151.9552911237077 
   102.71362482886938   200.53642854321527 
   109.72071566309027   190.56111387176119 
   91.666868202841073   225.46632427834442 
   140.94352680752891   145.13527194779905 
   87.376743699403875   237.31406188909389 
   188.39437707959806   78.840639080898441 
   162.33262220218546   115.38188266298309 
   202.60009537922531   60.384903894599709 
   182.82329124244794   90.316346804169825 
    157.6172262841911   127.52691597075213 
   131.83534031976353   163.78377504275434 
   124.30330148086109   172.69029966298208 
    219.8567898920077   41.303752227765578 
   106.43151842649543   211.46730126832526 
   215.37459829732433   54.181333132348634 
   200.24913368102887   73.469966335857777 
   103.32305845202882   223.26496521072906 
   121.67147855611125   191.47176935184004 
   174.25290323406145   115.66471560860759 
   148.38713088602179   154.81084882575573 
    130.5678985927791   183.53535784285754 
    95.89960091327859   247.71137883567462 
   117.86055259457825   210.63133474109841 
    191.5509626859747   98.912856432213502 
   143.02459783817753   166.07312985522262 
   166.38218652435216   137.06713817513875 
   185.93253460056786   110.22889933481012 
   125.80679939343689   202.26724222266043 
   208.44210631267453   82.833369472826149 
   175.34701857113728   128.52344425545195 
   114.23833458796568    229.3252963646423 
   226.22892715351784   61.019484071360559 
   204.24808657485696   94.862126080006234 
   159.26167862699714    158.1612222957198 
   122.57814503093977   221.03165961858437 
   168.27743570025831   150.38692364279959 
   149.12491462843951    176.5710925655566 
   111.32268095470864    249.5851699280496 
   143.11701422553696   187.54915597686406 
   237.24578920534123   55.133324590958317 
   193.03391593228125   119.84681273102801 
   119.43278442564683   240.11346132841064 
   186.51133012238546   130.14688675049533 
   136.84517269638272   207.15316816237967 
   221.32656040232482   82.501096361763359 
   160.23604775680639   171.38949079089682 
   229.52643395060991   73.230594760493375 
   134.08065086968384   219.15571109152199 
   147.31769738220308   201.04417532301952 
    175.2319796506992   161.58558817716519 
   215.00083880669749   101.72124755992552 
   204.70353498552791   122.54524495916431 
   192.94282043870922   139.59934675423534 
   132.51802954919538   239.39261861159832 
   226.02575282627635     93.9601923289365 
   247.10029921102705   62.486188577414637 
   140.31133298968572   228.88174109386767 
   171.53653087279102   174.89010121727057 
   213.77046975576067   114.09538126820831 
   242.82367755686761   74.327434567167955 
   186.27382953639048   160.80345516559939 
   193.02632518941854   151.34113361666675 
   204.15938739276268   135.09938423665008 
   156.71125789608098   211.45368858234357 
   152.28918961194316   224.56334619167592 
   139.08869145838543   249.67291167885699 
   178.22949763690966   186.97412939511389 
    239.2988498605412    94.41601789179802 
   223.97776123654251    120.2185431491626 
   192.07942642929254    170.9466077121624 
    249.1638507158037   85.221644527106278 
   210.08487210477941   145.40693832263113 
   169.56488817458279   210.62030787827277 
   204.27278099809675   155.72465541762463 
    151.6255044819865   246.36371989032207 
   178.47684031653768   200.67418864045121 
   158.70653449021344   235.09605081281995 
   189.77107305776264    182.8179877001418 
   235.07138556548631   115.40825950468303 
   225.11015444142882   132.42490325082042 
   242.87337636124758   105.93671371290655 
   203.35733796758424   167.87110259124049 
   220.96259273063018   143.54016819478429 
    176.2828442018974   221.75361871595027 
    171.2213780087919   233.21464998986784 
   158.35442422525458   256.35641968159518 
   200.91669113989701   188.15474690012667 
   241.99154201371616   125.06392494002357 
   190.20086168475203   206.81972662834752 
   208.97624689573209   178.50161884458609 
   236.59810067801925   135.05963402775944 
   254.28236553018439    110.9645861426383 
   228.21731543888896   152.87405453592308 
    170.7814960565764   253.77746521377102 
   201.39251130660583   200.50879952945439 
    189.0786411770633   220.13345356496012 
    178.3454521393615   243.37932763883424 
   238.56021237428959   146.67248487969405 
    253.2016064939983   123.04169970405175 
   226.76355206733624   164.90824922430167 
   220.30103451434923   175.64768463754754 
   191.36426498404094   242.81877567095253 
   249.03991390972422   151.25783470549712 
   197.53398179996336   230.49957401079615 
   213.13889299789329   204.92959230171428 
   227.21155774897724   185.40588062161993 
   238.01730667626495   169.19055313239133 
   223.50603531484981   196.89607641278155 
   248.02277937636288   163.02080072874514 
   238.50294564738459   181.05809509360998 
   196.47818790490831   254.99057734601914 
   217.24582494105124   216.91394817960384 
   211.50667250779696   228.89289445304942 
