   29.379930526952769   48.295123662124752 
   45.374497355584147   34.779435620454919 
   63.308746709060145   20.626076797892999 
   56.462655761933135   30.490363473655815 
   16.095826555784818   71.758306934331287 
   26.495327068272946   61.740757220768877 
   42.025941338777969   46.852158195219573 
   88.497104592970516   6.8511087273157498 
   76.673585304076852   23.469226828632507 
   100.94236496118975   3.9820125917518605 
   64.567193132819213   38.156230653674555 
   21.591754615587629   83.537054107458303 
   88.757470737893826   19.593844204334953 
   51.854386186016001   53.933574279125452 
   36.725272802722976   69.728838818838739 
   62.220518800904465    48.81470949617681 
   75.821346270265309   35.332510031663972 
    8.969034958325679   101.65238313669673 
   33.148813441913234   81.249512758631596 
   19.917386097516541   95.948403520069917 
   113.45255093124848   8.6731286837709227 
   56.960881314339105   64.944920147238676 
   80.643218662643321   46.129227307079113 
   48.985350390230813   72.719036890175758 
   72.396460433452646   54.692407335569364 
   100.77667192898595   28.333578425188019 
   11.308106478129108   113.93146775448287 
   1.8701203386080427   121.21894418251691 
   42.327459212748259   88.884787670869088 
   69.252456266308116   65.981436865081676 
   100.19946160631244   40.558538261514997 
   29.868320695436918   103.84392389767341 
   91.591811160948808   48.594891682513847 
    120.9256928582232   18.742570606981964 
   134.03583724751078   2.8115415652808982 
    53.11753911251067   84.224987923975249 
   114.96116607733711   29.167172467393222 
   41.224448058820556   100.11836494379172 
   133.75175756957358    15.83407259595233 
   21.491650922788629   121.63118555033058 
   77.818170565502143   74.250400132819649 
   6.1476675876828573   133.37638380652194 
   31.947629468103681   115.98766639192235 
   94.893121131063239   59.849829237082545 
   110.35518941300909    48.05231639279188 
   63.429365926603985   90.982319056691537 
   120.15811053387341   41.269642553037862 
   89.516122775001776   70.606722258581286 
   74.735712972592083   85.961325394731432 
   107.14438911088654   59.844157297888387 
    19.27796546304327   133.94574995796953 
   50.615972568772484   107.70983317672115 
    142.7723734600948   24.640240913111423 
   62.325389336217718   103.68130819418133 
   44.607699448356954   118.50630909302167 
   131.67323321402944   46.830918593130797 
   167.10889658671067   5.1109879524374717 
   140.21288072884178   37.675563976859031 
   99.346076116706328   78.070270160748862 
   84.511058814608205   92.701821729201228 
   110.10936515474313   71.698268854563324 
   156.29626771166252   24.144187592737261 
   29.883405640102257   142.41902371625449 
   167.25500332676103   17.609202510409812 
   96.532794276404104   89.525777139587561 
   13.117394741286793   158.75939781639354 
   72.838811350818318   110.79566979723626 
   50.541452942125822   128.87696719130975 
   150.89585752148048   42.958733977102277 
   83.316029498222122   104.58869778568922 
   136.39741550475483   60.282284430747723 
   160.13291219805961   35.654000372371094 
   43.306773820420361   139.44312617246024 
   120.66049953100701   77.235771021863755 
   26.821342892379715   155.28135263458032 
   10.779771376171221   170.92999151214673 
   132.09066380280797    72.07454771429488 
   103.45430994685769    99.69453833847507 
   177.99538135084015    25.48207736908174 
   74.398715308768985   123.40028752089984 
   64.000119892960782    130.9898248809121 
   155.18197301912519   53.829367481377446 
   94.850279888213748      108.33187595494 
   188.86493477307735   21.049209495755001 
   148.94670165138606   63.503282155464042 
   121.66346733191433   89.414269228621563 
   170.00220707545128   43.137943119726181 
   52.995713099393605   147.54054344946425 
   18.534217351264683   179.70236955325552 
   37.990899660142745   163.12582555943632 
   115.63896281103895   100.13031221996665 
   180.46459973923805   38.279788418439225 
   140.45092115566044   81.921094495131328 
   65.534379444980445   143.31440569180884 
   167.27871082579702   55.026086311566054 
   12.947598604134024   190.50994798882968 
   49.950907528368148    159.1375472092636 
   86.765352945392593   127.13592321781795 
   97.071930198742393   119.55573852349818 
   133.50140782790805     91.7401263368982 
   158.40085885158837   72.634862898943283 
   199.07229532837439   28.932680019559847 
   29.898068206316946   181.87321377015141 
    39.82209126295443   175.75156220563139 
   153.06048674117426   83.785472976206648 
   124.76034613192445   109.39349402070606 
   170.80786380013635   66.986878596914096 
   190.07300351563214   46.657707224505806 
   93.029587406889121   137.92588243802305 
   136.13246353665329     103.506624534957 
   109.03230010563979   124.14850077629936 
   76.527864738609921   151.30055641696154 
   60.003997371562036   166.21395509154064 
   20.300905730687511   199.28401554374105 
   200.95189150162818   40.846274530039032 
   30.353030137422788    193.5496850184476 
   105.44618638024426   135.45665801564729 
   71.901855267766379   162.62705694902246 
   121.79862843611552   121.45481237730375 
   49.465534348817087   183.84885880307809 
   90.408186062729726   149.72291256408442 
   157.59628824291923   95.712656004840383 
   192.18968674720162   59.412124482673832 
   148.41577193894571   105.20730119652437 
    183.9813649570182   70.013642574119828 
   59.888567374983054   178.39215159940511 
   211.65195048560588   47.862819317906208 
   38.863714558477753   200.50975780746569 
   49.904626918135016   196.40755795518047 
   112.89694224933568   144.65304368140872 
   78.265650364053982   173.20389607099602 
   205.60427548972456   59.648686584915261 
   131.39530819351572    130.5028828671158 
   104.54555484394641    154.2958230297061 
    224.5897946369262   43.570458653170043 
   70.567561742230097   183.71466313533546 
   169.64125451949974   100.77980959747634 
   36.280206595317594   212.06325658685031 
   153.00256055365944   116.53826687220626 
   189.54469254958565   82.270461813579942 
   145.34013274102438   127.81697829956751 
   125.73779020645807   142.53360895593224 
    183.5035945895784    95.55824651124621 
    89.70655511645667   176.56228747172401 
   166.09520640713524   113.76613676095103 
   54.590372769853197    207.6799940455609 
   210.46243622498937    70.98475700587187 
   202.73478714559934     81.1974395296469 
   110.75089768146958   164.85830128435825 
   46.495670782888901   217.17059647207466 
   76.564672003593301   195.19834879080901 
   102.39510547223806   174.33460318332922 
   131.22816700662401   153.69845922095968 
   87.435305507868478     189.266043451728 
   154.05476561395434   137.23143192541067 
   124.06378372705892   164.23185370229712 
   64.227238819841745   213.73074637015398 
   193.11686778611045   104.33907212136764 
   172.69836940537203   123.98546269435666 
   232.70434841107004   65.531664154940685 
   223.08133034028424   74.140008507758864 
   74.947927974143695   208.55480015659177 
   49.671051634937307   228.88972794388434 
   166.21968737051341   134.39721218191303 
   211.28119271562178   90.632408680234917 
   106.76521394177924   185.46276686293061 
   97.799024531610499   193.72370494010667 
   143.75959257877153   156.71225014575327 
   61.744679306381869   226.76045783448609 
   154.07944458342681     149.879916668161 
   206.08008481435789   101.55469303504415 
   193.26083849799619     117.577498880089 
   185.05318044537805   126.84870587139038 
    224.1850957414452   87.406040715217756 
   78.767073924729019   221.17184787465956 
   132.67487353980624   173.64027335027421 
   244.24644297228764   70.158820081578781 
   117.33879471570508   191.08957190264971 
   101.56489045763792   204.51867236194067 
   145.33283162780634   168.99712738229084 
   173.83535185468602   144.05006827324681 
   71.754083149824993   233.06656810237357 
   128.28376682729092   185.27432573417155 
   166.63971256977439   154.38096245739709 
    89.63511281852179   223.27420644277493 
    213.3482525132203   111.71844603230277 
   98.606551789434036   215.88198015898493 
   205.29096118902601   120.78884224021951 
   113.56393816265717    203.0751034972489 
   185.85582018113001   140.02317246473083 
    250.9542592826345   81.102923300351918 
   234.74595689002928   95.701481077832312 
   75.091415967800174   246.47111027174935 
   158.03568251113049    172.8727513657031 
   136.55846237400175   193.83068736767308 
   92.617647737968824   234.57433849156089 
   169.94422054815786   166.54491877749757 
   116.61972557339897   214.56506448970316 
   247.56537819174901   92.866362271632596 
   108.33525498254502   223.02693402982112 
   211.37978791395429    131.0977124051584 
   225.41850115705986   116.42784507725618 
    195.6758174593555   148.08510995188209 
   87.315410367668633   245.44376520026287 
   148.51907364001377    192.0555514192377 
   134.49303175042709    205.9142107628181 
   158.50663448358154    184.9260445317388 
   235.60295069839927   108.86395212317491 
   104.30727305801318   234.52256696146955 
    207.3000947991097   142.53065230677785 
   127.60995251898073   215.57726427674564 
   224.22890242075326   129.37645987906754 
   184.16220327366599   170.80744142168572 
   194.36390999170257   161.54594913474881 
   255.82554995373604   103.97127703451581 
   96.699995803074486   253.48337696930946 
   152.70436136751556    203.1732763171307 
   106.98334224163972     246.245137800663 
   144.90761720758053   211.43246454072556 
   168.22556263254941    192.7354600451927 
   247.58558598362271    113.6107618308983 
   132.20168899554471   226.47076655713349 
   218.49445121590253   148.07684340220547 
   229.79741923428554   141.64619183116116 
   206.13608012895551   166.37313142764899 
   143.79724460065617   223.15744897106543 
   188.33397489074761   183.91143115354984 
   164.05584256794228    204.1213349194563 
   127.68278263182488   237.71864435759878 
   180.02011882768571   193.01863462644997 
   118.66089960595181   246.41951976099395 
   216.90443770839985   159.56318400794007 
   168.01014962272876   215.14661927644028 
   241.16338198159099   149.47226112352558 
    152.7330831021583   230.29890313473928 
   211.36940947202456   177.53798169267645 
   198.58962537090733   192.69430831614571 
   184.60099414409063   204.85874735447547 
   137.44473304297821   244.76771832014219 
   227.19074079611948   165.81444541702447 
   163.84797203045426   226.43395929215009 
   254.60829146289117   148.30263485395588 
    148.7061269538637   241.39780202168998 
   179.76530394239924    215.7334839636996 
   238.69705386859096   162.26043245387672 
   209.70554007544055   189.43825318002726 
   134.84227838931841   256.35657620982226 
   223.39814434814514   176.96873622078618 
   196.39211097184321   205.24371514233425 
   157.08611541433839   249.24595567304434 
   173.08647486172123    234.2386683028684 
   183.55826242904553   227.42516083621845 
   229.15534364955118   187.33360170032276 
   245.80936391917143   173.08520772636933 
   220.23386601537044   196.34884735054311 
   201.14525635632603   217.15327895559884 
   168.91584970043414   245.52130181584258 
   241.19952550900908   185.31463270631727 
   195.55664639649953   229.01746725531024 
   221.08200194423299   208.46688509908236 
   213.01505625545286   218.04160117704984 
    174.2561011312909   255.89992476491392 
