   82.331551806511726   12.479955769955087 
   1.8797352489425219   38.276297814756148 
   71.921566844591538   19.970064054809367 
   58.744022730001888   21.592048554268118 
   106.11133378514616   11.176276166907837 
   95.140534404239276   16.703299403210274 
   21.560099632219043   42.333542629064034 
   118.92681384087629   13.227719078480337 
   145.01853841993886   10.529694893079766 
   156.88890763959014   8.2362734941628784 
   9.8066764382981546   48.076895051595557 
   55.074677204304571   35.114821024242289 
   75.684222421262163   31.407175244846364 
    194.5364167871181   3.5688850549919002 
   98.292417370457983   28.117131632369123 
   87.431385355745931   33.236809010228562 
   31.838714062656116   48.792481806039255 
   45.853720549921327    45.31677952666476 
   66.747926557330445   40.188181679031324 
   175.89152889776398   12.823457717756218 
   164.89094888501981   16.868104668356015 
   126.99365921282707   28.781838288884895 
   146.50175558369992   22.981309868047493 
   4.0068467877760359   59.961409776024645 
   212.25984337317368   7.6787351218138156 
   223.26206898222688   4.6828154413949052 
   108.44513209585141   37.261791083268399 
   139.20611891619851    32.51975833369643 
   158.48223671988589   26.845879186796051 
   90.617187014844234   43.927913415605218 
   194.99938290040134   15.465124469279711 
   30.708953793253553   61.741140112622823 
   120.84777517010644   39.947553998150411 
   71.718901432779916   51.235090326080552 
   184.72680765424761   21.711199083309598 
   50.719072636256378   57.349633985321269 
   83.255668007746081   51.985089692953764 
   206.77781014294922   18.331308703712224 
    101.7754298409582   47.109576192477093 
   10.719693390596269   71.118115421226008 
   41.861431004296051   65.538600605494338 
    23.05323341500128   71.652499740153999 
   147.69469972632754   42.837477026516275 
   159.59457966143455   38.866543175026969 
   70.635583004152579    63.32444314188497 
   100.55293518885681   58.870743826653928 
   59.841512243737888   66.069260271200264 
   89.129443049264196     62.1632961539107 
   126.88684162436188   53.525986451279415 
   186.83903923054828   34.055757277316708 
   210.36756624322263   29.795842645399095 
   6.6058464391216605   82.921650395349232 
   45.992733958059034    76.74026552978755 
   233.46182523547131   27.978110877661205 
   199.41614955921469   35.996415932016042 
   80.762140806156751   70.367880426968767 
   120.27448290343649   63.824507068446266 
   27.723235379396069   83.465688262216489 
   108.80186224035575   66.480368062139448 
   149.13190951956869    55.29444049743644 
    168.4511421288243   48.052836833539445 
   57.667117133564048   78.099800522310389 
   222.38365264775305   34.652069210535927 
    138.7541768755631   61.340147142448046 
   181.01383364049082   46.107945100477721 
   39.420709641638737   85.917323246550211 
   161.69385639569609   59.188639688703446 
   11.575195730840854   94.681573830854248 
   84.045785356949395   81.811869829387263 
   200.82866436630314   47.644673621044575 
   23.452098351712841    95.02213214558607 
   106.03341176295733   77.878084887460645 
   125.32271211231736    75.39217320380466 
   222.82429379520332    47.09274462466221 
   190.72897817072942   54.660540629186272 
    63.21875554763627   89.107734352072839 
   137.20362775415794   74.419665913425675 
   95.998348079751565   84.505328331839365 
    211.6907085920752   52.699607053200026 
   75.520836144445155   90.412599811568782 
   116.64615703165224   83.998806833941444 
   3.5008056828936485   104.23945671453657 
   43.758274331056583   97.187489843265624 
   165.10285475608947   71.325313106625501 
   233.50025497411897   54.072101015502341 
   55.913189206433529    99.55339325232849 
   33.156719217751288   103.53337569792099 
   144.39537850282093   84.993433581681913 
   195.94352850386329   66.580745489057321 
   156.36860749814895   81.334487660741615 
   208.67619119518366   64.446663475086581 
   100.77956344059963    95.88392708833085 
   80.616285807174805   101.13771379234359 
   113.28684582890689   95.747256603244935 
   177.06291739622856   77.657665455333714 
   8.4487494154003802    116.8802471309609 
   230.45088735737275   66.516780259229392 
   189.82095337342486   77.477570168235061 
   92.615436409473148   104.39804622508397 
   218.55274864206731   71.271915117881363 
    61.46089895025677   110.97132213958294 
   33.110171434005757    115.4815058118857 
   162.97875178849205   91.251335489783457 
   73.637922032673302   110.83453577070613 
   141.76095745988923   99.004749258019032 
   174.63064259692098   89.543777958497927 
   21.561676035804688   121.01472834913439 
   119.65564515384446   105.81844134177044 
   132.13506943643776   107.06377297871194 
    239.4280962074304   75.032376198940042 
   215.86256277515457   83.028715030960257 
   93.525264213334268   116.66520958356483 
   195.18595615918954   89.665868808700353 
   56.509506543474146   122.66719327224253 
    43.70929006970168   124.04062772108013 
   161.25531994086899   102.80863800853837 
   81.755286799391243   119.84334835116444 
   206.81569948730237   91.261669329898069 
   151.01845919987383   108.06885818647085 
   114.43499164522909    116.8668140692196 
   179.43573130450432    100.9597099368716 
   25.903834948618382   132.87176705554953 
   225.13254987638945    89.90871755580244 
   236.14156122217895    86.65098452386151 
   5.1166442761949531   138.86661056830704 
   103.85959618926428   123.13492726733293 
   190.92550648635506   101.98362088193566 
   134.45199129576542    119.7712613068944 
   38.875707412301288   135.48115757032073 
   171.13304276927209   109.89339582000481 
   17.468454094626289   141.39266413380668 
   65.351511047727882   132.08566750336939 
    78.06736112235555    130.6743236193854 
   123.52402028910991   124.80003565855664 
   154.64020913488096    120.7041176871338 
   211.71379777187448   103.19263535114742 
   223.34246156410973   101.75120825536965 
   241.38472242426857   97.535645717860376 
   252.92058456710376   96.923894648064021 
   144.44000618296872   127.69064322653161 
   107.12735496243707   135.71776968708969 
   168.20898275621735   122.01632227567481 
   195.05766884349734   114.04331328702978 
   65.381517616543277   144.56216352461342 
   119.91933227262594   136.30564986603201 
   86.128964173987029   140.63195735730218 
   44.403269590138706   147.89410962356925 
   22.636481344221011   152.54755804899597 
   207.38477855152863   114.44990893423611 
   233.94278624678324   107.42373431488859 
   77.369219967260477   148.63205193386864 
   34.733777604210296   155.39014208489019 
   98.531773020729801    144.6823189391304 
   57.212802395955848   153.46799063091319 
   142.40453399568662    140.2877874757875 
   190.51356166471709    126.1473042588547 
   129.70665106074634   143.92013325971885 
   178.10418742625788   131.22432734963553 
     16.4474177808926   163.03647059879606 
   213.14302905971167   125.87644445930921 
   236.82612693661247   119.45416032312974 
   249.78780493825337   119.45926376194608 
   79.223570994408931   160.32173347796279 
   34.956566261087438   167.73185100440421 
   202.01265524594197   133.05946742022988 
   102.31870623771621   157.31651771724003 
   67.169667670347721   164.49693165398159 
   226.49371109732706   128.62807315710282 
   23.034442421834289   172.98539798447104 
    150.3022039826142   150.69855435017809 
   128.01344368503675   156.02643169162576 
   176.79376083126616   144.62070797688557 
    115.7382308309497   161.96286840335688 
   91.403788894148661   164.90667314259844 
   164.91812418231638    153.1077181050791 
   43.185484718582302   176.36075564948717 
   140.73807265252736   160.17201951942081 
    200.5519106478711   145.30587275150006 
   188.75322897170039   150.28649071817961 
   67.262413079508534    176.7469775681927 
   22.486249429734411   185.92911662186762 
    230.7022851451822   140.73416719189612 
   55.287933808084439   180.77579964201652 
   90.576169546927389    177.3209055016446 
   34.866646869207443   186.22690624735503 
   118.57809747064044    174.4733408425526 
   256.65021487361815   141.43340680938698 
   79.104934383706819   182.86090107078311 
   243.64875454605306   145.02235479335073 
   168.85305017897244   165.51877274791121 
   141.34691658762705    172.3237968864216 
   222.54051805522522    151.7043119064387 
    209.9025677684389   154.34784776511066 
   130.53033861861942   178.10129542305577 
   191.43714873109062   162.73061647152255 
   53.508476920199946   192.59812632079326 
   41.613060077262752    195.2692138496335 
   99.921806975644287   186.19663779028463 
   112.27522771376765   185.43958943389049 
   181.47171498336746   169.58903823951272 
   162.35851909350575   177.05557198304649 
   241.99420245060873   157.27934589748844 
    150.6148752187118   180.98084373494831 
   204.22544054193312   166.38845136477309 
   81.858147091826837   195.31437640176961 
    230.2226871948028    161.4825937667878 
   59.852063959526916   202.75787281429524 
   39.476911925531731   206.50086283298086 
   95.141833340065304   197.62227308401677 
   132.29926948294491   190.26874625931251 
   72.238310936111517   203.19420795892589 
     120.902215973667   195.61774342413975 
   182.68425635091853   182.02519038236011 
   31.233261587347201   214.86260672214107 
   249.38596289529426   166.84982777972087 
   171.17123927451593   185.85173825870891 
   50.590176491645664   211.25021937655518 
   144.72274832328964   192.79158635396658 
   230.55977491409624   174.31437333105785 
   209.22369440113977   178.85294402866811 
    104.2050129138035   207.33008735083007 
   75.126226671394278   214.74158227086019 
   242.74156735122753   177.21833141711605 
   117.68202566990522   207.80429259706276 
   47.491585521685586   222.72871118988368 
   221.74319831334432   182.80736977061204 
   36.086088763042014   225.91466987970864 
   171.28988281507597   197.82389506832564 
   190.78269878400155   192.13877391376772 
   149.19614668775134   204.68342766067437 
   86.371987846768761   219.18457507735016 
   67.295749584051805   224.17350518649204 
   98.586222702890637   218.00402141810392 
   203.38463728740288   190.68047523469693 
   26.849937624588694   233.85618906883124 
   162.04029498716639   205.68526490564651 
   250.34081246060242   187.01565233596486 
   56.503301356394438   229.10041539195856 
   183.27816865714448   202.75780390780224 
   127.86389857866949   218.60473685389019 
   141.32958190191599   215.68490261546745 
   223.34425951740636   196.55459394312325 
   84.437690891986037   230.90545113496316 
   73.555918270876887    234.1597458712661 
   103.09835362072552    229.6266377159472 
   211.38849899482847    200.7826506711277 
   55.033110652388558   240.83033334124016 
   246.94385629442041   199.25769338717311 
   168.96179647541248   216.08558549692626 
    181.9657797030174   216.16796188270715 
   234.57373769183968   205.25101032756282 
   149.11098915199949   225.75145017844389 
   66.731815170444136    243.7586939434552 
   124.92476391191704   232.03901066115574 
    93.79433268097425   237.40223456906685 
   45.495684043851362    248.3118280732462 
   113.17115162144806   235.76915219459016 
   33.332066451776065   251.33606569481307 
   161.84163408268748   225.23804150426184 
   212.17663335450465   230.09165043809713 
   91.706220866291375    248.9275644335554 
   187.89595753446929   228.62851807532473 
   70.899751235023146   254.41129391990998 
   148.06076017695412   238.03715880894163 
   234.64650188198229   220.91965226314659 
   129.41497917877146   244.77303064236179 
   256.16201408405726   217.49648777193255 
   111.21824965301104   248.31342825893415 
    167.6242031631368   235.79494423408605 
    82.45799932846441   256.62159883217549 
   200.12440383164235   234.33804675359386 
   224.84244699691141   231.24127722868835 
   101.59305078890272   255.31338132114124 
   179.36596906936794   238.47023525885663 
   140.66967126725746   247.51116153062702 
   158.76257289100752   243.55854520735568 
   246.74964488814936   225.71235575901437 
   121.23717247090559   254.54237855673492 
