   51.494252140245891   30.789164961616507 
   88.387653926474414   10.026944652749989 
   69.685937295385799   21.368295925615303 
   99.725428833064299    7.765453502409855 
   34.613049064224391   45.020228874392615 
   13.303682458783154   53.646384569990168 
   63.249573004071678   31.570756623703893 
   46.664642742509812   42.344249437358833 
   3.3342487219909342    60.58839748184144 
   90.470203429862337   21.984746201895238 
   118.21544435531199   9.9396224863466767 
    80.75434265997653   27.429747042521072 
   108.03337352055999   16.076601140957685 
   33.694357699231311   57.486310087083105 
   22.691825448598745   62.082741217072339 
   70.139309442599611   41.321474185992912 
   102.07468285459211   26.167238160914849 
   2.8645250973712337   73.142108298484644 
   138.54712489912131   9.6202781914840365 
   54.232996421635697   52.546227872589043 
   128.15281171174672    15.15497564116804 
   81.767771206362738   39.613131441369298 
   155.75413890497899   2.4376740295121335 
   66.166418739472732   51.886796301925806 
    41.53807267401033   67.559361610155818 
   108.20836233985342   36.371413333397022 
   23.677041895275337   74.933036825835345 
   53.098422629651516   64.814347086603036 
   128.42864008190384   26.880852392449121 
   12.845444251076803   80.874111378940015 
   146.41727217222441   19.487207798214936 
   89.979305051104419   48.809109268533334 
   157.64165202238885   15.472830648818732 
   120.45076972177594   35.879543592509741 
   102.19992644886575   46.885499762852696 
   140.26392423428959   30.046235199729288 
   36.212572916323083   78.881373454145802 
   73.273118252889162   61.650296933288047 
   183.78935847838954   5.2630640653419656 
   1.2499203075547181   98.560997435045053 
   85.626205308499394   60.789660677259732 
   12.992976983217128   93.469528233453246 
   64.675238487352146   70.523836342009574 
   167.32504225779016   23.824943859383453 
   177.94328847911112   17.191773801987573 
   128.01406718462897   45.632956404261328 
   109.89761663377209   55.926364930701375 
    140.0598013357417   42.263819968456133 
   196.98082525468027   8.2841547482343536 
   44.263596859496495      89.810817310009 
   122.33174222102272    55.96999552884499 
   23.839673907270708   101.25504373354839 
   93.940058878461443   70.382680133788526 
   67.722680407732838   82.076891247890885 
   186.89486665019029    25.05988200222129 
   105.66675704370995   67.098909161023712 
   168.40678227908259   38.040673870175929 
   197.70778049744712   20.394776830201771 
   57.999793821260418   90.410544350557387 
   148.81820350322752   50.343470848996304 
   37.976855681318014   101.44235284203506 
   6.8135602618324658   116.91959517754096 
   18.431721688103213   112.40591305837877 
   161.19471726011253   48.316456163162925 
    126.3855439008067   67.583684668705544 
   92.184495274855607   82.961538776424561 
   80.175906593307047   87.601114386119235 
   188.22140932058718   36.669435972423436 
   115.83918158287354   73.699825299015473 
   179.69480631421683    44.39991301608714 
   146.63496872840449   62.366583960818197 
   4.3739699251577955   128.90675143143301 
   205.30380039130978   30.178071888342537 
    65.26282469273643   100.73973083689505 
   23.651482816131207   122.88637786882965 
   46.735520039758363   111.91042585062969 
   138.04222820679817   71.158230134473584 
   216.66707863078611   28.193321272990701 
    166.7216319162824   59.991283823412928 
   78.468051282068416   99.902840881744197 
   199.59622715701329   40.956243725287415 
   15.458016356081135   131.87977366991134 
   59.320242916492496   111.15352260564102 
   103.16289628850151   89.770607117924953 
   115.08018160244015   85.116249436627726 
   157.46756506774898   67.677073865114167 
   186.46339391138514   55.667258629863134 
    34.06626401583997   127.92443338977174 
   45.236534199313731   124.57989821515329 
   178.41900031543443   65.055730872261464 
    144.4553200596454   82.466564390544292 
   199.90944632188911   53.422893899423357 
   223.77971904248594   38.772607308689082 
   106.42103519472241   101.81421057494974 
    2.756861285262433    149.0139117724423 
   156.96357589940914    79.72360568575192 
      125.44431744683   92.648088628990052 
   87.019974743385376   110.46219348585215 
   67.199272899190916    120.5907388500332 
   20.289869832027442   142.25804805164532 
   31.483630356422402   139.32079134098962 
   119.05363112490357   102.64277522417801 
   79.620078670778554   120.20545351736773 
    138.4728215473541   93.350354344383931 
    52.45565035703418   134.89719285273313 
   100.83565986305706    112.5307980544968 
   179.71326600665668   77.750456807951664 
   14.397799097222908   152.28726351050753 
   222.52319194633381   51.640266270399906 
   168.38817320788192   84.545487346708015 
   211.85068714963916   59.756076385168896 
   63.935826893130475   132.32409789311211 
   37.902920845017725   148.24643261578032 
   49.629350687593011   147.14161022784592 
   123.87030888782694   113.45419916658177 
   83.029545305742303   132.06896695583586 
     145.400689407459   104.57392279954237 
   113.30775316455556     120.606910662765 
   72.873375997973227   140.22917637117482 
    190.0363341557528   85.762417998848804 
   32.417178259304393   158.73759440674723 
   21.440978972409962   162.68485156784482 
   169.88600107429315   96.677507978991429 
   214.05215069985536   73.035149771820969 
   159.56551883637675   105.58872438430808 
   136.82216563286764   114.73043843467924 
   9.7710186168853852    177.6341699764283 
   204.77776641416429   84.306612980085674 
   93.211395026784459    138.2740479877119 
    183.2500059069169   97.388462008358502 
   51.237912476303002   159.24270763967218 
   237.17809488526257   67.547906473948345 
   21.443750125867869   175.20924601309616 
   227.07052232424215   75.412537523738564 
   116.56788353651187   132.41554210629175 
   40.962682113502794    166.3148625918279 
   75.693943126919976   152.87373127800257 
   106.04416063391528   139.40630868755159 
   139.23578649589925   126.93586973299158 
    87.72956237994012   149.95709132478768 
   165.54656789736481   116.93790124050155 
   129.58928055538581   135.25606866184069 
   58.980360339672231   167.58149004731416 
   211.79083037024367   95.276337402078454 
   186.98321540243469   108.96859719656057 
   70.675384325925791   165.35662845390871 
   40.996730069835458    178.4565233820899 
   30.304703991861334   184.95985497918733 
   178.03053004443376   117.34876862565829 
   232.88376648014065   86.737990425224268 
   107.38518057103073   151.28635668593168 
   96.586418551563412   156.94518954270251 
   150.56018760696207   133.09033982264185 
   53.210054511161907    179.5246911771234 
   162.29673720823203   129.16178670426032 
   225.03298682594374   95.941961185127212 
   208.50353842673138   108.10093806993673 
   198.17598459992163   114.93193812399986 
   27.195092645705866   198.74722613585348 
   246.18302514856819   86.961334141941578 
    71.09886379156022   178.53222840434958 
   135.47187640879991   146.57261822701457 
    116.1421510095611   159.45807707251166 
   97.430022547823413   168.34700519235963 
   148.90025963978891   145.36380424659339 
   182.88835405797744   128.64379063134407 
   61.246254751454863   188.20655029310808 
   128.21927870051707    156.6737478427444 
   173.26406806822413   136.76029964385137 
   81.052452803126016    183.3758062900408 
   229.42292487066661    107.6405329206668 
    91.63144635205866   178.55744327640227 
   219.29258780545794   114.31648242592721 
   109.39383573207535   170.05820681307975 
   195.54147218646688   127.86523410405863 
   30.125398053048517   212.45890931639801 
   254.23701572648159   97.707466226568584 
   61.000519906944852    202.0181090572267 
   160.16718607692741   152.39510928085826 
   133.99747148622947   167.08020732352625 
   81.008670923229687   195.06283251627622 
   173.30771410828584   149.36504880278744 
   109.37167897942761   181.94755285842979 
   41.673658757119334   218.16399559489983 
     99.1794018844341   187.97691241841383 
    222.5058108586899   125.84999067684318 
   239.86300760166026   115.31347331263692 
    54.36469532827418   214.00637973685474 
   202.94027820949253   138.19407005128568 
   73.073888268583644   204.18957247807964 
   146.00997379737569   168.46119165247003 
     128.874972717905   178.21742186174589 
   157.50246892248555   164.15958778156465 
   251.65810999181085   110.64324326618816 
   92.313381377484902   198.03832272123461 
   215.60606732767619   135.83746032193278 
   119.72544644060777   185.76974281761389 
   235.36259534093568   127.51298395538937 
   185.93800878008932   157.16221422225087 
   41.924923919441852   231.16470362221449 
   198.18915136119691   150.85669562349969 
   80.057897068598777   214.38415056021404 
   147.17517236203517   180.28332143403318 
   61.445226673711232    225.1905824384024 
   91.864241124139383   210.05407431604917 
   137.50646060763265   186.24313876500298 
   164.86900715942048   174.21834761716812 
   121.34127743280237   197.48048685920605 
   224.98352541606644   144.09198217687239 
   237.56572923774669   140.80587313387656 
   74.292943105937709   225.32098406025622 
   53.816491737098673   236.15949793071371 
   208.31082781665421    158.5662575021255 
   133.39927375569803   197.28121846127331 
   186.57606861697388   170.89943027800408 
   157.89448559800704    184.1370552476487 
   114.06518407775708   207.17552348765329 
   176.18838262320205   177.54452903038629 
   103.09876199784458   213.24488860133295 
   220.47480659772262   154.77540943979233 
   158.86049933804401    195.8101121262024 
   246.51887041485256   151.30700320662754 
   140.18228659656168   206.49209866337461 
   55.955971291262586   249.36449188694704 
   82.255211667011125   235.02269375154361 
     210.476159902294   170.70516002304601 
   104.20435268043883   225.15099583596094 
   194.20909040067821   182.03739582265999 
   177.54872172815388   190.16681747568566 
   121.67006950300075   216.51098476324867 
    228.7926668986025   163.47595542450981 
   151.91876594345092   205.63559452750295 
   95.250178222610529   233.24903606850023 
   133.41993923998032   216.17055879667993 
   170.06321472946635   199.41943770021311 
   240.82675810207414   163.02109547850699 
   205.78896857774461   181.76929850413035 
   116.15687420844876   227.03139706770165 
   222.24235714618649   173.26857679467801 
   188.83842899762294   193.59043340231904 
   79.819741122454943    247.4549163613683 
   68.860016182342662   254.95941192811401 
   139.48313488409576   225.92019370851818 
   101.07993748074796   244.00951529948924 
   158.82246709095924   215.56546500859221 
   170.70090264596777   211.69442023763295 
   225.12076005247823    184.7703408730292 
   244.89506406502915   175.31782677374719 
   214.16995712640806   191.16935115473507 
   121.98356857083435    237.2675704101953 
   91.824227125276281   251.98702937033758 
   190.34719294686485   206.32439321903433 
   151.87379210383133   225.38421488560368 
   134.17573744128006   236.78647701493361 
   113.53407507121241   246.13239437062711 
   237.27709399417103   185.93743022714847 
   181.87833236696434    216.3378804124294 
   211.85281456570684   203.09399051122031 
   201.58262451321559   210.25457687025033 
   154.34589359861531   236.79135360936979 
    144.2573748505709   243.59076389797903 
   183.95556921110776    229.1848694991732 
   118.84109989696861   256.98262833919955 
   240.33105002383448    197.9907279012736 
   221.06615726495195   211.31428284052333 
   204.03325365892226   222.37084972779004 
   164.02524537631953   243.26664800601898 
   176.15486004942866   239.48608222941027 
   232.81852488182292   208.84160732883768 
   145.83023946867854   255.21497066330224 
    252.2154892784591   200.64767117641611 
   196.21588453033795   232.17284921556154 
   216.29200424421046   222.91558591215727 
   160.38418347698854   255.47628246954113 
