   58.198322217691306   60.870226021149044 
   58.198322217691306    84.02667347603456 
   90.198322217691299   60.870226021149044 
   90.198322217691299    84.02667347603456 
   74.198322217691313   40.524971287286647 
    106.1983222176913   58.059033300125947 
    106.1983222176913    81.21548075501147 
   74.198322217691313   63.681418742172148 
   58.198322217691306   107.18312093092007 
   58.198322217691306   130.33956838580559 
   90.198322217691299   107.18312093092007 
   90.198322217691299   130.33956838580559 
   74.198322217691313   86.837866197057664 
    106.1983222176913   104.37192820989698 
    106.1983222176913   127.52837566478249 
   74.198322217691313   109.99431365194317 
   58.198322217691306   153.49601584069109 
   58.198322217691306   176.65246329557658 
   90.198322217691299   153.49601584069109 
   90.198322217691299   176.65246329557658 
   74.198322217691313   133.15076110682867 
    106.1983222176913   150.68482311966798 
    106.1983222176913   173.84127057455348 
   74.198322217691313   156.30720856171416 
   58.198322217691306   199.80891075046208 
   58.198322217691306    222.9653582053476 
   90.198322217691299   199.80891075046208 
   90.198322217691299    222.9653582053476 
   74.198322217691313   179.46365601659969 
    106.1983222176913   196.99771802943897 
    106.1983222176913   220.15416548432449 
   74.198322217691313   202.62010347148518 
   58.198322217691306   14.557331111378014 
   58.198322217691306   37.713778566263528 
   90.198322217691299   14.557331111378014 
   90.198322217691299   37.713778566263528 
   74.198322217691313    225.7765509263707 
    106.1983222176913   243.31061293921002 
    106.1983222176913   34.902585845240417 
   74.198322217691313   17.368523832401099 
    122.1983222176913   60.870226021149044 
    122.1983222176913    84.02667347603456 
    154.1983222176913   60.870226021149044 
    154.1983222176913    84.02667347603456 
    138.1983222176913   40.524971287286647 
    170.1983222176913   58.059033300125947 
    170.1983222176913    81.21548075501147 
    138.1983222176913   63.681418742172148 
    122.1983222176913   107.18312093092007 
    122.1983222176913   130.33956838580559 
    154.1983222176913   107.18312093092007 
    154.1983222176913   130.33956838580559 
    138.1983222176913   86.837866197057664 
    170.1983222176913   104.37192820989698 
    170.1983222176913   127.52837566478249 
    138.1983222176913   109.99431365194317 
    122.1983222176913   153.49601584069109 
    122.1983222176913   176.65246329557658 
    154.1983222176913   153.49601584069109 
    154.1983222176913   176.65246329557658 
    138.1983222176913   133.15076110682867 
    170.1983222176913   150.68482311966798 
    170.1983222176913   173.84127057455348 
    138.1983222176913   156.30720856171416 
    122.1983222176913   199.80891075046208 
    122.1983222176913    222.9653582053476 
    154.1983222176913   199.80891075046208 
    154.1983222176913    222.9653582053476 
    138.1983222176913   179.46365601659969 
    170.1983222176913   196.99771802943897 
    170.1983222176913   220.15416548432449 
    138.1983222176913   202.62010347148518 
    122.1983222176913   14.557331111378014 
    122.1983222176913   37.713778566263528 
    154.1983222176913   14.557331111378014 
    154.1983222176913   37.713778566263528 
    138.1983222176913    225.7765509263707 
    170.1983222176913   243.31061293921002 
    170.1983222176913   34.902585845240417 
    138.1983222176913   17.368523832401099 
    186.1983222176913   60.870226021149044 
    186.1983222176913    84.02667347603456 
   218.19832221769133   60.870226021149044 
   218.19832221769133    84.02667347603456 
    202.1983222176913   40.524971287286647 
    234.1983222176913   58.059033300125947 
    234.1983222176913    81.21548075501147 
    202.1983222176913   63.681418742172148 
    186.1983222176913   107.18312093092007 
    186.1983222176913   130.33956838580559 
   218.19832221769133   107.18312093092007 
   218.19832221769133   130.33956838580559 
    202.1983222176913   86.837866197057664 
    234.1983222176913   104.37192820989698 
    234.1983222176913   127.52837566478249 
    202.1983222176913   109.99431365194317 
    186.1983222176913   153.49601584069109 
    186.1983222176913   176.65246329557658 
   218.19832221769133   153.49601584069109 
   218.19832221769133   176.65246329557658 
    202.1983222176913   133.15076110682867 
    234.1983222176913   150.68482311966798 
    234.1983222176913   173.84127057455348 
    202.1983222176913   156.30720856171416 
    186.1983222176913   199.80891075046208 
    186.1983222176913    222.9653582053476 
   218.19832221769133   199.80891075046208 
   218.19832221769133    222.9653582053476 
    202.1983222176913   179.46365601659969 
    234.1983222176913   196.99771802943897 
    234.1983222176913   220.15416548432449 
    202.1983222176913   202.62010347148518 
    186.1983222176913   14.557331111378014 
    186.1983222176913   37.713778566263528 
   218.19832221769133   14.557331111378014 
   218.19832221769133   37.713778566263528 
    202.1983222176913    225.7765509263707 
    234.1983222176913   243.31061293921002 
    234.1983222176913   34.902585845240417 
    202.1983222176913   17.368523832401099 
    250.1983222176913   60.870226021149044 
    250.1983222176913    84.02667347603456 
   26.198322217691288   60.870226021149044 
   26.198322217691288    84.02667347603456 
   10.198322217691311   40.524971287286647 
    42.19832221769127   58.059033300125947 
    42.19832221769127    81.21548075501147 
   10.198322217691311   63.681418742172148 
    250.1983222176913   107.18312093092007 
    250.1983222176913   130.33956838580559 
   26.198322217691288   107.18312093092007 
   26.198322217691288   130.33956838580559 
   10.198322217691311   86.837866197057664 
    42.19832221769127   104.37192820989698 
    42.19832221769127   127.52837566478249 
   10.198322217691311   109.99431365194317 
    250.1983222176913   153.49601584069109 
    250.1983222176913   176.65246329557658 
   26.198322217691288   153.49601584069109 
   26.198322217691288   176.65246329557658 
   10.198322217691311   133.15076110682867 
    42.19832221769127   150.68482311966798 
    42.19832221769127   173.84127057455348 
   10.198322217691311   156.30720856171416 
    250.1983222176913   199.80891075046208 
    250.1983222176913    222.9653582053476 
   26.198322217691288   199.80891075046208 
   26.198322217691288    222.9653582053476 
   10.198322217691311   179.46365601659969 
    42.19832221769127   196.99771802943897 
    42.19832221769127   220.15416548432449 
   10.198322217691311   202.62010347148518 
    250.1983222176913   14.557331111378014 
    250.1983222176913   37.713778566263528 
   26.198322217691288   14.557331111378014 
   26.198322217691288   37.713778566263528 
   10.198322217691311    225.7765509263707 
    42.19832221769127   243.31061293921002 
    42.19832221769127   34.902585845240417 
   10.198322217691311   17.368523832401099 
