   110.15857066666665                    1 
   122.86299733333333   3.6348373333333255 
   195.25621333333331   4.0805333333333387 
   182.10788266666665   2.2366506666666588 
   230.55699199999998   4.4353493333333365 
   218.52951466666667   6.9345920000000056 
    140.8226773333333    12.64748799999999 
   242.40484266666667   9.7337813333333241 
   89.193450666666678   4.9285759999999907 
   45.462165333333317   2.4120960000000045 
   101.54929066666666   10.010261333333331 
   127.98325333333332   15.153130666666661 
   19.109866666666708   7.7256319999999956 
           175.063616   14.348949333333334 
   6.6636586666667119   7.6955093333333329 
   195.93051733333331   16.101781333333339 
   218.61988266666665   18.775274666666672 
   68.879680000000036            10.540352 
   206.80386133333332   20.909461333333336 
   80.826090666666673   13.857941333333338 
   149.07936000000001   21.546645333333331 
   163.51639466666666   21.816725333333338 
   185.02602666666664   22.270698666666657 
   246.17111466666665   26.845760000000002 
   39.813525333333352    13.68155733333333 
   119.30510933333332   25.131584000000007 
           106.466368   23.009941333333337 
   26.863594666666692   17.083114666666656 
   2.0951680000000428   19.085461333333342 
   226.05983999999998   30.236053333333334 
   60.697152000000003   20.553024000000004 
           207.114048   32.060821333333323 
   144.63673599999998   33.761685333333325 
   237.34474666666665   36.040341333333345 
   48.048960000000051   22.710506666666667 
   186.96846933333333   34.227775999999992 
   80.785984000000013   25.866901333333331 
           165.101632   34.698816000000015 
   197.91801599999999   37.938154666666684 
   217.06860799999998   38.022037333333323 
   122.90165333333331   37.645546666666661 
   69.234069333333323   29.567637333333337 
   100.13412266666664   34.461333333333336 
   20.761408000000028    28.51812266666666 
   154.42634666666666   40.316223999999998 
    7.757802666666703   30.017941333333329 
   134.67662933333332   41.353877333333337 
   88.029333333333341   35.488576000000009 
   41.626602666666713   33.315050666666671 
   182.79310933333332   45.624810666666662 
   212.84375466666668   49.066048000000016 
   171.65642666666665   45.482389333333352 
   200.95733333333331   49.289792000000006 
            239.66368   50.719125333333338 
   29.279551999999999   37.194730666666665 
   115.87300266666665   47.982143999999998 
   104.04631466666666   46.461503999999998 
   69.793429333333336   41.568661333333331 
   155.51767466666666   52.205461333333339 
   190.75163733333332   55.049194666666672 
   47.910464000000047    43.21380266666668 
    81.34568533333335   46.125546666666679 
   230.61117866666666   58.955328000000009 
   136.13002666666665   53.973226666666655 
   218.84209066666665   58.551359999999995 
   166.44238933333332   56.540224000000002 
   59.324394666666713   46.808810666666673 
   249.10419199999998   61.338517333333336 
    146.7943893333333   59.368853333333327 
   28.689557333333354    49.95641599999999 
   117.62933333333334   60.627520000000004 
   190.96147199999999    66.95310933333333 
   98.474389333333335   58.082794666666665 
   40.382016000000021   52.732565333333334 
    129.0133973333333   64.030442666666659 
   213.21802666666665    68.84418133333331 
   86.123413333333374   57.812117333333326 
   232.49346133333333   71.435413333333329 
   168.95579733333332   68.609941333333339 
           244.221248   73.571050666666665 
   59.127103999999996   58.538304000000004 
   8.7027840000000349   58.965311999999997 
   201.80964266666666   72.648341333333335 
   20.923541333333347   59.770090666666661 
   180.50097066666663   73.054357333333343 
   221.88499199999998    77.50312533333333 
    47.16789333333336   62.248170666666688 
   107.35630933333331   67.769919999999999 
   148.06722133333332   71.377642666666659 
   67.237952000000007   67.331648000000015 
   159.19562666666664   76.808853333333317 
   79.953471999999991   68.793834666666655 
   136.18446933333331   74.763413333333332 
   248.43125333333333   85.645887999999985 
   4.2453973333333428   70.034325333333342 
   203.48294399999997   84.876693333333336 
   182.64693333333332    84.73282133333332 
           215.599424   87.981802666666653 
   23.697557333333346   72.879082666666662 
   45.789674666666691   74.042943999999991 
   58.248682666666689   75.984959999999987 
   108.86397866666667   81.260607999999991 
   193.39338666666666   90.987669333333329 
   85.454229333333359   80.959637333333347 
   34.398442666666689   79.498047999999983 
   12.196757333333364    78.79822933333331 
   161.59912533333332    89.27357866666668 
   133.04710399999996   86.292373333333344 
   173.39662933333332   92.293098666666666 
   242.26020266666669   98.497941333333316 
   120.46001066666665   88.648085333333313 
   219.14459733333334   99.358186666666668 
   97.603733333333338   88.190442666666669 
    62.87690666666667   86.012479999999996 
   75.195370666666676   87.912597333333323 
   230.87647999999999   103.79099733333332 
   191.09723733333334            103.07232 
   5.0599040000000057   89.063744000000014 
    153.7893333333333   99.289408000000009 
   141.06980266666667    97.30310399999999 
   178.90574933333332           103.095872 
   32.908864000000023   92.162794666666656 
   248.85629866666665   109.64921600000001 
   211.24230399999999   108.67889066666666 
   54.770581333333361   95.173866666666683 
   121.58538666666666   101.22493866666667 
   74.475584000000012   99.598826666666653 
   99.954922666666704   101.63539199999998 
   199.40494933333332   111.99630933333334 
   22.552810666666694   98.967786666666655 
   43.254335999999995            99.238208 
   9.9655466666666754   99.557951999999986 
   229.82551466666663   116.66515200000001 
   133.43989333333332           107.102784 
   62.883136000000043   103.29060266666666 
   111.23206399999999   107.27225599999998 
    159.8923733333333   110.67543466666666 
   172.54022399999997   112.60328533333335 
   217.96836266666665   118.69420800000002 
   249.08439466666667   122.79131733333334 
   80.976021333333335   109.16930133333332 
   92.322026666666687           111.857984 
   237.42350933333333   126.89977599999999 
   24.220053333333361   110.64676266666666 
   4.3873066666666691   111.31057066666666 
   199.30468266666668   124.99615999999999 
   156.69220266666665   122.73457066666667 
   43.316544000000036   111.77862400000001 
   211.50862933333332   128.87481600000001 
   177.74990933333331   124.30811733333333 
   135.56639999999999   120.52341333333334 
   113.33689599999998            119.38464 
   61.878506666666695   114.69437866666667 
    73.04121600000002   117.74751999999998 
   33.345429333333321   117.72251733333333 
   14.534805333333345   117.13431466666667 
   167.21806933333332   129.76842666666667 
   124.28627199999998   125.26137599999998 
   188.68179199999997   131.43054933333332 
   93.415317333333377   124.40258133333333 
   146.49683199999998   129.22272000000001 
   232.19701333333333           138.540864 
   51.761216000000026   120.43389866666666 
            218.99168   138.76298666666665 
   104.64398933333332   127.91430399999999 
   74.137664000000015   128.68699733333332 
   17.751701333333372   128.18591999999998 
   29.894122666666682   129.26658133333333 
   84.845461333333361   133.59340800000001 
   165.98372266666667   141.53973333333334 
   121.30719999999998   137.24021333333334 
   189.06971733333333   144.61437866666665 
   153.25992533333331   142.45288533333331 
   108.43159466666665   139.22907733333332 
   237.13107200000002   150.64096000000001 
   64.141290666666677   135.02973866666667 
   52.661994666666672   132.96006399999999 
   214.22282666666666   150.01853866666667 
   10.144234666666701   136.87114666666668 
   200.82941866666667   152.57563733333333 
            176.56224   149.12091733333332 
    35.08085333333338   140.07157333333333 
   250.62542933333333           156.750912 
   127.02239999999999   147.70489600000002 
   225.44091733333332   157.31624533333334 
   80.187968000000026   144.87754666666666 
   46.402197333333334   143.80789333333331 
   16.582720000000002   146.35099733333334 
   150.17896533333334   154.30952533333331 
    67.75327999999999   145.86459733333334 
   104.55200000000001   151.58986666666667 
   137.56977066666664   155.10184533333333 
   27.799360000000011   149.05060266666666 
    172.5497813333333   160.89794133333331 
   116.43347199999998   155.08179200000001 
   200.33457066666668   165.39483733333333 
   160.03556266666664           163.280192 
   82.723733333333342   155.97036799999998 
   9.9345706666666658   155.63671466666668 
   251.21405866666666   169.75750400000001 
   222.88390399999997   169.21154133333332 
   93.964351999999991   159.89109333333332 
    61.71193600000003   156.39660799999999 
   49.200704000000009   156.68264533333334 
   210.94056533333332   171.99264000000002 
   132.79110399999999   166.06077866666666 
   120.60968533333332   165.56209066666668 
   29.087210666666671   161.05307733333333 
    179.2797653333333   171.89006933333337 
   71.754901333333365   163.42833066666665 
   191.40819199999999   174.35611733333334 
   17.310442666666706   164.66020266666666 
   241.95487999999997   179.22028800000001 
   229.59545599999998   179.97233066666666 
   39.614015999999992   167.06805333333332 
   87.743296000000043   171.51323733333331 
   159.47176533333331   176.02190933333338 
   136.28900266666668   177.51618133333335 
            115.63936   175.85815466666671 
   171.70549333333332   181.68923733333335 
   209.50005333333331   184.20332800000003 
   12.002794666666675   174.91914666666665 
   74.373525333333333   174.96514133333338 
   148.14026666666666   181.14344533333332 
   197.10692266666666           186.420288 
   93.941568000000032   180.68469333333334 
   105.51242666666667   181.80136533333334 
   248.19069866666669   189.99763200000004 
   125.14472533333331   183.32200533333338 
   220.84725333333333   189.85563733333336 
    35.29589333333336   180.40787200000003 
   21.731562666666679   183.13307733333338 
   67.254933333333341   186.80343466666667 
   177.94728533333333   193.41198933333337 
   147.94109866666665   193.04480000000004 
   88.060138666666688   190.78406400000003 
   190.84234666666666   197.35814400000007 
   119.18086399999999    193.6074026666667 
    42.44443733333334   191.12275200000005 
   107.33941333333333    193.7328426666667 
   245.20667733333332   201.59255466666667 
    2.520042666666662   193.45849600000003 
   55.514005333333351   193.86766933333334 
   222.09038933333332   202.50007466666673 
    15.81864533333334   193.95701333333338 
   76.625045333333375   194.72066133333337 
   157.65373866666667   200.24701866666666 
   137.93627733333332   200.12866133333335 
   169.75733333333332   202.26796800000005 
    96.36256000000003   199.01326933333337 
   234.23758933333332   206.79208533333338 
   126.23639466666667   202.09440000000001 
   255.50948266666668   209.46114133333333 
   197.88191999999998   210.42583466666667 
   36.161685333333331   202.50732800000006 
   211.64447999999999   211.09066666666669 
    23.70540800000002   203.85448533333334 
   77.576085333333353   207.04142933333338 
   152.75176533333334   211.06788266666669 
   56.053824000000013   207.09373866666672 
    89.96571733333333    209.1946453333334 
   141.39850666666663            211.39488 
   171.10756266666664   214.66237866666671 
   121.78037333333332   213.04411733333339 
   238.23144533333334   218.62944000000002 
   250.77100800000002   222.07468800000001 
   5.6775466666666947   213.75494399999999 
   67.115071999999998   213.63052800000006 
   43.962688000000007   212.77873066666672 
   18.464576000000033   215.10645333333335 
   216.55532799999997   222.82818133333336 
   132.32253866666667   218.90054400000002 
           191.565888   222.64164266666666 
   160.10809599999999    219.7649706666667 
   110.63157333333332    217.8022186666667 
   179.24733866666665   223.20262400000004 
   98.099690666666689   217.57523200000003 
   228.98506666666665   225.62720000000002 
   155.10815999999997   230.35714133333337 
   253.27409066666667   235.64550400000002 
   25.459434666666706   226.10080000000005 
   133.59135999999998   230.26890666666671 
   39.213034666666708    225.2843306666667 
    69.15974400000006   226.01358933333333 
   212.36110933333333   234.42344533333338 
   93.104106666666695   228.43901866666667 
   192.60729599999999   236.10391466666667 
   174.11428266666664   234.81401600000001 
   112.54986666666667   229.68940800000001 
   231.83827199999999   237.32102400000002 
   144.18370133333332   235.39539200000004 
   81.300543999999988   230.97504000000001 
   122.89576533333333   235.26952533333341 
   163.00533333333334   239.08426666666668 
   5.1054720000000389   234.48241066666668 
   242.48753066666666   242.94414933333337 
   202.76981333333333   241.66167466666673 
   102.51509333333334   236.04375466666667 
   221.26922666666667   242.52652800000001 
   17.475306666666711           236.615488 
   182.17964799999999   243.42380800000004 
   60.834453333333336    235.5624746666667 
   47.590805333333357   236.58169600000002 
   123.27182933333333   246.74455466666672 
   80.969024000000019   243.20876800000005 
   145.19754666666665   247.44676266666673 
   157.42009599999997   250.03355733333336 
   218.01111466666669   253.92654933333336 
   239.86242133333332   255.62758400000001 
   205.32793599999999   253.99285333333336 
           102.443072   247.82188800000003 
   68.964586666666676    245.4896426666667 
    19.67400533333333   249.29653333333334 
   177.11929599999999   255.20612266666666 
   44.013376000000029   249.47223466666668 
   134.27044266666664   252.47571200000002 
   113.24234666666665   253.50133333333335 
   31.498730666666702   254.73047466666668 
   90.693184000000016           251.274304 
   8.9294293333333528   256.63801599999999 
