   32.996537873936653   15.793389370927853 
   27.003208255696499   38.160800012707533 
   63.906164315186849   24.075598814208512 
   57.912834696946689   46.443009455988204 
     80.0885677514663   25.501299883936806 
   74.095238133226118   47.868710525716473 
   47.723760878907385   22.649897744480242 
   21.009878637456328   60.528210654487211 
   15.016549019216171   82.895621296266881 
   51.919505078706521    68.81042009776786 
   45.926175460466368   91.177830739547545 
   41.730431260667217    45.01730838625992 
   68.101908514985951   70.236121167496165 
   62.108578896745797   92.603531809275822 
   35.737101642427056   67.384719028039598 
   9.0232194009760001   105.26303193804658 
   3.0298897827358302   127.63044257982624 
   39.932845842226193   113.54524138132723 
   33.939516223986026   135.91265202310689 
   29.743772024186889   89.752129669819283 
   56.115249278505644   114.97094245105551 
   50.121919660265469   137.33835309283521 
   23.750442405946732   112.11954031159895 
   27.946186605745869    158.2800626648866 
   21.952856987505697   180.64747330666628 
   17.757112787706561   134.48695095337865 
   44.128590042025301   159.70576373461483 
   38.135260423785141   182.07317437639455 
   11.763783169466405   156.85436159515831 
   15.959527369265526   203.01488394844594 
   69.899493933427024   1.7081881724288612 
   5.7704535512262209   179.22177223693799 
   32.141930805544973   204.44058501817423 
   86.081897369706454   3.1338892421571152 
   94.815790756437025   32.357808257489182 
   88.822461138196871    54.72521889926886 
   125.72541719768722   40.640017700769839 
   119.73208757944705   63.007428342549531 
   115.53634337964795   16.846905989261892 
   141.90782063396665   42.065718770498137 
    135.9144910157265   64.433129412277808 
   109.54301376140778   39.214316631041569 
   82.829131519956704   77.092629541048538 
   76.835801901716536   99.460040182828223 
   113.73875796120689   85.374838984329202 
   107.74542834296672   107.74224962610889 
   103.54968414316761   61.581727272821247 
   129.92116139748632   86.800540054057493 
   123.92783177924616   109.16795069583715 
   97.556354524927443   83.949137914600939 
   70.842472283476368   121.82745082460791 
   64.849142665236201   144.19486146638758 
   101.75209872472657   130.10966026788856 
   95.758769106486398   152.47707090966824 
   91.563024906687289   106.31654855638061 
   117.93450216100599   131.53536133761682 
   111.94117254276583   153.90277197939653 
   85.569695288447122   128.68395919816027 
   58.855813046996047   166.56227210816726 
   52.862483428755873   188.92968274994695 
    89.76543948824623   174.84448155144793 
   83.772109870006062   197.21189219322761 
   79.576365670206954   151.05136983993998 
   105.94784292452567   176.27018262117619 
   99.954513306285506   198.63759326295587 
   73.583036051966786   173.41878048171964 
   46.869153810515705   211.29709339172663 
   100.80912037467718   9.9903976157095187 
   77.778780251765895    219.5793028350073 
   131.71874681592737   18.272607058990189 
   67.589706433726619   195.78619112349935 
   93.961183688045338   221.00500390473556 
    147.9011502522068   19.698308128718445 
   61.596376815486465   218.15360176527898 
   156.63504363893739   48.922227144050495 
   150.64171402069724   71.289637785830195 
   187.54467008018759   57.204436587331166 
   181.55134046194743   79.571847229110844 
   177.35559626214831   33.411324875823205 
   203.72707351646702    58.63013765705945 
   197.73374389822686   80.997548298839135 
   171.36226664390816   55.778735517602904 
   144.64838440245708   93.657048427609851 
    138.6550547842169   116.02445906938955 
   175.55801084370725   101.93925787089053 
   169.56468122546707    124.3066685126702 
   165.36893702566795   78.146146159382567 
   191.74041427998671   103.36495894061882 
    185.7470846617465   125.73236958239849 
   159.37560740742779   100.51355680116225 
   132.66172516597672   138.39186971116925 
   126.66839554773658   160.75928035294891 
   163.57135160722692   146.67407915444988 
   157.57802198898676   169.04148979622957 
   153.38227778918764   122.88096744294194 
   179.75375504350635   148.09978022417815 
   173.76042542526619   170.46719086595786 
   147.38894817094746   145.24837808472159 
    120.6750659294964   183.12669099472859 
   114.68173631125623   205.49410163650825 
   151.58469237074661   191.40890043800925 
   145.59136275250643   213.77631107978894 
    141.3956185527073   167.61578872650131 
   167.76709580702604   192.83460150773752 
   161.77376618878586    215.2020121495172 
   135.40228893446715   189.98319936828096 
   108.68840669301608   227.86151227828796 
   162.62837325717754   26.554816502270846 
   139.59803313426627   236.14372172156862 
   193.53799969842777   34.837025945551503 
   129.40895931622697   212.35061001006068 
    155.7804365705457   237.56942279129689 
    209.7204031347072   36.262727015279772 
   123.41562969798682   234.71802065184033 
   218.45429652143775   65.486646030611823 
    212.4609669031976   87.854056672391508 
   249.36392296268792   73.768855473892486 
   243.37059334444777   96.136266115672157 
   239.17484914464865   49.975743762384539 
   233.18151952640849   72.343154404164224 
   206.46763728495742   110.22146731417118 
   200.47430766671727   132.58887795595086 
   237.37726372620759   118.50367675745184 
   231.38393410796746   140.87108739923153 
   227.18818990816834   94.710565045943909 
   253.55966716248705   119.92937782718013 
   247.56633754424689   142.29678846895979 
   221.19486028992816   117.07797568772358 
   194.48097804847711   154.95628859773055 
   188.48764843023693   177.32369923951023 
   225.39060448972728   163.23849804101121 
    219.3972748714871    185.6059086827909 
     215.201530671688   139.44538632950326 
   241.57300792600674    164.6641991107395 
   235.57967830776659   187.03160975251919 
   209.20820105344785   161.81279697128292 
   182.49431881199678   199.69110988128992 
   176.50098919375662    222.0585205230696 
   213.40394525324697   207.97331932457055 
   207.41061563500679   230.34072996635027 
   203.21487143520767   184.18020761306261 
    229.5863486895264   209.39902039429884 
   223.59301907128625    231.7664310360785 
   197.22154181696754   206.54761825484229 
   170.50765957551644   244.42593116484929 
   224.44762613967794   43.119235388832173 
   201.41728601676661   252.70814060812995 
    255.3572525809281   51.401444832112837 
   191.22821219872736     228.915028896622 
    217.5996894530461   254.13384167785821 
   185.23488258048721   251.28243953840166 
