   97.879683506729549   16.832800084991131 
   86.301459779286802   36.886871842321497 
   125.59249642783161   32.832800084991135 
   114.01427270038886    52.88687184232149 
   121.90871733421179   7.2132926390006791 
   140.85449924889417    38.39823577365123 
   129.27627552145142   58.452307530981585 
   110.33049360676902   27.267364396331047 
    74.72323605184404   56.940943599651852 
   63.145012324401286   76.995015356982222 
    102.4360489729461   72.940943599651845 
   90.857825245503363   92.995015356982208 
   98.752269879326278   47.321436153661395 
   117.69805179400866   78.506379288311948 
   106.11982806656592    98.56045104564231 
    87.17404615188353   67.375507910991757 
   51.566788596958538   97.049087114312584 
   39.988564869515784   117.10315887164293 
   79.279601518060588   113.04908711431258 
    67.70137779061784   133.10315887164293 
   75.595822424440769   87.429579668322134 
   94.541604339123154   118.61452280297267 
   82.963380611680392   138.66859456030303 
   64.017598696998022    107.4836514256525 
   28.410341142073023   137.15723062897331 
   16.832117414630268   157.21130238630366 
   56.123154063175086   153.15723062897331 
   44.544930335732325   173.21130238630369 
   52.439374969555253   127.53772318298286 
   71.385156884237659   158.72266631763338 
   59.806933156794898   178.77673807496376 
   40.861151242112513   147.59179494031321 
   5.2538936871875075   177.26537414363403 
    32.96670660828957   193.26537414363403 
   137.17072015527435   12.778728327660787 
   29.282927514669737   167.64586669764358 
   48.228709429352136   198.83080983229411 
   152.43272297633695   18.344164016320864 
   17.704703787226993   187.69993845497393 
    153.3053093489336   48.832800084991128 
   141.72708562149089   68.886871842321483 
   181.01812227003569   64.832800084991135 
   169.43989854259294   84.886871842321497 
   177.33434317641584   39.213292639000663 
   196.28012509109823   70.398235773651223 
   184.70190136365548   90.452307530981571 
    165.7561194489731   59.267364396331047 
   130.14886189404814   88.940943599651845 
   118.57063816660538   108.99501535698222 
    157.8616748151502   104.94094359965185 
   146.28345108770742   124.99501535698221 
   154.17789572153035   79.321436153661381 
   173.12367763621273   110.50637928831193 
   161.54545390876996   130.56045104564231 
    142.5996719940876   99.375507910991757 
   106.99241443916262   129.04908711431256 
   95.414190711719868   149.10315887164293 
   134.70522736026467   145.04908711431258 
   123.12700363282191   165.10315887164293 
   131.02144826664485   119.42957966832212 
   149.96723018132721   150.61452280297263 
   138.38900645388446   170.66859456030303 
   119.44322453920209   139.48365142565248 
   83.835966984277093   169.15723062897328 
    72.25774325683436   189.21130238630369 
   111.54877990537916   185.15723062897328 
   99.970556177936402   205.21130238630366 
   107.86500081175933   159.53772318298286 
   126.81078272644172   190.72266631763338 
   115.23255899899895   210.77673807496373 
   96.286777084316583   179.59179494031318 
   60.679519529391598   209.26537414363403 
   164.88353307637638   28.778728327660779 
    88.39233245049364   225.26537414363406 
   192.59634599747841   44.778728327660787 
   84.708553356873807   199.64586669764358 
   103.65433527155622   230.83080983229411 
     207.858348818541   50.344164016320846 
   73.130329629431074   219.69993845497393 
   208.73093519113772   80.832800084991135 
   197.15271146369497   100.88687184232148 
   236.44374811223975   96.832800084991135 
   224.86552438479703    116.8868718423215 
   232.75996901861993    71.21329263900067 
   251.70575093330231   102.39823577365122 
   240.12752720585956   122.45230753098157 
   221.18174529117721   91.267364396331033 
   185.57448773625219   120.94094359965183 
   173.99626400880945   140.99501535698221 
   213.28730065735425   136.94094359965183 
   201.70907692991148   156.99501535698221 
   209.60352156373443   111.32143615366139 
   228.54930347841679   142.50637928831196 
   216.97107975097404   162.56045104564228 
   198.02529783629168   131.37550791099176 
    162.4180402813667   161.04908711431256 
   150.83981655392392   181.10315887164293 
   190.13085320246873   177.04908711431258 
   178.55262947502598   197.10315887164293 
   186.44707410884894   151.42957966832211 
   205.39285602353129   182.61452280297266 
   193.81463229608855   202.66859456030301 
   174.86885038140616   171.48365142565248 
   139.26159282648118   201.15723062897331 
   127.68336909903843   221.21130238630363 
   166.97440574758321   217.15723062897328 
   155.39618202014049   237.21130238630369 
   163.29062665396341   191.53772318298283 
    182.2364085686458   222.72266631763335 
   170.65818484120305   242.77673807496376 
   151.71240292652067   211.59179494031321 
   116.10514537159567   241.26537414363403 
   220.30915891858047   60.778728327660765 
   248.02197183968252   76.778728327660772 
   140.13417919907789   231.64586669764358 
   128.55595547163517   251.69993845497393 
   252.57833730589903   132.88687184232148 
   58.588646858184752    20.88687184232149 
   85.428873406690101    6.398235773651245 
   73.850649679247354   26.452307530981596 
   241.00011357845628   152.94094359965183 
   229.42188985101353   172.99501535698218 
   47.010423130741998   40.940943599651845 
   35.432199403299236   60.995015356982208 
   62.272425951804586   46.506379288311962 
   50.694202224361838    66.56045104564231 
   253.45092367849577   163.37550791099176 
   217.84366612357076   193.04908711431258 
   206.26544239612801   213.10315887164293 
   23.853975675856496    81.04908711431257 
   12.275751948413737   101.10315887164293 
   241.87269995105299   183.42957966832211 
   39.115978496919098   86.614522802972672 
   27.537754769476322   106.66859456030305 
   230.29447622361025   203.48365142565248 
   194.68721866868529   233.15723062897328 
   183.10899494124251   253.21130238630366 
    218.7162524961675   223.53772318298283 
    15.95953104203358    126.7226663176334 
   4.3813073145908223   146.77673807496376 
   207.13802876872472   243.59179494031318 
