   107.45612767343019   13.992449952494667 
   146.45762569493922   20.245785926924668 
   130.08354467139969   36.619866950464171 
   159.75914763018167   29.571680989651725 
   143.38506660664214   45.945762013191235 
   133.15610375969675   10.919890864197608 
   91.082046649890657   30.366530976034174 
   74.707965626351154   46.740611999573694 
   113.70946364786019   52.993947974003682 
   97.335382624320673    69.36802899754322 
   116.78202273615724   27.293971887737115 
   127.01098558310265   62.319843036730752 
   110.63690455956313   78.693924060270277 
   100.40794171261771   43.668052911276639 
   58.333884602811629   63.114693023113219 
   41.959803579272126   79.488774046652722 
   80.961301600781155   85.742110021082723 
   64.587220577241652   102.11619104462223 
    84.03386068907821   60.042133934816142 
   94.262823536023632    95.06800508380978 
     77.8887425124841    111.4420861073493 
   67.659779665538707   76.416214958355653 
   25.585722555732616   95.862855070192239 
   9.2116415321930951   112.23693609373176 
   48.213139553702135   118.49027206816176 
   31.839058530162617   134.86435309170128 
   51.285698641999183    92.79029598189517 
   61.514661488944604    127.8161671308888 
    45.14058046540508   144.19024815442833 
   34.911617618459687   109.16437700543469 
   15.464977506623109   151.23843411524078 
   162.83170671847873   3.8717049033851594 
   18.537536594920152   125.53845802897422 
   28.766499441865573   160.56432917796783 
   176.13322865372118   13.197599966112202 
   2.1634555713806591   141.91253905251372 
   169.08504269290876   42.873202924894187 
   152.71096166936923   59.247283948433697 
   191.71245969087826   65.500619922863706 
   175.33837866733876   81.874700946403223 
   194.78501877917532   39.800643836597132 
   205.01398162612071   74.826514985590762 
   188.63990060258121    91.20059600913028 
   178.41093775563581   56.174724860136649 
   136.33688064582969   75.621364971973222 
   119.96279962229019   91.995445995512725 
   158.96429764379923   98.248781969942726 
   142.59021662025972   114.62286299348224 
   162.03685673209631   72.548805883676167 
   172.26581957904168    107.5746770326698 
   155.89173855550217    123.9487580562093 
   145.66277570855675   88.922886907215684 
   103.58871859875069   108.36952701905224 
   87.214637575211185   124.74360804259176 
   126.21613559672021   130.99694401702178 
    109.8420545731807   147.37102504056128 
   129.28869468501728   105.29696793075519 
   139.51765753196267   140.32283907974883 
   123.14357650842314   156.69692010328833 
   112.91461366147776   121.67104895429469 
   70.840556551671654   141.11768906613128 
   54.466475528132136   157.49177008967078 
   93.467973549641187   163.74510606410081 
   77.093892526101669   180.11918708764031 
   96.540532637938242   138.04512997783422 
   106.76949548488365   173.07100112682784 
   90.395414461344117   189.44508215036734 
   80.166451614398738   154.41921100137372 
   38.092394504592633   173.86585111321031 
   185.45912371644826    26.49912190135468 
   60.719811502562152   196.49326811117982 
   208.08654071441777   49.126538899324203 
   63.792370590859207   170.79329202491326 
   74.021333437804614   205.81916317390687 
   221.38806264966021   58.452433962051245 
   47.418289567319704   187.16737304845276 
    214.3398766888478    88.12803692083321 
   197.96579566530826   104.50211794437274 
    236.9672936868173   110.75545391880276 
   220.59321266327782   127.12953494234226 
   240.03985277511435    85.05547783253617 
   250.26881562205975   120.08134898152981 
   233.89473459852024   136.45543000506933 
   223.66577175157485    101.4295588560757 
   181.59171464176879   120.87619896791225 
   165.21763361822923   137.25027999145178 
   204.21913163973829   143.50361596588178 
   187.84505061619876   159.87769698942131 
   207.29169072803535    117.8036398796152 
   217.52065357498074   152.82951102860883 
   201.14657255144124   169.20359205214834 
   190.91760970449585   134.17772090315472 
   148.84355259468973   153.62436101499128 
   132.46947157115022   169.99844203853078 
   171.47096959265926   176.25177801296081 
   155.09688856911976   192.62585903650032 
   174.54352868095629   150.55180192669422 
   184.77249152790171   185.57767307568787 
   168.39841050436218   201.95175409922737 
   158.16944765741681   166.92588295023376 
   116.09539054761071   186.37252306207031 
   99.721309524071188   202.74660408560982 
   138.72280754558022   208.99994006003982 
   122.34872652204072   225.37402108357935 
   141.79536663387728   183.29996397377326 
    152.0243294808227   218.32583512276688 
   135.65024845728317   234.69991614630641 
   125.42128561033779   199.67404499731276 
   83.347228500531671   219.12068510914932 
   230.71395771238727   71.753955897293707 
    105.9746454985012   241.74810210711891 
   253.34137471035683    94.38137289526324 
   109.04720458679824   216.04812602085229 
   119.27616743374367   251.07399716984591 
   92.673123563258741   232.42220704439183 
   243.22062966124733   149.75695194031178 
    226.8465486377078   166.13103296385131 
   210.47246761416829   182.50511398739081 
   249.47396563567733   188.75844996182082 
   233.09988461213783   205.13253098536032 
   252.54652472397439   163.05847387555423 
   81.756151587163586   17.065009040791725 
   65.382070563624083   33.439090064331232 
   236.17244370043485   179.43255489909376 
   194.09838659062876   198.87919501093032 
   177.72430556708926   215.25327603446985 
    216.7258035885983   221.50661200889982 
   200.35172256505876   237.88069303243935 
   219.79836267689538   195.80663592263326 
   49.007989540084573   49.813171087870742 
   32.633908516545048   66.187252111410274 
   203.42428165335582   212.18071694617277 
   161.35022454354973   231.62735705800935 
   144.97614352001023   248.00143808154888 
   183.97764154151926   254.25477405597886 
   187.05020062981632    228.5547979697123 
    16.25982749300556   82.561333134949763 
   170.67611960627681   244.92887899325177 
