   126.96064857491014   7.8516090781185399 
   106.90657681757978   19.429832805561297 
   142.96064857491015   35.564421999220571 
   122.90657681757979   47.142645726663325 
    152.5801560209006   11.535388171738326 
   153.39521288625005   48.015232099260025 
    133.3411411289197   59.593455826702787 
   132.52608426357023   23.113611899181084 
   86.852505060249428   31.008056533004041 
   66.798433302919065   42.586280260446813 
   102.85250506024943   58.720869454106072 
   82.798433302919065   70.299093181548841 
   112.47201250623988   34.691835626623842 
   113.28706937158933   71.171679554145541 
   93.232997614258963   82.749903281588303 
   92.417940748909501   46.270059354066596 
   46.744361545588681   54.164503987889574 
    26.69028978825834   65.742727715332336 
   62.744361545588689   81.877316908991617 
   42.690289788258347   93.455540636434364 
   72.363868991579167   57.848283081509358 
   73.178925856928629    94.32812700903105 
   53.124854099598238   105.90635073647383 
   52.309797234248798   69.426506808952126 
   6.6362180309280037   77.320951442775069 
    22.63621803092801   105.03376436387711 
   2.5821462735976155   116.61198809131987 
   32.255725476918464   81.004730536394874 
   33.070782342267897   117.48457446391656 
    13.01671058493756   129.06279819135932 
    12.20165371958811   92.582954263837621 
   183.06879208957088    12.40797454433504 
   163.01472033224047   23.986198271777813 
   193.50335640091077   24.858784644374513 
   173.44928464358043   36.437008371817257 
   158.96064857491015   63.277234920322599 
   138.90657681757978    74.85545864776536 
   174.96064857491015   90.990047841424641 
   154.90657681757978   102.56827156886739 
    184.5801560209006   66.961014013942417 
   185.39521288625005   103.44085794146409 
   165.34114112891967   115.01908166890685 
   164.52608426357025   78.539237741385193 
   118.85250506024944   86.433682375208122 
   98.798433302919079   98.011906102650869 
   134.85250506024946   114.14649529631015 
   114.79843330291908   125.72471902375291 
   144.47201250623988   90.117461468827926 
   145.28706937158933   126.59730539634961 
   125.23299761425896   138.17552912379236 
   124.41794074890952    101.6956851962707 
   78.744361545588689   109.59012983009364 
   58.690289788258355   121.16835355753639 
   94.744361545588703   137.30294275119567 
   74.690289788258355   148.88116647863842 
   104.36386899157917   113.27390892371345 
   105.17892585692863   149.75375285123511 
   85.124854099598252   161.33197657867788 
   84.309797234248819   124.85213265115621 
   38.636218030928021   132.74657728497914 
   18.582146273597623   144.32480101242191 
   54.636218030928028   160.45939020608117 
    34.58214627359763   172.03761393352394 
   64.255725476918457   136.43035637859896 
   65.070782342267904   172.91020030612063 
   45.016710584937556   184.48842403356338 
   44.201653719588123   148.00858010604171 
   199.06879208957088   40.120787465437083 
   179.01472033224047   51.699011192879858 
   215.06879208957088   67.833600386539118 
    195.0147203322405   79.411824113981893 
   24.147581962257743   159.58680383348448 
   225.50335640091077   80.284410486578565 
   205.44928464358046   91.862634214021313 
   204.63422777823098   55.382790286499642 
   190.96064857491012   118.70286076252665 
    170.9065768175798   130.28108448996943 
   206.96064857491018   146.41567368362871 
    186.9065768175798   157.99389741107149 
    216.5801560209006   122.38663985614647 
   217.39521288625008   158.86648378366817 
    197.3411411289197   170.44470751111092 
   196.52608426357025   133.96486358358922 
   150.85250506024943   141.85930821741218 
   130.79843330291905   153.43753194485492 
   166.85250506024943   169.57212113851423 
   146.79843330291911   181.15034486595695 
   176.47201250623988     145.543087311032 
   177.28706937158933   182.02293123855367 
   157.23299761425898   193.60115496599641 
   156.41794074890953   157.12131103847474 
   110.74436154558869    165.0157556722977 
   90.690289788258355   176.59397939974045 
    126.7443615455887   192.72856859339973 
   106.69028978825837    204.3067923208425 
   136.36386899157918   168.69953476591752 
   137.17892585692863   205.17937869343916 
   117.12485409959825   216.75760242088194 
    116.3097972342488   180.27775849336027 
   70.636218030928021    188.1722031271832 
   50.582146273597623   199.75042685462597 
   86.636218030928021   215.88501604828522 
    66.58214627359763     227.463239775728 
   96.255725476918457   191.85598222080299 
   97.070782342267918   228.33582614832468 
   77.016710584937556   239.91404987576746 
   76.201653719588123   203.43420594824576 
   231.06879208957088   95.546413307641131 
    211.0147203322405   107.12463703508391 
   247.06879208957091   123.25922622874319 
    227.0147203322405   134.83744995618596 
   56.147581962257746   215.01242967568854 
   237.44928464358043    147.2882600562254 
   236.63422777823101    110.8084161287037 
   222.96064857491015   174.12848660473074 
    202.9065768175798   185.70671033217349 
   238.96064857491015   201.84129952583277 
   218.90657681757978   213.41952325327551 
   248.58015602090063   177.81226569835053 
   101.34114112891969   4.1678299844987254 
   228.52608426357025   189.39048942579331 
   182.85250506024943   197.28493405961626 
   162.79843330291908   208.86315778705904 
   198.85250506024946   224.99774698071826 
   178.79843330291908   236.57597070816104 
   208.47201250623988   200.96871315323605 
   81.287069371589325   15.746053711941483 
    61.23299761425897   27.324277439384243 
   188.41794074890956    212.5469368806788 
    142.7443615455887   220.44138151450176 
   122.69028978825835    232.0196052419445 
   158.74436154558867   248.15419443560381 
   168.36386899157918   224.12516060812158 
   41.178925856928629   38.902501166826987 
   21.124854099598235   50.480724894269756 
    148.3097972342488   235.70338433556435 
   102.63621803092802   243.59782896938728 
   82.582146273597644   255.17605269683006 
   128.25572547691849   247.28160806300707 
    1.070782342267897   62.058948621712517 
   243.01472033224047   162.55026287728799 
