   165.92162702990609   37.936126721527465 
   143.55421638812641   43.929456339767619 
   174.20383647318675   68.845753162777626 
   151.83642583140707    74.83908278101778 
   189.71473874141404   48.125200539566741 
   181.06034484673916   83.572976167748379 
   158.69293420495947   89.566305785988547 
   167.34732809963438   54.118530157806894 
   121.18680574634675   49.922785958007786 
   98.819395104567064   55.916115576247947 
   129.46901518962741   80.832412399257947 
   107.10160454784773   86.825742017498129 
    144.9799174578547   60.111859776047062 
   136.32552356317979     95.5596354042287 
   113.95811292140012   101.55296502246885 
   122.61250681607501   66.105189394287237 
   76.451984462787365   61.909445194488114 
   54.084573821007716   67.902774812728268 
   84.734193906068015   92.819071635738297 
   62.366783264288372    98.81240125397845 
   100.24509617429534    72.09851901252739 
   91.590702279620459   107.54629464070901 
   69.223291637840731    113.5396242589492 
   77.877685532515656   78.091848630767544 
   31.717163179228052   73.896104430968435 
   9.3497525374483441   79.889434049208617 
   39.999372622508709    104.8057308722186 
   17.631961980729002   110.79906049045877 
      55.510274890736   84.085178249007711 
   46.855880996061082   119.53295387718936 
   24.488470354281432   125.52628349542951 
    33.14286424895635   90.078507867247865 
   210.65644831346546   25.949467485047123 
   188.28903767168578    31.94279710328729 
   218.93865775674612   56.859093926297298 
   196.57124711496641   62.852423544537473 
   10.775453607176626   96.071837485488047 
    225.7951661302985   71.586316931268044 
   203.42775548851887   77.579646549508197 
   212.08214938319378   42.131870921326552 
   182.48604591646742   99.755379604027823 
   160.11863527468776   105.74870922226799 
   190.76825535974811   130.66500604527798 
   168.40084471796843   136.65833566351816 
   206.27915762797539   109.94445342206713 
   197.62476373330048   145.39222905024874 
    175.2573530915208    151.3855586684889 
   183.91174698619571   115.93778304030728 
   137.75122463290811   111.74203884050816 
   115.38381399112841   117.73536845874831 
   146.03343407618874   142.65166528175831 
   123.66602343440906   148.64499489999849 
   161.54433634441602   121.93111265854745 
   152.88994244974111   157.37888828672908 
   130.52253180796143   163.37221790496923 
   139.17692570263634    127.9244422767876 
   93.016403349348693   123.72869807698849 
    70.64899270756905   129.72202769522863 
   101.29861279262937   154.63832451823868 
     78.9312021508497   160.63165413647883 
   116.80951506085668   133.91777189502778 
   108.15512116618179   169.36554752320939 
   85.787710524402073    175.3588771414496 
   94.442104419076983   139.91110151326794 
   48.281582065789379   135.71535731346881 
   25.914171424009673   141.70868693170897 
   56.563791509070036   166.62498375471898 
    34.19638086729033   172.61831337295916 
   72.074693777297327   145.90443113150809 
   63.420299882622409   181.35220675968972 
   41.052889240842745    187.3455363779299 
   49.707283135517677   151.89776074974824 
   227.22086720002682   87.768720367547488 
    204.8534565582471   93.762049985787669 
   235.50307664330745   118.67834680879766 
   213.13566600152777   124.67167642703784 
   27.339872493737971   157.89109036798843 
   242.35958501685982   133.40556981376841 
    219.9921743750802   139.39889943200856 
   228.64656826975511   103.95112380382695 
   199.05046480302877    161.5746324865282 
   176.68305416124906   167.56796210476836 
   207.33267424630941    192.4842589277784 
   184.96526360452975   198.47758854601855 
   222.84357651453672   171.76370630456748 
   214.18918261986178   207.21148193274911 
   191.82177197808213   213.20481155098929 
   200.47616587275704   177.75703592280763 
    154.3156435194694   173.56129172300851 
   131.94823287768972   179.55462134124869 
    162.5978529627501   204.47091816425873 
   140.23044232097041   210.46424778249886 
   178.10875523097735   183.75036554104781 
   169.45436133630244   219.19814116922947 
   147.08695069452278    225.1914707874696 
   155.74134458919767   189.74369515928797 
   109.58082223591002   185.54795095948887 
   87.213411594130363   191.54128057772903 
    117.8630316791907   216.45757740073904 
   95.495621037411041   222.45090701897922 
   133.37393394741801   195.73702477752815 
   124.71954005274311   231.18480040570978 
   102.35212941096339   237.17813002394993 
   111.00652330563832   201.73035439576833 
   64.846000952350707   197.53461019596921 
   42.478590310571001   203.52793981420936 
   73.128210395631385   228.44423663721938 
   50.760799753851657   234.43756625545956 
   88.639112663858668   207.72368401400848 
   79.984718769183743   243.17145964219009 
    57.61730812740408    249.1647892604303 
   66.271702022079012   213.71701363224864 
   243.78528608658814   149.58797325004787 
   221.41787544480843   155.58130286828805 
   252.06749552986881   180.49759969129806 
   229.70008488808909   186.49092930953825 
   43.904291380299284   219.71034325048882 
   236.55659326164152   201.21815231450896 
   245.21098715631643   165.77037668632732 
   215.61488368959007    223.3938853690286 
   193.24747304781042   229.38721498726872 
   157.63941758662543   7.0265002802772552 
   135.27200694484574   13.019829898517411 
   164.49592596017783   21.753723285247972 
   142.12851531839814   27.747052903488143 
   170.88006240603076    235.3805446055089 
   148.51265176425105   241.37387422374906 
   112.90459630306609   19.013159516757582 
   90.537185661286401   25.006489134997739 
   119.76110467661844   33.740382521728314 
   97.393694034838774   39.733712139968468 
   106.04808792951368    4.285936511786864 
   126.14524112247135   247.36720384198921 
   103.77783048069169   253.36053346022939 
   68.169775019506702   30.999818753237907 
   45.802364377727045   36.993148371478064 
   83.680677287734028   10.279266130027034 
   75.026283393059103   45.727041758208628 
   52.658872751279404   51.720371376448796 
   61.313266645954329   16.272595748267193 
   23.434953735947378   42.986477989718239 
   1.0675430941676725   48.979807607958406 
   38.945856004174679   22.265925366507361 
   30.291462109499754   57.713700994688956 
   7.9240514677200906   63.707030612929124 
   16.578445362395019   28.259254984747518 
   237.98229433136973   217.40055575078841 
   180.00682822840508   1.0331706620370844 
   209.23074724373717   9.7670640487676454 
   186.86333660195751   15.760393667007802 
