   201.61814280799587   12.606081508034396 
   178.46169535311034   12.606081508034396 
   201.61814280799587     44.6060815080344 
   178.46169535311034     44.6060815080344 
   221.96339754185826   28.606081508034389 
   204.42933552901894   60.606081508034393 
   181.27288807413342   60.606081508034393 
   198.80695008697273   28.606081508034389 
   155.30524789822482   12.606081508034396 
    132.1488004433393   12.606081508034396 
   155.30524789822482     44.6060815080344 
    132.1488004433393     44.6060815080344 
   175.65050263208724   28.606081508034389 
   158.11644061924792   60.606081508034393 
   134.95999316436243   60.606081508034393 
   152.49405517720172   28.606081508034389 
   108.99235298845379   12.606081508034396 
   85.835905533568308   12.606081508034396 
   108.99235298845379     44.6060815080344 
   85.835905533568308     44.6060815080344 
   129.33760772231622   28.606081508034389 
   111.80354570947694   60.606081508034393 
   88.647098254591398   60.606081508034393 
   106.18116026743071   28.606081508034389 
   62.679458078682821   12.606081508034396 
   39.523010623797276   12.606081508034396 
   62.679458078682821     44.6060815080344 
   39.523010623797276     44.6060815080344 
   83.024712812545218   28.606081508034389 
   65.490650799705904   60.606081508034393 
   42.334203344820416   60.606081508034393 
    59.86826535765973   28.606081508034389 
   16.366563168911785   12.606081508034396 
   224.77459026288133   12.606081508034396 
   16.366563168911785     44.6060815080344 
   224.77459026288133     44.6060815080344 
   36.711817902774186   28.606081508034389 
   19.177755889934872   60.606081508034393 
   227.58578298390449   60.606081508034393 
     13.5553704478887   28.606081508034389 
   201.61814280799587   76.606081508034379 
   178.46169535311034   76.606081508034393 
   201.61814280799587   108.60608150803439 
   178.46169535311034   108.60608150803439 
   221.96339754185826   92.606081508034393 
   204.42933552901894   124.60608150803439 
   181.27288807413345   124.60608150803439 
   198.80695008697273   92.606081508034393 
   155.30524789822482   76.606081508034393 
    132.1488004433393   76.606081508034393 
   155.30524789822482   108.60608150803439 
    132.1488004433393   108.60608150803439 
   175.65050263208724   92.606081508034407 
   158.11644061924792   124.60608150803439 
   134.95999316436243   124.60608150803439 
   152.49405517720172   92.606081508034407 
   108.99235298845379   76.606081508034393 
   85.835905533568308   76.606081508034393 
   108.99235298845379   108.60608150803439 
   85.835905533568308   108.60608150803439 
   129.33760772231622   92.606081508034407 
   111.80354570947694   124.60608150803439 
   88.647098254591398   124.60608150803439 
   106.18116026743071   92.606081508034407 
   62.679458078682821   76.606081508034407 
   39.523010623797276   76.606081508034407 
   62.679458078682821   108.60608150803439 
   39.523010623797276   108.60608150803439 
   83.024712812545218   92.606081508034407 
   65.490650799705904   124.60608150803439 
   42.334203344820416   124.60608150803439 
    59.86826535765973   92.606081508034421 
   16.366563168911785   76.606081508034407 
   224.77459026288133   76.606081508034379 
   16.366563168911785   108.60608150803439 
   224.77459026288133   108.60608150803439 
   36.711817902774186   92.606081508034421 
   19.177755889934872   124.60608150803439 
   227.58578298390449   124.60608150803439 
     13.5553704478887   92.606081508034421 
   201.61814280799587   140.60608150803438 
   178.46169535311034   140.60608150803438 
   201.61814280799587   172.60608150803441 
   178.46169535311034   172.60608150803441 
   221.96339754185826   156.60608150803438 
   204.42933552901894   188.60608150803438 
   181.27288807413345   188.60608150803438 
   198.80695008697273   156.60608150803438 
   155.30524789822482   140.60608150803438 
   132.14880044333933   140.60608150803438 
   155.30524789822485   172.60608150803441 
   132.14880044333933   172.60608150803441 
   175.65050263208724   156.60608150803438 
   158.11644061924795   188.60608150803438 
   134.95999316436243   188.60608150803438 
   152.49405517720174   156.60608150803438 
   108.99235298845379   140.60608150803438 
   85.835905533568308   140.60608150803438 
   108.99235298845379   172.60608150803441 
   85.835905533568308   172.60608150803441 
   129.33760772231622   156.60608150803438 
   111.80354570947694   188.60608150803438 
   88.647098254591398   188.60608150803438 
   106.18116026743071   156.60608150803438 
   62.679458078682821   140.60608150803438 
   39.523010623797276   140.60608150803438 
   62.679458078682821   172.60608150803441 
   39.523010623797276   172.60608150803441 
   83.024712812545218   156.60608150803438 
   65.490650799705918   188.60608150803438 
   42.334203344820416   188.60608150803438 
    59.86826535765973   156.60608150803438 
   16.366563168911785   140.60608150803438 
   224.77459026288133   140.60608150803438 
   16.366563168911785   172.60608150803441 
   224.77459026288133   172.60608150803441 
   36.711817902774186   156.60608150803438 
   19.177755889934872   188.60608150803438 
   227.58578298390449   188.60608150803438 
     13.5553704478887   156.60608150803438 
   201.61814280799587   204.60608150803438 
   178.46169535311034   204.60608150803438 
   201.61814280799587   236.60608150803438 
   178.46169535311034   236.60608150803438 
   221.96339754185826   220.60608150803438 
   204.42933552901894   252.60608150803438 
   181.27288807413345   252.60608150803438 
   198.80695008697273   220.60608150803438 
   155.30524789822485   204.60608150803438 
   132.14880044333933   204.60608150803438 
   155.30524789822485   236.60608150803438 
   132.14880044333933   236.60608150803438 
   175.65050263208727   220.60608150803438 
   158.11644061924795   252.60608150803438 
   134.95999316436243   252.60608150803438 
   152.49405517720174   220.60608150803438 
   108.99235298845379   204.60608150803438 
   85.835905533568308   204.60608150803438 
   108.99235298845379   236.60608150803438 
   85.835905533568308   236.60608150803438 
   129.33760772231622   220.60608150803438 
   111.80354570947694   252.60608150803438 
   88.647098254591398   252.60608150803438 
   106.18116026743071   220.60608150803438 
   62.679458078682821   204.60608150803438 
   39.523010623797276   204.60608150803438 
   62.679458078682821   236.60608150803438 
   39.523010623797276   236.60608150803438 
   83.024712812545218   220.60608150803438 
   65.490650799705918   252.60608150803438 
    42.33420334482043   252.60608150803438 
    59.86826535765973   220.60608150803438 
   16.366563168911785   204.60608150803438 
   224.77459026288133   204.60608150803438 
   16.366563168911785   236.60608150803438 
   224.77459026288133   236.60608150803438 
   36.711817902774186   220.60608150803438 
   19.177755889934886   252.60608150803438 
   227.58578298390449   252.60608150803438 
     13.5553704478887   220.60608150803438 
