   13.984175445721052   25.047916116106901 
   13.984175445721052   49.428868497059284 
    24.54123099008266   31.143154211344992 
    24.54123099008266   43.333630401821189 
   13.984175445721052   61.619344687535467 
   13.984175445721052   86.000297068487853 
    24.54123099008266   67.714582782773576 
    24.54123099008266   79.905058973249766 
   13.984175445721052   98.190773258964043 
   13.984175445721052   122.57172563991642 
    24.54123099008266   104.28601135420213 
    24.54123099008266   116.47648754467833 
   13.984175445721052    134.7622018303926 
   13.984175445721052   159.14315421134498 
    24.54123099008266   140.85743992563067 
    24.54123099008266    153.0479161161069 
   13.984175445721052   171.33363040182118 
   13.984175445721052   195.71458278277353 
    24.54123099008266   177.42886849705926 
    24.54123099008266   189.61934468753546 
   13.984175445721052   207.90505897324974 
   13.984175445721052   232.28601135420209 
    24.54123099008266   214.00029706848781 
    24.54123099008266   226.19077325896401 
   13.984175445721052   244.47648754467832 
   13.984175445721052   12.857439925630684 
    24.54123099008266   250.57172563991639 
    24.54123099008266   6.7622018303925922 
   35.098286534444263   25.047916116106901 
   35.098286534444263   49.428868497059284 
   45.655342078805873   31.143154211344992 
   45.655342078805873   43.333630401821189 
   35.098286534444263   61.619344687535467 
   35.098286534444263   86.000297068487853 
   45.655342078805873   67.714582782773576 
   45.655342078805873   79.905058973249766 
   35.098286534444263   98.190773258964043 
   35.098286534444263   122.57172563991642 
   45.655342078805873   104.28601135420213 
   45.655342078805873   116.47648754467833 
   35.098286534444263    134.7622018303926 
   35.098286534444263   159.14315421134498 
   45.655342078805873   140.85743992563067 
   45.655342078805873    153.0479161161069 
   35.098286534444263   171.33363040182118 
   35.098286534444263   195.71458278277353 
   45.655342078805873   177.42886849705926 
   45.655342078805873   189.61934468753546 
   35.098286534444263   207.90505897324974 
   35.098286534444263   232.28601135420209 
   45.655342078805873   214.00029706848781 
   45.655342078805873   226.19077325896401 
   35.098286534444263   244.47648754467832 
   35.098286534444263   12.857439925630684 
   45.655342078805873   250.57172563991639 
   45.655342078805873   6.7622018303925922 
   56.212397623167497   25.047916116106901 
   56.212397623167497   49.428868497059284 
   66.769453167529093   31.143154211344992 
   66.769453167529093   43.333630401821189 
   56.212397623167497   61.619344687535467 
   56.212397623167497   86.000297068487853 
   66.769453167529093   67.714582782773576 
   66.769453167529093   79.905058973249766 
   56.212397623167497   98.190773258964043 
   56.212397623167497   122.57172563991642 
   66.769453167529093   104.28601135420213 
   66.769453167529093   116.47648754467833 
   56.212397623167497    134.7622018303926 
   56.212397623167497   159.14315421134498 
   66.769453167529093   140.85743992563067 
   66.769453167529093    153.0479161161069 
   56.212397623167497   171.33363040182118 
   56.212397623167497   195.71458278277353 
   66.769453167529093   177.42886849705926 
   66.769453167529093   189.61934468753546 
   56.212397623167497   207.90505897324974 
   56.212397623167497   232.28601135420209 
   66.769453167529093   214.00029706848781 
   66.769453167529093   226.19077325896401 
   56.212397623167497   244.47648754467832 
   56.212397623167497   12.857439925630684 
   66.769453167529093   250.57172563991639 
   66.769453167529093   6.7622018303925922 
    77.32650871189071   25.047916116106901 
    77.32650871189071   49.428868497059284 
   87.883564256252313   31.143154211344992 
   87.883564256252313   43.333630401821189 
    77.32650871189071   61.619344687535467 
    77.32650871189071   86.000297068487853 
   87.883564256252313   67.714582782773576 
   87.883564256252313   79.905058973249766 
    77.32650871189071   98.190773258964043 
    77.32650871189071   122.57172563991642 
   87.883564256252313   104.28601135420213 
   87.883564256252313   116.47648754467833 
    77.32650871189071    134.7622018303926 
    77.32650871189071   159.14315421134498 
   87.883564256252313   140.85743992563067 
   87.883564256252313    153.0479161161069 
    77.32650871189071   171.33363040182118 
    77.32650871189071   195.71458278277353 
   87.883564256252313   177.42886849705926 
   87.883564256252313   189.61934468753546 
    77.32650871189071   207.90505897324974 
    77.32650871189071   232.28601135420209 
   87.883564256252313   214.00029706848781 
   87.883564256252313   226.19077325896401 
    77.32650871189071   244.47648754467832 
    77.32650871189071   12.857439925630684 
   87.883564256252313   250.57172563991639 
   87.883564256252313   6.7622018303925922 
   98.440619800613931   25.047916116106901 
   98.440619800613931   49.428868497059284 
   108.99767534497553   31.143154211344992 
   108.99767534497553   43.333630401821189 
   98.440619800613931   61.619344687535467 
   98.440619800613931   86.000297068487853 
   108.99767534497553   67.714582782773576 
   108.99767534497553   79.905058973249766 
   98.440619800613931   98.190773258964043 
   98.440619800613931   122.57172563991642 
   108.99767534497553   104.28601135420213 
   108.99767534497553   116.47648754467833 
   98.440619800613931    134.7622018303926 
   98.440619800613931   159.14315421134498 
   108.99767534497553   140.85743992563067 
   108.99767534497553    153.0479161161069 
   98.440619800613931   171.33363040182118 
   98.440619800613931   195.71458278277353 
   108.99767534497553   177.42886849705926 
   108.99767534497553   189.61934468753546 
   98.440619800613931   207.90505897324974 
   98.440619800613931   232.28601135420209 
   108.99767534497553   214.00029706848781 
   108.99767534497553   226.19077325896401 
   98.440619800613931   244.47648754467832 
   98.440619800613931   12.857439925630684 
   108.99767534497553   250.57172563991639 
   108.99767534497553   6.7622018303925922 
   119.55473088933714   25.047916116106901 
   119.55473088933714   49.428868497059284 
   130.11178643369874   31.143154211344992 
   130.11178643369874   43.333630401821189 
   119.55473088933714   61.619344687535467 
   119.55473088933714   86.000297068487853 
   130.11178643369874   67.714582782773576 
   130.11178643369874   79.905058973249766 
   119.55473088933714   98.190773258964043 
   119.55473088933714   122.57172563991642 
   130.11178643369874   104.28601135420213 
   130.11178643369874   116.47648754467833 
   119.55473088933714    134.7622018303926 
   119.55473088933714   159.14315421134498 
   130.11178643369874   140.85743992563067 
   130.11178643369874    153.0479161161069 
   119.55473088933714   171.33363040182118 
   119.55473088933714   195.71458278277353 
   130.11178643369874   177.42886849705926 
   130.11178643369874   189.61934468753546 
   119.55473088933714   207.90505897324974 
   119.55473088933714   232.28601135420209 
   130.11178643369874   214.00029706848781 
   130.11178643369874   226.19077325896401 
   119.55473088933714   244.47648754467832 
   119.55473088933714   12.857439925630684 
   130.11178643369874   250.57172563991639 
   130.11178643369874   6.7622018303925922 
   140.66884197806039   25.047916116106901 
   140.66884197806039   49.428868497059284 
   151.22589752242197   31.143154211344992 
   151.22589752242197   43.333630401821189 
   140.66884197806039   61.619344687535467 
   140.66884197806039   86.000297068487853 
   151.22589752242197   67.714582782773576 
   151.22589752242197   79.905058973249766 
   140.66884197806039   98.190773258964043 
   140.66884197806039   122.57172563991642 
   151.22589752242197   104.28601135420213 
   151.22589752242197   116.47648754467833 
   140.66884197806039    134.7622018303926 
   140.66884197806039   159.14315421134498 
   151.22589752242197   140.85743992563067 
   151.22589752242197    153.0479161161069 
   140.66884197806039   171.33363040182118 
   140.66884197806039   195.71458278277353 
   151.22589752242197   177.42886849705926 
   151.22589752242197   189.61934468753546 
   140.66884197806039   207.90505897324974 
   140.66884197806039   232.28601135420209 
   151.22589752242197   214.00029706848781 
   151.22589752242197   226.19077325896401 
   140.66884197806039   244.47648754467832 
   140.66884197806039   12.857439925630684 
   151.22589752242197   250.57172563991639 
   151.22589752242197   6.7622018303925922 
   161.78295306678356   25.047916116106901 
   161.78295306678356   49.428868497059284 
   172.34000861114521   31.143154211344992 
   172.34000861114521   43.333630401821189 
   161.78295306678356   61.619344687535467 
   161.78295306678356   86.000297068487853 
   172.34000861114521   67.714582782773576 
   172.34000861114521   79.905058973249766 
   161.78295306678356   98.190773258964043 
   161.78295306678356   122.57172563991642 
   172.34000861114521   104.28601135420213 
   172.34000861114521   116.47648754467833 
   161.78295306678356    134.7622018303926 
   161.78295306678356   159.14315421134498 
   172.34000861114521   140.85743992563067 
   172.34000861114521    153.0479161161069 
   161.78295306678356   171.33363040182118 
   161.78295306678356   195.71458278277353 
   172.34000861114521   177.42886849705926 
   172.34000861114521   189.61934468753546 
   161.78295306678356   207.90505897324974 
   161.78295306678356   232.28601135420209 
   172.34000861114521   214.00029706848781 
   172.34000861114521   226.19077325896401 
   161.78295306678356   244.47648754467832 
   161.78295306678356   12.857439925630684 
   172.34000861114521   250.57172563991639 
   172.34000861114521   6.7622018303925922 
   182.89706415550683   25.047916116106901 
   182.89706415550683   49.428868497059284 
   193.45411969986844   31.143154211344992 
   193.45411969986844   43.333630401821189 
   182.89706415550683   61.619344687535467 
   182.89706415550683   86.000297068487853 
   193.45411969986844   67.714582782773576 
   193.45411969986844   79.905058973249766 
   182.89706415550683   98.190773258964043 
   182.89706415550683   122.57172563991642 
   193.45411969986844   104.28601135420213 
   193.45411969986844   116.47648754467833 
   182.89706415550683    134.7622018303926 
   182.89706415550683   159.14315421134498 
   193.45411969986844   140.85743992563067 
   193.45411969986844    153.0479161161069 
   182.89706415550683   171.33363040182118 
   182.89706415550683   195.71458278277353 
   193.45411969986844   177.42886849705926 
   193.45411969986844   189.61934468753546 
   182.89706415550683   207.90505897324974 
   182.89706415550683   232.28601135420209 
   193.45411969986844   214.00029706848781 
   193.45411969986844   226.19077325896401 
   182.89706415550683   244.47648754467832 
   182.89706415550683   12.857439925630684 
   193.45411969986844   250.57172563991639 
   193.45411969986844   6.7622018303925922 
      204.01117524423   25.047916116106901 
      204.01117524423   49.428868497059284 
   214.56823078859162   31.143154211344992 
   214.56823078859162   43.333630401821189 
      204.01117524423   61.619344687535467 
      204.01117524423   86.000297068487853 
   214.56823078859162   67.714582782773576 
   214.56823078859162   79.905058973249766 
      204.01117524423   98.190773258964043 
      204.01117524423   122.57172563991642 
   214.56823078859162   104.28601135420213 
   214.56823078859162   116.47648754467833 
      204.01117524423    134.7622018303926 
      204.01117524423   159.14315421134498 
   214.56823078859162   140.85743992563067 
   214.56823078859162    153.0479161161069 
      204.01117524423   171.33363040182118 
      204.01117524423   195.71458278277353 
   214.56823078859162   177.42886849705926 
   214.56823078859162   189.61934468753546 
      204.01117524423   207.90505897324974 
      204.01117524423   232.28601135420209 
   214.56823078859162   214.00029706848781 
   214.56823078859162   226.19077325896401 
      204.01117524423   244.47648754467832 
      204.01117524423   12.857439925630684 
   214.56823078859162   250.57172563991639 
   214.56823078859162   6.7622018303925922 
   225.12528633295324   25.047916116106901 
   225.12528633295324   49.428868497059284 
   235.68234187731488   31.143154211344992 
   235.68234187731488   43.333630401821189 
   225.12528633295324   61.619344687535467 
   225.12528633295324   86.000297068487853 
   235.68234187731488   67.714582782773576 
   235.68234187731488   79.905058973249766 
   225.12528633295324   98.190773258964043 
   225.12528633295324   122.57172563991642 
   235.68234187731488   104.28601135420213 
   235.68234187731488   116.47648754467833 
   225.12528633295324    134.7622018303926 
   225.12528633295324   159.14315421134498 
   235.68234187731488   140.85743992563067 
   235.68234187731488    153.0479161161069 
   225.12528633295324   171.33363040182118 
   225.12528633295324   195.71458278277353 
   235.68234187731488   177.42886849705926 
   235.68234187731488   189.61934468753546 
   225.12528633295324   207.90505897324974 
   225.12528633295324   232.28601135420209 
   235.68234187731488   214.00029706848781 
   235.68234187731488   226.19077325896401 
   225.12528633295324   244.47648754467832 
   225.12528633295324   12.857439925630684 
   235.68234187731488   250.57172563991639 
   235.68234187731488   6.7622018303925922 
   246.23939742167644   25.047916116106901 
   246.23939742167644   49.428868497059284 
   3.4271199013594127   31.143154211344992 
   3.4271199013594127   43.333630401821189 
   246.23939742167644   61.619344687535467 
   246.23939742167644   86.000297068487853 
   3.4271199013594127   67.714582782773576 
   3.4271199013594127   79.905058973249766 
   246.23939742167644   98.190773258964043 
   246.23939742167644   122.57172563991642 
   3.4271199013594127   104.28601135420213 
   3.4271199013594127   116.47648754467833 
   246.23939742167644    134.7622018303926 
   246.23939742167644   159.14315421134498 
   3.4271199013594127   140.85743992563067 
   3.4271199013594127    153.0479161161069 
   246.23939742167644   171.33363040182118 
   246.23939742167644   195.71458278277353 
   3.4271199013594127   177.42886849705926 
   3.4271199013594127   189.61934468753546 
   246.23939742167644   207.90505897324974 
   246.23939742167644   232.28601135420209 
   3.4271199013594127   214.00029706848781 
   3.4271199013594127   226.19077325896401 
   246.23939742167644   244.47648754467832 
   246.23939742167644   12.857439925630684 
   3.4271199013594127   250.57172563991639 
   3.4271199013594127   6.7622018303925922 
