   32.766099121841997   20.985852299894152 
   47.696122832155183   6.0555756542656898 
   44.540995425191113   17.830671441408629 
    29.61097171487793   32.760948087037079 
   23.300716900949812   56.311139661322933 
   38.230740611262981   41.380863015694473 
   35.075613204298932   53.155958802837411 
   20.145589493985746   68.086235448465857 
   13.835334680057626   91.636427022751718 
   28.765358390370796   76.706150377123265 
    25.61023098340673   88.481246164266196 
    10.68020727309356   103.41152280989465 
   4.3699524591654413    126.9617143841805 
   19.299976169478612   112.03143773855206 
   16.144848762514545   123.80653352569499 
   1.2148250522013746   138.73681017132341 
   9.8345939485864271   147.35672509998082 
   6.6794665416223609   159.13182088712375 
   59.471019135504271   2.9003947957801826 
   53.160764321576153   26.450586370066045 
   68.090788031889318   11.520309724437583 
   64.935660624925248   23.295405511580523 
    50.00563691461209   38.225682157208965 
   43.695382100683972   61.775873731494819 
   58.625405810997123   46.845597085866366 
   55.470278404033074   58.620692873009304 
   40.540254693719902   73.550969518637757 
   34.229999879791784   97.101161092923604 
   49.160023590104942   82.170884447295137 
   46.004896183140872   93.945980234438096 
   31.074872472827717   108.87625688006652 
   24.764617658899599   132.42644845435237 
   39.694641369212754   117.49617180872393 
   36.539513962248691   129.27126759586685 
   21.609490251935533    144.2015442414953 
   15.299235438007415   167.75173581578113 
   30.229259148320569   152.82145917015271 
   27.074131741356503   164.59655495729564 
   12.144108031043347   179.52683160292406 
   5.8338532171152293    203.0770231772099 
   20.763876927428385   188.14674653158147 
   17.608749520464333    199.9218423187244 
   2.6787258101511626   214.85211896435288 
     11.2984947065362   223.47203389301026 
   79.865684335238427   8.3651288659520588 
   73.555429521310302    31.91532044023792 
   88.485453231623467    16.98504379460946 
   85.330325824659397   28.760139581752398 
   70.400302114346232   43.690416227380844 
   64.090047300418107   67.240607801666712 
   79.020071010731286   52.310331156038259 
   75.864943603767216   64.085426943181176 
   60.934919893454044   79.015703588809629 
   54.624665079525926   102.56589516309549 
   69.554688789839091   87.635618517467023 
   66.399561382875035   99.410714304609968 
   51.469537672561856   114.34099095023841 
   45.159282858633745   137.89118252452428 
   60.089306568946895   122.96090587889583 
   56.934179161982847   134.73600166603876 
   42.004155451669675   149.66627831166718 
   35.693900637741557   173.21646988595305 
   50.623924348054729   158.28619324032459 
   47.468796941090659    170.0612890274675 
   32.538773230777494   184.99156567309598 
   26.228518416849372   208.54175724738181 
   41.158542127162541   193.61148060175336 
   38.003414720198478   205.38657638889632 
   23.073391009885306   220.31685303452474 
   31.693159906270342   228.93676796318215 
   100.26034953497259   13.829862936123952 
   93.950094721044465   37.380054510409813 
   108.88011843135764   22.449777864781353 
   105.72499102439357   34.224873651924291 
   90.794967314080395   49.155150297552737 
    84.48471250015227   72.705341871838598 
   99.414736210465449   57.775065226210153 
   96.259608803501393   69.550161013353076 
   81.329585093188214   84.480437658981501 
   75.019330279260103   108.03062923326738 
   89.949353989573268   93.100352587638923 
   86.794226582609198   104.87544837478185 
   71.864202872296033   119.80572502041031 
   65.553948058367908   143.35591659469614 
   80.483971768681073   128.42563994906772 
   77.328844361717017   140.20073573621065 
   62.398820651403845   155.13101238183907 
   56.088565837475727   178.68120395612493 
   71.018589547788906   163.75092731049648 
   67.863462140824836   175.52602309763941 
   52.933438430511664   190.45629974326783 
   46.623183616583546    214.0064913175537 
   61.553207326896711   199.07621467192527 
   58.398079919932648   210.85131045906817 
   43.468056209619476   225.78158710469665 
   103.41547694193667   2.0547671489809991 
   52.087825106004516   234.40150203335406 
   120.65501473470674   19.294597006295845 
   114.34475992077861   42.844788580581707 
   129.27478363109179   27.914511934953246 
   126.11965622412771   39.689607722096184 
   111.18963251381456    54.61988436772463 
   104.87937769988643   78.170075942010484 
    119.8094014101996   63.239799296382039 
   116.65427400323553   75.014895083524962 
   101.72425029292238   89.945171729153415 
   95.413995478994238   113.49536330343926 
   110.34401918930742   98.565086657810809 
   107.18889178234335   110.34018244495375 
   92.258868072030168   125.27045909058218 
   85.948613258102057   148.82065066486803 
   100.87863696841522    133.8903740192396 
   97.723509561451166   145.66546980638253 
   82.793485851138001   160.59574645201096 
   76.483231037209876   184.14593802629679 
   91.413254747523041   169.21566138066837 
   88.258127340558971    180.9907571678113 
   73.328103630245806   195.92103381343972 
   67.017848816317695   219.47122538772558 
    81.94787252663086   204.54094874209713 
   78.792745119666804   216.31604452924006 
   63.862721409353618   231.24632117486854 
   123.81014214167081   7.5195012191528914 
   72.482490305738679   239.86623610352595 
    135.5850384450199   4.3643203606673691 
   141.04967993444089   24.759331076467724 
   134.73942512051278   48.309522650753586 
   149.66944883082593    33.37924600512514 
   146.51432142386184   45.154341792268077 
   131.58429771354869   60.084618437896509 
   125.27404289962058   83.634810012182371 
   140.20406660993376   68.704533366553918 
   137.04893920296968   80.479629153696862 
   122.11891549265651   95.409905799325287 
    115.8086606787284   118.96009737361115 
   130.73868438904157    104.0298207279827 
   127.58355698207751   115.80491651512563 
   112.65353327176433   130.73519316075408 
   106.34327845783622   154.28538473503994 
   121.27330216814937   139.35510808941152 
   118.11817476118532   151.13020387655442 
   103.18815105087215   166.06048052218287 
   96.877896236944025    189.6106720964687 
   111.80791994725719   174.68039545084028 
   108.65279254029313   186.45549123798321 
   93.722768829979969   201.38576788361163 
   87.412514016051844   224.93595945789747 
   102.34253772636501   210.00568281226904 
   99.187410319400954   221.78077859941197 
   84.257386609087774    236.7110552450404 
   144.20480734140494   12.984235289324769 
   92.877155505472814   245.33097017369781 
   155.97970364475407   9.8290544308392622 
   161.44434513417505   30.224065146639617 
   155.13409032024691   53.774256720925479 
   170.06411403056009   38.843980075297019 
   166.90898662359604   50.619075862439956 
   151.97896291328286   65.549352508068395 
   145.66870809935475   89.099544082354257 
    160.5987318096679   74.169267436725818 
   157.44360440270384   85.944363223868734 
   142.51358069239069   100.87463986949719 
   136.20332587846255   124.42483144378305 
   151.13334958877573   109.49455479815458 
   147.97822218181167   121.26965058529753 
   133.04819847149849   136.19992723092597 
   126.73794365757037   159.75011880521183 
   141.66796736788353   144.81984215958337 
   138.51283996091945    156.5949379467263 
   123.58281625060631   171.52521459235473 
   117.27256143667819   195.07540616664059 
   132.20258514699134   180.14512952101217 
   129.04745774002728   191.92022530815507 
   114.11743402971413   206.85050195378352 
   107.80717921578602   230.40069352806935 
   122.73720292609916    215.4704168824409 
    119.5820755191351    227.2455126695838 
   104.65205180882195   242.17578931521231 
   164.59947254113914   18.448969359496662 
   113.27182070520698   250.79570424386972 
   176.37436884448823   15.293788501011139 
   181.83901033390921    35.68879921681151 
   175.52875551998108   59.238990791097372 
   190.45877923029428   44.308714145468912 
    187.3036518233302    56.08380993261185 
   172.37362811301702   71.014086578240281 
   166.06337329908891   94.564278152526157 
   180.99339700940206    79.63400150689769 
     177.838269602438   91.409097294040635 
   162.90824589212482   106.33937393966907 
   156.59799107819669   129.88956551395492 
   171.52801478850989   114.95928886832648 
   168.37288738154584   126.73438465546941 
   153.44286367123266   141.66466130109785 
   147.13260885730452   165.21485287538371 
    162.0626325676177   150.28457622975526 
   158.90750516065364   162.05967201689819 
   143.97748145034046   176.98994866252661 
   137.66722663641235   200.54014023681245 
   152.59725034672553   185.60986359118402 
   149.44212293976148   197.38495937832695 
   134.51209922944827   212.31523602395538 
   128.20184441552016   235.86542759824124 
   143.13186812583334   220.93515095261279 
   139.97674071886931   232.71024673975572 
   125.04671700855609   247.64052338538423 
   184.99413774087327   23.913703429668555 
   133.66648590494114   256.26043831404161 
   196.76903404422239   20.758522571183047 
   202.23367553364335   41.153533286983404 
   195.92342071971524   64.703724861269251 
   210.85344443002842   49.773448215640805 
   207.69831702306433   61.548544002783743 
   192.76829331275118   76.478820648412182 
   186.45803849882304   100.02901222269803 
   201.38806220913622   85.098735577069604 
   198.23293480217217   96.873831364212521 
   183.30291109185902   111.80410800984096 
   176.99265627793088   135.35429958412681 
   191.92267998824406   120.42402293849837 
   188.76755258127997   132.19911872564131 
   173.83752887096679   147.12939537126977 
   167.52727405703868    170.6795869455556 
   182.45729776735186   155.74931029992717 
   179.30217036038781    167.5244060870701 
    164.3721466500746   182.45468273269853 
   158.06189183614651   206.00487430698436 
   172.99191554645967   191.07459766135594 
   169.83678813949561   202.84969344849887 
   154.90676442918243   217.77997009412729 
   148.59650961525429   241.33016166841313 
   163.52653332556747    226.3998850227847 
   160.37140591860344   238.17498080992763 
   145.44138220829024   253.10525745555609 
   205.38880294060741   29.378437499840448 
   217.16369924395656   26.223256641354926 
   222.62834073337751   46.618267357155275 
   216.31808591944937   70.168458931441137 
   231.24810962976258   55.238182285812691 
   228.09298222279853   67.013278072955629 
   213.16295851248535   81.943554718584068 
   206.85270369855721   105.49374629286993 
   221.78272740887039   90.563469647241476 
   218.62760000190636   102.33856543438441 
   203.69757629159315   117.26884208001285 
   197.38732147766501   140.81903365429872 
   212.31734518797822   125.88875700867025 
   209.16221778101416    137.6638527958132 
   194.23219407070096   152.59412944144162 
   187.92193925677282   176.14432101572748 
   202.85196296708602   161.21404437009906 
   199.69683556012194   172.98914015724196 
   184.76681184980879   187.91941680287042 
   178.45655703588065   211.46960837715625 
   193.38658074619383   196.53933173152782 
   190.23145333922977   208.31442751867073 
   175.30142962891657   223.24470416429918 
   168.99117481498848   246.79489573858501 
   183.92119852530163   231.86461909295659 
   180.76607111833758   243.63971488009952 
    225.7834681403416   34.843171570012323 
   237.55836444369069   31.687990711526819 
   243.02300593311165   52.083001427327169 
   236.71275111918357   75.633193001613023 
   251.64277482949672   60.702916355984577 
   248.48764742253266   72.478012143127515 
   233.55762371221948   87.408288788755939 
   227.24736889829137   110.95848036304182 
   242.17739260860452   96.028203717413376 
   239.02226520164049   107.80329950455629 
   224.09224149132729   122.73357615018473 
   217.78198667739915   146.28376772447058 
   232.71201038771235   131.35349107884215 
    229.5568829807483   143.12858686598508 
   214.62685927043509   158.05886351161351 
   208.31660445650698   181.60905508589934 
   223.24662816682016   166.67877844027092 
    220.0915007598561   178.45387422741385 
   205.16147704954292   193.38415087304227 
   198.85122223561481   216.93434244732813 
   213.78124594592796   202.00406580169968 
   210.62611853896388   213.77916158884261 
   195.69609482865076   228.70943823447104 
   189.38584001472262    252.2596298087569 
    204.3158637250358   237.32935316312847 
   201.16073631807174   249.10444895027138 
   246.17813334007573   40.307905640184217 
   253.95228891195364   92.873022858927854 
    247.6420340980255    116.4232144332137 
   244.48690669106142   128.19831022035663 
   238.17665187713334   151.74850179464249 
   253.10667558744649   136.81822514901404 
   249.95154818048243   148.59332093615694 
   235.02152447016925   163.52359758178542 
   228.71126965624117   187.07378915607126 
   243.64129336655429   172.14351251044283 
   240.48616595959024   183.91860829758576 
   225.55614224927709   198.84888494321419 
   219.24588743534895   222.39907651750002 
   234.17591114566213    207.4687998718716 
   231.02078373869807   219.24389565901453 
   216.09076002838489   234.17417230464295 
   224.71052892476996   242.79408723330036 
    221.5554015178059   254.56918302044329 
