    66.00472224072584   13.654277084926852 
   84.290257674163485   3.0969117593350539 
   78.195019578925383   13.654173824516798 
   59.909484145487738   24.211539150108582 
   47.719007955011548   45.326063280472042 
   66.004543388449207    34.76869795488026 
   59.909305293211112    45.32596002006197 
   41.623769859773461   55.883325345653759 
   29.433293669297274   76.997849476017237 
   47.718829102734929   66.440484150425419 
    41.62359100749682   76.997746215607165 
   23.338055574059165   87.555111541198968 
   11.147579383582981    108.6696356715624 
   29.433114817020634   98.112270345970629 
   23.337876721782543   108.66953241115235 
   5.0523412883448886   119.22689773674414 
   11.147400531306358   129.78405654151581 
    5.052162436068266   140.34131860669751 
   96.480555012363041   3.0968084989250002 
   84.290078821886866    24.21133262928846 
   102.57561425532451   13.653967303696662 
   96.480376160086408   24.211229368878406 
   78.194840726648764   34.768594694470188 
   66.004364536172559   55.883118824833652 
   84.289899969610218    45.32575349924187 
    78.19466187437213    55.88301556442358 
   59.909126440934472   66.440380890015376 
   47.718650250458289   87.554905020378825 
    66.00418568389594   76.997539694787022 
   59.908947588657838   87.554801759968768 
    41.62341215522018   98.112167085560571 
   29.432935964743997   119.22669121592402 
   47.718471398181649   108.66932589033223 
   41.623233302943561   119.22658795551396 
   23.337697869505906   129.78395328110574 
    11.14722167902972    150.8984774114692 
   29.432757112467375    140.3411120858774 
   23.337519017229283   150.89837415105913 
   5.0519835837916274    161.4557394766509 
   11.147042826753097   172.01289828142259 
   5.0518047315150048    182.5701603466043 
   114.76591159352405   13.653864043286609 
   102.57543540304788   34.768388173650067 
   120.86097083648554   24.211022848058271 
   114.76573274124742   34.768284913240002 
   96.480197307809789   45.325650238831798 
   84.289721117333585   66.440174369195248 
   102.57525655077124   55.882809043603473 
   96.480018455533141    66.44007110878519 
   78.194483022095497   76.997436434376993 
   66.004006831619307   98.111960564740443 
   84.289542265056966   87.554595239148654 
   78.194304169818864   98.111857304330385 
   59.908768736381212   108.66922262992217 
    47.71829254590503   129.78374676028562 
   66.003827979342674   119.22638143469383 
   59.908589884104572   129.78364349987558 
   41.623054450666935   140.34100882546733 
   29.432578260190752   161.45553295583079 
   47.718113693628389   150.89816763023899 
   41.622875598390294   161.45542969542072 
   23.337340164952661   172.01279502101252 
   11.146863974476474   193.12731915137599 
   29.432399407914112   182.56995382578418 
    23.33716131267602   193.12721589096591 
    5.051625879238367   203.68458121655772 
   120.86114968876215   3.0966019781048781 
   133.05144702696174   3.0964987176947938 
   133.05126817468508   24.210919587648217 
    120.8607919842089   45.325443718011677 
   139.14632741764655   34.768078392419874 
   133.05108932240844   45.325340457601619 
   114.76555388897081   55.882705783193408 
   102.57507769849461   76.997229913556865 
   120.86061313193227   66.439864587965076 
   114.76537503669418   76.997126653146807 
   96.479839603256522   87.554491978738582 
   84.289363412780332   108.66901610910206 
   102.57489884621799   98.111650783510257 
   96.479660750979889   108.66891284869199 
   78.194125317542245   119.22627817428379 
   66.003649127066055   140.34080230464724 
   84.289184560503699   129.78343697905544 
   78.193946465265611   140.34069904423717 
   59.908411031827967   150.89806436982897 
   47.717934841351784   172.01258850019238 
   66.003470274789422   161.45522317460063 
   59.908232179551327   172.01248523978236 
   41.622696746113689   182.56985056537414 
   29.432220555637507   203.68437469573757 
   47.717755989075144   193.12700937014577 
   41.622517893837049   203.68427143532753 
   23.336982460399398   214.24163676091931 
   139.14650626992321   13.653657522466501 
   157.43204170336085   3.0962921968746868 
   151.33680360812275   13.653554262056417 
   151.33662475584612   34.767975132009823 
   139.14614856536991    55.88249926237328 
   157.43168399880759   45.325133936781484 
   151.33644590356948    55.88239600196323 
   133.05091047013184   66.439761327555004 
   120.86043427965564   87.554285457918468 
   139.14596971309328   76.996920132326693 
   133.05073161785518    87.55418219750841 
   114.76519618441753   98.111547523100199 
   102.57471999394136   119.22607165346366 
     120.860255427379   108.66870632787186 
    114.7650173321409   119.22596839305359 
   96.479481898703241   129.78333371864539 
   84.289005708227066   150.89785784900886 
   102.57454114166471   140.34049252341705 
   96.479303046426622   150.89775458859879 
   78.193767612988964   161.45511991419056 
   66.003291422512788   182.56964404455402 
   84.288826855950433   172.01227871896225 
   78.193588760712345   182.56954078414395 
   59.908053327274708   193.12690610973573 
   47.717577136798525   214.24143024009916 
   66.003112570236155   203.68406491450739 
   59.907874474998067   214.24132697968912 
   41.622339041560416   224.79869230528092 
   157.43186285108419   24.210713066828092 
   175.71739828452186   13.653347741236294 
   169.62216018928376    24.21060980641801 
   169.62198133700713   45.325030676371433 
   157.43150514653092    66.43955480673489 
   175.71704057996857   55.882189481143094 
   169.62180248473049   66.439451546324833 
   151.33626705129282   76.996816871916607 
   139.14579086081665   98.111341002280085 
   157.43132629425429   87.553975676688296 
   151.33608819901622   98.111237741870028 
   133.05055276557854   108.66860306746179 
   120.86007657510237   129.78312719782525 
   139.14561200854001   119.22576187223348 
   133.05037391330191   129.78302393741521 
   114.76483847986428   140.34038926300698 
   102.57436228938809   161.45491339337045 
   120.85989772282574   150.89754806777867 
   114.76465962758763   161.45481013296038 
   96.479124194150003   172.01217545855218 
   84.288648003673813   193.12669958891564 
   102.57418343711146   182.56933426332384 
   96.478945341873356   193.12659632850557 
   78.193409908435726   203.68396165409735 
   66.002933717959536   224.79848578446078 
   84.288469151397194   214.24112045886903 
   78.193231056159092   224.79838252405074 
   59.907695622721427   235.35574784964254 
    175.7172194322452   34.767768611189702 
   194.00275486568287   24.210403285597902 
    187.9075167704448   34.767665350779616 
   187.90733791816814   55.882086220733036 
   175.71686172769196   76.996610351096493 
   194.00239716112961   66.439245025504704 
   187.90715906589151    76.99650709068645 
   169.62162363245386   87.553872416278224 
   157.43114744197769   108.66839654664169 
   175.71668287541533   98.111031221049899 
   169.62144478017723   108.66829328623163 
   151.33590934673958   119.22565861182341 
   139.14543315626341   140.34018274218687 
   157.43096858970105   129.78281741659507 
   151.33573049446295    140.3400794817768 
   133.05019506102531    150.8974448073686 
    120.8597188705491   172.01196893773204 
   139.14525430398677   161.45460361214026 
   133.05001620874867   172.01186567732199 
   114.76448077531101   182.56923100291377 
   102.57400458483482   203.68375513327723 
   120.85954001827248   193.12638980768546 
    114.7643019230344   203.68365187286719 
   96.478766489596737   214.24101719845896 
   84.288290299120547   235.35554132882243 
   102.57382573255821   224.79817600323062 
   96.478587637320132   235.35543806841235 
   78.193052203882445   245.91280339400416 
   194.00257601340624   45.324824155551312 
   212.28811144684391   34.767458829959509 
   206.19287335160581    45.32472089514124 
   206.19269449932915   66.439141765094632 
   194.00221830885295    87.55366589545811 
   212.28775374229065   76.996300569866321 
   206.19251564705255   87.553562635048053 
    187.9069802136149   98.110927960639827 
   175.71650402313867   119.22545209100328 
   194.00203945657637   108.66808676541152 
   187.90680136133824   119.22534883059325 
   169.62126592790059   129.78271415618502 
   157.43078973742439   150.89723828654846 
   175.71632517086206   140.33987296095668 
   169.62108707562396   150.89713502613844 
   151.33555164218632   161.45450035173019 
   139.14507545171011   182.56902448209365 
   157.43061088514779   172.01165915650188 
   151.33537278990968   182.56892122168358 
   133.04983735647204   193.12628654727538 
   120.85936116599585   214.24081067763882 
   139.14489659943351   203.68344535204704 
   133.04965850419541   214.24070741722878 
   114.76412307075775   224.79807274282055 
   102.57364688028157   245.91259687318401 
   120.85918231371922   235.35523154759221 
   114.76394421848113   245.91249361277397 
   96.478408785043456   256.46985893836575 
   212.28793259456725   55.881879699912915 
   230.57346802800492   45.324514374321119 
   224.47822993276685    55.88177643950285 
   224.47805108049016    76.99619730945625 
   212.28757489001399   98.110721439819713 
   230.57311032345166    87.55335611422791 
   224.47787222821356   98.110618179409656 
   206.19233679477588   108.66798350500143 
   194.00186060429971   129.78250763536488 
   212.28739603773735   119.22514230977312 
   206.19215794249928   129.78240437495484 
   187.90662250906161   140.33976970054664 
    175.7161463185854    161.4542938309101 
   194.00168175202307    150.8969285053183 
     187.906443656785   161.45419057050003 
    169.6209082233473   172.01155589609183 
   157.43043203287112   193.12608002645527 
    175.7159674663088    182.5687147008635 
   169.62072937107069   193.12597676604523 
   151.33519393763302   203.68334209163697 
   139.14471774715685   224.79786622200044 
   157.43025318059452   214.24050089640866 
   151.33501508535645   224.79776296159037 
   133.04947965191877   235.35512828718214 
   120.85900346144258    256.4696524175456 
   139.14453889488024   245.91228709195383 
   133.04930079964214   256.46954915713559 
   230.57328917572826   66.438935244274518 
   248.85882460916594   55.881569918682722 
   242.76358651392786   66.438831983864446 
    242.7634076616512   87.553252853817852 
   230.57293147117502    108.6677769841813 
   248.85846690461267   98.110411658589527 
   242.76322880937454   108.66767372377127 
   224.47769337593689   119.22503904936303 
   212.28721718546072    140.3395631797265 
   230.57275261889836   129.78219785413472 
   224.47751452366029   140.33945991931645 
   206.19197909022265   150.89682524490823 
   194.00150289974644   172.01134937527169 
   212.28703833318411   161.45398404967989 
   206.19180023794598   172.01124611486162 
   187.90626480450834   182.56861144045342 
   175.71578861403216   203.68313557081689 
   194.00132404746981   193.12577024522508 
   187.90608595223171   203.68303231040684 
   169.62055051879406   214.24039763599862 
   157.43007432831789   235.35492176636203 
   175.71560976175553   224.79755644077028 
   169.62037166651743   235.35481850595198 
   151.33483623307978   245.91218383154376 
   157.42989547604125   256.46934263631545 
    248.8586457568893   76.995990788636135 
   248.85828805233601   119.22483252854293 
   242.76304995709793   129.78209459372465 
   230.57257376662173   150.89661872408811 
    248.8581092000594   140.33925339849631 
    242.7628711048213   150.89651546367804 
   224.47733567138366   161.45388078926982 
   212.28685948090745   182.56840491963331 
   230.57239491434513   172.01103959404151 
   224.47715681910699   182.56830165922324 
   206.19162138566935   193.12566698481504 
   194.00114519519315   214.24019111517848 
   212.28668062863082    203.6828257895867 
   206.19144253339275   214.24008785476843 
    187.9059070999551   224.79745318036021 
    175.7154309094789   245.91197731072361 
   194.00096634291657   235.35461198513187 
   187.90572824767847   245.91187405031363 
   169.62019281424082   256.46923937590537 
   59.909662997764343    3.097118280155176 
   248.85793034778277    161.4536742684497 
    47.71918680728816   24.211642410518635 
   41.623948712050066   34.768904475700353 
   242.76269225254464   172.01093633363143 
   230.57221606206846    193.1254604639949 
   29.433472521573879   55.883428606063809 
   23.338234426335774   66.440690671245534 
   224.47697796683036   203.68272252917663 
   212.28650177635419   224.79724665954009 
   11.147758235859589   87.555214801608997 
   5.0525201406214961   98.112476866790729 
   206.19126368111608    235.3545087247218 
   194.00078749063991   256.46903285508529 
