   88.031998124873496   4.2530910401985089 
   70.792061364515774   21.493027800556238 
   91.186979499565183   16.028040795069067 
   82.567011119386322   24.648009175247925 
   62.172092984336906   30.112996180735109 
   44.932156223979177   47.352932941092838 
   65.327074359028614   41.887945935605657 
   56.707105978849739   50.507914315784525 
   36.312187843800324   55.972901321271706 
   19.072251083442577   73.212838081629457 
    39.46716921849201    67.74785107614224 
   30.847200838313139   76.367819456321143 
   10.452282703263705   81.832806461808303 
    13.60726407795541   93.607756216678851 
   4.9872956977765543   102.22772459685771 
   111.58189763461461   10.563053789581902 
   131.97681576966406   5.0980667840947502 
   123.35684738948518   13.718035164273621 
   102.96192925443576   19.183022169760775 
   85.721992494078023   36.422958930118504 
   106.11691062912746   30.957971924631348 
   97.496942248948599   39.577940304810205 
   77.102024113899148   45.042927310297358 
   59.862087353541426   62.282864070655094 
   80.257005488590877   56.817877065167934 
   71.637037108412017   65.437845445346809 
   51.242118973362572   70.902832450833955 
   34.002182213004829   88.142769211191705 
   54.397100348054288   82.677782205704517 
   45.777131967875405   91.297750585883406 
   25.382213832825972   96.762737591370566 
   8.1422770724682429   114.00267435172829 
   28.537195207517691   108.53768734624113 
   19.917226827338833      117.15765572642 
   2.6772900669811062   134.39759248677771 
   143.75176552453459   8.2530481587864379 
   126.51182876417687   25.492984919144167 
   146.90674689922631   20.027997913657014 
   138.28677851904746   28.647966293835871 
   117.89186038399802   34.112953299323024 
   100.65192362364029   51.352890059680753 
   121.04684175868972     45.8879030541936 
   112.42687337851085   54.507871434372468 
   92.031955243461425   59.972858439859621 
   74.792018483103703   77.212795200217357 
    95.18693661815314   71.747808194730183 
   86.566968237974265   80.367776574909072 
   66.172050102924842   85.832763580396204 
   48.932113342567092   103.07270034075395 
   69.327031477616543    97.60771333526678 
   60.707063097437668   106.22768171544567 
   40.312144962388238   111.69266872093283 
   23.072208202030509   128.93260548129055 
   43.467126337079939   123.46761847580341 
   34.847157956901086   132.08758685598227 
   14.452239821851652    137.5525738614694 
   17.607221196543371   149.32752361633999 
   8.9872528163644994   157.94749199651883 
   164.14668365958406   2.7880611532992718 
    158.6816966540969   23.182979288348719 
   141.44175989373917   40.422916048706433 
   161.83667802878858   34.957929043219281 
   153.21670964860971   43.577897423398134 
    132.8217915135603   49.042884428885301 
   115.58185475320258   66.282821189243037 
   135.97677288825199    60.81783418375587 
   127.35680450807313   69.437802563934738 
   106.96188637302372   74.902789569421898 
   89.721949612665966    92.14272632977962 
    110.1168677477154   86.677739324292446 
   101.49689936753653   95.297707704471335 
    81.10198123248712   100.76269470995848 
   63.862044472129369   118.00263147031623 
   84.256962607178806   112.53764446482904 
   75.636994226999931   121.15761284500793 
   55.242076091950516   126.62259985049509 
   38.002139331592787   143.86253661085283 
   58.397057466642224   138.39754960536567 
   49.777089086463349   147.01751798554452 
   29.382170951413933   152.48250499103167 
   12.142234191056218   169.72244175138943 
   32.537152326105641   164.25745474590224 
    23.91718394592678   172.87742312608111 
   3.5222658108773319   178.34241013156827 
    167.3016650342758   14.563010908169801 
   187.69658316932518   9.0980239026826641 
    179.0766147891463   17.717992282861537 
   173.61162778365915   38.112910417910982 
   156.37169102330139   55.352847178268696 
   176.76660915835083   49.887860172781544 
   168.14664077817199   58.507828552960405 
   147.75172264312255   63.972815558447557 
   130.51178588276483     81.2127523188053 
   150.90670401781426   75.747765313318141 
   142.28673563763539   84.367733693497001 
   121.89181750258597   89.832720698984161 
   104.65188074222824    107.0726574593419 
   125.04679887727767   101.60767045385471 
   116.42683049709879    110.2276388340336 
   96.031912362049383   115.69262583952076 
   78.791975601691632   132.93256259987851 
   99.186893736741084   127.46757559439132 
   90.566925356562194    136.0875439745702 
   70.172007221512786   141.55253098005736 
    52.93207046115505   158.79246774041508 
   73.326988596204473   153.32748073492792 
   64.707020216025626   161.94744911510676 
   44.312102080976196   167.41243612059392 
   27.072165320618467   184.65237288095165 
   47.467083455667904   179.18738587546451 
   38.847115075489043   187.80735425564336 
   18.452196940439595   193.27234126113058 
   182.23159616383805   29.492942037732067 
   202.62651429888746   24.027955032244929 
   194.00654591870858     32.6479234124238 
   188.54155891322142    53.04284154747323 
    171.3016221528637   70.282778307830966 
   191.69654028791311   64.817791302343807 
   183.07657190773423   73.437759682522668 
   162.68165377268483   78.902746688009827 
    145.4417170123271   96.142683448367563 
   165.83663514737651   90.677696442880389 
   157.21666676719764   99.297664823059264 
   136.82174863214823   104.76265182854642 
   119.58181187179051   122.00258858890415 
   139.97673000683994   116.53760158341697 
   131.35676162666107   125.15756996359585 
   110.96184349161165   130.62255696908301 
   93.721906731253895   147.86249372944076 
   114.11682486630335   142.39750672395357 
   105.49685648612446   151.01747510413247 
   85.101938351075049   156.48246210961963 
   67.862001590717313   173.72239886997735 
   88.256919725766735   168.25741186449017 
   79.636951345587875   176.87738024466904 
   59.242033210538459    182.3423672501562 
    42.00209645018073   199.58230401051395 
    62.39701458523016   194.11731700502679 
   53.777046205051292   202.73728538520564 
   33.382128070001862    208.2022723906928 
    197.1615272934003   44.422873167294334 
   217.55644542844971   38.957886161807195 
   208.93647704827086   47.577854541986049 
   203.47149004278367   67.972772677035508 
   186.23155328242598   85.212709437393244 
   206.62647141747539    79.74772243190607 
   198.00650303729651   88.367690812084945 
    177.6115849022471   93.832677817572105 
   160.37164814188935   111.07261457792983 
   180.76656627693879   105.60762757244268 
   172.14659789675994   114.22759595262154 
   151.75167976171051    119.6925829581087 
   134.51174300135278   136.93251971846644 
   154.90666113640222   131.46753271297925 
   146.28669275622335   140.08750109315812 
   125.89177462117391   145.55248809864528 
   108.65183786081617   162.79242485900303 
   129.04675599586562   157.32743785351587 
   120.42678761568675   165.94740623369475 
   100.03186948063731   171.41239323918191 
   82.791932720279604    188.6523299995396 
   103.18685085532903   183.18734299405247 
    94.56688247515018   191.80731137423132 
   74.171964340100743   197.27229837971848 
   56.932027579743014   214.51223514007617 
   77.326945714792444   209.04724813458904 
   68.706977334613583   217.66721651476789 
   48.312059199564125    223.1322035202551 
   212.09145842296257   59.352804296856611 
   232.48637655801201   53.887817291369473 
   223.86640817783314   62.507785671548341 
   218.40142117234595   82.902703806597785 
   201.16148441198823   100.14264056695551 
   221.55640254703766   94.677653561468333 
   212.93643416685882   103.29762194164721 
   192.54151603180938   108.76260894713437 
   175.30157927145163   126.00254570749209 
   195.69649740650107   120.53755870200494 
   187.07652902632222    129.1575270821838 
   166.68161089127278   134.62251408767096 
   149.44167413091503   151.86245084802871 
    169.8365922659645   146.39746384254153 
   161.21662388578559    155.0174322227204 
   140.82170575073619   160.48241922820756 
   123.58176899037844   177.72235598856531 
    143.9766871254279   172.25736898307815 
     135.356718745249     180.877337363257 
   114.96180061019957   186.34232436874416 
   97.721863849841867   203.58226112910188 
   118.11678198489129   198.11727412361472 
   109.49681360471244    206.7372425037936 
   89.101895469663006   212.20222950928076 
   71.861958709305284   229.44216626963848 
   92.256876844354707   223.97717926415132 
    83.63690846417586   232.59714764433019 
   63.241990329126395   238.06213464981732 
   227.02138955252485   74.282735426418881 
   247.41630768757426   68.817748420931736 
   238.79633930739541   77.437716801110597 
    233.3313523019082   97.832634936160034 
    216.0914155415505   115.07257169651776 
   236.48633367659994   109.60758469103061 
   227.86636529642104   118.22755307120947 
    207.4714471613716   123.69254007669663 
   190.23151040101391   140.93247683705437 
   210.62642853606332   135.46748983156721 
   202.00646015588447   144.08745821174605 
   181.61154202083503   149.55244521723324 
   164.37160526047734   166.79238197759094 
   184.76652339552675    161.3273949721038 
   176.14655501534787   169.94736335228265 
   155.75163688029843   175.41235035776981 
   138.51170011994071   192.65228711812756 
   158.90661825499015   187.18730011264037 
   150.28664987481127   195.80726849281925 
   129.89173173976184   201.27225549830644 
   112.65179497940413   218.51219225866413 
   133.04671311445355     213.047205253177 
   124.42674473427471   221.66717363335587 
   104.03182659922527     227.132160638843 
   86.791889838867547    244.3720973992007 
   107.18680797391697   238.90711039371357 
   98.566839593738123   247.52707877389244 
   78.171921458688672   252.99206577937963 
    241.9513206820871   89.212666555981144 
   253.72627043695766    92.36764793067286 
   248.26128343147047   112.76256606572231 
   231.02134667111275   130.00250282608002 
   251.41626480616219   124.53751582059287 
   242.79629642598334   133.15748420077173 
   222.40137829093391   138.62247120625889 
   205.16144153057616   155.86240796661662 
   225.55635966562559   150.39742096112946 
   216.93639128544675   159.01738934130833 
   196.54147315039731   164.48237634679549 
   179.30153639003956   181.72231310715321 
     199.696454525089   176.25732610166602 
   191.07648614491015   184.87729448184493 
   170.68156800986071   190.34228148733209 
   153.44163124950296   207.58221824768981 
   173.83654938455243   202.11723124220268 
   165.21658100437352   210.73719962238152 
   144.82166286932411   216.20218662786866 
   127.58172610896639   233.44212338822641 
   147.97664424401583   227.97713638273925 
   139.35667586383695   236.59710476291809 
   118.96175772878753   242.06209176840525 
   122.11673910347925   253.83704152327584 
   256.88125181164935   104.14259768554341 
   245.95127780067503   144.93243395564227 
   237.33130942049613   153.55240233582111 
   220.09137266013843   170.79233909617886 
   240.48629079518787   165.32735209069173 
   231.86632241500899   173.94732047087058 
   211.47140427995956   179.41230747635777 
   194.23146751960186   196.65224423671546 
    214.6263856546513   191.18725723122833 
    206.0064172744724   199.80722561140718 
   185.61149913942296   205.27221261689434 
   168.37156237906524   222.51214937725209 
   188.76648051411468    217.0471623717649 
    180.1465121339358    225.6671307519438 
   159.75159399888636   231.13211775743096 
   142.51165723852867   248.37205451778868 
   162.90657537357808   242.90706751230152 
   154.28660699339923    251.5270358924804 
    133.8916888583498   256.99202289796756 
   252.26124055005843   168.48233346538342 
   235.02130378970068   185.72227022574114 
   255.41622192475012   180.25728322025401 
   246.79625354457124   188.87725160043286 
   226.40133540952183   194.34223860591999 
   209.16139864916408   211.58217536627774 
   229.55631678421352   206.11718836079058 
   220.93634840403467   214.73715674096943 
   200.54143026898524   220.20214374645661 
   183.30149350862749   237.44208050681434 
   203.69641164367695   231.97709350132718 
   195.07644326349808   240.59706188150605 
   174.68152512844864   246.06204888699318 
