   133.49953751714668   6.4746510533592447 
   112.38511664719329   6.4748299056358682 
   91.270592516829822   18.665306096112069 
   112.38501338678323   18.665127243835428 
    101.8277513216015   24.760365339073537 
   80.713330451648105    24.76054419135016 
   59.598806321284634   36.951020381826361 
   80.713227191238047    36.95084152954972 
   70.155965126056316   43.046079624787829 
   49.041544256102902   43.046258477064455 
    27.92702012573946   55.236734667540638 
   49.041440995692852   55.236555815264012 
   38.484178930511135   61.331793910502114 
   17.369758060557732    61.33197276277874 
   17.369654800147693   73.522270100978304 
   6.8123927349659628   79.617508196216406 
   175.72837925705346   6.4742933488059684 
   154.61395838710007   6.4744722010825919 
   133.49943425673663   18.664948391558791 
   154.61385512669003   18.664769539282155 
   144.05659306150829    24.76000763452026 
   122.94217219155489   24.760186486796883 
   101.82764806119144   36.950662677273087 
   122.94206893114486   36.950483824996446 
   112.38480686596311   43.045721920234556 
   91.270385996009722   43.045900772511175 
   70.155861865646244   55.236376962987379 
   91.270282735599665   55.236198110710738 
   80.713020670417933    61.33143620594884 
   59.598599800464527   61.331615058225466 
   38.484075670101085   73.522091248701656 
   59.598496540054477   73.521912396425037 
   49.041234474872745   79.617150491663125 
   27.926813604919353   79.617329343939744 
   6.8122894745559099   91.807805534415934 
   27.926710344509299   91.807626682139301 
   17.369448279327585   97.902864777377403 
   196.84280012700685   6.4741144965293307 
   175.72827599664342   18.664590687005532 
   196.84269686659678   18.664411834728892 
   186.28543480141511   24.759649929966983 
   165.17101393146172   24.759828782243623 
   144.05648980109825    36.95030497271982 
   165.17091067105164   36.950126120443173 
   154.61364860586991   43.045364215681275 
   133.49922773591652   43.045543067957915 
   112.38470360555306   55.236019258434098 
   133.49912447550645   55.235840406157465 
   122.94186241032472   61.331078501395567 
   101.82744154037132     61.3312573536722 
   80.712917410007861   73.521733544148404 
   101.82733827996127   73.521554691871756 
   91.270076214779522   79.616792787109844 
    70.15565534482613   79.616971639386506 
   49.041131214462695   91.807447829862681 
   70.155552084416087   91.807268977586048 
   59.598290019234355   97.902507072824136 
   38.483869149280963   97.902685925100783 
   17.369345018917517   110.09316211557696 
   38.483765888870906   110.09298326330034 
   27.926503823689195   116.18822135853843 
   6.8120829537357723   116.18840021081508 
   6.8119796933257186   128.37869754901465 
    207.3998556713685   24.759471077690346 
   186.28533154100504   36.949947268166547 
   207.39975241095843   36.949768415889906 
    196.8424903457767   43.045006511128001 
    175.7280694758233   43.045185363404642 
   154.61354534545984   55.235661553880838 
   175.72796621541326   55.235482701604184 
    165.1707041502315   61.330720796842293 
   144.05628328027811   61.330899649118926 
   122.94175914991466   73.521375839595137 
   144.05618001986807   73.521196987318476 
   133.49891795468633   79.616435082556592 
   112.38449708473294   79.616613934833225 
   91.269972954369479   91.807090125309415 
   112.38439382432288   91.806911273032767 
   101.82713175914115   97.902149368270884 
   80.712710889187761   97.902328220547517 
   59.598186758824298   110.09280441102371 
    80.71260762877769   110.09262555874706 
   70.155345563595958   116.18786365398516 
   49.040924693642587   116.18804250626179 
   27.926400563279142   128.37851869673796 
   49.040821433232516   128.37833984446132 
   38.483559368050798   134.47357793969945 
   17.369138498097378   134.47375679197609 
   17.369035237687328   146.66405413017566 
   6.8117731725056112   152.75929222541373 
   217.95691121573012   43.044827658851361 
   196.84238708536665   55.235303849327565 
   217.95680795532004   55.235124997050924 
   207.39954589013828   61.330363092289026 
   186.28512502018492   61.330541944565653 
   165.17060088982146   73.521018135041857 
   186.28502175977485   73.520839282765195 
   175.72775969459312   79.616077378003311 
   154.61333882463973   79.616256230279944 
   133.49881469427626   91.806732420756134 
   154.61323556422965   91.806553568479487 
   144.05597349904792   97.901791663717603 
   122.94155262909456   97.901970515994222 
   101.82702849873108   110.09244670647044 
    122.9414493686845   110.09226785419379 
   112.38418730350276   116.18750594943188 
    91.26976643354935   116.18768480170853 
   70.155242303185929   128.37816099218472 
   91.269663173139293   128.37798213990808 
   80.712401107957589   134.47322023514616 
    59.59798023800419   134.47339908742282 
   38.483456107640748     146.663875277899 
    59.59787697759414   146.66369642562236 
   49.040614912412408   152.75893452086046 
   27.926194042458988   152.75911337313713 
   6.8116699120955424    164.9495895636133 
   27.926090782048934   164.94941071133667 
    17.36882871686722   171.04464880657474 
   228.51396676009171   61.330184240012379 
   207.39944262972824   73.520660430488576 
   228.51386349968163   73.520481578211943 
    217.9566014344999    79.61571967345003 
   196.84218056454651   79.615898525726664 
   175.72765643418305   91.806374716202853 
   196.84207730413647   91.806195863926234 
   186.28481523895474   97.901433959164322 
   165.17039436900134   97.901612811440941 
   144.05587023863791   110.09208900191715 
   165.17029110859127   110.09191014964051 
   154.61302904340957   116.18714824487861 
   133.49860817345618   116.18732709715523 
   112.38408404309268   128.37780328763145 
   133.49850491304611   128.37762443535479 
   122.94124284786436   134.47286253059289 
   101.82682197791098   134.47304138286955 
   80.712297847547518   146.66351757334573 
   101.82671871750091    146.6633387210691 
   91.269456652319192    152.7585768163072 
     70.1550357823658   152.75875566858383 
   49.040511652002358   164.94923185906003 
   70.154932521955743   164.94905300678337 
   59.597670456774019   171.04429110202148 
   38.483249586820612   171.04446995429811 
   17.368725456457167   183.23494614477431 
   38.483146326410541   183.23476729249768 
   27.925884261228827   189.33000538773578 
   239.07102230445332   79.615540821173411 
   217.95649817408986   91.806017011649615 
   239.07091904404325   91.805838159372982 
   228.51365697886152   97.901076254611084 
   207.39923610890813   97.901255106887703 
   186.28471197854466   110.09173129736389 
   207.39913284849808   110.09155244508726 
   196.84187078331638   116.18679054032536 
   175.72744991336299   116.18696939260198 
   154.61292578299953   128.37744558307818 
   175.72734665295292   128.37726673080155 
   165.17008458777119   134.47250482603965 
   144.05566371781779   134.47268367831626 
   122.94113958745432   146.66315986879246 
   144.05556045740772   146.66298101651586 
   133.49829839222599   152.75821911175393 
   112.38387752227258   152.75839796403056 
   91.269353391909135   164.94887415450674 
   112.38377426186253   164.94869530223013 
   101.82651219668081   171.04393339746824 
   80.712091326727403   171.04411224974484 
   59.597567196363975   183.23458844022102 
   80.711988066317375   183.23440958794444 
   70.154726001135643   189.32964768318249 
   49.040305131182215   189.32982653545915 
   27.925781000818773   201.52030272593532 
   49.040201870772179   201.52012387365872 
   38.482939805590448   207.61536196889679 
   249.62807784881491   97.900897402334422 
   228.51355371845145   110.09137359281061 
   249.62797458840484   110.09119474053401 
   239.07071252322314    116.1864328357721 
   217.95629165326977   116.18661168804871 
   196.84176752290631   128.37708787852489 
    217.9561883928597   128.37690902624828 
   207.39892632767797   134.47214712148639 
   186.28450545772458   134.47232597376299 
   165.16998132736111    146.6628021642392 
   186.28440219731453   146.66262331196256 
   175.72714013213277   152.75786140720066 
   154.61271926217938    152.7580402594773 
   133.49819513181592    164.9485164499535 
   154.61261600176934   164.94833759767684 
   144.05535393658761   171.04357569291494 
   122.94093306663419    171.0437545451916 
   101.82640893627074   183.23423073566778 
   122.94082980622416   183.23405188339115 
   112.38356774104243   189.32928997862925 
   91.269146871089035   189.32946883090588 
   70.154622740725571   201.51994502138206 
   91.269043610678978   201.51976616910542 
    80.71178154549726   207.61500426434353 
   59.597360675543825   207.61518311662016 
   38.482836545180383   219.80565930709633 
   59.597257415133789   219.80548045481973 
   49.039995349952058    225.9007185500578 
   239.07060926281309   128.37673017397162 
   249.62776806758478   134.47178941693312 
   228.51334719763139   134.47196826920973 
   207.39882306726793   146.66244445968593 
   228.51324393722132    146.6622656074093 
   217.95598187203959    152.7575037026474 
   196.84156100208619     152.757682554924 
   175.72703687172273   164.94815874540024 
   196.84145774167612   164.94797989312357 
   186.28419567649439    171.0432179883617 
     165.169774806541   171.04339684063828 
   144.05525067617754   183.23387303111451 
   165.16967154613093   183.23369417883788 
    154.6124094809492   189.32893227407598 
    133.4979886109958   189.32911112635259 
   112.38346448063236   201.51958731682879 
   133.49788535058576   201.51940846455219 
   122.94062328540403   207.61464655979026 
   101.82620241545064   207.61482541206686 
   80.711678285087189    219.8053016025431 
   101.82609915504058   219.80512275026643 
   91.268837089858849   225.90036084550457 
   70.154416219905428   225.90053969778117 
   49.039892089542001   238.09101588825737 
     70.1543129594954   238.09083703598074 
   59.597050894313668   244.18607513121884 
   249.62766480717471   146.66208675513263 
   239.07040274199298   152.75732485037074 
   217.95587861162952   164.94780104084691 
   239.07029948158294   164.94762218857031 
   228.51303741640118   171.04286028380838 
   207.39861654644778   171.04303913608504 
   186.28409241608432   183.23351532656122 
   207.39851328603774   183.23333647428458 
   196.84125122085601   189.32857456952269 
   175.72683035090262   189.32875342179932 
   154.61230622053912   201.51922961227552 
   175.72672709049255   201.51905075999889 
   165.16946502531081   207.61428885523699 
   144.05504415535739    207.6144677075136 
   122.94052002499397   219.80494389798977 
   144.05494089494738    219.8047650457132 
   133.49767882976565   225.90000314095124 
   112.38325795981224    225.9001819932279 
   91.268733829448806   238.09065818370408 
    112.3831546994022   238.09047933142747 
   101.82589263422048   244.18571742666555 
    80.71147176426706   244.18589627894221 
   59.596947633903611   256.37637246941836 
   80.711368503857003   256.37619361714178 
   249.62745828635457   171.04268143153178 
    228.5129341559911   183.23315762200795 
   249.62735502594452   183.23297876973132 
   239.07009296076279   189.32821686496942 
    217.9556720908094   189.32839571724605 
   196.84114796044594   201.51887190772223 
   217.95556883039933    201.5186930554456 
   207.39830676521763    207.6139311506837 
   186.28388589526421   207.61411000296036 
   165.16936176490071   219.80458619343653 
   186.28378263485419   219.80440734115987 
   175.72652056967243     225.899645436398 
   154.61209969971904   225.89982428867464 
   133.49757556935558   238.09030047915081 
     154.611996439309   238.09012162687418 
   144.05473437412726   244.18535972211228 
   122.94031350417386   244.18553857438891 
   101.82578937381041   256.37601476486509 
   122.94021024376381   256.37583591258851 
   239.06998970035272   201.51851420316899 
   228.51272763517102   207.61375229840704 
   207.39820350480758   219.80422848888327 
   91.270695777239879    6.475008757912506 
   196.84094143962585   225.89946658412134 
   175.72641730926236   238.08994277459755 
   70.156171646876416   18.665484948388691 
   59.598909581694691   24.760723043626797 
   165.16915524408066   244.18518086983565 
   144.05463111371719   256.37565706031182 
   38.484385451331228    36.95119923410298 
   27.927123386149514   43.046437329341074 
   6.8125992557860702   55.236913519817278 
