   167.95389121661719   3.6923855257381422 
   156.17879542947426   6.8475129327022088 
   135.78378471367392   1.3828714432812226 
   112.23359313938806   7.6931262572093555 
    132.6286038551884   13.157767746630327 
   120.85350806804547   16.312895153594393 
   100.45849735224515   10.848253664173408 
   76.908305777959313   17.158508478101542 
   97.303316493759624   22.623149967522512 
   85.528220706616693   25.778277374486578 
   65.133209990816383   20.313635885065594 
   41.583018416530528   26.623890698993709 
    61.97802913233086   32.088532188414696 
   50.202933345187944   35.243659595378766 
   29.807922629387605   29.779018105957778 
   6.2577310551017753   36.089272919885893 
   26.652741770902097   41.553914409306884 
   14.877645983759175   44.709041816270947 
   211.89909350670337   2.8467722012309951 
   188.34890193241753   9.1570270151591284 
   208.74391264821787    14.62166850458013 
   196.96881686107491   17.776795911544198 
    176.5738061452746    12.31215442212318 
   153.02361457098874   18.622409236051315 
   173.41862528678908   24.087050725472317 
   161.64352949964615   27.242178132436383 
   141.24851878384581   21.777536643015363 
   117.69832720955996   28.087791456943499 
   138.09333792536029   33.552432946364497 
   126.31824213821736   36.707560353328567 
   105.92323142241703   31.242918863907551 
   82.373039848131185    37.55317367783568 
   102.76805056393151   43.017815167256686 
   90.992954776788594   46.172942574220748 
   70.597944060988269   40.708301084799736 
   47.047752486702421   47.018555898727854 
   67.442763202502746   52.483197388148866 
   55.667667415359823   55.638324795112936 
   35.272656699559498   50.173683305691917 
   11.722465125273652   56.483938119620035 
   32.117475841073976   61.948579609041055 
    20.34238005393107   65.103707016005117 
   217.36382757687525   23.241437400965168 
   193.81363600258942   29.551692214893301 
   214.20864671838976    35.01633370431427 
   202.43355093124683    38.17146111127834 
   182.03854021544649   32.706819621857349 
   158.48834864116063   39.017074435785489 
   178.88335935696097   44.481715925206458 
   167.10826356981804   47.636843332170521 
   146.71325285401772   42.172201842749537 
   123.16306127973185    48.48245665667767 
   143.55807199553217   53.947098146098639 
   131.78297620838924   57.102225553062709 
   111.38796549258893   51.637584063641725 
   87.837773918303085   57.947838877569858 
   108.23278463410341   63.412480366990827 
    96.45768884696048    66.56760777395489 
   76.062678131160155   61.102966284533906 
   52.512486556874315   67.413221098462031 
   72.907497272674632   72.877862587883016 
   61.132401485531716   76.032989994847085 
   40.737390769731391   70.568348505426087 
   17.187199195445544   76.878603319354212 
   37.582209911245869   82.343244808775196 
   25.807114124102945   85.498372215739252 
   5.4121034083025918   80.033730726318282 
   229.13892336401824   20.086309994001102 
   2.2569225498170686   91.808627029667377 
   222.82856164704717   43.636102600699324 
   199.27837007276131   49.946357414627442 
   219.67338078856164   55.410998904048434 
   207.89828500141871   58.566126311012496 
    187.5032742856184   53.101484821591512 
   163.95308271133251   59.411739635519631 
   184.34809342713285   64.876381124940622 
   172.57299763998992   68.031508531904677 
   152.17798692418958   62.566867042483693 
   128.62779534990375   68.877121856411819 
   149.02280606570409   74.341763345832803 
   137.24771027856113   77.496890752796872 
    116.8526995627608   72.032249263375874 
   93.302507988474972      78.342504077304 
    113.6975187042753   83.807145566724984 
   101.92242291713237   86.962272973689053 
   81.527412201332055   81.497631484268055 
   57.977220627046194   87.807886298196181 
   78.372231342846518   93.272527787617165 
   66.597135555703602   96.427655194581234 
    46.20212483990327    90.96301370516025 
   22.651933265617437   97.273268519088361 
   43.046943981417762   102.73791000850936 
   31.271848194274838   105.89303741547342 
   10.876837478474485   100.42839592605243 
   234.60365743419015   40.480975193735247 
   7.7216566199889618   112.20329222940154 
   228.29329571721902   64.030767800433466 
   204.74310414293316   70.341022614361592 
   225.13811485873353    75.80566410378259 
   213.36301907159057   78.960791510746645 
   192.96800835579026   73.496150021325647 
    169.4178167815044   79.806404835253787 
   189.81282749730474   85.271046324674757 
   178.03773171016181   88.426173731638826 
   157.64272099436147   82.961532242217856 
   134.09252942007564   89.271787056145968 
   154.48754013587597   94.736428545566952 
   142.71244434873304   97.891555952531021 
    122.3174336329327   92.426914463110023 
   98.767242058646858   98.737169277038163 
   119.16225277444718   104.20181076645915 
   107.38715698730425   107.35693817342319 
   86.992146271503927    101.8922966840022 
   63.441954697218087   108.20255149793033 
   83.836965413018419   113.66719298735133 
   72.061869625875502   116.82232039431538 
   51.666858910075163   111.35767890489439 
   28.116667335789316   117.66793371882251 
   48.511678051589641   123.13257520824349 
   36.736582264446731   126.28770261520756 
   16.341571548646364   120.82306112578658 
   240.06839150436198   60.875640393469396 
   13.186390690160854    132.5979574291357 
   1.4112949030179314   135.75308483609976 
   233.75802978739091   84.425433000167629 
   210.20783821310508   90.735687814095755 
   230.60284892890542   96.200329303516725 
   218.82775314176249   99.355456710480794 
   198.43274242596215    93.89081522105981 
   174.88255085167631   100.20107003498794 
   195.27756156747665   105.66571152440892 
   183.50246578033369   108.82083893137298 
   163.10745506453338   103.35619744195199 
   139.55726349024749   109.66645225588013 
   159.95227420604783    115.1310937453011 
   148.17717841890493   118.28622115226517 
   127.78216770310458   112.82157966284419 
   104.23197612881873    119.1318344767723 
   124.62698684461907   124.59647596619328 
   112.85189105747615   127.75160337315735 
   92.456880341675813   122.28696188373637 
   68.906688767389966   128.59721669766446 
   89.301699483190305   134.06185818708548 
   77.526603696047374   137.21698559404953 
   57.131592980247056   131.75234410462855 
   33.581401405961209   138.06259891855666 
   53.976412121761534   143.52724040797764 
    42.20131633461861    146.6823678149417 
   21.806305618818254   141.21772632552074 
    245.5331255745339    81.27030559320356 
   18.651124760332731   152.99262262886984 
   6.8760289731898085   156.14775003583389 
   239.22276385756282   104.82009819990178 
   215.67257228327696   111.13035301382992 
    236.0675829990773    116.5949945032509 
    224.2924872119344   119.75012191021497 
   203.89747649613406   114.28548042079397 
   180.34728492184817    120.5957352347221 
   200.74229563764854   126.06037672414308 
   188.96719985050558   129.21550413110717 
   168.57218913470527   123.75086264168617 
   145.02199756041941   130.06111745561429 
   165.41700827621975   135.52575894503528 
   153.64191248907679   138.68088635199933 
   133.24690177327648   133.21624486257835 
   109.69671019899064   139.52649967650646 
   130.09172091479095   144.99114116592747 
   118.31662512764804   148.14626857289153 
   97.921614411847713   142.68162708347054 
   74.371422837561866   148.99188189739863 
   94.766433553362191   154.45652338681964 
   82.991337766219274    157.6116507937837 
   62.596327050418942   152.14700930436271 
   39.046135476133102   158.45726411829085 
   59.441146191933427   163.92190560771184 
   47.666050404790504   167.07703301467589 
   27.271039688990147   161.61239152525491 
   250.99785964470581   101.66497079293772 
   24.115858830504624     173.387287828604 
   12.340763043361701   176.54241523556809 
   244.68749792773471   125.21476339963594 
   221.13730635344885   131.52501821356407 
   241.53231706924919   136.98965970298505 
   229.75722128210623   140.14478710994911 
   209.36221056630592   134.68014562052812 
   185.81201899202006   140.99040043445623 
    206.2070297078204   146.45504192387725 
   194.43193392067747    149.6101693308413 
   174.03692320487713   144.14552784142032 
   150.48673163059129   150.45578265534846 
   170.88174234639163   155.92042414476941 
    159.1066465592487   159.07555155173347 
   138.71163584344836   153.61091006231251 
   115.16144426916252   159.92116487624062 
   135.55645498496287   165.38580636566161 
   123.78135919781994   168.54093377262569 
    103.3863484820196   163.07629228320468 
   79.836156907733752   169.38654709713282 
   100.23116762353409    174.8511885865538 
    88.45607183639116   178.00631599351786 
   68.061061120590836   172.54167450409687 
   44.510869546304981   178.85192931802499 
   64.905880262105313     184.316570807446 
   53.130784474962397   187.47169821441005 
   32.735773759162029   182.00705672498904 
   256.46259371487764   122.05963599267186 
   29.580592900676518   193.78195302833819 
   17.805497113533594   196.93708043530222 
   250.15223199790657   145.60942859937009 
   226.60204042362074   151.91968341329823 
   246.99705113942107   157.38432490271921 
   235.22195535227814    160.5394523096833 
    214.8269446364778   155.07481082026229 
   191.27675306219197   161.38506563419043 
   211.67176377799231   166.84970712361138 
   199.89666799084938   170.00483453057547 
   179.50165727504904   164.54019304115448 
   155.95146570076315   170.85044785508259 
   176.34647641656352   176.31508934450358 
   164.57138062942059   179.47021675146766 
   144.17636991362025   174.00557526204665 
   120.62617833933442   180.31583007597476 
   141.02118905513473   185.78047156539577 
    129.2460932679918   188.93559897235983 
   108.85108255219149   183.47095748293881 
   85.300890977905638   189.78121229686695 
   105.69590169370596   195.24585378628797 
   93.920805906563047   198.40098119325202 
   73.525795190762722   192.93633970383101 
   49.975603616476874   199.24659451775915 
   70.370614332277199   204.71123600718013 
    58.59551854513429   207.86636341414419 
   38.200507829333915   202.40172192472323 
   35.045326970848407   214.17661822807233 
   23.270231183705487   217.33174563503636 
   255.61696606807848   166.00409379910423 
   232.06677449379265   172.31434861303237 
   252.46178520959299   177.77899010245335 
   240.68668942245006   180.93411750941743 
   220.29167870664972   175.46947601999642 
   196.74148713236383   181.77973083392456 
    217.1364978481642   187.24437232334557 
   205.36140206102127   190.39949973030963 
   184.96639134522093   184.93485824088862 
   161.41619977093507   191.24511305481676 
    181.8112104867354   196.70975454423774 
   170.03611469959245    199.8648819512018 
   149.64110398379214   194.40024046178078 
   126.09091240950629   200.71049527570892 
   146.48592312530661   206.17513676512991 
   134.71082733816371   209.33026417209396 
   114.31581662236336   203.86562268267298 
   90.765625048077538   210.17587749660109 
   111.16063576387786    215.6405189860221 
   99.385539976734933   218.79564639298616 
   78.990529260934608   213.33100490356517 
   55.440337686648768   219.64125971749331 
   75.835348402449085    225.1059012069143 
   64.060252615306169   228.26102861387838 
   43.665241899505808   222.79638712445737 
   40.510061041020286   234.57128342780646 
   28.734965253877366   237.72641083477055 
   237.53150856396451   192.70901381276653 
   246.15142349262192   201.32878270915157 
   225.75641277682161   195.86414121973056 
   202.20622120253572    202.1743960336587 
   222.60123191833605   207.63903752307971 
   210.82613613119312   210.79416493004376 
   190.43112541539278   205.32952344062278 
   166.88093384110695   211.63977825455089 
   187.27594455690729    217.1044197439719 
   175.50084876976436   220.25954715093596 
   155.10583805396402   214.79490566151497 
   131.55564647967819   221.10516047544311 
   151.95065719547853   226.56980196486407 
    140.1755614083356   229.72492937182815 
   119.78055069253526   224.26028788240714 
    96.23035911824941   230.57054269633525 
   116.62536983404975   236.03518418575624 
   104.85027404690683   239.19031159272032 
   84.455263331106494   233.72567010329931 
   60.905071756820647   240.03592491722745 
   81.300082472620986   245.50056640664843 
   69.524986685478055   248.65569381361252 
   49.129975969677687    243.1910523241915 
   45.974795111192179   254.96594862754066 
   242.99624263413639   213.10367901250066 
    251.6161575627938    221.7234479088857 
   231.22114684699346   216.25880641946472 
   207.67095527270763   222.56906123339283 
   228.06596598850797   228.03370272281384 
   216.29087020136504   231.18883012977793 
    195.8958594855647   225.72418864035691 
   172.34566791127884   232.03444345428505 
   192.74067862707921   237.49908494370604 
   180.96558283993625   240.65421235067012 
   160.57057212413591   235.18957086124911 
   137.02038054985005   241.49982567517725 
   157.41539126565038    246.9644671645982 
   145.64029547850748   250.11959457156229 
   125.24528476270714   244.65495308214128 
   101.69509318842131   250.96520789606939 
   122.09010390422162   256.42984938549034 
   89.919997401278366   254.12033530303344 
