   248.11925109190116   9.7438365081554466 
   223.73829871094878   9.7438365081554466 
   242.02401299666306   20.300892052517053 
   229.83353680618688   20.300892052517053 
   211.54782252047261   9.7438365081554466 
    187.1668701395202   9.7438365081554466 
   205.45258442523448   20.300892052517053 
    193.2621082347583   20.300892052517053 
   174.97639394904402   9.7438365081554466 
   150.59544156809162   9.7438365081554466 
   168.88115585380592   20.300892052517053 
   156.69067966332972   20.300892052517053 
   138.40496537761544   9.7438365081554466 
   114.02401299666307   9.7438365081554466 
   132.30972728237737   20.300892052517053 
   120.11925109190116   20.300892052517053 
   101.83353680618688   9.7438365081554466 
   77.452584425234519   9.7438365081554466 
   95.738298710948797   20.300892052517053 
   83.547822520472607   20.300892052517053 
    65.26210823475833   9.7438365081554466 
   40.881155853805964   9.7438365081554466 
   59.166870139520242   20.300892052517053 
   46.976393949044052   20.300892052517053 
   28.690679663329746   9.7438365081554466 
   4.3097272823773771   9.7438365081554466 
   22.595441568091655   20.300892052517053 
   10.404965377615468   20.300892052517053 
   248.11925109190116   30.857947596878663 
   223.73829871094878   30.857947596878663 
   242.02401299666306    41.41500314124027 
   229.83353680618688    41.41500314124027 
   211.54782252047261   30.857947596878663 
    187.1668701395202   30.857947596878663 
   205.45258442523448    41.41500314124027 
    193.2621082347583    41.41500314124027 
   174.97639394904402   30.857947596878663 
   150.59544156809162   30.857947596878663 
   168.88115585380592    41.41500314124027 
   156.69067966332972    41.41500314124027 
   138.40496537761544   30.857947596878663 
   114.02401299666307   30.857947596878663 
   132.30972728237737    41.41500314124027 
   120.11925109190116    41.41500314124027 
   101.83353680618688   30.857947596878663 
   77.452584425234519   30.857947596878663 
   95.738298710948797    41.41500314124027 
   83.547822520472607    41.41500314124027 
    65.26210823475833   30.857947596878663 
   40.881155853805964   30.857947596878663 
   59.166870139520242    41.41500314124027 
   46.976393949044052    41.41500314124027 
   28.690679663329746   30.857947596878663 
   4.3097272823773771   30.857947596878663 
   22.595441568091655    41.41500314124027 
   10.404965377615468    41.41500314124027 
   248.11925109190116   51.972058685601894 
   223.73829871094878   51.972058685601894 
   242.02401299666306   62.529114229963483 
   229.83353680618688   62.529114229963483 
   211.54782252047261   51.972058685601894 
    187.1668701395202   51.972058685601894 
   205.45258442523448   62.529114229963483 
    193.2621082347583   62.529114229963483 
   174.97639394904402   51.972058685601894 
   150.59544156809162   51.972058685601894 
   168.88115585380592    62.52911422996349 
   156.69067966332972    62.52911422996349 
   138.40496537761544   51.972058685601894 
   114.02401299666307   51.972058685601894 
   132.30972728237737    62.52911422996349 
   120.11925109190116    62.52911422996349 
   101.83353680618688   51.972058685601894 
   77.452584425234519   51.972058685601894 
   95.738298710948797    62.52911422996349 
   83.547822520472607    62.52911422996349 
    65.26210823475833   51.972058685601894 
   40.881155853805964   51.972058685601894 
   59.166870139520242   62.529114229963497 
   46.976393949044052   62.529114229963497 
   28.690679663329746   51.972058685601894 
   4.3097272823773771   51.972058685601894 
   22.595441568091655   62.529114229963497 
   10.404965377615468   62.529114229963497 
   248.11925109190116   73.086169774325114 
   223.73829871094878   73.086169774325114 
   242.02401299666306   83.643225318686703 
   229.83353680618688   83.643225318686703 
   211.54782252047261   73.086169774325114 
    187.1668701395202   73.086169774325114 
   205.45258442523448   83.643225318686703 
    193.2621082347583   83.643225318686703 
   174.97639394904402   73.086169774325114 
   150.59544156809162   73.086169774325114 
   168.88115585380592   83.643225318686717 
   156.69067966332972   83.643225318686717 
   138.40496537761544   73.086169774325114 
   114.02401299666307   73.086169774325114 
   132.30972728237737   83.643225318686717 
   120.11925109190116   83.643225318686717 
   101.83353680618688   73.086169774325114 
   77.452584425234519   73.086169774325114 
   95.738298710948797   83.643225318686717 
   83.547822520472607   83.643225318686717 
    65.26210823475833   73.086169774325114 
   40.881155853805964   73.086169774325114 
   59.166870139520242   83.643225318686731 
   46.976393949044052   83.643225318686731 
   28.690679663329746   73.086169774325114 
   4.3097272823773771   73.086169774325114 
   22.595441568091655   83.643225318686731 
   10.404965377615468   83.643225318686731 
   248.11925109190116    94.20028086304832 
   223.73829871094878    94.20028086304832 
   242.02401299666306   104.75733640740991 
   229.83353680618688   104.75733640740991 
   211.54782252047261    94.20028086304832 
    187.1668701395202    94.20028086304832 
   205.45258442523448   104.75733640740992 
    193.2621082347583   104.75733640740992 
   174.97639394904402    94.20028086304832 
   150.59544156809162    94.20028086304832 
   168.88115585380592   104.75733640740992 
   156.69067966332975   104.75733640740992 
   138.40496537761544    94.20028086304832 
   114.02401299666307    94.20028086304832 
   132.30972728237737   104.75733640740992 
   120.11925109190116   104.75733640740992 
   101.83353680618688    94.20028086304832 
   77.452584425234519    94.20028086304832 
   95.738298710948797   104.75733640740992 
   83.547822520472607   104.75733640740992 
    65.26210823475833    94.20028086304832 
   40.881155853805964    94.20028086304832 
   59.166870139520242   104.75733640740992 
   46.976393949044052   104.75733640740992 
   28.690679663329746    94.20028086304832 
   4.3097272823773771    94.20028086304832 
   22.595441568091655   104.75733640740995 
   10.404965377615468   104.75733640740995 
   248.11925109190116   115.31439195177154 
   223.73829871094878   115.31439195177154 
   242.02401299666306   125.87144749613314 
   229.83353680618688   125.87144749613314 
   211.54782252047261   115.31439195177154 
    187.1668701395202   115.31439195177154 
   205.45258442523448   125.87144749613314 
    193.2621082347583   125.87144749613314 
   174.97639394904402   115.31439195177154 
   150.59544156809162   115.31439195177154 
   168.88115585380592   125.87144749613314 
   156.69067966332975   125.87144749613314 
   138.40496537761544   115.31439195177154 
   114.02401299666307   115.31439195177154 
   132.30972728237737   125.87144749613314 
   120.11925109190116   125.87144749613314 
   101.83353680618688   115.31439195177154 
   77.452584425234519   115.31439195177154 
   95.738298710948797   125.87144749613314 
   83.547822520472607   125.87144749613314 
    65.26210823475833   115.31439195177154 
   40.881155853805964   115.31439195177154 
   59.166870139520242   125.87144749613314 
   46.976393949044052   125.87144749613314 
   28.690679663329746   115.31439195177154 
   4.3097272823773771   115.31439195177154 
   22.595441568091655   125.87144749613314 
   10.404965377615468   125.87144749613314 
   248.11925109190116   136.42850304049475 
   223.73829871094878   136.42850304049477 
   242.02401299666306   146.98555858485636 
   229.83353680618688   146.98555858485636 
   211.54782252047261   136.42850304049477 
    187.1668701395202   136.42850304049477 
   205.45258442523448   146.98555858485636 
    193.2621082347583   146.98555858485636 
   174.97639394904402   136.42850304049477 
   150.59544156809162   136.42850304049477 
   168.88115585380592   146.98555858485636 
   156.69067966332975   146.98555858485636 
   138.40496537761544   136.42850304049477 
   114.02401299666307   136.42850304049477 
   132.30972728237737   146.98555858485636 
   120.11925109190116   146.98555858485636 
   101.83353680618688   136.42850304049477 
   77.452584425234519   136.42850304049477 
   95.738298710948797   146.98555858485636 
   83.547822520472607   146.98555858485636 
    65.26210823475833   136.42850304049477 
   40.881155853805964   136.42850304049477 
   59.166870139520242   146.98555858485636 
   46.976393949044052   146.98555858485636 
   28.690679663329746   136.42850304049477 
   4.3097272823773771   136.42850304049477 
   22.595441568091655   146.98555858485636 
   10.404965377615468   146.98555858485636 
   248.11925109190116   157.54261412921798 
   223.73829871094878   157.54261412921798 
   242.02401299666306    168.0996696735796 
   229.83353680618688    168.0996696735796 
   211.54782252047261   157.54261412921798 
    187.1668701395202   157.54261412921798 
   205.45258442523448    168.0996696735796 
    193.2621082347583    168.0996696735796 
   174.97639394904402   157.54261412921798 
   150.59544156809162   157.54261412921798 
   168.88115585380592    168.0996696735796 
   156.69067966332975    168.0996696735796 
   138.40496537761544   157.54261412921798 
   114.02401299666307   157.54261412921798 
   132.30972728237737    168.0996696735796 
   120.11925109190116    168.0996696735796 
   101.83353680618688   157.54261412921798 
   77.452584425234519   157.54261412921798 
   95.738298710948797    168.0996696735796 
   83.547822520472607    168.0996696735796 
    65.26210823475833   157.54261412921798 
   40.881155853805964   157.54261412921798 
   59.166870139520242    168.0996696735796 
   46.976393949044052    168.0996696735796 
   28.690679663329746   157.54261412921798 
   4.3097272823773771   157.54261412921798 
   22.595441568091655    168.0996696735796 
   10.404965377615468    168.0996696735796 
   248.11925109190116   178.65672521794122 
   223.73829871094878   178.65672521794122 
   242.02401299666306   189.21378076230283 
   229.83353680618688   189.21378076230283 
   211.54782252047261   178.65672521794122 
    187.1668701395202   178.65672521794122 
   205.45258442523448   189.21378076230283 
    193.2621082347583   189.21378076230283 
   174.97639394904402   178.65672521794122 
   150.59544156809164   178.65672521794122 
   168.88115585380592   189.21378076230283 
   156.69067966332975   189.21378076230283 
   138.40496537761544   178.65672521794122 
   114.02401299666307   178.65672521794122 
   132.30972728237737   189.21378076230283 
   120.11925109190116   189.21378076230283 
   101.83353680618688   178.65672521794122 
   77.452584425234519   178.65672521794122 
   95.738298710948797   189.21378076230283 
   83.547822520472607   189.21378076230283 
    65.26210823475833   178.65672521794122 
   40.881155853805964   178.65672521794122 
   59.166870139520242   189.21378076230283 
   46.976393949044052   189.21378076230283 
   28.690679663329746   178.65672521794122 
   4.3097272823773771   178.65672521794122 
   22.595441568091655   189.21378076230283 
   10.404965377615468   189.21378076230283 
   248.11925109190116   199.77083630666439 
   223.73829871094878   199.77083630666439 
   242.02401299666306   210.32789185102601 
   229.83353680618688   210.32789185102601 
   211.54782252047261   199.77083630666439 
    187.1668701395202   199.77083630666439 
   205.45258442523448   210.32789185102601 
    193.2621082347583   210.32789185102601 
   174.97639394904402   199.77083630666439 
   150.59544156809164   199.77083630666439 
   168.88115585380592   210.32789185102601 
   156.69067966332975   210.32789185102601 
   138.40496537761544   199.77083630666439 
   114.02401299666307   199.77083630666439 
   132.30972728237737   210.32789185102601 
   120.11925109190116   210.32789185102601 
   101.83353680618688   199.77083630666439 
   77.452584425234519   199.77083630666439 
   95.738298710948797   210.32789185102601 
   83.547822520472607   210.32789185102601 
   65.262108234758344   199.77083630666439 
   40.881155853805964   199.77083630666439 
   59.166870139520242   210.32789185102601 
   46.976393949044052   210.32789185102601 
   28.690679663329746   199.77083630666439 
   4.3097272823773771   199.77083630666439 
   22.595441568091655   210.32789185102601 
   10.404965377615468   210.32789185102601 
   248.11925109190116   220.88494739538766 
   223.73829871094878   220.88494739538766 
   242.02401299666306   231.44200293974927 
   229.83353680618688   231.44200293974927 
   211.54782252047261   220.88494739538766 
    187.1668701395202   220.88494739538766 
   205.45258442523448   231.44200293974927 
    193.2621082347583   231.44200293974927 
   174.97639394904402   220.88494739538766 
   150.59544156809164   220.88494739538766 
   168.88115585380592   231.44200293974927 
   156.69067966332975   231.44200293974927 
   138.40496537761544   220.88494739538766 
   114.02401299666307   220.88494739538766 
   132.30972728237737   231.44200293974927 
   120.11925109190116   231.44200293974927 
   101.83353680618688   220.88494739538766 
   77.452584425234519   220.88494739538766 
   95.738298710948797   231.44200293974927 
   83.547822520472607   231.44200293974927 
   65.262108234758344   220.88494739538766 
   40.881155853805964   220.88494739538766 
   59.166870139520242   231.44200293974927 
   46.976393949044052   231.44200293974927 
   28.690679663329746   220.88494739538766 
   4.3097272823773771   220.88494739538766 
   22.595441568091655   231.44200293974927 
   10.404965377615468   231.44200293974927 
   248.11925109190116   241.99905848411083 
   223.73829871094878   241.99905848411083 
   242.02401299666306   252.55611402847245 
   229.83353680618688   252.55611402847245 
   211.54782252047261   241.99905848411083 
    187.1668701395202   241.99905848411083 
   205.45258442523448   252.55611402847245 
    193.2621082347583   252.55611402847245 
   174.97639394904402   241.99905848411083 
   150.59544156809164   241.99905848411083 
   168.88115585380592   252.55611402847245 
   156.69067966332975   252.55611402847245 
   138.40496537761547   241.99905848411083 
   114.02401299666307   241.99905848411083 
   132.30972728237737   252.55611402847245 
   120.11925109190116   252.55611402847245 
   101.83353680618688   241.99905848411083 
   77.452584425234519   241.99905848411083 
   95.738298710948797   252.55611402847245 
   83.547822520472607   252.55611402847245 
   65.262108234758344   241.99905848411083 
   40.881155853805964   241.99905848411083 
   59.166870139520242   252.55611402847245 
   46.976393949044052   252.55611402847245 
   28.690679663329746   241.99905848411083 
   4.3097272823773771   241.99905848411083 
   22.595441568091655   252.55611402847245 
   10.404965377615468   252.55611402847245 
