   10.828078420743786   16.432732188044387 
   10.828078420743786    44.87717663248884 
   23.144884163455806   23.543843299155505 
   23.144884163455806   37.766065521377726 
   10.828078420743786   59.099398854711062 
   10.828078420743786   87.543843299155498 
   23.144884163455806   66.210509965822183 
   23.144884163455806   80.432732188044383 
   10.828078420743786   101.76606552137774 
   10.828078420743786   130.21050996582218 
   23.144884163455806   108.87717663248885 
   23.144884163455806   123.09939885471107 
   10.828078420743786   144.43273218804438 
   10.828078420743786   172.87717663248884 
   23.144884163455806    151.5438432991555 
   23.144884163455806    165.7660655213777 
   10.828078420743786   187.09939885471107 
   10.828078420743786    215.5438432991555 
   23.144884163455806   194.21050996582218 
   23.144884163455806   208.43273218804438 
   10.828078420743786   229.76606552137773 
   10.828078420743786   2.2105099658222085 
   23.144884163455806   236.87717663248887 
   23.144884163455806   251.09939885471107 
   35.461689906167827   16.432732188044387 
   35.461689906167827    44.87717663248884 
   47.778495648879833   23.543843299155505 
   47.778495648879833   37.766065521377726 
   35.461689906167827   59.099398854711062 
   35.461689906167827   87.543843299155498 
   47.778495648879833   66.210509965822183 
   47.778495648879833   80.432732188044383 
   35.461689906167827   101.76606552137774 
   35.461689906167827   130.21050996582218 
   47.778495648879833   108.87717663248885 
   47.778495648879833   123.09939885471107 
   35.461689906167827   144.43273218804438 
   35.461689906167827   172.87717663248884 
   47.778495648879833    151.5438432991555 
   47.778495648879833    165.7660655213777 
   35.461689906167827   187.09939885471107 
   35.461689906167827    215.5438432991555 
   47.778495648879833   194.21050996582218 
   47.778495648879833   208.43273218804438 
   35.461689906167827   229.76606552137773 
   35.461689906167827   2.2105099658222085 
   47.778495648879833   236.87717663248887 
   47.778495648879833   251.09939885471107 
   60.095301391591867   16.432732188044387 
   60.095301391591867    44.87717663248884 
   72.412107134303881   23.543843299155505 
   72.412107134303881   37.766065521377726 
   60.095301391591867   59.099398854711062 
   60.095301391591867   87.543843299155498 
   72.412107134303881   66.210509965822183 
   72.412107134303881   80.432732188044383 
   60.095301391591867   101.76606552137774 
   60.095301391591867   130.21050996582218 
   72.412107134303881   108.87717663248885 
   72.412107134303881   123.09939885471107 
   60.095301391591867   144.43273218804438 
   60.095301391591867   172.87717663248884 
   72.412107134303881    151.5438432991555 
   72.412107134303881    165.7660655213777 
   60.095301391591867   187.09939885471107 
   60.095301391591867    215.5438432991555 
   72.412107134303881   194.21050996582218 
   72.412107134303881   208.43273218804438 
   60.095301391591867   229.76606552137773 
   60.095301391591867   2.2105099658222085 
   72.412107134303881   236.87717663248887 
   72.412107134303881   251.09939885471107 
   84.728912877015887   16.432732188044387 
   84.728912877015887    44.87717663248884 
   97.045718619727921   23.543843299155505 
   97.045718619727921   37.766065521377726 
   84.728912877015887   59.099398854711062 
   84.728912877015887   87.543843299155498 
   97.045718619727921   66.210509965822183 
   97.045718619727921   80.432732188044383 
   84.728912877015887   101.76606552137774 
   84.728912877015887   130.21050996582218 
   97.045718619727921   108.87717663248885 
   97.045718619727921   123.09939885471107 
   84.728912877015887   144.43273218804438 
   84.728912877015887   172.87717663248884 
   97.045718619727921    151.5438432991555 
   97.045718619727921    165.7660655213777 
   84.728912877015887   187.09939885471107 
   84.728912877015887    215.5438432991555 
   97.045718619727921   194.21050996582218 
   97.045718619727921   208.43273218804438 
   84.728912877015887   229.76606552137773 
   84.728912877015887   2.2105099658222085 
   97.045718619727921   236.87717663248887 
   97.045718619727921   251.09939885471107 
   109.36252436243993   16.432732188044387 
   109.36252436243993    44.87717663248884 
   121.67933010515196   23.543843299155505 
   121.67933010515196   37.766065521377726 
   109.36252436243993   59.099398854711062 
   109.36252436243993   87.543843299155498 
   121.67933010515196   66.210509965822183 
   121.67933010515196   80.432732188044383 
   109.36252436243993   101.76606552137774 
   109.36252436243993   130.21050996582218 
   121.67933010515196   108.87717663248885 
   121.67933010515196   123.09939885471107 
   109.36252436243993   144.43273218804438 
   109.36252436243993   172.87717663248884 
   121.67933010515196    151.5438432991555 
   121.67933010515196    165.7660655213777 
   109.36252436243993   187.09939885471107 
   109.36252436243993    215.5438432991555 
   121.67933010515196   194.21050996582218 
   121.67933010515196   208.43273218804438 
   109.36252436243993   229.76606552137773 
   109.36252436243993   2.2105099658222085 
   121.67933010515196   236.87717663248887 
   121.67933010515196   251.09939885471107 
   133.99613584786397   16.432732188044387 
   133.99613584786397    44.87717663248884 
   146.31294159057597   23.543843299155505 
   146.31294159057597   37.766065521377726 
   133.99613584786397   59.099398854711062 
   133.99613584786397   87.543843299155498 
   146.31294159057597   66.210509965822183 
   146.31294159057597   80.432732188044383 
   133.99613584786397   101.76606552137774 
   133.99613584786397   130.21050996582218 
   146.31294159057597   108.87717663248885 
   146.31294159057597   123.09939885471107 
   133.99613584786397   144.43273218804438 
   133.99613584786397   172.87717663248884 
   146.31294159057597    151.5438432991555 
   146.31294159057597    165.7660655213777 
   133.99613584786397   187.09939885471107 
   133.99613584786397    215.5438432991555 
   146.31294159057597   194.21050996582218 
   146.31294159057597   208.43273218804438 
   133.99613584786397   229.76606552137773 
   133.99613584786397   2.2105099658222085 
   146.31294159057597   236.87717663248887 
   146.31294159057597   251.09939885471107 
   158.62974733328798   16.432732188044387 
   158.62974733328798    44.87717663248884 
   170.94655307599999   23.543843299155505 
   170.94655307599999   37.766065521377726 
   158.62974733328798   59.099398854711062 
   158.62974733328798   87.543843299155498 
   170.94655307599999   66.210509965822183 
   170.94655307599999   80.432732188044383 
   158.62974733328798   101.76606552137774 
   158.62974733328798   130.21050996582218 
   170.94655307599999   108.87717663248885 
   170.94655307599999   123.09939885471107 
   158.62974733328798   144.43273218804438 
   158.62974733328798   172.87717663248884 
   170.94655307599999    151.5438432991555 
   170.94655307599999    165.7660655213777 
   158.62974733328798   187.09939885471107 
   158.62974733328798    215.5438432991555 
   170.94655307599999   194.21050996582218 
   170.94655307599999   208.43273218804438 
   158.62974733328798   229.76606552137773 
   158.62974733328798   2.2105099658222085 
   170.94655307599999   236.87717663248887 
   170.94655307599999   251.09939885471107 
   183.26335881871202   16.432732188044387 
   183.26335881871202    44.87717663248884 
   195.58016456142403   23.543843299155505 
   195.58016456142403   37.766065521377726 
   183.26335881871202   59.099398854711062 
   183.26335881871202   87.543843299155498 
   195.58016456142403   66.210509965822183 
   195.58016456142403   80.432732188044383 
   183.26335881871202   101.76606552137774 
   183.26335881871202   130.21050996582218 
   195.58016456142403   108.87717663248885 
   195.58016456142403   123.09939885471107 
   183.26335881871202   144.43273218804438 
   183.26335881871202   172.87717663248884 
   195.58016456142403    151.5438432991555 
   195.58016456142403    165.7660655213777 
   183.26335881871202   187.09939885471107 
   183.26335881871202    215.5438432991555 
   195.58016456142403   194.21050996582218 
   195.58016456142403   208.43273218804438 
   183.26335881871202   229.76606552137773 
   183.26335881871202   2.2105099658222085 
   195.58016456142403   236.87717663248887 
   195.58016456142403   251.09939885471107 
   207.89697030413606   16.432732188044387 
   207.89697030413606    44.87717663248884 
   220.21377604684807   23.543843299155505 
   220.21377604684807   37.766065521377726 
   207.89697030413606   59.099398854711062 
   207.89697030413606   87.543843299155498 
   220.21377604684807   66.210509965822183 
   220.21377604684807   80.432732188044383 
   207.89697030413606   101.76606552137774 
   207.89697030413606   130.21050996582218 
   220.21377604684807   108.87717663248885 
   220.21377604684807   123.09939885471107 
   207.89697030413606   144.43273218804438 
   207.89697030413606   172.87717663248884 
   220.21377604684807    151.5438432991555 
   220.21377604684807    165.7660655213777 
   207.89697030413606   187.09939885471107 
   207.89697030413606    215.5438432991555 
   220.21377604684807   194.21050996582218 
   220.21377604684807   208.43273218804438 
   207.89697030413606   229.76606552137773 
   207.89697030413606   2.2105099658222085 
   220.21377604684807   236.87717663248887 
   220.21377604684807   251.09939885471107 
    232.5305817895601   16.432732188044387 
    232.5305817895601    44.87717663248884 
   244.84738753227211   23.543843299155505 
   244.84738753227211   37.766065521377726 
    232.5305817895601   59.099398854711062 
    232.5305817895601   87.543843299155498 
   244.84738753227211   66.210509965822183 
   244.84738753227211   80.432732188044383 
    232.5305817895601   101.76606552137774 
    232.5305817895601   130.21050996582218 
   244.84738753227211   108.87717663248885 
   244.84738753227211   123.09939885471107 
    232.5305817895601   144.43273218804438 
    232.5305817895601   172.87717663248884 
   244.84738753227211    151.5438432991555 
   244.84738753227211    165.7660655213777 
    232.5305817895601   187.09939885471107 
    232.5305817895601    215.5438432991555 
   244.84738753227211   194.21050996582218 
   244.84738753227211   208.43273218804438 
    232.5305817895601   229.76606552137773 
    232.5305817895601   2.2105099658222085 
   244.84738753227211   236.87717663248887 
   244.84738753227211   251.09939885471107 
