   55.680693558539055   19.480020545435067 
   48.318729608956232   46.955244048768556 
   65.737323335414402   29.536650322310393 
   62.056341360623001   43.274262073977148 
   44.637747634164832   60.692855800435311 
   37.275783684582024   88.168079303768806 
   54.694377411040186   70.749485577310651 
   51.013395436248778   84.487097328977413 
   33.594801709790623   101.90569105543555 
   26.232837760207811   129.38091455876906 
    43.65143148666597   111.96232083231089 
   39.970449511874556   125.69993258397766 
   22.551855785416397   143.11852631043581 
   15.189891835833588   170.59374981376931 
   32.608485562291747   153.17515608731117 
   28.927503587500343   166.91276783897789 
    11.50890986104217   184.33136156543608 
   4.1469459114593636   211.80658506876958 
   21.565539637917524   194.38799134231141 
    17.88455766312612   208.12560309397816 
   59.361675533330455   5.7424087937683241 
   73.099287284997217   2.0614268189769209 
   79.474935087081136   25.855668347519003 
   72.112971137498334   53.330891850852488 
    89.53156486395649   35.912298124394326 
   85.850582889165082   49.649909876061088 
   68.431989162706927   67.068503602519243 
   61.070025213124119   94.543727105852753 
   78.488618939582281   77.125133379394569 
   74.807636964790859   90.862745131061331 
   57.389043238332718   108.28133885751949 
    50.02707928874991   135.75656236085297 
   67.445673015208044   118.33796863439483 
   63.764691040416636    132.0755803860616 
   46.346097313958488   149.49417411251977 
   38.984133364375687   176.96939761585324 
   56.402727090833828   159.55080388939507 
   52.721745116042428   173.28841564106182 
   35.303151389584265   190.70700936751999 
    27.94118744000146   218.18223287085348 
   45.359781166459605   200.76363914439534 
   41.678799191668205   214.50125089606209 
   24.260205465210056   231.91984462252023 
   83.155917061872543   12.118056595852259 
   96.893528813539291   8.4370746210608427 
   103.26917661562324   32.231316149602939 
   95.907212666040422   59.706539652936421 
   113.32580639249859   42.287945926478265 
   109.64482441770718    56.02555767814502 
   92.226230691249029   73.444151404603161 
   84.864266741666199   100.91937490793669 
   102.28286046812435   83.500781181478516 
   98.601878493332961   97.238392933145278 
   81.183284766874792   114.65698665960342 
   73.821320817291991   142.13221016293693 
   91.239914543750146   124.71361643647877 
   87.558932568958738   138.45122818814551 
   70.140338842500583   155.86982191460368 
   62.778374892917768   183.34504541793717 
   80.196968619375923   165.92645169147903 
    76.51598664458453   179.66406344314575 
    59.09739291812636   197.08265716960392 
   51.735428968543552   224.55788067293744 
     69.1540226950017    207.1392869464793 
   65.473040720210292   220.87689869814599 
   48.054446993752151   238.29549242460416 
   106.95015859041463   18.493704397936195 
    124.3687523168728   1.0751106714780354 
   120.68777034208139   14.812722423144793 
   127.06341814416531   38.606963951686872 
   119.70145419458251    66.08218745502036 
   137.12004792104068   48.663593728562198 
   133.43906594624929    62.40120548022896 
    116.0204722197911   79.819799206687122 
   108.65850827020829   107.29502271002062 
   126.07710199666646   89.876428983562448 
   122.39612002187503   103.61404073522921 
   104.97752629541688   121.03263446168737 
   97.615562345834078   148.50785796502083 
   115.03415607229223   131.08926423856272 
   111.35317409750083   144.82687599022947 
   93.934580371042671   162.24546971668761 
   86.572616421459855    189.7206932200211 
   103.99121014791801   172.30209949356296 
   100.31022817312662   186.03971124522968 
   82.891634446668448   203.45830497168788 
   75.529670497085633   230.93352847502135 
   92.948264223543788   213.51493474856323 
    89.26728224875238   227.25254650022995 
   71.848688522294239    244.6711402266881 
   130.74440011895672   24.869352200020131 
   148.16299384541489   7.4507584735619572 
    144.4820118706235   21.188370225228727 
    150.8576596727074   44.982611753770811 
   143.49569572312461   72.457835257104307 
   160.91428944958278   55.039241530646152 
   157.23330747479139   68.776853282312885 
   139.81471374833319   86.195447008771055 
    132.4527497987504   113.67067051210455 
   149.87134352520854   96.252076785646395 
   146.19036155041715   109.98968853731314 
   128.77176782395901   127.40828226377128 
   121.40980387437618   154.88350576710479 
   138.82839760083434   137.46491204064662 
   135.14741562604294   151.20252379231343 
   117.72882189958476   168.62111751877154 
   110.36685795000196   196.09634102210507 
   127.78545167646013    178.6777472956469 
   124.10446970166873   192.41535904731364 
   106.68587597521054   209.83395277377181 
   99.323912025627735   237.30917627710531 
    116.7425057520859   219.89058255064714 
   113.06152377729451   233.62819430231391 
   95.642930050836327   251.04678802877203 
   154.53864164749882   31.245000002104067 
   171.95723537395699   13.826406275645907 
    168.2762533991656   27.564018027312663 
   174.65190120124953   51.358259555854744 
   167.28993725166671   78.833483059188225 
   184.70853097812488    61.41488933273007 
   181.02754900333343   75.152501084396832 
   163.60895527687532   92.571094810854987 
   156.24699132729251    120.0463183141885 
   173.66558505375065   102.62772458773031 
   169.98460307895922   116.36533633939709 
   152.56600935250108   133.78393006585523 
   145.20404540291827   161.25915356918873 
   162.62263912937644   143.84055984273058 
   158.94165715458502   157.57817159439733 
   141.52306342812687    174.9967653208555 
   134.16109947854406     202.471988824189 
    151.5796932050022   185.05339509773083 
   147.89871123021078   198.79100684939758 
   130.48011750375264   216.20960057585575 
   123.11815355416982   243.68482407918924 
   140.53674728062796    226.2662303527311 
   136.85576530583657   240.00384210439782 
   178.33288317604092   37.620647804188003 
   195.75147690249906   20.202054077729827 
   192.07049492770767   33.939665829396596 
   198.44614272979157   57.733907357938669 
   191.08417878020876   85.209130861272172 
   208.50277250666693   67.790537134814002 
   204.82179053187554    81.52814888648075 
   187.40319680541739   98.946742612938905 
   180.04123285583455   126.42196611627243 
   197.45982658229272   109.00337238981425 
    193.7788446075013   122.74098414148101 
   176.36025088104316   140.15957786793916 
   168.99828693146034   167.63480137127266 
   186.41688065791848   150.21620764481452 
   182.73589868312709   163.95381939648126 
   165.31730495666895   181.37241312293943 
   157.95534100708613    208.8476366262729 
   175.37393473354427   191.42904289981479 
   171.69295275875285   205.16665465148148 
   154.27435903229474   222.58524837793968 
    146.9123950827119   250.06047188127317 
   164.33098880917007   232.64187815481503 
   160.65000683437864   246.37948990648175 
     202.127124704583   43.996295606271936 
   219.54571843104114   26.577701879813763 
   215.86473645624974   40.315313631480521 
   222.24038425833371   64.109555160022609 
   214.87842030875089   91.584778663356104 
   232.29701403520903   74.166184936897949 
   228.61603206041764   87.903796688564697 
   211.19743833395947   105.32239041502287 
   203.83547438437668   132.79761391835638 
   221.25406811083479   115.37902019189818 
   217.57308613604343   129.11663194356495 
   200.15449240958526    146.5352256700231 
   192.79252846000244   174.01044917335659 
   210.21112218646061   156.59185544689845 
   206.53014021166919   170.32946719856523 
   189.11154648521105   187.74806092502334 
   181.74958253562824   215.22328442835686 
   199.16817626208638   197.80469070189869 
   195.48719428729498   211.54230245356541 
   178.06860056083681   228.96089618002361 
     170.706636611254   256.43611968335711 
   188.12523033771214   239.01752595689894 
   184.44424836292077   252.75513770856568 
    225.9213662331251   50.371943408355875 
   243.33995995958324   32.953349681897699 
   239.65897798479185   46.690961433564453 
   246.03462578687581   70.485202962106541 
   238.67266183729299   97.960426465440051 
   256.09125556375113   80.541832738981881 
   252.41027358895974   94.279444490648615 
   234.99167986250157    111.6980382171068 
   227.62971591291875   139.17326172044031 
    245.0483096393769   121.75466799398212 
    241.3673276645855   135.49227974564889 
   223.94873393812736   152.91087347210703 
   216.58676998854457   180.38609697544052 
   234.00536371500269   162.96750324898238 
   230.32438174021127   176.70511500064913 
   212.90578801375312    194.1237087271073 
   205.54382406417034   221.59893223044079 
   222.96241779062845   204.18033850398263 
   219.28143581583709   217.91795025564937 
   201.86284208937889   235.33654398210757 
   211.91947186625424    245.3931737589829 
    249.7156077616672   56.747591210439808 
   41.943081806872257   23.161002520226443 
    38.26209983208085   36.898614271893202 
   251.42395744146086   145.54890952252424 
   30.900135882498031    64.37383777522669 
   27.219153907706627   78.111449526893452 
   247.74297546666946   159.28652127419096 
   240.38101151708665   186.76174477752448 
   19.857189958123822   105.58667303022695 
   16.176207983332404   119.32428478189371 
   236.70002954229523   200.49935652919123 
   229.33806559271241   227.97458003252473 
   8.8142440337495955    146.7995082852272 
   5.1332620589581923   160.53712003689395 
   225.65708361792102   241.71219178419148 
