   60.877945880643139   13.146416955855509 
   46.655723658420911   37.780028441279548 
   67.989056991754239   25.463222698567531 
   60.877945880643132   37.780028441279548 
   39.544612547309804   50.096834183991568 
   25.322390325087586   74.730445669415602 
   46.655723658420911   62.413639926703588 
   39.544612547309789   74.730445669415616 
   18.211279213976482   87.047251412127608 
    3.989056991754246   111.68086289755166 
   25.322390325087586   99.364057154839642 
   18.211279213976468   111.68086289755166 
   3.9890569917542318    136.3144743829757 
   89.322390325087582   13.146416955855509 
   103.54461254730981   13.146416955855509 
   82.211279213976468   25.463222698567531 
   67.989056991754254   50.096834183991568 
   89.322390325087582   37.780028441279548 
   82.211279213976468   50.096834183991568 
   60.877945880643139   62.413639926703588 
   46.655723658420925   87.047251412127636 
   67.989056991754239   74.730445669415616 
   60.877945880643132   87.047251412127636 
   39.544612547309818   99.364057154839628 
   25.322390325087586   123.99766864026368 
   46.655723658420925   111.68086289755165 
   39.544612547309804   123.99766864026368 
   18.211279213976468    136.3144743829757 
   3.9890569917542602   160.94808586839972 
   25.322390325087571   148.63128012568771 
   18.211279213976482   160.94808586839969 
    3.989056991754246   185.58169735382376 
   110.65572365842092   25.463222698567531 
   131.98905699175427   13.146416955855509 
   124.87794588064314   25.463222698567531 
   103.54461254730981   37.780028441279548 
   89.322390325087582   62.413639926703588 
   110.65572365842092   50.096834183991568 
   103.54461254730981   62.413639926703574 
   82.211279213976468   74.730445669415602 
   67.989056991754254   99.364057154839642 
   89.322390325087582   87.047251412127636 
   82.211279213976468   99.364057154839642 
   60.877945880643153   111.68086289755165 
   46.655723658420925   136.31447438297567 
   67.989056991754254   123.99766864026367 
   60.877945880643139   136.31447438297567 
   39.544612547309804   148.63128012568771 
   25.322390325087596   173.26489161111172 
   46.655723658420911   160.94808586839974 
   39.544612547309818   173.26489161111172 
   18.211279213976482   185.58169735382376 
   25.322390325087586   197.89850309653576 
   18.211279213976468    210.2153088392478 
   146.21127921397647   13.146416955855509 
   131.98905699175427   37.780028441279534 
   153.32239032508758   25.463222698567517 
   146.21127921397647   37.780028441279548 
   124.87794588064314   50.096834183991554 
   110.65572365842091   74.730445669415602 
   131.98905699175427   62.413639926703574 
   124.87794588064314   74.730445669415602 
   103.54461254730981   87.047251412127608 
   89.322390325087582   111.68086289755165 
   110.65572365842091   99.364057154839642 
   103.54461254730981   111.68086289755165 
   82.211279213976482   123.99766864026365 
   67.989056991754239   148.63128012568768 
   89.322390325087582   136.31447438297567 
   82.211279213976468   148.63128012568768 
   60.877945880643132   160.94808586839972 
   46.655723658420925   185.58169735382373 
   67.989056991754239   173.26489161111175 
   60.877945880643153   185.58169735382373 
   39.544612547309804   197.89850309653576 
   46.655723658420925    210.2153088392478 
   39.544612547309804    222.5321145819598 
   167.54461254730981   25.463222698567531 
   153.32239032508758   50.096834183991554 
   174.65572365842092   37.780028441279534 
   167.54461254730981   50.096834183991568 
   146.21127921397647   62.413639926703574 
   131.98905699175427   87.047251412127622 
   153.32239032508758   74.730445669415602 
   146.21127921397647   87.047251412127608 
   124.87794588064314   99.364057154839642 
   110.65572365842092   123.99766864026367 
   131.98905699175427   111.68086289755166 
   124.87794588064314   123.99766864026367 
   103.54461254730982   136.31447438297565 
   89.322390325087582   160.94808586839972 
   110.65572365842094   148.63128012568768 
   103.54461254730982   160.94808586839972 
   82.211279213976468   173.26489161111175 
   67.989056991754254   197.89850309653576 
   89.322390325087582   185.58169735382376 
   82.211279213976496   197.89850309653576 
   60.877945880643139    210.2153088392478 
    174.6557236584209   13.146416955855537 
   67.989056991754254    222.5321145819598 
   60.877945880643139   234.84892032467181 
   188.87794588064315   37.780028441279548 
   174.65572365842092   62.413639926703574 
   195.98905699175427    50.09683418399154 
   188.87794588064315   62.413639926703574 
   167.54461254730981   74.730445669415602 
   153.32239032508758   99.364057154839642 
   174.65572365842092   87.047251412127608 
   167.54461254730981   99.364057154839628 
    146.2112792139765   111.68086289755165 
   131.98905699175427   136.31447438297567 
   153.32239032508758   123.99766864026367 
   146.21127921397647   136.31447438297567 
   124.87794588064315   148.63128012568768 
   110.65572365842094   173.26489161111172 
   131.98905699175427   160.94808586839969 
   124.87794588064314   173.26489161111172 
   103.54461254730982   185.58169735382376 
   89.322390325087611   210.21530883924777 
   110.65572365842091   197.89850309653576 
   103.54461254730982   210.21530883924774 
   82.211279213976496   222.53211458195977 
   195.98905699175424   25.463222698567559 
   89.322390325087582   234.84892032467181 
   82.211279213976468   247.16572606738384 
   210.21127921397647    50.09683418399154 
   195.98905699175424   74.730445669415587 
   217.32239032508758   62.413639926703546 
   210.21127921397647   74.730445669415573 
   188.87794588064315   87.047251412127608 
    174.6557236584209   111.68086289755165 
   195.98905699175424   99.364057154839614 
   188.87794588064313   111.68086289755163 
   167.54461254730981   123.99766864026365 
   153.32239032508758   148.63128012568768 
    174.6557236584209   136.31447438297565 
   167.54461254730978   148.63128012568768 
   146.21127921397647   160.94808586839969 
   131.98905699175427   185.58169735382373 
   153.32239032508758   173.26489161111169 
   146.21127921397647   185.58169735382373 
   124.87794588064313   197.89850309653576 
   110.65572365842092   222.53211458195977 
   131.98905699175424    210.2153088392478 
   124.87794588064314   222.53211458195977 
   103.54461254730982   234.84892032467181 
   217.32239032508758   37.780028441279548 
   110.65572365842091   247.16572606738382 
   231.54461254730981    62.41363992670356 
   217.32239032508758   87.047251412127608 
   238.65572365842092   74.730445669415573 
   231.54461254730981   87.047251412127608 
   210.21127921397647   99.364057154839614 
   195.98905699175424   123.99766864026367 
   217.32239032508758   111.68086289755163 
   210.21127921397647   123.99766864026365 
   188.87794588064315   136.31447438297567 
   174.65572365842092   160.94808586839969 
   195.98905699175424   148.63128012568768 
   188.87794588064315   160.94808586839969 
   167.54461254730981   173.26489161111169 
   153.32239032508758   197.89850309653576 
   174.65572365842092   185.58169735382373 
   167.54461254730981   197.89850309653573 
   146.21127921397647    210.2153088392478 
   131.98905699175427   234.84892032467181 
   153.32239032508758    222.5321145819598 
    146.2112792139765   234.84892032467178 
   124.87794588064314   247.16572606738382 
    238.6557236584209   50.096834183991568 
   252.87794588064315   74.730445669415587 
   238.65572365842092   99.364057154839614 
   252.87794588064315   99.364057154839614 
   231.54461254730981   111.68086289755163 
   217.32239032508758   136.31447438297567 
   238.65572365842092   123.99766864026365 
   231.54461254730981   136.31447438297565 
   210.21127921397647   148.63128012568768 
   195.98905699175427   173.26489161111172 
   217.32239032508758   160.94808586839972 
   210.21127921397647   173.26489161111172 
   188.87794588064318   185.58169735382373 
   174.65572365842092   210.21530883924777 
   195.98905699175427   197.89850309653573 
   188.87794588064315   210.21530883924774 
   167.54461254730981    222.5321145819598 
   153.32239032508761   247.16572606738379 
    174.6557236584209   234.84892032467181 
   167.54461254730981   247.16572606738379 
   252.87794588064318   123.99766864026365 
   238.65572365842092   148.63128012568768 
   252.87794588064315   148.63128012568768 
   231.54461254730981   160.94808586839972 
   217.32239032508761   185.58169735382373 
   238.65572365842092   173.26489161111172 
   231.54461254730981   185.58169735382373 
   210.21127921397652   197.89850309653573 
    195.9890569917543   222.53211458195977 
   217.32239032508758   210.21530883924774 
   210.21127921397647   222.53211458195977 
   188.87794588064318   234.84892032467181 
   195.98905699175424   247.16572606738384 
