   86.602017953821559   12.636202208758233 
   110.39625948236367   6.2605544066742969 
   100.33962970548832   16.317184183549635 
   76.545388176946204   22.692831985633571 
   56.432128623195531   42.806091539384262 
    80.22637015173764    36.43044373730033 
   70.169740374862286    46.48707351417567 
   46.375498846320177   52.862721316259616 
     26.2622392925695   72.975980870010289 
   50.056480821111613   66.600333067926357 
   39.999851044236273   76.656962844801697 
    16.20560951569415   83.032610646885644 
   19.886591490485579   96.770222398552406 
   9.8299617136102402   106.82685217542773 
   147.92811276257248    3.565888579381765 
   124.13387123403041   9.9415363814657152 
   104.02061168027973   30.054795935216408 
    127.8148532088218   23.679148133132443 
   117.75822343194648   33.735777910007798 
   93.963981903404388   40.111425712091744 
   73.850722349653708   60.224685265842425 
   97.644963878195782   53.849037463758492 
   87.588334101320456   63.905667240633825 
   63.794092572778354   70.281315042717779 
   43.680833019027673   90.394574596468473 
   67.475074547569747   84.018926794384527 
   57.418444770694421   94.075556571259852 
   33.624203242152319   100.45120437334383 
   13.510943688401643   120.56446392709451 
   37.305185216943727   114.18881612501055 
   27.248555440068387   124.24544590188589 
     3.45431391152629   130.62109370396985 
   7.1352958863176932    144.3587054556366 
    151.6090947373639   17.303500331048522 
   175.40333626590601   10.927852528964586 
   165.34670648903068   20.984482305839926 
   141.55246496048855   27.360130107923876 
   121.43920540673788   47.473389661674553 
   145.23344693527997   41.097741859590606 
   135.17681715840465    51.15437163646596 
   111.38257562986254   57.530019438549893 
   91.269316076111863   77.643278992300566 
   115.06355760465395   71.267631190216647 
   105.00692782777861   81.324260967091988 
   81.212686299236509    87.69990876917592 
   61.099426745485836   107.81316832292661 
   84.893668274027902   101.43752052084268 
   74.837038497152577   111.49415029771801 
   51.042796968610482   117.86979809980197 
   30.929537414859805   137.98305765355266 
   54.723778943401882    131.6074098514687 
   44.667149166526549   141.66403962834403 
   20.872907637984451   148.03968743042802 
   24.553889612775855   161.77729918209474 
   14.497259835900515   171.83392895897006 
   189.14094801757275   14.608834503755975 
   169.02768846382205   34.722094057506666 
   192.82192999236412   28.346446255422734 
   182.76530021548879   38.403076032298074 
   158.97105868694672   44.778723834382006 
   138.85779913319604   64.891983388132701 
   162.65204066173814   58.516335586048761 
   152.59541088486279   68.572965362924108 
   128.80116935632071   74.948613165008041 
   108.68790980257002   95.061872718758735 
   132.48215133111211   88.686224916674803 
   122.42552155423675   98.742854693550129 
   98.631280025694664   105.11850249563408 
   78.518020471943984   125.23176204938477 
   102.31226200048606   118.85611424730082 
   92.255632223610732   128.91274402417616 
    68.46139069506863   135.28839182626012 
    48.34813114131795    155.4016513800108 
   72.142372669860038   149.02600357792687 
   62.085742892984705    159.0826333548022 
   38.291501364442595   165.45828115688616 
   18.178241810691919   185.57154071063684 
   41.972483339234003   179.19589290855291 
   31.915853562358674   189.25252268542823 
   206.55954174403089   32.027428230214134 
   186.44628219028021   52.140687783964829 
   210.24052371882232   45.765039981880896 
   200.18389394194696   55.821669758756229 
   176.38965241340489   62.197317560840169 
   156.27639285965421   82.310577114590856 
   180.07063438819628    75.93492931250691 
   170.01400461132096   85.991559089382264 
   146.21976308277885   92.367206891466196 
   126.10650352902817   112.48046644521689 
   149.90074505757025   106.10481864313296 
   139.84411528069492    116.1614484200083 
   116.04987375215282   122.53709622209223 
    95.93661419840214   142.65035577584291 
   119.73085572694423   136.27470797375901 
    109.6742259500689   146.33133775063433 
   85.879984421526785   152.70698555271827 
   65.766724867776105   172.82024510646895 
   89.560966396318193   166.44459730438504 
   79.504336619442867   176.50122708126037 
   55.710095090900758    182.8768748833443 
   35.596835537150078   202.99013443709498 
   59.391077065692158   196.61448663501108 
   49.334447288816833    206.6711164118864 
   223.97813547048906   49.446021956672297 
   203.86487591673836   69.559281510422991 
   227.65911744528046   63.183633708339038 
   217.60248766840513   73.240263485214399 
   193.80824613986306   79.615911287298331 
   173.69498658611238   99.729170841049026 
   197.48922811465445   93.353523038965065 
    187.4325983377791   103.41015281584041 
   163.63835680923702   109.78580061792437 
   143.52509725548634   129.89906017167505 
   167.31933878402842    123.5234123695911 
   157.26270900715306   133.58004214646647 
   133.46846747861099    139.9556899485504 
   113.35520792486031   160.06894950230108 
   137.14944945340238   153.69330170021715 
   127.09281967652704   163.74993147709245 
   103.29857814798495   170.12557927917643 
   83.185318594234275   190.23883883292712 
   106.97956012277635   183.86319103084315 
   96.922930345901008   193.91982080771848 
    73.12868881735892   200.29546860980247 
    53.01542926360824   220.40872816355315 
   76.809670792150328   214.03308036146919 
   66.753041015274988   224.08971013834454 
   241.39672919694721   66.864615683130438 
    221.2834696431965   86.977875236881118 
    245.0777111717386   80.602227434797172 
   235.02108139486324   90.658857211672526 
   211.22683986632117   97.034505013756473 
   191.11358031257049   117.14776456750715 
   214.90782184111262   110.77211676542321 
   204.85119206423724   120.82874654229856 
   181.05695053569514   127.20439434438249 
   160.94369098194448   147.31765389813319 
   184.73793251048656   140.94200609604923 
   174.68130273361123   150.99863587292458 
    150.8870612050691   157.37428367500854 
   130.77380165131842   177.48754322875922 
   154.56804317986052   171.11189542667526 
    144.5114134029852   181.16852520355062 
    120.7171718744431   187.54417300563458 
   100.60391232069242   207.65743255938526 
    124.3981538492345    201.2817847573013 
   114.34152407235916   211.33841453417665 
   90.547282543817062   217.71406233626061 
   70.434022990066381   237.82732189001129 
   94.228264518608455   231.45167408792736 
   84.171634741733129   241.50830386480268 
    238.7020633696547   104.39646896333929 
   252.43967512132144   108.07745093813068 
   228.64543359277934   114.45309874021463 
   208.53217403902866   134.56635829396532 
   232.32641556757073   128.19071049188136 
   222.26978579069541   138.24734026875672 
   198.47554426215333   144.62298807084068 
   178.36228470840263   164.73624762459136 
    202.1565262369447    158.3605998225074 
   192.09989646006937   168.41722959938275 
    168.3056549315273   174.79287740146671 
   148.19239537777659   194.90613695521736 
   171.98663690631867   188.53048915313346 
   161.93000712944334   198.58711893000878 
   138.13576560090127   204.96276673209272 
   118.02250604715057    225.0760262858434 
   141.81674757569266   218.70037848375949 
   131.76011779881733   228.75700826063482 
   107.96587627027523   235.13265606271875 
   87.852616716524551   255.24591561646946 
   111.64685824506661   248.87026781438553 
   256.12065709611284   121.81506268979744 
   246.06402731923751   131.87169246667278 
   225.95076776548683   151.98495202042346 
   249.74500929402893   145.60930421833953 
   239.68837951715355   155.66593399521486 
   215.89413798861148   162.04158179729879 
   195.78087843486082    182.1548413510495 
    219.5751199634029   175.77919354896557 
   209.51849018652752   185.83582332584092 
   185.72424865798544   192.21147112792485 
   165.61098910423479   212.32473068167553 
   189.40523063277683    205.9490828795916 
   179.34860085590151   216.00571265646693 
   155.55435932735941   222.38136045855089 
   135.44109977360873   242.49462001230157 
    159.2353413021508   236.11897221021761 
   149.17871152527547   246.17560198709293 
   125.38446999673339   252.55124978917692 
   243.36936149194497   169.40354574688163 
   233.31273171506965   179.46017552375699 
   213.19947216131894   199.57343507750767 
   236.99371368986104   193.19778727542371 
   226.93708391298571   203.25441705229906 
   203.14284238444361   209.63006485438302 
   183.02958283069293    229.7433244081337 
     206.823824359235   223.36767660604977 
   196.76719458235968    233.4243063829251 
    172.9729530538176   239.79995418500906 
   176.65393502860897    253.5375659366758 
