   130.57905343884369    4.993103853494441 
   155.21266492426773    4.993103853494441 
   142.89585918155569   12.104214964605559 
   118.26224769613167   12.104214964605559 
    93.62863621070764   26.326437186827778 
   118.26224769613167   26.326437186827793 
   105.94544195341966   33.437548297938896 
   81.311830467995605   33.437548297938896 
   56.678218982571579   47.659770520161118 
   81.311830467995605   47.659770520161132 
   68.995024725283614   54.770881631272232 
   44.361413239859573   54.770881631272218 
   19.727801754435546   68.993103853494446 
   44.361413239859587   68.993103853494475 
   32.044607497147581   76.104214964605561 
    7.410996011723527   76.104214964605561 
    7.410996011723527   90.326437186827789 
   167.52947066697973   12.104214964605545 
   142.89585918155569   26.326437186827778 
   167.52947066697973   26.326437186827764 
   155.21266492426773   33.437548297938882 
   130.57905343884369   33.437548297938896 
   105.94544195341966   47.659770520161118 
   130.57905343884369   47.659770520161118 
   118.26224769613168   54.770881631272218 
   93.628636210707626   54.770881631272232 
   68.995024725283599   68.993103853494461 
   93.628636210707626   68.993103853494461 
   81.311830467995634   76.104214964605561 
   56.678218982571593   76.104214964605561 
   32.044607497147567   90.326437186827789 
   56.678218982571593   90.326437186827789 
   44.361413239859587   97.437548297938889 
   19.727801754435546   97.437548297938903 
   19.727801754435546   111.65977052016113 
   7.4109960117235412   118.77088163127223 
   179.84627640969174    4.993103853494441 
   204.47988789511575   4.9931038534944552 
   192.16308215240377   12.104214964605545 
   179.84627640969177   33.437548297938882 
   155.21266492426773   47.659770520161103 
   179.84627640969177   47.659770520161103 
   167.52947066697976   54.770881631272218 
   142.89585918155569   54.770881631272218 
   118.26224769613168   68.993103853494446 
   142.89585918155569   68.993103853494446 
   130.57905343884372   76.104214964605561 
   105.94544195341965   76.104214964605561 
    81.31183046799562   90.326437186827789 
   105.94544195341965   90.326437186827789 
    93.62863621070764   97.437548297938889 
   68.995024725283628   97.437548297938889 
   44.361413239859587   111.65977052016112 
   68.995024725283628   111.65977052016112 
   56.678218982571622   118.77088163127223 
   32.044607497147567   118.77088163127223 
   7.4109960117235412   132.99310385349446 
   32.044607497147567   132.99310385349446 
   19.727801754435561   140.10421496460555 
   192.16308215240377   26.326437186827778 
   216.79669363782776   26.326437186827793 
   204.47988789511578   33.437548297938882 
   192.16308215240377   54.770881631272204 
   167.52947066697973   68.993103853494446 
   192.16308215240377   68.993103853494446 
   179.84627640969177   76.104214964605546 
   155.21266492426773   76.104214964605561 
   130.57905343884369   90.326437186827761 
   155.21266492426773   90.326437186827775 
   142.89585918155572   97.437548297938889 
   118.26224769613167   97.437548297938889 
    93.62863621070764   111.65977052016112 
   118.26224769613167   111.65977052016112 
   105.94544195341966   118.77088163127222 
   81.311830467995634   118.77088163127222 
   56.678218982571607   132.99310385349443 
   81.311830467995634   132.99310385349443 
   68.995024725283628   140.10421496460555 
   44.361413239859587   140.10421496460555 
   19.727801754435546    154.3264371868278 
   44.361413239859573    154.3264371868278 
   32.044607497147581   161.43754829793889 
    7.410996011723527   161.43754829793892 
   204.47988789511578   47.659770520161103 
   229.11349938053976   47.659770520161118 
   216.79669363782779   54.770881631272204 
   204.47988789511581   76.104214964605546 
   179.84627640969177   90.326437186827775 
   204.47988789511581   90.326437186827761 
   192.16308215240377   97.437548297938889 
   167.52947066697973   97.437548297938889 
   142.89585918155572   111.65977052016112 
   167.52947066697973   111.65977052016112 
   155.21266492426773   118.77088163127222 
   130.57905343884369   118.77088163127223 
   105.94544195341966   132.99310385349446 
   130.57905343884369   132.99310385349446 
   118.26224769613168   140.10421496460555 
   93.628636210707668   140.10421496460555 
   68.995024725283628    154.3264371868278 
   93.628636210707654    154.3264371868278 
   81.311830467995662   161.43754829793889 
   56.678218982571607   161.43754829793892 
   32.044607497147581   175.65977052016112 
   56.678218982571607   175.65977052016112 
   44.361413239859601   182.77088163127223 
   19.727801754435546   182.77088163127223 
   216.79669363782779   68.993103853494446 
    241.4303051232518   68.993103853494475 
   229.11349938053982   76.104214964605561 
   216.79669363782781   97.437548297938889 
   192.16308215240377    111.6597705201611 
   216.79669363782779   111.65977052016109 
   204.47988789511581    118.7708816312722 
   179.84627640969177   118.77088163127222 
   155.21266492426773   132.99310385349443 
   179.84627640969174   132.99310385349443 
   167.52947066697976   140.10421496460552 
   142.89585918155569   140.10421496460555 
   118.26224769613168    154.3264371868278 
   142.89585918155569   154.32643718682777 
   130.57905343884369   161.43754829793889 
   105.94544195341967   161.43754829793889 
   81.311830467995648   175.65977052016112 
   105.94544195341967   175.65977052016112 
   93.628636210707668    182.7708816312722 
   68.995024725283628   182.77088163127223 
   44.361413239859587   196.99310385349446 
   68.995024725283614   196.99310385349443 
   56.678218982571607   204.10421496460555 
   32.044607497147567   204.10421496460557 
   229.11349938053982   90.326437186827761 
   253.74711086596378   90.326437186827761 
   241.43030512325183   97.437548297938875 
   229.11349938053982   118.77088163127219 
   204.47988789511578    132.9931038534944 
   229.11349938053982    132.9931038534944 
   216.79669363782779   140.10421496460552 
   192.16308215240377   140.10421496460552 
   167.52947066697973   154.32643718682777 
   192.16308215240377   154.32643718682775 
   179.84627640969177   161.43754829793886 
   155.21266492426773   161.43754829793889 
   130.57905343884369   175.65977052016109 
    155.2126649242677   175.65977052016109 
   142.89585918155569   182.77088163127218 
   118.26224769613168    182.7708816312722 
   93.628636210707654    196.9931038534944 
   118.26224769613168    196.9931038534944 
   105.94544195341967   204.10421496460552 
   81.311830467995634   204.10421496460552 
   56.678218982571593   218.32643718682777 
    81.31183046799562   218.32643718682777 
   68.995024725283628   225.43754829793889 
   44.361413239859573   225.43754829793889 
   241.43030512325183   111.65977052016109 
   253.74711086596383   118.77088163127218 
   241.43030512325186   140.10421496460552 
   216.79669363782779   154.32643718682777 
   241.43030512325186   154.32643718682775 
   229.11349938053982   161.43754829793886 
   204.47988789511581   161.43754829793889 
   179.84627640969177   175.65977052016109 
   204.47988789511578   175.65977052016109 
   192.16308215240377   182.77088163127218 
   167.52947066697973    182.7708816312722 
   142.89585918155572   196.99310385349443 
   167.52947066697973    196.9931038534944 
   155.21266492426773   204.10421496460552 
   130.57905343884372   204.10421496460552 
   105.94544195341967   218.32643718682777 
   130.57905343884369   218.32643718682777 
   118.26224769613169   225.43754829793886 
   93.628636210707654   225.43754829793889 
   68.995024725283628   239.65977052016112 
    93.62863621070764   239.65977052016112 
   81.311830467995634    246.7708816312722 
   56.678218982571593   246.77088163127223 
   253.74711086596383    132.9931038534944 
   253.74711086596389   161.43754829793889 
   229.11349938053982   175.65977052016112 
   253.74711086596389   175.65977052016109 
   241.43030512325186   182.77088163127218 
   216.79669363782781    182.7708816312722 
   192.16308215240377   196.99310385349443 
   216.79669363782781    196.9931038534944 
   204.47988789511581   204.10421496460552 
   179.84627640969174   204.10421496460555 
   155.21266492426773   218.32643718682777 
   179.84627640969174   218.32643718682777 
   167.52947066697976   225.43754829793889 
   142.89585918155572   225.43754829793889 
   118.26224769613169   239.65977052016112 
   142.89585918155572   239.65977052016109 
   130.57905343884372   246.77088163127218 
   105.94544195341967   246.77088163127223 
   241.43030512325186   196.99310385349443 
   229.11349938053982   204.10421496460555 
   204.47988789511581   218.32643718682777 
   105.94544195341962   4.9931038534944268 
   93.628636210707626    12.10421496460553 
   192.16308215240377   225.43754829793889 
   167.52947066697976   239.65977052016112 
   68.995024725283571   26.326437186827764 
   56.678218982571565   33.437548297938868 
   155.21266492426776   246.77088163127223 
   32.044607497147538   47.659770520161089 
   19.727801754435532   54.770881631272189 
