   184.23841236851842   1.8511572090614581 
    208.0326538970605   8.2268050111453945 
   194.29504214539378   11.907786985936797 
   170.50080061685165    5.532139183852876 
   143.02557711351815   12.894103133435683 
   166.81981864206026   19.269750935519617 
   153.08220689039351   22.950732910311022 
   129.28796536185141   16.575085108227086 
   101.81274185851794   23.937049057809894 
      125.60698338706    30.31269685989383 
   111.86937163539325   33.993678834685248 
   88.075130106851176   27.618031032601312 
   60.599906603517674   34.979994982184117 
   84.394148132059755   41.355642784268056 
   70.656536380393021   45.036624759059457 
   46.862294851850905   38.660976956975524 
    19.38707134851742    46.02294090655834 
   43.181312877059504   52.398588708642279 
   29.443701125392757   56.079570683433666 
   5.6494595968506482   49.703922881349747 
   1.9684776220592304   63.441534633016488 
   218.08928367393585   18.283434788020749 
   190.61406017060233   25.645398737603553 
   214.40830169914443   32.021046539687489 
   200.67068994747771    35.70202851447889 
   176.87644841893558   29.326380712394972 
   149.40122491560209    36.68834466197778 
   173.19546644414422   43.063992464061712 
   159.45785469247744    46.74497443885312 
   135.66361316393534   40.369326636769181 
   108.18838966060187   47.731290586351989 
   131.98263118914394   54.106938388435928 
   118.24501943747718   57.787920363227343 
   94.450777908935095   51.412272561143411 
   66.975554405601613   58.774236510726212 
   90.769795934143687   65.149884312810144 
   77.032184182476968   68.830866287601552 
   53.237942653934851   62.455218485517619 
   25.762719150601356   69.817182435100435 
   49.556960679143437   76.192830237184367 
   35.819348927476696   79.873812211975761 
   12.025107398934598   73.498164409891842 
   8.3441254241431793   87.235776161558604 
   224.46493147601981   42.077676316562844 
   196.98970797268629   49.439640266145652 
   220.78394950122836   55.815288068229584 
   207.04633774956164   59.496270043020992 
   183.25209622101954   53.120622240937053 
   155.77687271768602   60.482586190519875 
   179.57111424622812   66.858233992603814 
   165.83350249456137   70.539215967395208 
    142.0392609660193   64.163568165311275 
    114.5640374626858   71.525532114894077 
   138.35827899122788   77.901179916978023 
   124.62066723956113   81.582161891769431 
   100.82642571101904   75.206514089685484 
   73.351202207685546   82.568478039268314 
   97.145443736227634   88.944125841352246 
   83.407831984560886    92.62510781614364 
   59.613590456018777   86.249460014059707 
   32.138366952685288   93.611423963642522 
   55.932608481227369   99.987071765726469 
   42.194996729560643   103.66805374051788 
   18.400755201018519    97.29240593843393 
   14.719773226227115   111.03001769010068 
   230.84057927810372   65.871917845104932 
   203.36535577477025   73.233881794687733 
   227.15959730331232   79.609529596771679 
   213.42198555164558   83.290511571563087 
   189.62774402310345    76.91486376947914 
   162.15252051976998   84.276827719061941 
   185.94676204831205   90.652475521145888 
   172.20915029664533   94.333457495937296 
    148.4149087681032   87.957809693853349 
   120.93968526476974    95.31977364343615 
   144.73392679331181   101.69542144552011 
   130.99631504164506   105.37640342031152 
   107.20207351310297   99.000755618227572 
   79.726850009769478   106.36271956781039 
   103.52109153831157   112.73836736989433 
   89.783479786644833   116.41934934468573 
   65.989238258102731    110.0437015426018 
   38.514014754769228   117.40566549218461 
   62.308256283311309   123.78131329426856 
   48.570644531644568   127.46229526905995 
   24.776403003102455     121.086647466976 
   21.095421028311051   134.82425921864277 
   7.3578092766443088   138.50524119343416 
   237.21622708018765   89.666159373647019 
   209.74100357685415   97.028123323229849 
   233.53524510539623   103.40377112531378 
   219.79763335372951   107.08475310010517 
   196.00339182518741   100.70910529802124 
   168.52816832185391   108.07106924760406 
   192.32240985039599   114.44671704968799 
   178.58479809872924   118.12769902447941 
   154.79055657018716   111.75205122239545 
   127.31533306685367   119.11401517197827 
   151.10957459539574   125.48966297406221 
   137.37196284372899   129.17064494885361 
   113.57772131518692   122.79499714676969 
   86.102497811853411   130.15696109635246 
    109.8967393403955   136.53260889843642 
   96.159127588728751   140.21359087322782 
   72.364886060186649   133.83794307114391 
    44.88966255685316   141.19990702072673 
   68.683904085395241   147.57555482281066 
   54.946292333728515   151.25653679760205 
   31.152050805186391   144.88088899551812 
   3.6768273018529332   152.24285294510094 
   27.471068830394987   158.61850074718487 
   13.733457078728245   162.29948272197629 
   243.59187488227158   113.46040090218912 
   216.11665137893809   120.82236485177194 
   239.91089290748016   127.19801265385586 
   226.17328115581347   130.87899462864729 
   202.37903962727131   124.50334682656334 
   174.90381612393784   131.86531077614617 
   198.69805765247995   138.24095857823008 
    184.9604459008132    141.9219405530215 
   161.16620437227107   135.54629275093757 
    133.6909808689376   142.90825670052038 
   157.48522239747967   149.28390450260429 
   143.74761064581293   152.96488647739571 
   119.95336911727085   146.58923867531178 
   92.478145613937357   153.95120262489459 
   116.27238714247943    160.3268504269785 
   102.53477539081271   164.00783240176992 
   78.740533862270595   157.63218459968598 
     51.2653103589371    164.9941485492688 
   75.059551887479174   171.36979635135273 
   61.321940135812433   175.05077832614415 
   37.527698607270338   168.67513052406022 
   10.052475103936869   176.03709447364304 
   33.846716632478923   182.41274227572697 
   20.109104880812179   186.09372425051836 
   249.96752268435554    137.2546424307312 
   222.49229918102202   144.61660638031401 
   246.28654070956412   150.99225418239791 
   232.54892895789735   154.67323615718934 
   208.75468742935527    148.2975883551054 
   181.27946392602175   155.65955230468822 
   205.07370545456388   162.03520010677218 
    191.3360937028971   165.71618208156357 
   167.54185217435503   159.34053427947961 
   140.06662867102153   166.70249822906243 
   163.86087019956361   173.07814603114639 
   150.12325844789686   176.75912800593778 
   126.32901691935477   170.38348020385382 
    98.85379341602129   177.74544415343667 
   122.64803494456336    184.1210919555206 
   108.91042319289663   187.80207393031199 
   85.116181664354514   181.42642612822806 
   57.640958161021032   188.78839007781087 
    81.43519968956312   195.16403787989483 
   67.697587937896373    198.8450198546862 
   43.903346409354263    192.4693720526023 
   16.428122906020789   199.83133600218508 
   40.222364434562841   206.20698380426904 
   26.484752682896115   209.88796577906044 
   256.34317048643948    161.0488839592733 
   228.86794698310598   168.41084790885611 
   252.66218851164805   174.78649571094005 
   238.92457675998131   178.46747768573144 
   215.13033523143923   172.09182988364753 
   187.65511172810571   179.45379383323032 
   211.44935325664778   185.82944163531425 
   197.71174150498103   189.51042361010568 
   173.91749997643896   183.13477580802174 
   146.44227647310547   190.49673975760453 
   170.23651800164754   196.87238755968849 
   156.49890624998079   200.55336953447988 
   132.70466472143872   194.17772173239598 
   105.22944121810522   201.53968568197877 
    129.0236827466473    207.9153334840627 
   115.28607099498056   211.59631545885409 
   91.491829466438475   205.22066765677016 
   64.016605963104965   212.58263160635298 
   87.810847491647039   218.95827940843691 
   74.073235739980305    222.6392613832283 
   50.278994211438196    216.2636135811444 
   22.803770708104739   223.62557753072718 
   46.598012236646781   230.00122533281115 
   32.860400484980048   233.68220730760251 
   235.24359478518991   192.20508943739819 
   245.30022456206527   202.26171921427351 
   221.50598303352314   195.88607141218964 
   194.03075953018967   203.24803536177242 
   217.82500105873174   209.62368316385636 
     204.087389307065   213.30466513864775 
   180.29314777852289   206.92901733656382 
   152.81792427518943   214.29098128614663 
   176.61216580373147   220.66662908823056 
   162.87455405206475   224.34761106302201 
   139.08031252352265   217.97196326093805 
   111.60508902018915   225.33392721052087 
   135.39933054873123    231.7095750126048 
   121.66171879706449    235.3905569873962 
   97.867477268522393   229.01490918531226 
   70.392253765188897   236.37687313489511 
   94.186495293730985   242.75252093697901 
   80.448883542064252   246.43350291177043 
   56.654642013522135   240.05785510968647 
   29.179418510188675   247.41981905926929 
   52.973660038730728   253.79546686135322 
   241.61924258727382   215.99933096594029 
   227.88163083560707   219.68031294073171 
   200.40640733227357   227.04227689031453 
   186.66879558060685   230.72325886510592 
   159.19357207727333   238.08522281468873 
   119.23133558497607   6.5184553313517197 
    105.4937238333093   10.199437306143137 
   145.45596032560658   241.76620478948013 
    117.9807368222731   249.12816873906294 
   78.018500329975822   17.561401255725944 
   64.280888578309089   21.242383230517348 
   104.24312507060634   252.80915071385436 
   36.805665074975565    28.60434718010017 
   23.068053323308824   32.285329154891556 
