   216.17256090178483   18.845947254033966 
   187.72811645734038   18.845947254033966 
   209.06144979067375   31.162752996745986 
   194.83922756845152   31.162752996745986 
   173.50589423511818   18.845947254033966 
   145.06144979067372   18.845947254033966 
   166.39478312400706   31.162752996745986 
   152.17256090178483   31.162752996745986 
   130.83922756845152   18.845947254033966 
   102.39478312400706   18.845947254033966 
   123.72811645734039   31.162752996745986 
   109.50589423511818   31.162752996745986 
   88.172560901784834   18.845947254033966 
    59.72811645734042   18.845947254033966 
   81.061449790673706   31.162752996745986 
   66.839227568451534   31.162752996745986 
   45.505894235118184   18.845947254033966 
   17.061449790673713   18.845947254033966 
   38.394783124007063   31.162752996745986 
   24.172560901784831   31.162752996745986 
   2.8392275684514781    18.84594725403398 
   230.39478312400706   18.845947254033966 
   251.72811645734035   31.162752996745972 
   237.50589423511818   31.162752996745986 
   216.17256090178483   43.479558739457993 
   187.72811645734038   43.479558739457993 
   209.06144979067375   55.796364482170013 
   194.83922756845152   55.796364482170013 
   173.50589423511818   43.479558739457993 
   145.06144979067372   43.479558739457993 
   166.39478312400706   55.796364482170013 
   152.17256090178483   55.796364482170013 
   130.83922756845152   43.479558739457993 
   102.39478312400706   43.479558739457993 
   123.72811645734039   55.796364482170013 
   109.50589423511818   55.796364482170013 
   88.172560901784834   43.479558739457993 
    59.72811645734042   43.479558739457993 
   81.061449790673706   55.796364482170013 
   66.839227568451534   55.796364482170013 
   45.505894235118184   43.479558739457993 
   17.061449790673713   43.479558739457993 
   38.394783124007063   55.796364482170013 
   24.172560901784831   55.796364482170013 
   2.8392275684514781   43.479558739458007 
   230.39478312400706   43.479558739457993 
   251.72811645734035   55.796364482169999 
   237.50589423511818   55.796364482170013 
   216.17256090178483    68.11317022488204 
   187.72811645734038    68.11317022488204 
   209.06144979067375   80.429975967594046 
   194.83922756845152   80.429975967594046 
   173.50589423511818    68.11317022488204 
   145.06144979067372    68.11317022488204 
   166.39478312400706   80.429975967594061 
   152.17256090178483   80.429975967594061 
   130.83922756845152    68.11317022488204 
   102.39478312400706    68.11317022488204 
   123.72811645734039   80.429975967594061 
   109.50589423511818   80.429975967594061 
   88.172560901784834    68.11317022488204 
    59.72811645734042    68.11317022488204 
   81.061449790673706   80.429975967594061 
   66.839227568451534   80.429975967594075 
   45.505894235118184    68.11317022488204 
   17.061449790673713    68.11317022488204 
   38.394783124007063   80.429975967594075 
   24.172560901784831   80.429975967594075 
   2.8392275684514781    68.11317022488204 
   230.39478312400706    68.11317022488204 
   251.72811645734035   80.429975967594046 
   237.50589423511818   80.429975967594046 
   216.17256090178483   92.746781710306053 
   187.72811645734041   92.746781710306053 
   209.06144979067375   105.06358745301809 
   194.83922756845152   105.06358745301809 
   173.50589423511818   92.746781710306067 
   145.06144979067372   92.746781710306067 
   166.39478312400706   105.06358745301809 
   152.17256090178483   105.06358745301809 
   130.83922756845152   92.746781710306067 
   102.39478312400706   92.746781710306067 
   123.72811645734039   105.06358745301809 
   109.50589423511818   105.06358745301809 
   88.172560901784834   92.746781710306067 
    59.72811645734042   92.746781710306081 
   81.061449790673706   105.06358745301809 
   66.839227568451534   105.06358745301809 
   45.505894235118184   92.746781710306081 
   17.061449790673713   92.746781710306081 
   38.394783124007063   105.06358745301809 
   24.172560901784831   105.06358745301809 
   2.8392275684514781   92.746781710306081 
   230.39478312400706   92.746781710306053 
   251.72811645734035   105.06358745301809 
   237.50589423511818   105.06358745301809 
   216.17256090178483   117.38039319573011 
   187.72811645734041   117.38039319573011 
   209.06144979067375   129.69719893844211 
   194.83922756845152   129.69719893844211 
   173.50589423511818   117.38039319573011 
   145.06144979067372   117.38039319573011 
   166.39478312400706   129.69719893844211 
   152.17256090178483   129.69719893844211 
   130.83922756845152   117.38039319573011 
   102.39478312400706   117.38039319573011 
   123.72811645734039   129.69719893844211 
   109.50589423511818   129.69719893844211 
   88.172560901784834   117.38039319573011 
    59.72811645734042   117.38039319573011 
   81.061449790673706   129.69719893844211 
   66.839227568451534   129.69719893844211 
   45.505894235118184   117.38039319573011 
   17.061449790673713   117.38039319573012 
   38.394783124007063   129.69719893844211 
   24.172560901784831   129.69719893844211 
   2.8392275684514781   117.38039319573012 
   230.39478312400706   117.38039319573009 
   251.72811645734035   129.69719893844211 
   237.50589423511818   129.69719893844211 
   216.17256090178483   142.01400468115412 
   187.72811645734041   142.01400468115412 
   209.06144979067375   154.33081042386613 
   194.83922756845152   154.33081042386613 
   173.50589423511818   142.01400468115412 
   145.06144979067372   142.01400468115412 
   166.39478312400706   154.33081042386613 
   152.17256090178483   154.33081042386613 
   130.83922756845152   142.01400468115412 
   102.39478312400706   142.01400468115412 
   123.72811645734039   154.33081042386613 
   109.50589423511818   154.33081042386613 
   88.172560901784834   142.01400468115412 
    59.72811645734042   142.01400468115412 
   81.061449790673706   154.33081042386613 
   66.839227568451534   154.33081042386613 
   45.505894235118184   142.01400468115412 
   17.061449790673713   142.01400468115412 
   38.394783124007063   154.33081042386613 
   24.172560901784831   154.33081042386613 
   2.8392275684514781   142.01400468115412 
   230.39478312400706   142.01400468115412 
   251.72811645734035   154.33081042386613 
   237.50589423511818   154.33081042386613 
   216.17256090178483   166.64761616657813 
   187.72811645734041   166.64761616657813 
   209.06144979067375   178.96442190929014 
   194.83922756845152   178.96442190929014 
   173.50589423511818   166.64761616657813 
   145.06144979067375   166.64761616657813 
   166.39478312400706   178.96442190929014 
   152.17256090178486   178.96442190929014 
   130.83922756845152   166.64761616657813 
   102.39478312400706   166.64761616657813 
   123.72811645734039   178.96442190929014 
   109.50589423511818   178.96442190929014 
   88.172560901784834   166.64761616657813 
    59.72811645734042   166.64761616657813 
   81.061449790673706   178.96442190929014 
   66.839227568451534   178.96442190929014 
   45.505894235118184   166.64761616657813 
   17.061449790673713   166.64761616657813 
   38.394783124007063   178.96442190929014 
   24.172560901784831   178.96442190929014 
   2.8392275684514781   166.64761616657813 
   230.39478312400706   166.64761616657813 
   251.72811645734035   178.96442190929014 
   237.50589423511818   178.96442190929014 
   216.17256090178483   191.28122765200217 
   187.72811645734041   191.28122765200217 
   209.06144979067375   203.59803339471418 
   194.83922756845152   203.59803339471418 
   173.50589423511818   191.28122765200217 
   145.06144979067375   191.28122765200217 
   166.39478312400706   203.59803339471418 
   152.17256090178486   203.59803339471418 
   130.83922756845152   191.28122765200217 
   102.39478312400706   191.28122765200217 
   123.72811645734039   203.59803339471418 
   109.50589423511818   203.59803339471418 
   88.172560901784834   191.28122765200217 
    59.72811645734042   191.28122765200217 
   81.061449790673706   203.59803339471418 
   66.839227568451534   203.59803339471418 
   45.505894235118184   191.28122765200217 
   17.061449790673713   191.28122765200217 
   38.394783124007063   203.59803339471418 
   24.172560901784831   203.59803339471418 
   2.8392275684514781   191.28122765200217 
   230.39478312400706   191.28122765200217 
   251.72811645734035   203.59803339471415 
   237.50589423511818   203.59803339471418 
   216.17256090178483   215.91483913742621 
   187.72811645734041   215.91483913742621 
   209.06144979067375   228.23164488013822 
   194.83922756845152   228.23164488013822 
   173.50589423511818   215.91483913742621 
   145.06144979067375   215.91483913742621 
   166.39478312400706   228.23164488013822 
   152.17256090178486   228.23164488013822 
   130.83922756845152   215.91483913742621 
   102.39478312400706   215.91483913742621 
   123.72811645734039   228.23164488013822 
   109.50589423511818   228.23164488013822 
   88.172560901784834   215.91483913742621 
    59.72811645734042   215.91483913742621 
   81.061449790673706   228.23164488013822 
   66.839227568451534   228.23164488013822 
   45.505894235118184   215.91483913742621 
   17.061449790673713   215.91483913742621 
   38.394783124007063   228.23164488013822 
   24.172560901784831   228.23164488013822 
   2.8392275684514781   215.91483913742624 
   230.39478312400706   215.91483913742621 
   251.72811645734035   228.23164488013822 
   237.50589423511818   228.23164488013822 
   216.17256090178483   240.54845062285025 
   187.72811645734041   240.54845062285025 
   209.06144979067372   6.5291415113219182 
   194.83922756845149   6.5291415113219182 
   173.50589423511818   240.54845062285025 
   145.06144979067375   240.54845062285025 
   166.39478312400706   6.5291415113219182 
   152.17256090178483   6.5291415113219182 
   130.83922756845152   240.54845062285025 
   102.39478312400706   240.54845062285025 
   123.72811645734038   6.5291415113219182 
   109.50589423511818   6.5291415113219182 
   88.172560901784834   240.54845062285025 
    59.72811645734042   240.54845062285025 
   81.061449790673706   6.5291415113219182 
   66.839227568451534   6.5291415113219182 
   45.505894235118184   240.54845062285025 
   17.061449790673713   240.54845062285025 
   38.394783124007049   6.5291415113219182 
   24.172560901784816   6.5291415113219182 
   2.8392275684514781   240.54845062285025 
   230.39478312400706   240.54845062285025 
   251.72811645734035    6.529141511321904 
   237.50589423511818   6.5291415113219182 
