   57.216036226516756   129.13785495888376 
   64.138702893183421   149.01595145084411 
   28.395129559850083   168.89404794280438 
   42.241316226516751   208.65143358866135 
   35.318222893183425   188.77333709670103 
   49.164409559850093    228.5295300806217 
   57.216036226516756   9.8716613309943373 
   64.138702893183421    29.74975782295467 
   28.395129559850083   49.627854314914977 
   42.241316226516751   89.385239960771898 
   35.318222893183425   69.507143468811634 
   49.164409559850093   109.26333645273229 
   99.882702893183421   129.13785495888376 
   106.80536955985009   149.01595145084411 
   71.061796226516748   168.89404794280438 
   84.907982893183416   208.65143358866135 
   77.984889559850089   188.77333709670103 
   91.831076226516757    228.5295300806217 
   99.882702893183421   9.8716613309943373 
   106.80536955985009    29.74975782295467 
   71.061796226516748   49.627854314914977 
   84.907982893183416   89.385239960771898 
   77.984889559850089   69.507143468811634 
   91.831076226516757   109.26333645273229 
   142.54936955985008   129.13785495888376 
   149.47203622651676   149.01595145084411 
   113.72846289318342   168.89404794280438 
   127.57464955985009   208.65143358866135 
   120.65155622651676   188.77333709670103 
   134.49774289318341    228.5295300806217 
   142.54936955985008   9.8716613309943373 
   149.47203622651676    29.74975782295467 
   113.72846289318342   49.627854314914977 
   127.57464955985009   89.385239960771898 
   120.65155622651676   69.507143468811634 
   134.49774289318341   109.26333645273229 
   185.21603622651674   129.13785495888376 
   192.13870289318342   149.01595145084411 
   156.39512955985009   168.89404794280438 
   170.24131622651677   208.65143358866135 
   163.31822289318342   188.77333709670103 
   177.16440955985007    228.5295300806217 
   185.21603622651674   9.8716613309943373 
   192.13870289318342    29.74975782295467 
   156.39512955985009   49.627854314914977 
   170.24131622651677   89.385239960771898 
   163.31822289318342   69.507143468811634 
   177.16440955985007   109.26333645273229 
   227.88270289318342   129.13785495888376 
   234.80536955985008   149.01595145084411 
   199.06179622651678   168.89404794280438 
   212.90798289318343   208.65143358866135 
   205.98488955985007   188.77333709670103 
   219.83107622651676    228.5295300806217 
   227.88270289318342   9.8716613309943373 
   234.80536955985008    29.74975782295467 
   199.06179622651678   49.627854314914977 
   212.90798289318343   89.385239960771898 
   205.98488955985007   69.507143468811634 
   219.83107622651676   109.26333645273229 
   14.549369559850106   129.13785495888376 
   21.472036226516757   149.01595145084411 
   241.72846289318343   168.89404794280438 
   255.57464955985009   208.65143358866135 
   248.65155622651676   188.77333709670103 
   6.4977428931834416    228.5295300806217 
   14.549369559850106   9.8716613309943373 
   21.472036226516757    29.74975782295467 
   241.72846289318343   49.627854314914977 
   255.57464955985009   89.385239960771898 
   248.65155622651676   69.507143468811634 
   6.4977428931834416   109.26333645273229 
