   95.577091020885746   63.046372306875234 
   91.633247970170686   83.722642181124556 
   50.739357195491799   83.065792055373848 
   42.851813771438046   124.41979134607411 
   46.795287317980858   103.74330813849147 
   38.908340224895234   145.09627455365677 
   35.943994206941042   166.33392580130123 
   32.000151156225954   187.01019567555053 
   102.48491058538275   21.132237851648139 
   98.541437038839945   41.808721059230784 
   132.52750824902182   84.379705640208584 
   128.58366519830673   105.05597551445787 
   87.689774423627853   104.39912538870719 
   79.802230999574093   145.75312467940745 
   83.745704546116897   125.07664147182479 
   75.858757453031288   166.42960788699008 
   72.894411435077103   187.66725913463458 
   68.950568384362001   208.34352900888385 
   28.056677609683131   207.68667888313317 
    139.4353278135188   42.465571184981464 
    143.3788013600616   21.789087977398804 
   135.49185426697599   63.142054392564106 
   169.47792547715784    105.7130389735419 
   165.53408242644278   126.38930884779121 
   124.64019165176393   125.73245872204053 
   116.75264822771014   167.08645801274076 
   120.69612177425296   146.40997480515813 
   112.80917468116733   187.76294122032343 
   109.84482866321315   209.00059246796789 
   105.90098561249806   229.67686234221719 
   65.007094837819196   229.02001221646651 
   176.38574504165484   63.798904518314778 
   180.32921858819765   43.122421310732143 
   172.44227149511204   84.475387725897434 
   206.42834270529389   127.04637230687521 
   202.48449965457883   147.72264218112451 
   161.59060887989995   147.06579205537383 
    153.7030654558462   188.41979134607411 
   157.64653900238901   167.74330813849144 
   149.75959190930337   209.09627455365674 
    146.7952458913492   230.33392580130123 
   142.85140284063411   251.01019567555053 
   101.95751206595524   250.35334554979985 
   213.33616226979089   85.132237851648114 
   217.27963581633372   64.455754644065479 
   209.39268872324806   105.80872105923076 
   243.37875993342996   148.37970564020856 
   239.43491688271487   169.05597551445786 
   198.54102610803599   168.39912538870718 
   190.65348268398225   209.75312467940745 
   194.59695623052505   189.07664147182479 
   186.71000913743944   230.42960788699008 
   183.74566311948524   251.66725913463458 
   250.28657949792697   106.46557118498144 
   254.23005304446974   85.789087977398793 
   246.34310595138413   127.14205439256411 
   58.626673792749706   41.713038973541913 
   54.682830742034639    62.38930884779122 
    235.4914433361721   189.73245872204052 
   5.9013965433019901   103.08645801274079 
   9.8448700898448021   82.409974805158129 
   1.9579229967591936   123.76294122032343 
   61.591019810703898   20.475387725897455 
