   70.714920183755822   66.179464813653794 
   72.256872751374658    87.17194956893411 
   32.586402192345815   97.121598829299458 
   35.670822900665137   139.10794122174491 
    34.12845820469375   118.11534603700531 
   37.213187596636537   160.10053640648448 
   39.846557835973137    181.3817614420249 
    41.38851040359198   202.37424619730524 
   1.7180398445631324   212.32389545767057 
   66.539185248447822   23.905644593373793 
   64.996820552476436   2.9130494086342225 
   68.081549944419223   44.898239778113378 
   111.92775543875608   77.222410738028017 
   113.46970800637492   98.214895493308347 
   73.799237447346073   108.16454475367368 
   76.883658155665387   150.15088714611909 
      75.341293459694   129.15829196137955 
   78.426022851636773   171.14348233085869 
   81.059393090973387   192.42470736639908 
   82.601345658592223   213.41719212167945 
    42.93087509956338   223.36684138204478 
   107.75202050344807   34.948590517748023 
   106.20965580747668   13.955995333008451 
   109.29438519941945   55.941185702487594 
   153.14059069375631   88.265356662402226 
   154.68254326137514   109.25784141768256 
   115.01207270234632    119.2074906780479 
   118.09649341066563   161.19383307049333 
   116.55412871469424   140.20123788575378 
   119.63885810663704   182.18642825523293 
   122.27222834597363   203.46765329077334 
   123.81418091359247   224.46013804605363 
   84.143710354563609   234.40978730641902 
   148.96485575844832   45.991536442122232 
   147.42249106247692   24.998941257382661 
   150.50722045441972    66.98413162686181 
   194.35342594875655   99.308302586776435 
   195.89537851637542   120.30078734205678 
   156.22490795734655   130.25043660242213 
    159.3093286656659   172.23677899486756 
    157.7669639696945   151.24418381012796 
   160.85169336163727   193.22937417960713 
   163.48506360097386   214.51059921514755 
   165.02701616859272   235.50308397042789 
   125.35654560956388   245.45273323079323 
   190.17769101344857   57.034482366496462 
   188.63532631747717   36.041887181756877 
   191.72005570941997   78.027077551236033 
    235.5662612037568   110.35124851115066 
   237.10821377137563     131.343733266431 
   197.43774321234679   141.29338252679636 
   200.52216392066612   183.27972491924174 
   198.97979922469472    162.2871297345022 
   202.06452861663755   204.27232010398134 
    204.6978988559741   225.55354513952173 
   206.23985142359294   246.54602989480207 
   166.56938086456415   256.49567915516747 
   231.39052626844881   68.077428290870671 
   229.84816157247741   47.084833106131086 
   232.93289096442024   89.070023475610242 
    29.50208492875559   55.136518889279571 
   31.044037496374447   76.129003644559916 
   238.65057846734712   152.33632845117054 
   241.73499917566639   194.32267084361601 
   240.19263447969496   173.33007565887641 
   26.868714689419001   33.855293853739163 
