   87.946657306172014   43.824600337883133 
   78.785785023520432   62.775601708322881 
   39.455325109136098   51.557015447029904 
   21.133340602276689   89.460464925038821 
   30.293911186034993    70.50916185570577 
   11.972770018518412   108.41176799437189 
   3.6127230255836018   128.15853461847155 
    105.4672748828651   5.1265306444503986 
   96.306704299106826   24.077833713783455 
   118.11654663679803   73.994489668509175 
   108.95567435414645   92.945491038948902 
   69.625214439762118   81.726904777655932 
   51.303229932902724   119.63035425566486 
   60.463800516661017   100.67905118633179 
   42.142659349144431   138.58165732499791 
   33.782612356209626   158.32842394909758 
   24.621740073558026   177.27942531953735 
   135.63716421349113   35.296419975076432 
    144.7977347972494   16.345116905743375 
   126.47659362973285   54.247723044409476 
   148.28643596742407    104.1643789991352 
   139.12556368477246   123.11538036957492 
   99.795103770388152   111.89679410828195 
   81.473119263528758   149.80024358629086 
   90.633689847287059   130.84894051695781 
   72.312548679770472   168.75154665562391 
   63.952501686835653   188.49831327972359 
   54.791629404184064   207.44931465016336 
   184.12903805097653   27.562859827693554 
   165.80705354411717   65.466309305702453 
   174.96762412787547   46.515006236369395 
   156.64648296035887   84.417612375035517 
   178.45632529805007   134.33426832976122 
   169.29545301539852   153.28526970020096 
   129.96499310101419   142.06668343890797 
   111.64300859415481    179.9701329169169 
   120.80357917791309   161.01882984758385 
   102.48243801039649   198.92143598624995 
    94.12239101746168   218.66820261034965 
   84.961518734810099   237.61920398078939 
    214.2989273816026   57.732749158319592 
   195.97694287474323   95.636198636328487 
    205.1375134585015   76.684895566995451 
    186.8163722909849   114.58750170566154 
   208.62621462867611   164.50415766038725 
   199.46534234602456   183.45515903082696 
   160.13488243164022   172.23657276953404 
   141.81289792478083   210.14002224754293 
   150.97346850853913   191.18871917820988 
   132.65232734102256   229.09132531687601 
   124.29228034808771   248.83809194097566 
    244.4688167122286   87.902638488945612 
   226.14683220536921   125.80608796695451 
   235.30740278912751   106.85478489762146 
   216.98626162161091   144.75739103628754 
   238.79610395930217   194.67404699101328 
   48.615895692894391   32.605712377696861 
   190.30477176226628   202.40646210016004 
   171.98278725540686   240.30991157816894 
   181.14335783916513   221.35860850883589 
   256.31672153599527   155.97597729758053 
   247.15615095223697   174.92728036691361 
