    147.6221773261895   48.101912065013231 
   133.86857411860686   64.036165506258484 
   98.781850911024193   43.020371223539932 
   71.274038286990631   74.890213445343136 
   85.027428161239939    58.95559049992562 
   57.520648412741309   90.824836390760666 
   44.334623831763501   107.73500887895796 
   30.581020624180869   123.66926232020322 
   174.56159178141661   15.257116631398416 
   160.80820190716727   31.191739576815937 
   168.95551065952284   85.052329293149285 
    155.2019074519402   100.98658273439452 
   120.11518424435754   79.970788451675986 
   92.607371620323974    111.8406306734792 
   106.36076149457328   95.906007728061653 
   78.853981746074652   127.77525361889671 
   65.667957165096851     144.685426107094 
   51.914353957514194   160.61967954833923 
   16.827630749931551   139.60388526562073 
   195.89492511474995   52.207533859534472 
   209.64831498899923   36.272910914116935 
   182.14153524050062   68.142156804951981 
   190.28884399285619   122.00274652128533 
   176.53524078527354   137.93699996253056 
   141.44851757769089   116.92120567981205 
    113.9407049536573   148.79104790161523 
   127.69409482790664   132.85642495619771 
   100.18731507940799   164.72567084703277 
    87.00129049843018   181.63584333523002 
   73.247687290847551   197.57009677647528 
   38.160964083264894   176.55430249375678 
    217.2282584480833   89.157951087670511 
   230.98164832233257   73.223328142252981 
   203.47486857383396   105.09257403308803 
   211.62217732618953   158.95316374942135 
   197.86857411860686   174.88741719066661 
   162.78185091102424   153.87162290794808 
   135.27403828699065   185.74146512975128 
   149.02742816123995   169.80684218433376 
   121.52064841274132   201.67608807516879 
   108.33462383176351    218.5862605633661 
    94.58102062418088   234.52051400461133 
   59.494297416598215    213.5047197218928 
   238.56159178141664   126.10836831580656 
   252.31498165566592   110.17374537038903 
   224.80820190716727   142.04299126122405 
   232.95551065952284    195.9035809775574 
    219.2019074519402   211.83783441880266 
   184.11518424435755   190.82204013608413 
   156.60737162032399   222.69188235788729 
    170.3607614945733   206.75725941246978 
   142.85398174607465   238.62650530330484 
   129.66795716509688   255.53667779150214 
   80.827630749931572   250.45513695002887 
   246.14153524050062   178.99340848936015 
   126.28884399285616   11.151494836877193 
   112.53524078527352   27.085748278122445 
   205.44851757769092   227.77245736422017 
   49.940704953657288   37.939796217207096 
   63.694094827906603   22.005173271789563 
   36.187315079408002   53.874419162624648 
    23.00129049843018   70.784591650821937 
   9.2476872908475443   86.718845092067184 
