    150.6632812155359   58.921929761242943 
   133.25423241271503   70.753542233871656 
   104.80234811497914   41.372731579852704 
   69.983319345289573   65.037089465438726 
   87.392257718651237   53.205064864457455 
   52.574380971927923   76.869114066420011 
   35.460984587164816   89.790292109025614 
   18.051935784343922   101.62190458165435 
   220.00464474335024   10.504369232070035 
   185.18561597366067   34.168727117656054 
   202.59455434702232   22.336702516674773 
   167.77667760029902   46.000751718637332 
   161.70622713991011   100.13476501624318 
   144.29717833708924   111.96637748887193 
   115.84529403935338   82.585566834852955 
   81.026265269663796   106.24992472043897 
   98.435203643025446   94.417900119457713 
   63.617326896302131   118.08194932142027 
   46.503930511539032   131.00312736402586 
   29.094881708718148   142.83473983665462 
   231.04759066772448   51.717204487070269 
   196.22856189803488    75.38156237265629 
   213.63750027139653   63.549537771675013 
   178.81962352467323   87.213586973637575 
   172.74917306428435   141.34760027124346 
   155.34012426146344   153.17921274387217 
   126.88823996372759   123.79840208985318 
   92.069211194038004   147.46275997543924 
   109.47814956739965   135.63073537445794 
   74.660272820676354   159.29478457642054 
   57.546876435913255   172.21596261902613 
   40.137827633092364   184.04757509165486 
   242.09053659209869   92.930039742070505 
   207.27150782240909   116.59439762765655 
   224.68044619577077   104.76237302667526 
   189.86256944904747   128.42642222863785 
   183.79211898865856   182.56043552624368 
   166.38307018583768   194.39204799887241 
   137.93118588810179   165.01123734485347 
   103.11215711841223   188.67559523043948 
   120.52109549177389   176.84357062945821 
   85.703218745050577   200.50761983142075 
   68.589822360287471   213.42879787402634 
   51.180773557466573   225.26041034665511 
    253.1334825164729   134.14287499707078 
   218.31445374678336   157.80723288265682 
   235.72339212014498   145.97520828167552 
   200.90551537342168   169.63925748363809 
   194.83506491303277   223.77327078124395 
   177.42601611021192   235.60488325387266 
   148.97413181247603   206.22407259985371 
   114.15510304278644   229.88843048543976 
   131.56404141614809   218.05640588445846 
     96.7461646694248   241.72045508642105 
   79.632768284661694   254.64163312902664 
   229.35739967115754   199.02006813765706 
   246.76633804451919   187.18804353667576 
   211.94846129779589   210.85209273863836 
   139.62033529116167   17.709094506242678 
    122.2112864883408   29.540706978871427 
   160.01707773685024   247.43690785485396 
   58.940373420915364   23.824254210438518 
      76.349311794277   11.992229609457222 
   41.531435047553707   35.656278811419796 
   24.418038662790604   48.577456854025364 
   7.0089898599697094   60.409069326654112 
   156.73373167592482   4.7879164636371119 
