   147.38327526691239   42.018576613216986 
   127.50517877495207   48.941243279883658 
   107.62708228299172   13.197669946550317 
   67.869696637134794   27.043856613216985 
   87.747793129095129   20.120763279883658 
   47.991600145174473   33.966949946550308 
   28.117081639022985   42.018576613216986 
   246.77137240284148   48.941243279883658 
   226.89327591088113   13.197669946550317 
   187.13589026502422   27.043856613216985 
   207.01398675698454   20.120763279883658 
   167.25779377306387   33.966949946550308 
   147.38327526691239    84.68524327988365 
   127.50517877495207   91.607909946550322 
   107.62708228299174   55.864336613216985 
   67.869696637134808   69.710523279883645 
   87.747793129095129   62.787429946550319 
   47.991600145174473   76.633616613217001 
   28.117081639022985   84.685243279883665 
   246.77137240284148   91.607909946550322 
   226.89327591088113   55.864336613216985 
   187.13589026502422   69.710523279883645 
   207.01398675698454   62.787429946550311 
   167.25779377306387   76.633616613216986 
   147.38327526691239   127.35190994655032 
   127.50517877495207   134.27457661321699 
   107.62708228299174   98.531003279883649 
   67.869696637134808   112.37718994655032 
   87.747793129095143   105.45409661321699 
   47.991600145174473   119.30028327988366 
   28.117081639022985   127.35190994655032 
   246.77137240284148   134.27457661321696 
   226.89327591088113   98.531003279883635 
   187.13589026502422   112.37718994655032 
   207.01398675698454   105.45409661321699 
   167.25779377306387   119.30028327988366 
   147.38327526691239   170.01857661321696 
   127.50517877495207   176.94124327988365 
   107.62708228299174   141.19766994655032 
   67.869696637134808     155.043856613217 
   87.747793129095143   148.12076327988365 
   47.991600145174473    161.9669499465503 
   28.117081639022985   170.01857661321696 
   246.77137240284148   176.94124327988365 
   226.89327591088113   141.19766994655032 
   187.13589026502422     155.043856613217 
   207.01398675698454   148.12076327988365 
   167.25779377306387    161.9669499465503 
   147.38327526691239   212.68524327988365 
   127.50517877495207   219.60790994655031 
   107.62708228299174   183.86433661321701 
   67.869696637134808   197.71052327988366 
   87.747793129095157    190.7874299465503 
   47.991600145174473   204.63361661321699 
   28.117081639022985   212.68524327988365 
   246.77137240284148   219.60790994655031 
   226.89327591088113   183.86433661321701 
   187.13589026502424   197.71052327988366 
   207.01398675698454    190.7874299465503 
    167.2577937730639   204.63361661321699 
   147.38327526691239   255.35190994655034 
   127.50517877495206   6.2745766132169898 
   107.62708228299175   226.53100327988369 
   67.869696637134808   240.37718994655035 
   87.747793129095157   233.45409661321699 
   47.991600145174473   247.30028327988367 
   28.117081639022999   255.35190994655034 
   246.77137240284148   6.2745766132169898 
   226.89327591088113   226.53100327988369 
   187.13589026502424   240.37718994655035 
   207.01398675698454   233.45409661321699 
    167.2577937730639   247.30028327988367 
