   65.911564657845418   3.9708759108854488 
   46.315646715580002   15.284584409870222 
   57.629355214564761   34.880502352135629 
   61.770459936205086   19.425689131510545 
   42.174541993939677   30.739397630495304 
   38.033437272299338   46.194210851120388 
   49.347145771284097   65.790128793385819 
   53.488250492924422   50.335315572760713 
   33.892332550659013   61.649024071745487 
   29.751227829018674   77.103837292370571 
   41.064936328003434   96.699755234635987 
   45.206041049643758   81.244942014010903 
    25.61012310737835   92.558650512995669 
   21.469018385738011   108.01346373362077 
    32.78272688472277   127.60938167588618 
   36.923831606363095   112.15456845526109 
   17.327913664097686   123.46827695424587 
   13.186808942457347   138.92309017487096 
   24.500517441442092   158.51900811713639 
   28.641622163082431   143.06419489651128 
    9.045704220817008   154.37790339549605 
   4.9045994991766833   169.83271661612113 
   16.218307998161443   189.42863455838656 
   20.359412719801767   173.97382133776145 
   7.9360985548807781   220.33826099963673 
   12.077203276521102   204.88344777901165 
   96.821191099095614   12.253085354166112 
   81.366377878470516    8.111980632525789 
   77.225273156830184   23.566793853150887 
   88.538981655814936   43.162711795416307 
   92.680086377455282   27.707898574791212 
   73.084168435189838   39.021607073775968 
    68.94306371354952   54.476420294401052 
   80.256772212534287   74.072338236666482 
   84.397876934174619   58.617525016041391 
   64.801958991909189    69.93123351502615 
   60.660854270268857   85.386046735651249 
   71.974562769253623   104.98196467791665 
   76.115667490893955   89.527151457291566 
   56.519749548628532   100.84085995627633 
   52.378644826988193   116.29567317690143 
   63.692353325972967   135.89159111916686 
   67.833458047613291   120.43677789854175 
   48.237540105347868   131.75048639752654 
   44.096435383707529   147.20529961815163 
   55.410143882692289   166.80121756041706 
   59.551248604332628   151.34640433979197 
    39.95533066206719   162.66011283877674 
   35.814225940426866    178.1149260594018 
   47.127934439411639   197.71084400166723 
   51.269039161051964   182.25603078104214 
   31.673121218786541   193.56973928002691 
   27.532016497146198   209.02455250065196 
   38.845724996130976   228.62047044291739 
     42.9868297177713   213.16565722229231 
   23.390911775505877   224.47936572127708 
    127.7308175403458   20.535294797446777 
   131.87192226198613   5.0804815768216791 
    112.2760043197207   16.394190075806449 
   108.13489959808037   31.849003296431551 
   119.44860809706513   51.444921238696971 
   123.58971281870546   35.990108018071872 
   103.99379487644003   47.303816517056632 
   99.852690154799717   62.758629737681716 
   111.16639865378447   82.354547679947146 
   115.30750337542482   66.899734459322062 
   95.711585433159371   78.213442958306814 
   91.570480711519039   93.668256178931898 
   102.88418921050381   113.26417412119731 
   107.02529393214415    97.80936090057223 
   87.429375989878707     109.123069399557 
    83.28827126823839   124.57788262018209 
   94.601979767223142   144.17380056244752 
   98.743084488863488   128.71898734182241 
   79.147166546598044   140.03269584080718 
   75.006061824957712   155.48750906143229 
   86.319770323942478   175.08342700369772 
    90.46087504558281   159.62861378307261 
    70.86495710331738   170.94232228205738 
   66.723852381677062   186.39713550268246 
   78.037560880661815   205.99305344494792 
   82.178665602302161   190.53824022432281 
   62.582747660036723   201.85194872330757 
   58.441642938396399   217.30676194393263 
   69.755351437381151   236.90267988619806 
   73.896456159021497   221.44786666557297 
    54.30053821675606   232.76157516455771 
   147.32673548261124   9.2215862984620038 
   158.64044398159595   28.817504240727441 
   162.78154870323627   13.362691020102343 
   143.18563076097089   24.676399519087116 
   139.04452603933055   40.131212739712211 
   150.35823453831532    59.72713068197762 
   154.49933925995563   44.272317461352536 
   134.90342131769023   55.586025960337295 
   130.76231659604989   71.040839180962379 
   142.07602509503462   90.636757123227795 
   146.21712981667497   75.181943902602711 
   126.62121187440955   86.495652401587478 
   122.48010715276924   101.95046562221258 
   133.79381565175399   121.54638356447798 
   137.93492037339431   106.09157034385289 
    118.3390024311289   117.40527884283766 
   114.19789770948857   132.86009206346273 
   125.51160620847331   152.45601000572816 
   129.65271093011364   137.00119678510308 
   110.05679298784823   148.31490528408784 
   105.91568826620791   163.76971850471293 
   117.22939676519263   183.36563644697839 
   121.37050148683298   167.91082322635327 
   101.77458354456756   179.22453172533807 
   97.633478822927245   194.67934494596312 
   108.94718732191197   214.27526288822855 
   113.08829204355231   198.82044966760347 
   93.492374101286899   210.13415816658824 
   89.351269379646581   225.58897138721329 
   100.66497787863132   245.18488932947872 
   104.80608260027165   229.73007610885364 
   85.210164658006249    241.0437846078384 
   178.23636192386141   17.503795741742668 
   189.55007042284615   37.099713684008101 
   193.69117514448649   21.644900463383006 
   174.09525720222106   32.958608962367762 
   169.95415248058072   48.413422182992861 
   181.26786097956551   68.009340125258291 
   185.40896570120583     52.5545269046332 
    165.8130477589404   63.868235403617952 
   161.67194303730008   79.323048624243043 
   172.98565153628485   98.918966566508487 
   177.12675625792517   83.464153345883389 
   157.53083831565974   94.777861844868141 
   153.38973359401939   110.23267506549323 
   164.70344209300418   129.82859300775866 
    168.8445468146445   114.37377978713356 
   149.24862887237907   125.68748828611831 
   145.10752415073875   141.14230150674342 
   156.42123264972349   160.73821944900885 
   160.56233737136384   145.28340622838374 
   140.96641942909841   156.59711472736851 
   136.82531470745806   172.05192794799362 
   148.13902320644286   191.64784589025905 
   152.28012792808317   176.19303266963394 
   132.68420998581774    187.5067411686187 
   128.54310526417743   202.96155438924379 
   139.85681376316219   222.55747233150922 
   143.99791848480251    207.1026591108841 
   124.40200054253708   218.41636760986887 
   120.26089582089676   233.87118083049398 
   131.57460431988153   253.46709877275941 
   135.71570904152185    238.0122855521343 
   116.11979109925642   249.32599405111907 
   209.14598836511161   25.786005185023331 
   220.45969686409634   45.381923127288765 
   224.60080158573669    29.92710990666367 
   205.00488364347126    41.24081840564844 
   200.86377892183091   56.695631626273538 
   212.17748742081571   76.291549568538969 
   216.31859214245603   60.836736347913863 
    196.7226742001906   72.150444846898623 
   192.58156947855028   87.605258067523707 
   203.89527797753505   107.20117600978915 
   208.03638269917536   91.746362789164039 
   188.44046475690996   103.06007128814881 
   184.29936003526959   118.51488450877389 
   195.61306853425435   138.11080245103932 
   199.75417325589473   122.65598923041422 
   180.15825531362927   133.96969772939897 
   176.01715059198895   149.42451095002406 
   187.33085909097369   169.02042889228952 
   191.47196381261404   153.56561567166443 
   171.87604587034858    164.8793241706492 
   167.73494114870826   180.33413739127428 
   179.04864964769303   199.93005533353971 
   183.18975436933337   184.47524211291463 
   163.59383642706794   195.78895061189939 
   159.45273170542762   211.24376383252442 
   170.76644020441239   230.83968177478988 
   174.90754492605271    215.3848685541648 
   155.31162698378731   226.69857705314956 
   151.17052226214696   242.15339027377462 
   166.62533548277207   246.29449499541496 
    240.0556148063618   34.068214628304013 
   251.36932330534657   53.664132570569429 
   255.51042802698689   38.209319349944337 
   235.91451008472146   49.523027848929104 
   231.77340536308111   64.977841069554202 
   243.08711386206588   84.573759011819632 
   247.22821858370622   69.118945791194548 
   227.63230064144079   80.432654290179286 
   223.49119591980048   95.887467510804385 
   234.80490441878524   115.48338545306981 
   238.94600914042556   100.02857223244472 
   219.35009119816013   111.34228073142948 
   215.20898647651981   126.79709395205457 
   226.52269497550458   146.39301189431998 
   230.66379969714492    130.9381986736949 
   211.06788175487949   142.25190717267964 
   206.92677703323915   157.70672039330475 
   218.24048553222391   177.30263833557018 
   222.38159025386423   161.84782511494507 
    202.7856723115988   173.16153361392983 
   198.64456758995846   188.61634683455495 
   209.95827608894322   208.21226477682038 
   214.09938081058357   192.75745155619526 
   194.50346286831814   204.07116005518003 
   190.36235814667782   219.52597327580514 
   201.67606664566259   239.12189121807057 
    205.8171713673029   223.66707799744546 
   186.22125342503747   234.98078649643023 
   182.08014870339716   250.43559971705528 
   197.53496192402227   254.57670443869563 
   26.719728773314564   26.598292908854965 
   30.860833494954889   11.143479688229883 
   254.40082236105061   104.16967695408503 
   18.437519330033901   57.507919350105148 
   22.578624051674225   42.053106129480049 
   250.25971763941027   119.62449017471013 
   246.11861291776995   135.07930339533519 
   10.155309886753237   88.417545791355309 
   14.296414608393562   72.962732570730239 
   241.97750819612963    150.5341166159603 
   237.83640347448929   165.98892983658538 
   1.8731004434725738   119.32717223260552 
    6.014205165112898   103.87235901198042 
   233.69529875284894    181.4437430572105 
    229.5541940312086   196.89855627783558 
   225.41308930956828   212.35336949846069 
   221.27198458792796   227.80818271908578 
   217.13087986628761   243.26299593971089 
