   28.920097784532089   29.843417405190142 
   44.920097784532082   45.843417405190145 
   44.920097784532082   29.843417405190142 
   28.920097784532089   45.843417405190145 
   28.920097784532089   61.843417405190138 
   44.920097784532082   77.843417405190152 
   44.920097784532082   61.843417405190138 
   28.920097784532089   77.843417405190152 
   28.920097784532089   93.843417405190138 
   44.920097784532082   109.84341740519015 
   44.920097784532082   93.843417405190138 
   28.920097784532089   109.84341740519015 
   28.920097784532089   125.84341740519014 
   44.920097784532082   141.84341740519014 
   44.920097784532082   125.84341740519014 
   28.920097784532089   141.84341740519014 
   28.920097784532089   157.84341740519014 
   44.920097784532082   173.84341740519014 
   44.920097784532082   157.84341740519014 
   28.920097784532089   173.84341740519014 
   28.920097784532089   189.84341740519017 
   44.920097784532082   205.84341740519017 
   44.920097784532082   189.84341740519017 
   28.920097784532089   205.84341740519017 
   28.920097784532089   221.84341740519014 
   44.920097784532082   237.84341740519014 
   44.920097784532082   221.84341740519014 
   28.920097784532089   237.84341740519014 
   28.920097784532089   253.84341740519014 
   44.920097784532082   13.843417405190163 
   44.920097784532082   253.84341740519014 
   28.920097784532089   13.843417405190163 
   60.920097784532075   29.843417405190142 
   76.920097784532089   45.843417405190145 
   76.920097784532089   29.843417405190142 
   60.920097784532075   45.843417405190145 
   60.920097784532075   61.843417405190138 
   76.920097784532089   77.843417405190152 
   76.920097784532089   61.843417405190138 
   60.920097784532075   77.843417405190152 
   60.920097784532075   93.843417405190138 
   76.920097784532089   109.84341740519015 
   76.920097784532089   93.843417405190138 
   60.920097784532075   109.84341740519015 
   60.920097784532075   125.84341740519014 
   76.920097784532089   141.84341740519014 
   76.920097784532089   125.84341740519014 
   60.920097784532075   141.84341740519014 
   60.920097784532075   157.84341740519014 
   76.920097784532089   173.84341740519014 
   76.920097784532089   157.84341740519014 
   60.920097784532075   173.84341740519014 
   60.920097784532075   189.84341740519017 
   76.920097784532089   205.84341740519017 
   76.920097784532089   189.84341740519017 
   60.920097784532075   205.84341740519017 
   60.920097784532075   221.84341740519014 
   76.920097784532089   237.84341740519014 
   76.920097784532089   221.84341740519014 
   60.920097784532075   237.84341740519014 
   60.920097784532075   253.84341740519014 
   76.920097784532089   13.843417405190163 
   76.920097784532089   253.84341740519014 
   60.920097784532075   13.843417405190163 
   92.920097784532089   29.843417405190142 
    108.9200977845321   45.843417405190145 
    108.9200977845321   29.843417405190142 
   92.920097784532089   45.843417405190145 
   92.920097784532089   61.843417405190138 
    108.9200977845321   77.843417405190152 
    108.9200977845321   61.843417405190138 
   92.920097784532089   77.843417405190152 
   92.920097784532089   93.843417405190138 
    108.9200977845321   109.84341740519015 
    108.9200977845321   93.843417405190138 
   92.920097784532089   109.84341740519015 
   92.920097784532089   125.84341740519014 
    108.9200977845321   141.84341740519014 
    108.9200977845321   125.84341740519014 
   92.920097784532089   141.84341740519014 
   92.920097784532089   157.84341740519014 
    108.9200977845321   173.84341740519014 
    108.9200977845321   157.84341740519014 
   92.920097784532089   173.84341740519014 
   92.920097784532089   189.84341740519017 
    108.9200977845321   205.84341740519017 
    108.9200977845321   189.84341740519017 
   92.920097784532089   205.84341740519017 
   92.920097784532089   221.84341740519014 
    108.9200977845321   237.84341740519014 
    108.9200977845321   221.84341740519014 
   92.920097784532089   237.84341740519014 
   92.920097784532089   253.84341740519014 
    108.9200977845321   13.843417405190163 
    108.9200977845321   253.84341740519014 
   92.920097784532089   13.843417405190163 
   124.92009778453208   29.843417405190142 
   140.92009778453209   45.843417405190145 
   140.92009778453209   29.843417405190142 
   124.92009778453208   45.843417405190145 
   124.92009778453208   61.843417405190138 
   140.92009778453209   77.843417405190152 
   140.92009778453209   61.843417405190138 
   124.92009778453208   77.843417405190152 
   124.92009778453208   93.843417405190138 
   140.92009778453209   109.84341740519015 
   140.92009778453209   93.843417405190138 
   124.92009778453208   109.84341740519015 
   124.92009778453208   125.84341740519014 
   140.92009778453209   141.84341740519014 
   140.92009778453209   125.84341740519014 
   124.92009778453208   141.84341740519014 
   124.92009778453208   157.84341740519014 
   140.92009778453209   173.84341740519014 
   140.92009778453209   157.84341740519014 
   124.92009778453208   173.84341740519014 
   124.92009778453208   189.84341740519017 
   140.92009778453209   205.84341740519017 
   140.92009778453209   189.84341740519017 
   124.92009778453208   205.84341740519017 
   124.92009778453208   221.84341740519014 
   140.92009778453209   237.84341740519014 
   140.92009778453209   221.84341740519014 
   124.92009778453208   237.84341740519014 
   124.92009778453208   253.84341740519014 
   140.92009778453209   13.843417405190163 
   140.92009778453209   253.84341740519014 
   124.92009778453208   13.843417405190163 
   156.92009778453209   29.843417405190142 
   172.92009778453209   45.843417405190145 
   172.92009778453209   29.843417405190142 
   156.92009778453209   45.843417405190145 
   156.92009778453209   61.843417405190138 
   172.92009778453209   77.843417405190152 
   172.92009778453209   61.843417405190138 
   156.92009778453209   77.843417405190152 
   156.92009778453209   93.843417405190138 
   172.92009778453209   109.84341740519015 
   172.92009778453209   93.843417405190138 
   156.92009778453209   109.84341740519015 
   156.92009778453209   125.84341740519014 
   172.92009778453209   141.84341740519014 
   172.92009778453209   125.84341740519014 
   156.92009778453209   141.84341740519014 
   156.92009778453209   157.84341740519014 
   172.92009778453209   173.84341740519014 
   172.92009778453209   157.84341740519014 
   156.92009778453209   173.84341740519014 
   156.92009778453209   189.84341740519017 
   172.92009778453209   205.84341740519017 
   172.92009778453209   189.84341740519017 
   156.92009778453209   205.84341740519017 
   156.92009778453209   221.84341740519014 
   172.92009778453209   237.84341740519014 
   172.92009778453209   221.84341740519014 
   156.92009778453209   237.84341740519014 
   156.92009778453209   253.84341740519014 
   172.92009778453209   13.843417405190163 
   172.92009778453209   253.84341740519014 
   156.92009778453209   13.843417405190163 
   188.92009778453212   29.843417405190142 
   204.92009778453212   45.843417405190145 
   204.92009778453212   29.843417405190142 
   188.92009778453212   45.843417405190145 
   188.92009778453212   61.843417405190138 
   204.92009778453212   77.843417405190152 
   204.92009778453212   61.843417405190138 
   188.92009778453212   77.843417405190152 
   188.92009778453212   93.843417405190138 
   204.92009778453212   109.84341740519015 
   204.92009778453212   93.843417405190138 
   188.92009778453212   109.84341740519015 
   188.92009778453212   125.84341740519014 
   204.92009778453212   141.84341740519014 
   204.92009778453212   125.84341740519014 
   188.92009778453212   141.84341740519014 
   188.92009778453212   157.84341740519014 
   204.92009778453212   173.84341740519014 
   204.92009778453212   157.84341740519014 
   188.92009778453212   173.84341740519014 
   188.92009778453212   189.84341740519017 
   204.92009778453212   205.84341740519017 
   204.92009778453212   189.84341740519017 
   188.92009778453212   205.84341740519017 
   188.92009778453212   221.84341740519014 
   204.92009778453212   237.84341740519014 
   204.92009778453212   221.84341740519014 
   188.92009778453212   237.84341740519014 
   188.92009778453212   253.84341740519014 
   204.92009778453212   13.843417405190163 
   204.92009778453212   253.84341740519014 
   188.92009778453212   13.843417405190163 
   220.92009778453209   29.843417405190142 
   236.92009778453209   45.843417405190145 
   236.92009778453209   29.843417405190142 
   220.92009778453209   45.843417405190145 
   220.92009778453209   61.843417405190138 
   236.92009778453209   77.843417405190152 
   236.92009778453209   61.843417405190138 
   220.92009778453209   77.843417405190152 
   220.92009778453209   93.843417405190138 
   236.92009778453209   109.84341740519015 
   236.92009778453209   93.843417405190138 
   220.92009778453209   109.84341740519015 
   220.92009778453209   125.84341740519014 
   236.92009778453209   141.84341740519014 
   236.92009778453209   125.84341740519014 
   220.92009778453209   141.84341740519014 
   220.92009778453209   157.84341740519014 
   236.92009778453209   173.84341740519014 
   236.92009778453209   157.84341740519014 
   220.92009778453209   173.84341740519014 
   220.92009778453209   189.84341740519017 
   236.92009778453209   205.84341740519017 
   236.92009778453209   189.84341740519017 
   220.92009778453209   205.84341740519017 
   220.92009778453209   221.84341740519014 
   236.92009778453209   237.84341740519014 
   236.92009778453209   221.84341740519014 
   220.92009778453209   237.84341740519014 
   220.92009778453209   253.84341740519014 
   236.92009778453209   13.843417405190163 
   236.92009778453209   253.84341740519014 
   220.92009778453209   13.843417405190163 
   252.92009778453209   29.843417405190142 
   12.920097784532084   45.843417405190145 
   12.920097784532084   29.843417405190142 
   252.92009778453209   45.843417405190145 
   252.92009778453209   61.843417405190138 
   12.920097784532084   77.843417405190152 
   12.920097784532084   61.843417405190138 
   252.92009778453209   77.843417405190152 
   252.92009778453209   93.843417405190138 
   12.920097784532084   109.84341740519015 
   12.920097784532084   93.843417405190138 
   252.92009778453209   109.84341740519015 
   252.92009778453209   125.84341740519014 
   12.920097784532084   141.84341740519014 
   12.920097784532084   125.84341740519014 
   252.92009778453209   141.84341740519014 
   252.92009778453209   157.84341740519014 
   12.920097784532084   173.84341740519014 
   12.920097784532084   157.84341740519014 
   252.92009778453209   173.84341740519014 
   252.92009778453209   189.84341740519017 
   12.920097784532084   205.84341740519017 
   12.920097784532084   189.84341740519017 
   252.92009778453209   205.84341740519017 
   252.92009778453209   221.84341740519014 
   12.920097784532084   237.84341740519014 
   12.920097784532084   221.84341740519014 
   252.92009778453209   237.84341740519014 
   252.92009778453209   253.84341740519014 
   12.920097784532084   13.843417405190163 
   12.920097784532084   253.84341740519014 
   252.92009778453209   13.843417405190163 
