    69.78135531600276   4.0965775408996503 
   75.637761776553788   25.952984001450666 
   83.637761776553774   12.096577540899654 
   61.781355316002774   17.952984001450663 
   53.781355316002774   31.809390462001691 
   59.637761776553781   53.665796922552722 
   67.637761776553788   39.809390462001694 
   45.781355316002767   45.665796922552715 
   37.781355316002767   59.522203383103729 
   43.637761776553788   81.378609843654743 
   51.637761776553774   67.522203383103729 
   29.781355316002774   73.378609843654743 
    21.78135531600277   87.235016304205772 
   27.637761776553781   109.09142276475679 
   35.637761776553781   95.235016304205757 
   13.781355316002767    101.0914227647568 
   5.7813553160027631   114.94782922530783 
   11.637761776553772   136.80423568585886 
   19.637761776553777   122.94782922530781 
   3.6377617765537833   150.66064214640983 
    119.3505746976558   14.240171080348633 
   105.49416823710479   6.2401710803486301 
   97.494168237104788   20.096577540899641 
   103.35057469765582   41.952984001450659 
   111.35057469765582   28.096577540899645 
   89.494168237104802   33.952984001450659 
   81.494168237104802    47.80939046200168 
   87.350574697655816   69.665796922552715 
    95.35057469765583   55.809390462001687 
   73.494168237104788   61.665796922552708 
   65.494168237104802   75.522203383103729 
   71.350574697655816   97.378609843654743 
   79.350574697655816   83.522203383103729 
   57.494168237104802   89.378609843654729 
   49.494168237104795   103.23501630420576 
   55.350574697655823    125.0914227647568 
   63.350574697655823   111.23501630420577 
   41.494168237104795   117.09142276475679 
   33.494168237104788   130.94782922530783 
   39.350574697655816   152.80423568585883 
   47.350574697655816   138.94782922530783 
   25.494168237104784   144.80423568585883 
   17.494168237104795   158.66064214640986 
   23.350574697655819   180.51704860696086 
   31.350574697655823   166.66064214640986 
   9.4941682371047929   172.51704860696086 
   1.4941682371048031   186.37345506751186 
    15.35057469765583   194.37345506751188 
   141.20698115820684   8.3837646197976099 
   147.06338761875787   30.240171080348642 
   155.06338761875787   16.383764619797613 
   133.20698115820684   22.240171080348638 
   125.20698115820684   36.096577540899652 
   131.06338761875787   57.952984001450666 
   139.06338761875784   44.096577540899652 
   117.20698115820684   49.952984001450666 
   109.20698115820683   63.809390462001687 
   115.06338761875786   85.665796922552715 
   123.06338761875786   71.809390462001687 
   101.20698115820683   77.665796922552715 
   93.206981158206844   91.522203383103729 
   99.063387618757872   113.37860984365474 
   107.06338761875787   99.522203383103729 
   85.206981158206858   105.37860984365474 
   77.206981158206844   119.23501630420577 
   83.063387618757858    141.0914227647568 
   91.063387618757858   127.23501630420577 
   69.206981158206844   133.09142276475677 
   61.206981158206844   146.94782922530783 
   67.063387618757872   168.80423568585883 
   75.063387618757858   154.94782922530783 
   53.206981158206837   160.80423568585883 
   45.206981158206851   174.66064214640986 
   51.063387618757872   196.51704860696086 
   59.063387618757879   182.66064214640986 
   37.206981158206844   188.51704860696086 
   29.206981158206858   202.37345506751188 
   163.06338761875787   2.5273581592465861 
   43.063387618757886   210.37345506751188 
   168.91979407930884   24.383764619797603 
   174.77620053985987   46.240171080348631 
    182.7762005398599   32.383764619797603 
   160.91979407930887   38.240171080348631 
   152.91979407930887   52.096577540899645 
    158.7762005398599   73.952984001450659 
   166.77620053985987   60.096577540899645 
   144.91979407930887   65.952984001450659 
   136.91979407930887   79.809390462001673 
    142.7762005398599   101.66579692255272 
    150.7762005398599   87.809390462001673 
   128.91979407930887   93.665796922552715 
   120.91979407930887   107.52220338310373 
   126.77620053985989   129.37860984365474 
    134.7762005398599   115.52220338310373 
   112.91979407930889   121.37860984365473 
   104.91979407930887   135.23501630420574 
   110.77620053985989    157.0914227647568 
   118.77620053985989   143.23501630420574 
   96.919794079308872    149.0914227647568 
   88.919794079308872    162.9478292253078 
   94.776200539859872   184.80423568585886 
    102.7762005398599    170.9478292253078 
   80.919794079308872   176.80423568585883 
   72.919794079308872   190.66064214640983 
     78.7762005398599   212.51704860696088 
     86.7762005398599   198.66064214640983 
   64.919794079308872   204.51704860696083 
   56.919794079308886   218.37345506751186 
    190.7762005398599   18.527358159246578 
   70.776200539859914   226.37345506751186 
   176.91979407930887   10.527358159246575 
   196.63260700041093    40.38376461979761 
   202.48901346096193   62.240171080348638 
   210.48901346096196   48.383764619797617 
    188.6326070004109   54.240171080348638 
   180.63260700041093   68.096577540899645 
   186.48901346096196   89.952984001450673 
   194.48901346096193   76.096577540899659 
   172.63260700041093   81.952984001450659 
   164.63260700041093   95.809390462001673 
   170.48901346096196    117.6657969225527 
   178.48901346096193   103.80939046200167 
    156.6326070004109   109.66579692255272 
    148.6326070004109   123.52220338310372 
   154.48901346096196   145.37860984365474 
   162.48901346096196   131.52220338310372 
   140.63260700041093   137.37860984365474 
   132.63260700041093   151.23501630420574 
   138.48901346096193   173.09142276475677 
   146.48901346096196   159.23501630420577 
   124.63260700041093    165.0914227647568 
   116.63260700041093    178.9478292253078 
   122.48901346096193   200.80423568585886 
   130.48901346096193   186.94782922530783 
   108.63260700041091   192.80423568585883 
   100.63260700041093   206.66064214640983 
   106.48901346096196   228.51704860696088 
   114.48901346096196   214.66064214640983 
   92.632607000410914   220.51704860696086 
   84.632607000410943   234.37345506751186 
   218.48901346096196   34.527358159246589 
   98.489013460961971   242.37345506751186 
    204.6326070004109   26.527358159246582 
   224.34541992151296   56.383764619797617 
   230.20182638206398   78.240171080348645 
   238.20182638206398   64.383764619797617 
   216.34541992151298   70.240171080348645 
   208.34541992151296   84.096577540899659 
   214.20182638206398   105.95298400145067 
   222.20182638206398   92.096577540899659 
   200.34541992151298   97.952984001450673 
   192.34541992151298   111.80939046200169 
   198.20182638206398   133.66579692255272 
   206.20182638206401   119.80939046200169 
   184.34541992151296   125.66579692255272 
   176.34541992151296   139.52220338310374 
   182.20182638206401   161.37860984365474 
   190.20182638206401   147.52220338310374 
   168.34541992151296   153.37860984365474 
   160.34541992151298   167.23501630420577 
   166.20182638206398   189.09142276475677 
   174.20182638206398   175.23501630420577 
   152.34541992151298    181.0914227647568 
   144.34541992151298   194.94782922530783 
   150.20182638206398   216.80423568585886 
   158.20182638206398   202.94782922530783 
   136.34541992151298   208.80423568585883 
   128.34541992151298   222.66064214640986 
   134.20182638206401   244.51704860696088 
   142.20182638206401   230.66064214640986 
   120.34541992151297   236.51704860696086 
     112.345419921513   250.37345506751186 
   246.20182638206401   50.527358159246596 
   232.34541992151298   42.527358159246589 
   252.05823284261498   72.383764619797603 
   244.05823284261501   86.240171080348617 
   236.05823284261498   100.09657754089963 
   241.91463930316601   121.95298400145066 
   249.91463930316601   108.09657754089964 
   228.05823284261501   113.95298400145064 
   220.05823284261498   127.80939046200167 
   225.91463930316601   149.66579692255272 
   233.91463930316604   135.80939046200169 
   212.05823284261498   141.66579692255272 
   204.05823284261498   155.52220338310372 
   209.91463930316604   177.37860984365474 
   217.91463930316604   163.52220338310372 
   196.05823284261498   169.37860984365471 
   188.05823284261501   183.23501630420574 
   193.91463930316601    205.0914227647568 
   201.91463930316601   191.23501630420577 
   180.05823284261498   197.09142276475677 
   172.05823284261501   210.94782922530783 
   177.91463930316601   232.80423568585883 
   185.91463930316601    218.9478292253078 
   164.05823284261501   224.80423568585883 
   156.05823284261498   238.66064214640986 
   169.91463930316604   246.66064214640983 
   148.05823284261498   252.51704860696086 
   255.77104576371701   129.95298400145063 
   247.77104576371701   143.80939046200166 
   253.62745222426804   165.66579692255269 
   239.77104576371701   157.66579692255272 
   231.77104576371701   171.52220338310372 
   237.62745222426804   193.37860984365471 
   245.62745222426807   179.52220338310369 
   223.77104576371701   185.37860984365474 
   215.77104576371704   199.23501630420574 
   221.62745222426804    221.0914227647568 
   229.62745222426804   207.23501630420574 
   207.77104576371701   213.09142276475677 
   199.77104576371704    226.9478292253078 
   205.62745222426804   248.80423568585883 
   213.62745222426804    234.9478292253078 
   191.77104576371701   240.80423568585886 
   183.77104576371701   254.66064214640983 
