   117.47803280353286   4.4279307401881889 
   94.850615805563336    4.427930740188204 
   94.850615805563336   27.055347738157707 
   106.16432430454809   15.741639239172947 
    83.53690730657857   15.741639239172962 
   72.223198807593832   27.055347738157721 
   72.223198807593832   49.682764736127226 
   83.536907306578584   38.369056237142466 
   60.909490308609065    38.36905623714248 
   49.595781809624306    49.68276473612724 
   49.595781809624292   72.310181734096773 
   60.909490308609065   60.996473235111985 
   38.282073310639532   60.996473235112028 
   26.968364811654762   72.310181734096787 
   26.968364811654762   94.937598732066292 
   38.282073310639518   83.623890233081525 
   15.654656312670003   83.623890233081539 
   4.3409478136852595   94.937598732066292 
   4.3409478136852453   117.56501573003581 
   15.654656312670019   106.25130723105104 
   162.73286679947191   4.4279307401881889 
   140.10544980150237   4.4279307401881889 
   140.10544980150237   27.055347738157707 
   151.41915830048711   15.741639239172947 
   128.79174130251761   15.741639239172947 
   117.47803280353286   27.055347738157707 
   117.47803280353286    49.68276473612724 
   128.79174130251761   38.369056237142466 
   106.16432430454809    38.36905623714248 
   94.850615805563336   49.682764736127226 
   94.850615805563336   72.310181734096744 
    106.1643243045481   60.996473235111985 
   83.536907306578584   60.996473235111985 
   72.223198807593832   72.310181734096759 
   72.223198807593803   94.937598732066292 
    83.53690730657857   83.623890233081511 
   60.909490308609051   83.623890233081525 
   49.595781809624278   94.937598732066292 
   49.595781809624278   117.56501573003582 
   60.909490308609037   106.25130723105106 
   38.282073310639518   106.25130723105106 
   26.968364811654777   117.56501573003581 
   26.968364811654762   140.19243272800531 
   38.282073310639532   128.87872422902058 
   15.654656312670003   128.87872422902058 
   4.3409478136852595   140.19243272800531 
   4.3409478136852595   162.81984972597485 
   15.654656312670019   151.50614122699005 
   185.36028379744141   4.4279307401881889 
   185.36028379744141   27.055347738157721 
   196.67399229642618   15.741639239172947 
   174.04657529845667   15.741639239172947 
   162.73286679947191   27.055347738157707 
   162.73286679947191    49.68276473612724 
   174.04657529845667    38.36905623714248 
   151.41915830048711    38.36905623714248 
   140.10544980150237    49.68276473612724 
   140.10544980150237   72.310181734096773 
   151.41915830048714   60.996473235111999 
   128.79174130251761   60.996473235111999 
   117.47803280353286   72.310181734096759 
   117.47803280353287   94.937598732066277 
   128.79174130251764   83.623890233081511 
   106.16432430454812   83.623890233081511 
   94.850615805563336   94.937598732066292 
   94.850615805563336   117.56501573003582 
   106.16432430454812   106.25130723105103 
    83.53690730657857   106.25130723105106 
   72.223198807593803   117.56501573003582 
   72.223198807593803   140.19243272800534 
    83.53690730657857   128.87872422902058 
   60.909490308609037   128.87872422902058 
   49.595781809624292   140.19243272800531 
   49.595781809624292   162.81984972597488 
   60.909490308609065   151.50614122699008 
   38.282073310639532   151.50614122699008 
   26.968364811654791   162.81984972597485 
   26.968364811654791   185.44726672394438 
   38.282073310639547   174.13355822495961 
   15.654656312670019   174.13355822495961 
   207.98770079541092   27.055347738157707 
   207.98770079541092   49.682764736127226 
   219.30140929439571   38.369056237142466 
   196.67399229642618   38.369056237142466 
   185.36028379744144   49.682764736127226 
   185.36028379744141   72.310181734096744 
   196.67399229642618   60.996473235111985 
   174.04657529845667   60.996473235111999 
   162.73286679947191   72.310181734096759 
   162.73286679947191   94.937598732066277 
   174.04657529845667   83.623890233081511 
   151.41915830048714   83.623890233081511 
   140.10544980150237   94.937598732066277 
   140.10544980150237   117.56501573003577 
   151.41915830048714   106.25130723105103 
   128.79174130251764   106.25130723105103 
   117.47803280353286    117.5650157300358 
   117.47803280353284   140.19243272800531 
   128.79174130251761   128.87872422902055 
   106.16432430454809   128.87872422902058 
   94.850615805563322   140.19243272800534 
   94.850615805563308   162.81984972597488 
   106.16432430454809   151.50614122699008 
    83.53690730657857   151.50614122699008 
   72.223198807593832   162.81984972597485 
   72.223198807593818   185.44726672394438 
    83.53690730657857   174.13355822495961 
   60.909490308609051   174.13355822495961 
   49.595781809624306   185.44726672394435 
   49.595781809624306   208.07468372191389 
   60.909490308609065   196.76097522292909 
   38.282073310639547   196.76097522292912 
   230.61511779338048   49.682764736127226 
   230.61511779338048   72.310181734096759 
   241.92882629236524   60.996473235111985 
   219.30140929439571   60.996473235111985 
   207.98770079541092   72.310181734096744 
   207.98770079541092   94.937598732066292 
   219.30140929439571   83.623890233081511 
   196.67399229642618   83.623890233081511 
   185.36028379744141   94.937598732066277 
   185.36028379744144   117.56501573003581 
   196.67399229642618   106.25130723105103 
   174.04657529845667   106.25130723105103 
   162.73286679947191    117.5650157300358 
   162.73286679947194   140.19243272800531 
   174.04657529845667   128.87872422902055 
   151.41915830048714   128.87872422902055 
   140.10544980150237   140.19243272800531 
   140.10544980150237   162.81984972597485 
   151.41915830048714   151.50614122699005 
   128.79174130251761   151.50614122699008 
   117.47803280353284   162.81984972597485 
   117.47803280353286   185.44726672394438 
   128.79174130251761   174.13355822495961 
   106.16432430454809   174.13355822495961 
   94.850615805563336   185.44726672394435 
   94.850615805563336   208.07468372191391 
   106.16432430454812   196.76097522292912 
    83.53690730657857   196.76097522292912 
   72.223198807593832   208.07468372191389 
   72.223198807593832   230.70210071988342 
   83.536907306578598   219.38839222089865 
   60.909490308609065   219.38839222089865 
   253.24253479134998   72.310181734096759 
   253.24253479135001   94.937598732066292 
   241.92882629236524   83.623890233081511 
   230.61511779338048   94.937598732066292 
   230.61511779338048   117.56501573003581 
   241.92882629236524   106.25130723105104 
   219.30140929439571   106.25130723105104 
   207.98770079541094   117.56501573003581 
   207.98770079541094   140.19243272800531 
   219.30140929439574   128.87872422902058 
   196.67399229642618   128.87872422902058 
   185.36028379744144   140.19243272800531 
   185.36028379744144   162.81984972597485 
   196.67399229642621   151.50614122699008 
   174.04657529845667   151.50614122699005 
   162.73286679947194   162.81984972597485 
   162.73286679947194   185.44726672394438 
    174.0465752984567   174.13355822495961 
   151.41915830048714   174.13355822495961 
   140.10544980150237   185.44726672394438 
   140.10544980150237   208.07468372191394 
   151.41915830048714   196.76097522292915 
   128.79174130251761   196.76097522292915 
   117.47803280353287   208.07468372191391 
   117.47803280353287   230.70210071988342 
   128.79174130251766   219.38839222089865 
    106.1643243045481   219.38839222089865 
   94.850615805563365   230.70210071988342 
   94.850615805563365   253.32951771785292 
   106.16432430454813   242.01580921886818 
   83.536907306578598   242.01580921886818 
   253.24253479134998    117.5650157300358 
   253.24253479134998   140.19243272800531 
   241.92882629236524   128.87872422902055 
   230.61511779338048   140.19243272800531 
   230.61511779338048   162.81984972597485 
   241.92882629236524   151.50614122699005 
   219.30140929439571   151.50614122699005 
   207.98770079541094   162.81984972597485 
   207.98770079541094   185.44726672394435 
   219.30140929439571   174.13355822495961 
   196.67399229642621   174.13355822495959 
   185.36028379744144   185.44726672394435 
   185.36028379744141   208.07468372191391 
   196.67399229642621   196.76097522292909 
   174.04657529845667   196.76097522292912 
   162.73286679947191   208.07468372191391 
   162.73286679947191   230.70210071988342 
   174.04657529845667   219.38839222089865 
   151.41915830048711   219.38839222089865 
   140.10544980150237   230.70210071988342 
   140.10544980150237   253.32951771785292 
   151.41915830048714   242.01580921886818 
   128.79174130251761   242.01580921886818 
   117.47803280353287   253.32951771785289 
   253.24253479134998   162.81984972597485 
   253.24253479134995   185.44726672394432 
   241.92882629236522   174.13355822495959 
   230.61511779338048   185.44726672394432 
   230.61511779338048   208.07468372191389 
   241.92882629236524   196.76097522292909 
   219.30140929439571   196.76097522292909 
   207.98770079541094   208.07468372191389 
   207.98770079541092   230.70210071988342 
   219.30140929439571   219.38839222089862 
   196.67399229642618   219.38839222089865 
   185.36028379744141   230.70210071988342 
   185.36028379744141   253.32951771785292 
   196.67399229642615   242.01580921886816 
   174.04657529845664   242.01580921886818 
   162.73286679947191   253.32951771785289 
