   180.26911372312733   5.9484234020426658 
   152.55630080202531   21.948423402042657 
   166.41270726257633   13.948423402042669 
   144.55630080202531   8.0920169414916323 
   130.69989434147428    16.09201694149165 
   124.84348788092326   37.948423402042678 
   138.69989434147431   29.948423402042678 
   116.84348788092325   24.092016941491654 
   102.98708142037223   32.092016941491643 
   97.130674959821235   53.948423402042671 
   110.98708142037225   45.948423402042671 
   89.130674959821221   40.092016941491643 
   75.274268499270221    48.09201694149165 
   69.417862038719193   69.948423402042678 
   83.274268499270221   61.948423402042678 
   61.417862038719186    56.09201694149165 
   47.561455578168157   64.092016941491664 
   41.705049117617151   85.948423402042707 
   55.561455578168164   77.948423402042692 
   33.705049117617151   72.092016941491664 
   19.848642657066151   80.092016941491664 
   13.992236196515126   101.94842340204269 
   27.848642657066154   93.948423402042678 
   5.9922361965151216   88.092016941491664 
   202.12552018367836   11.804829862593675 
   196.26911372312733   33.661236323144692 
   210.12552018367836   25.661236323144688 
    188.2691137231273   19.804829862593678 
   174.41270726257633   27.804829862593682 
   168.55630080202531   49.661236323144685 
   182.41270726257633   41.661236323144678 
   160.55630080202531   35.804829862593671 
   146.69989434147428   43.804829862593692 
   140.84348788092328   65.661236323144692 
   154.69989434147428   57.661236323144685 
   132.84348788092325   51.804829862593692 
   118.98708142037225   59.804829862593685 
   113.13067495982123   81.661236323144678 
   126.98708142037225   73.661236323144692 
   105.13067495982123   67.804829862593692 
   91.274268499270221   75.804829862593692 
   85.417862038719178   97.661236323144706 
   99.274268499270207   89.661236323144692 
   77.417862038719178   83.804829862593692 
   63.561455578168164   91.804829862593706 
   57.705049117617143   113.66123632314471 
   71.561455578168164   105.66123632314471 
   49.705049117617143   99.804829862593721 
   35.848642657066144   107.80482986259369 
   29.992236196515119   129.66123632314469 
   43.848642657066144   121.66123632314471 
   21.992236196515115   115.80482986259371 
   8.1358297359641156   123.80482986259369 
   2.2794232754130928   145.66123632314472 
   16.135829735964119   137.66123632314472 
   218.12552018367836   39.517642783695713 
   212.26911372312736   61.374049244246734 
   226.12552018367836   53.374049244246727 
    204.2691137231273    47.51764278369572 
    190.4127072625763   55.517642783695706 
   184.55630080202533    77.37404924424672 
   198.41270726257633   69.374049244246734 
   176.55630080202531   63.517642783695713 
   162.69989434147428    71.51764278369572 
   156.84348788092328   93.374049244246748 
   170.69989434147428   85.374049244246748 
   148.84348788092328    79.51764278369572 
   134.98708142037225    87.51764278369572 
   129.13067495982125   109.37404924424673 
   142.98708142037225   101.37404924424673 
   121.13067495982125    95.51764278369572 
   107.27426849927022   103.51764278369573 
   101.41786203871919   125.37404924424675 
   115.27426849927022   117.37404924424675 
   93.417862038719193   111.51764278369573 
   79.561455578168179   119.51764278369573 
   73.705049117617151   141.37404924424675 
   87.561455578168179   133.37404924424675 
   65.705049117617151   127.51764278369573 
   51.848642657066151   135.51764278369575 
   45.992236196515123   157.37404924424675 
   59.848642657066151   149.37404924424675 
   37.992236196515123   143.51764278369575 
   24.135829735964123   151.51764278369572 
   18.279423275413098   173.37404924424678 
   32.135829735964123   165.37404924424675 
   10.279423275413096   159.51764278369572 
   234.12552018367833   67.230455704797734 
   228.26911372312733   89.086862165348762 
   242.12552018367836   81.086862165348748 
   220.26911372312733   75.230455704797762 
    206.4127072625763   83.230455704797748 
   200.55630080202533   105.08686216534875 
    214.4127072625763   97.086862165348762 
   192.55630080202531   91.230455704797734 
   178.69989434147428   99.230455704797748 
   172.84348788092325   121.08686216534878 
   186.69989434147431   113.08686216534875 
   164.84348788092328   107.23045570479776 
   150.98708142037225   115.23045570479775 
   145.13067495982125   137.08686216534878 
   158.98708142037225   129.08686216534875 
   137.13067495982125   123.23045570479775 
   123.27426849927022   131.23045570479775 
   117.41786203871919   153.08686216534878 
   131.27426849927022   145.08686216534878 
   109.41786203871919   139.23045570479775 
   95.561455578168179   147.23045570479778 
   89.705049117617151   169.08686216534878 
   103.56145557816816   161.08686216534878 
   81.705049117617136   155.23045570479778 
   67.848642657066151   163.23045570479778 
   61.992236196515115   185.08686216534878 
   75.848642657066151   177.08686216534878 
    53.99223619651513   171.23045570479778 
    40.13582973596413   179.23045570479775 
   34.279423275413109    201.0868621653488 
   48.135829735964123   193.08686216534875 
   26.279423275413102   187.23045570479778 
   250.12552018367833   94.943268625899776 
   244.26911372312733   116.79967508645082 
   236.26911372312733   102.94326862589979 
   222.41270726257633   110.94326862589979 
   216.55630080202533    132.7996750864508 
   230.41270726257636    124.7996750864508 
   208.55630080202531   118.94326862589978 
   194.69989434147431   126.94326862589978 
   188.84348788092325    148.7996750864508 
   202.69989434147431    140.7996750864508 
   180.84348788092328    134.9432686258998 
   166.98708142037228    142.9432686258998 
   161.13067495982125   164.79967508645083 
   174.98708142037225    156.7996750864508 
   153.13067495982125   150.94326862589978 
   139.27426849927022   158.94326862589978 
   133.41786203871919   180.79967508645083 
   147.27426849927022   172.79967508645083 
   125.41786203871921   166.94326862589978 
   111.56145557816818    174.9432686258998 
   105.70504911761715   196.79967508645083 
   119.56145557816818   188.79967508645083 
   97.705049117617151    182.9432686258998 
   83.848642657066165    190.9432686258998 
   77.992236196515123    212.7996750864508 
   91.848642657066165   204.79967508645083 
   69.992236196515123    198.9432686258998 
   56.135829735964123    206.9432686258998 
   50.279423275413116   228.79967508645083 
   64.135829735964137    220.7996750864508 
   42.279423275413109    214.9432686258998 
   252.26911372312733   130.65608154700183 
   238.41270726257633   138.65608154700183 
   232.55630080202533   160.51248800755286 
   246.41270726257636   152.51248800755286 
   224.55630080202531   146.65608154700183 
   210.69989434147431   154.65608154700183 
   204.84348788092328   176.51248800755286 
   218.69989434147431   168.51248800755286 
   196.84348788092328   162.65608154700186 
   182.98708142037228   170.65608154700183 
   177.13067495982128   192.51248800755286 
   190.98708142037228   184.51248800755286 
   169.13067495982128   178.65608154700183 
   155.27426849927022   186.65608154700183 
   149.41786203871922   208.51248800755289 
   163.27426849927022   200.51248800755286 
   141.41786203871922   194.65608154700186 
   127.56145557816818   202.65608154700183 
   121.70504911761718   224.51248800755289 
   135.56145557816819   216.51248800755286 
   113.70504911761715   210.65608154700189 
   99.848642657066165   218.65608154700186 
   93.992236196515151   240.51248800755289 
   107.84864265706618   232.51248800755286 
   85.992236196515137   226.65608154700186 
   72.135829735964151   234.65608154700186 
   66.279423275413123   256.51248800755286 
   80.135829735964151   248.51248800755286 
   58.279423275413116   242.65608154700183 
   254.41270726257633   166.36889446810383 
   248.55630080202533   188.22530092865489 
   240.55630080202533   174.36889446810383 
   226.69989434147431   182.36889446810386 
   220.84348788092328   204.22530092865489 
   234.69989434147431   196.22530092865489 
   212.84348788092328   190.36889446810386 
   198.98708142037225   198.36889446810386 
   193.13067495982125   220.22530092865489 
   206.98708142037225   212.22530092865486 
   185.13067495982125   206.36889446810386 
   171.27426849927022   214.36889446810386 
   165.41786203871922   236.22530092865492 
   179.27426849927022   228.22530092865486 
   157.41786203871919   222.36889446810386 
   143.56145557816816   230.36889446810386 
   137.70504911761716   252.22530092865492 
   151.56145557816816   244.22530092865489 
   129.70504911761716   238.36889446810386 
   115.84864265706615   246.36889446810389 
   101.99223619651514   254.36889446810389 
   256.55630080202536   202.08170738920586 
   242.69989434147431   210.08170738920586 
   108.84348788092325   10.235610480940625 
   122.69989434147428   2.2356104809406219 
   228.84348788092328   218.08170738920592 
   214.98708142037225   226.08170738920589 
   81.130674959821221   26.235610480940618 
   94.987081420372235   18.235610480940615 
   201.13067495982125   234.08170738920589 
   187.27426849927025   242.08170738920589 
   53.417862038719186   42.235610480940629 
   67.274268499270207   34.235610480940622 
   173.41786203871919   250.08170738920589 
   25.705049117617129   58.235610480940636 
   39.561455578168157   50.235610480940629 
   11.848642657066131   66.235610480940636 
