   196.68397031009886   13.510725996096182 
   212.13878353072391   9.3696212744558576 
    177.0880523678334   2.1970174971114238 
   165.77434386884866   21.792935439376848 
   181.22915708947372   17.651830717736523 
   161.63323914720831   6.3381222187517485 
    146.1784259265832   10.479226940392088 
   134.86471742759846   30.075144882657511 
   150.31953064822355   25.934040161017187 
   130.72361270595812   14.620331662032411 
   115.26879948533303   18.761436383672752 
   103.95509098634827   38.357354325938175 
   119.40990420697335    34.21624960429785 
   99.813986264707935   22.902541105313077 
   84.359173044082851   27.043645826953416 
   73.045464545098085   46.639563769218839 
   88.500277765723183   42.498459047578514 
   68.904359823457753    31.18475054859374 
   53.449546602832655   35.325855270234079 
   42.135838103847881   54.921773212499502 
   57.590651324472979   50.780668490859178 
   37.994733382207556   39.466959991874404 
   22.539920161582472   43.608064713514729 
   11.226211662597715   63.203982655780166 
   26.681024883222811   59.062877934139827 
   7.0851069409573757   47.749169435155068 
   227.59359675134905   5.2285165528155186 
   216.27988825236423    24.82443449508094 
   204.96617975337949   44.420352437346367 
   220.42099297400461   40.279247715706042 
   200.82507503173917   28.965539216721265 
   185.37026181111406   33.106643938361607 
    174.0565533121293    52.70256188062703 
   189.51136653275441   48.561457158986705 
   169.91544859048898   37.247748660001932 
   154.46063536986387   41.388853381642271 
    143.1469268708791   60.984771323907694 
   158.60174009150421   56.843666602267369 
   139.00582214923878   45.529958103282596 
   123.55100892861368   49.671062824922934 
   112.23730042962893   69.266980767188358 
   127.69211365025402   65.125876045548026 
    108.0961957079886   53.812167546563259 
   92.641382487363515   57.953272268203598 
   81.327673988378734   77.549190210469021 
   96.782487209003833   73.408085488828675 
   77.186569266738417   62.094376989843923 
   61.731756046113318   66.235481711484255 
   50.418047547128545   85.831399653749685 
    65.87286076775365   81.690294932109353 
   46.276942825488206   70.376586433124587 
   30.822129604863136   74.517691154764904 
    19.50842110587838   94.113609097030348 
   34.963234326503475   89.972504375390002 
   15.367316384238039    78.65879587640525 
   235.87580619462969   36.138142994065703 
   4.0536078852533102   98.254713818670666 
   231.73470147298937   20.683329773440601 
   224.56209769564492   55.734060936331133 
   213.24838919666016   75.329978878596577 
   228.70320241728524   71.188874156956231 
   209.10728447501981   59.875165657971458 
   193.65247125439473   64.016270379611797 
   182.33876275540999   83.612188321877227 
   197.79357597603504   79.471083600236895 
   178.19765803376961   68.157375101252129 
   162.74284481314453    72.29847982289246 
   151.42913631415979   91.894397765157905 
   166.88394953478488   87.753293043517559 
   147.28803159251942   76.439584544532806 
   131.83321837189436   80.580689266173124 
   120.51950987290959   100.17660720843855 
   135.97432309353468   96.035502486798222 
   116.37840515126926   84.721793987813456 
   100.92359193064418   88.862898709453773 
   89.609883431659426   108.45881665171923 
   105.06469665228451   104.31771193007889 
    85.46877871001908   93.004003431094119 
   70.013965489393982   97.145108152734451 
   58.700256990409208    116.7410260949999 
   74.155070211034328   112.59992137335955 
   54.559152268768884   101.28621287437478 
   39.104339048143814    105.4273175960151 
   27.790630549159044   125.02323553828055 
   43.245443769784139   120.88213081664021 
   23.649525827518705   109.56842231765545 
   8.1947126068936349   113.70952703929576 
   244.15801563791035   67.047769435315899 
   12.335817328533974   129.16434025992086 
   240.01691091627001   51.592956214690794 
   232.84430713892556   86.643687377581315 
   221.53059863994082   106.23960531984675 
    236.9854118605659   102.09850059820641 
   217.38949391830047   90.784792099221647 
   201.93468069767536   94.925896820861965 
   190.62097219869062   114.52181476312741 
   206.07578541931574   110.38071004148706 
   186.47986747705031   99.067001542502311 
   171.02505425642519   103.20810626414263 
   159.71134575744043   122.80402420640807 
   175.16615897806554   118.66291948476774 
   155.57024103580011   107.34921098578297 
     140.115427815175   111.49031570742329 
   128.80171931619026   131.08623364968872 
   144.25653253681534   126.94512892804839 
   124.66061459454993   115.63142042906364 
   109.20580137392484   119.77252515070396 
   97.892092874940062   139.36844309296939 
   113.34690609556516   135.22733837132907 
   93.750988153299744    123.9136298723443 
   78.296174932674646   128.05473459398462 
   66.982466433689879   147.65065253625008 
   82.437279654314978   143.50954781460973 
   62.841361712049533   132.19583931562494 
   47.386548491424463   136.33694403726531 
   36.072839992439704   155.93286197953071 
   51.527653213064802    151.7917572578904 
   31.931735270799368   140.47804875890563 
   16.476922050174299   144.61915348054595 
   252.44022508119102   97.957395876566068 
   20.618026771814623   160.07396670117106 
   248.29912035955067   82.502582655940969 
   241.12651658220625   117.55331381883151 
   229.81280808322151   137.14923176109693 
   245.26762130384657   133.00812703945661 
   225.67170336158114   121.69441854047184 
   210.21689014095605   125.83552326211218 
   198.90318164197132   145.43144120437762 
    214.3579948625964   141.29033648273725 
   194.76207692033097   129.97662798375251 
   179.30726369970589   134.11773270539285 
   167.99355520072112   153.71365064765826 
    183.4483684213462   149.57254592601794 
   163.85245047908074   138.25883742703317 
   148.39763725845569   142.39994214867349 
   137.08392875947092   161.99586009093892 
   152.53874198009601    157.8547553692986 
   132.94282403783058   146.54104687031381 
   117.48801081720551   150.68215159195418 
   106.17430231822075   170.27806953421958 
   121.62911553884584   166.13696481257927 
   102.03319759658041    154.8232563135945 
   86.578384375955309   158.96436103523482 
   75.264675876970543   178.56027897750027 
   90.719489097595655   174.41917425585996 
   71.123571155330197   163.10546575687516 
   55.668757934705127   167.24657047851551 
   44.355049435720368   186.84248842078091 
   59.809862656345466   182.70138369914059 
   40.213944714080029   171.38767520015583 
   24.759131493454962   175.52877992179614 
   28.900236215095301   190.98359314242126 
   256.58132980283136   113.41220909719118 
   249.40872602548691   148.46294026008169 
   238.09501752650215   168.05885820234712 
   253.54983074712726   163.91775348070681 
   233.95391280486183   152.60404498172204 
   218.49909958423672   156.74514970336236 
   207.18539108525195   176.34106764562782 
   222.64020430587706   172.19996292398747 
   203.04428636361163    160.8862544250027 
   187.58947314298652   165.02735914664302 
   176.27576464400175   184.62327708890845 
   191.73057786462687   180.48217236726813 
   172.13465992236144   169.16846386828337 
   156.67984670173632   173.30956858992369 
   145.36613820275159   192.90548653218914 
    160.8209514233767    188.7643818105488 
   141.22503348111127     177.450673311564 
   125.77022026048617   181.59177803320438 
   114.45651176150142   201.18769597546981 
    129.9113249821265   197.04659125382946 
   110.31540703986107    185.7328827548447 
   94.860593819235973   189.87398747648504 
   83.546885320251207   209.46990541875047 
   99.001698540876319   205.32880069711013 
   79.405780598610875   194.01509219812536 
   63.950967377985798    198.1561969197657 
   52.637258879001031   217.75211486203111 
   68.092072099626137   213.61101014039079 
   48.496154157360692   202.29730164140602 
   33.041340936735629   206.43840636304634 
   37.182445658375968   221.89321958367142 
   246.37722696978281   198.96848464359729 
   242.23612224814246   183.51367142297221 
   226.78130902751738   187.65477614461255 
   215.46760052853264   207.25069408687799 
    230.9224137491577   203.10958936523764 
   211.32649580689227   191.79588086625287 
   195.87168258626718   195.93698558789322 
   184.55797408728245   215.53290353015865 
   200.01278730790753   211.39179880851833 
   180.41686936564207   200.07809030953356 
   164.96205614501702   204.21919503117388 
   153.64834764603228   223.81511297343931 
   169.10316086665733   219.67400825179897 
    149.5072429243919    208.3602997528142 
   134.05242970376685   212.50140447445452 
   122.73872120478208   232.09732241671995 
   138.19353442540717   227.95621769507963 
   118.59761648314173   216.64250919609486 
   103.14280326251664   220.78361391773521 
   91.829094763531884   240.37953186000064 
   107.28390798415698   236.23842713836029 
   87.687990041891524   224.92471863937553 
   72.233176821266454   229.06582336101584 
   60.919468322281695    248.6617413032813 
     76.3742815429068   244.52063658164096 
   56.778363600641356   233.20692808265622 
   41.323550380016293   237.34803280429654 
   45.464655101656632   252.80284602492162 
   250.51833169142313   214.42329786422241 
   235.06351847079802   218.56440258586272 
   219.60870525017296   222.70550730750304 
   204.15389202954785   226.84661202914336 
   188.69907880892276    230.9877167507837 
   173.24426558829765   235.12882147242405 
   95.672881543067604   7.4477278846879784 
   111.12769476369269   3.3066231630476537 
    157.7894523676726   239.26992619406437 
   142.33463914704748   243.41103091570471 
   64.763255101817421   15.729937327968642 
   80.218068322442505   11.588832606328317 
    126.8798259264224   247.55213563734506 
    111.4250127057973   251.69324035898538 
   33.853628660567217   24.012146771249306 
   49.308441881192316   19.871042049608981 
   95.970199485172202    255.8343450806257 
   2.9440022193170514   32.294356214529969 
   18.398815439942148    28.15325149288963 
