   254.17964803941666   29.589515019599062 
   238.17964803941666   45.589515019599069 
   254.17964803941666   45.589515019599055 
   238.17964803941666   29.589515019599077 
   222.17964803941666   29.589515019599077 
   206.17964803941666   45.589515019599069 
   222.17964803941666   45.589515019599069 
   206.17964803941666   29.589515019599077 
   190.17964803941663   29.589515019599077 
   174.17964803941663   45.589515019599069 
   190.17964803941663   45.589515019599069 
   174.17964803941663   29.589515019599077 
   158.17964803941666   29.589515019599077 
   142.17964803941666   45.589515019599069 
   158.17964803941666   45.589515019599069 
   142.17964803941666   29.589515019599077 
   126.17964803941668   29.589515019599077 
   110.17964803941666   45.589515019599069 
   126.17964803941668   45.589515019599069 
   110.17964803941666   29.589515019599077 
   94.179648039416662   29.589515019599077 
   78.179648039416648   45.589515019599069 
   94.179648039416662   45.589515019599069 
   78.179648039416648   29.589515019599077 
   62.179648039416676   29.589515019599077 
   46.179648039416669   45.589515019599069 
   62.179648039416676   45.589515019599069 
   46.179648039416669   29.589515019599077 
   30.179648039416687   29.589515019599077 
    14.17964803941668   45.589515019599069 
   30.179648039416687   45.589515019599069 
    14.17964803941668   29.589515019599077 
   254.17964803941666   61.589515019599062 
   238.17964803941666   77.589515019599091 
   254.17964803941666   77.589515019599091 
   238.17964803941666   61.589515019599077 
   222.17964803941666   61.589515019599077 
   206.17964803941666   77.589515019599091 
   222.17964803941666   77.589515019599091 
   206.17964803941666   61.589515019599077 
   190.17964803941663   61.589515019599077 
   174.17964803941663   77.589515019599091 
   190.17964803941663   77.589515019599091 
   174.17964803941663   61.589515019599077 
   158.17964803941666   61.589515019599077 
   142.17964803941666   77.589515019599091 
   158.17964803941666   77.589515019599091 
   142.17964803941666   61.589515019599077 
   126.17964803941668   61.589515019599077 
   110.17964803941666   77.589515019599091 
   126.17964803941668   77.589515019599091 
   110.17964803941666   61.589515019599077 
   94.179648039416662   61.589515019599077 
   78.179648039416648   77.589515019599091 
   94.179648039416662   77.589515019599091 
   78.179648039416648   61.589515019599077 
   62.179648039416676   61.589515019599077 
   46.179648039416669   77.589515019599091 
   62.179648039416676   77.589515019599091 
   46.179648039416669   61.589515019599077 
   30.179648039416687   61.589515019599077 
    14.17964803941668   77.589515019599091 
   30.179648039416687   77.589515019599091 
    14.17964803941668   61.589515019599077 
   254.17964803941666   93.589515019599062 
   238.17964803941666   109.58951501959908 
   254.17964803941666   109.58951501959908 
   238.17964803941666   93.589515019599062 
   222.17964803941666   93.589515019599062 
   206.17964803941666   109.58951501959909 
   222.17964803941666   109.58951501959908 
   206.17964803941666   93.589515019599062 
   190.17964803941663   93.589515019599062 
   174.17964803941663   109.58951501959909 
   190.17964803941663   109.58951501959909 
   174.17964803941663   93.589515019599077 
   158.17964803941666   93.589515019599077 
   142.17964803941666   109.58951501959909 
   158.17964803941666   109.58951501959909 
   142.17964803941666   93.589515019599077 
   126.17964803941668   93.589515019599077 
   110.17964803941666   109.58951501959909 
   126.17964803941668   109.58951501959909 
   110.17964803941666   93.589515019599077 
   94.179648039416662   93.589515019599077 
   78.179648039416648   109.58951501959909 
   94.179648039416662   109.58951501959909 
   78.179648039416648   93.589515019599077 
   62.179648039416676   93.589515019599091 
   46.179648039416669   109.58951501959909 
   62.179648039416676   109.58951501959909 
   46.179648039416669   93.589515019599091 
   30.179648039416687   93.589515019599091 
    14.17964803941668   109.58951501959911 
   30.179648039416687   109.58951501959911 
    14.17964803941668   93.589515019599091 
   254.17964803941666   125.58951501959906 
   238.17964803941666   141.58951501959905 
   254.17964803941666   141.58951501959905 
   238.17964803941666   125.58951501959908 
   222.17964803941666   125.58951501959908 
   206.17964803941666   141.58951501959905 
   222.17964803941666   141.58951501959905 
   206.17964803941666   125.58951501959908 
   190.17964803941663   125.58951501959908 
   174.17964803941663   141.58951501959905 
   190.17964803941663   141.58951501959905 
   174.17964803941663   125.58951501959908 
   158.17964803941666   125.58951501959908 
   142.17964803941669   141.58951501959905 
   158.17964803941666   141.58951501959905 
   142.17964803941669   125.58951501959908 
   126.17964803941668   125.58951501959908 
   110.17964803941666   141.58951501959905 
   126.17964803941668   141.58951501959905 
   110.17964803941666   125.58951501959908 
   94.179648039416662   125.58951501959908 
   78.179648039416648   141.58951501959905 
   94.179648039416662   141.58951501959905 
   78.179648039416648   125.58951501959908 
   62.179648039416676   125.58951501959908 
   46.179648039416669   141.58951501959905 
   62.179648039416676   141.58951501959905 
   46.179648039416669   125.58951501959908 
   30.179648039416687   125.58951501959908 
    14.17964803941668   141.58951501959905 
   30.179648039416687   141.58951501959905 
    14.17964803941668   125.58951501959908 
   254.17964803941666   157.58951501959908 
   238.17964803941666   173.58951501959908 
   254.17964803941666   173.58951501959908 
   238.17964803941666   157.58951501959908 
   222.17964803941666   157.58951501959908 
   206.17964803941666   173.58951501959908 
   222.17964803941666   173.58951501959908 
   206.17964803941666   157.58951501959908 
   190.17964803941663   157.58951501959908 
   174.17964803941663   173.58951501959908 
   190.17964803941663   173.58951501959908 
   174.17964803941663   157.58951501959908 
   158.17964803941666   157.58951501959908 
   142.17964803941669   173.58951501959908 
   158.17964803941666   173.58951501959908 
   142.17964803941669   157.58951501959908 
   126.17964803941668   157.58951501959908 
   110.17964803941666   173.58951501959908 
   126.17964803941668   173.58951501959908 
   110.17964803941666   157.58951501959908 
   94.179648039416662   157.58951501959908 
   78.179648039416648   173.58951501959908 
   94.179648039416662   173.58951501959908 
   78.179648039416648   157.58951501959908 
   62.179648039416676   157.58951501959908 
   46.179648039416669   173.58951501959908 
   62.179648039416676   173.58951501959908 
   46.179648039416669   157.58951501959908 
   30.179648039416687   157.58951501959908 
    14.17964803941668   173.58951501959908 
   30.179648039416687   173.58951501959908 
    14.17964803941668   157.58951501959908 
   254.17964803941666   189.58951501959908 
   238.17964803941666   205.58951501959908 
   254.17964803941666   205.58951501959908 
   238.17964803941666   189.58951501959908 
   222.17964803941666   189.58951501959908 
   206.17964803941666   205.58951501959908 
   222.17964803941666   205.58951501959908 
   206.17964803941666   189.58951501959908 
   190.17964803941666   189.58951501959908 
   174.17964803941666   205.58951501959908 
   190.17964803941666   205.58951501959908 
   174.17964803941666   189.58951501959908 
   158.17964803941666   189.58951501959908 
   142.17964803941669   205.58951501959908 
   158.17964803941666   205.58951501959908 
   142.17964803941669   189.58951501959908 
   126.17964803941668   189.58951501959908 
   110.17964803941666   205.58951501959908 
   126.17964803941668   205.58951501959908 
   110.17964803941666   189.58951501959908 
   94.179648039416662   189.58951501959908 
   78.179648039416648   205.58951501959908 
   94.179648039416662   205.58951501959908 
   78.179648039416648   189.58951501959908 
   62.179648039416676   189.58951501959908 
   46.179648039416669   205.58951501959908 
   62.179648039416676   205.58951501959908 
   46.179648039416669   189.58951501959908 
   30.179648039416687   189.58951501959908 
    14.17964803941668   205.58951501959908 
   30.179648039416687   205.58951501959908 
    14.17964803941668   189.58951501959908 
   254.17964803941666   221.58951501959911 
   238.17964803941666   237.58951501959911 
   254.17964803941666   237.58951501959911 
   238.17964803941666   221.58951501959911 
   222.17964803941666   221.58951501959911 
   206.17964803941666   237.58951501959911 
   222.17964803941666   237.58951501959911 
   206.17964803941666   221.58951501959911 
   190.17964803941666   221.58951501959911 
   174.17964803941666   237.58951501959911 
   190.17964803941666   237.58951501959911 
   174.17964803941666   221.58951501959911 
   158.17964803941666   221.58951501959911 
   142.17964803941669   237.58951501959911 
   158.17964803941666   237.58951501959911 
   142.17964803941669   221.58951501959911 
   126.17964803941668   221.58951501959911 
   110.17964803941666   237.58951501959911 
   126.17964803941668   237.58951501959911 
   110.17964803941666   221.58951501959911 
   94.179648039416662   221.58951501959911 
   78.179648039416648   237.58951501959911 
   94.179648039416662   237.58951501959911 
   78.179648039416648   221.58951501959911 
   62.179648039416676   221.58951501959911 
   46.179648039416669   237.58951501959911 
   62.179648039416676   237.58951501959911 
   46.179648039416669   221.58951501959911 
   30.179648039416687   221.58951501959911 
    14.17964803941668   237.58951501959911 
   30.179648039416687   237.58951501959911 
    14.17964803941668   221.58951501959911 
   254.17964803941666   253.58951501959905 
   238.17964803941666   13.589515019599055 
   254.17964803941666   13.589515019599041 
   238.17964803941666   253.58951501959905 
   222.17964803941666   253.58951501959905 
   206.17964803941666   13.589515019599055 
   222.17964803941666   13.589515019599055 
   206.17964803941669   253.58951501959905 
   190.17964803941666   253.58951501959905 
   174.17964803941663   13.589515019599055 
   190.17964803941663   13.589515019599055 
   174.17964803941666   253.58951501959905 
   158.17964803941666   253.58951501959905 
   142.17964803941666   13.589515019599055 
   158.17964803941666   13.589515019599055 
   142.17964803941669   253.58951501959905 
   126.17964803941669   253.58951501959905 
   110.17964803941666   13.589515019599055 
   126.17964803941668   13.589515019599055 
   110.17964803941666   253.58951501959905 
   94.179648039416662   253.58951501959905 
   78.179648039416648   13.589515019599055 
   94.179648039416662   13.589515019599055 
   78.179648039416648   253.58951501959905 
   62.179648039416691   253.58951501959905 
   46.179648039416669   13.589515019599055 
   62.179648039416676   13.589515019599055 
   46.179648039416684   253.58951501959905 
   30.179648039416701   253.58951501959905 
    14.17964803941668   13.589515019599055 
   30.179648039416687   13.589515019599055 
   14.179648039416694   253.58951501959905 
