   11.766317139721396   5.7327595109077913 
   23.080025638706154   21.732759510907783 
   11.766317139721396    37.73275951090779 
   23.080025638706154   53.732759510907783 
   11.766317139721396   69.732759510907798 
   23.080025638706154   85.732759510907798 
   11.766317139721396    101.7327595109078 
   23.080025638706154   117.73275951090778 
   11.766317139721396   133.73275951090778 
   23.080025638706154   149.73275951090778 
   11.766317139721396   165.73275951090778 
   23.080025638706154   181.73275951090781 
   11.766317139721396   197.73275951090778 
   23.080025638706154   213.73275951090778 
   11.766317139721396   229.73275951090775 
   23.080025638706154   245.73275951090778 
   34.393734137690927   5.7327595109077913 
   45.707442636675673   21.732759510907783 
   34.393734137690927    37.73275951090779 
   45.707442636675673   53.732759510907783 
   34.393734137690927   69.732759510907798 
   45.707442636675673   85.732759510907798 
   34.393734137690927    101.7327595109078 
   45.707442636675673   117.73275951090778 
   34.393734137690927   133.73275951090778 
   45.707442636675673   149.73275951090778 
   34.393734137690927   165.73275951090778 
   45.707442636675673   181.73275951090781 
   34.393734137690927   197.73275951090778 
   45.707442636675673   213.73275951090778 
   34.393734137690927   229.73275951090775 
   45.707442636675673   245.73275951090778 
   57.021151135660446   5.7327595109077913 
   68.334859634645184   21.732759510907783 
   57.021151135660446    37.73275951090779 
   68.334859634645184   53.732759510907783 
   57.021151135660446   69.732759510907798 
   68.334859634645184   85.732759510907798 
   57.021151135660446    101.7327595109078 
   68.334859634645184   117.73275951090778 
   57.021151135660446   133.73275951090778 
   68.334859634645184   149.73275951090778 
   57.021151135660446   165.73275951090778 
   68.334859634645184   181.73275951090781 
   57.021151135660446   197.73275951090778 
   68.334859634645184   213.73275951090778 
   57.021151135660446   229.73275951090775 
   68.334859634645184   245.73275951090778 
   79.648568133629965   5.7327595109077913 
   90.962276632614717   21.732759510907783 
   79.648568133629965    37.73275951090779 
   90.962276632614717   53.732759510907783 
   79.648568133629965   69.732759510907798 
   90.962276632614717   85.732759510907798 
   79.648568133629965    101.7327595109078 
   90.962276632614717   117.73275951090778 
   79.648568133629965   133.73275951090778 
   90.962276632614717   149.73275951090778 
   79.648568133629965   165.73275951090778 
   90.962276632614717   181.73275951090781 
   79.648568133629965   197.73275951090778 
   90.962276632614717   213.73275951090778 
   79.648568133629965   229.73275951090775 
   90.962276632614717   245.73275951090778 
   102.27598513159948   5.7327595109077913 
   113.58969363058424   21.732759510907783 
   102.27598513159948    37.73275951090779 
   113.58969363058424   53.732759510907783 
   102.27598513159948   69.732759510907798 
   113.58969363058424   85.732759510907798 
   102.27598513159948    101.7327595109078 
   113.58969363058424   117.73275951090778 
   102.27598513159948   133.73275951090778 
   113.58969363058424   149.73275951090778 
   102.27598513159948   165.73275951090778 
   113.58969363058424   181.73275951090781 
   102.27598513159948   197.73275951090778 
   113.58969363058424   213.73275951090778 
   102.27598513159948   229.73275951090775 
   113.58969363058424   245.73275951090778 
     124.903402129569   5.7327595109077913 
   136.21711062855377   21.732759510907783 
     124.903402129569    37.73275951090779 
   136.21711062855377   53.732759510907783 
     124.903402129569   69.732759510907798 
   136.21711062855377   85.732759510907798 
     124.903402129569    101.7327595109078 
   136.21711062855377   117.73275951090778 
     124.903402129569   133.73275951090778 
   136.21711062855377   149.73275951090778 
     124.903402129569   165.73275951090778 
   136.21711062855377   181.73275951090781 
     124.903402129569   197.73275951090778 
   136.21711062855377   213.73275951090778 
     124.903402129569   229.73275951090775 
   136.21711062855377   245.73275951090778 
   147.53081912753854   5.7327595109077913 
    158.8445276265233   21.732759510907783 
   147.53081912753854    37.73275951090779 
    158.8445276265233   53.732759510907783 
   147.53081912753854   69.732759510907798 
    158.8445276265233   85.732759510907798 
   147.53081912753854    101.7327595109078 
    158.8445276265233   117.73275951090778 
   147.53081912753854   133.73275951090778 
    158.8445276265233   149.73275951090778 
   147.53081912753854   165.73275951090778 
    158.8445276265233   181.73275951090781 
   147.53081912753854   197.73275951090778 
    158.8445276265233   213.73275951090778 
   147.53081912753854   229.73275951090775 
    158.8445276265233   245.73275951090778 
   170.15823612550807   5.7327595109077913 
   181.47194462449283   21.732759510907783 
   170.15823612550807    37.73275951090779 
   181.47194462449283   53.732759510907783 
   170.15823612550807   69.732759510907798 
   181.47194462449283   85.732759510907798 
   170.15823612550807    101.7327595109078 
   181.47194462449283   117.73275951090778 
   170.15823612550807   133.73275951090778 
   181.47194462449283   149.73275951090778 
   170.15823612550807   165.73275951090778 
   181.47194462449283   181.73275951090781 
   170.15823612550807   197.73275951090778 
   181.47194462449283   213.73275951090778 
   170.15823612550807   229.73275951090775 
   181.47194462449283   245.73275951090778 
   192.78565312347757   5.7327595109077913 
   204.09936162246234   21.732759510907783 
   192.78565312347757    37.73275951090779 
   204.09936162246234   53.732759510907783 
   192.78565312347757   69.732759510907798 
   204.09936162246234   85.732759510907798 
   192.78565312347757    101.7327595109078 
   204.09936162246234   117.73275951090778 
   192.78565312347757   133.73275951090778 
   204.09936162246234   149.73275951090778 
   192.78565312347757   165.73275951090778 
   204.09936162246234   181.73275951090781 
   192.78565312347757   197.73275951090778 
   204.09936162246234   213.73275951090778 
   192.78565312347757   229.73275951090775 
   204.09936162246234   245.73275951090778 
   215.41307012144711   5.7327595109077913 
   226.72677862043187   21.732759510907783 
   215.41307012144711    37.73275951090779 
   226.72677862043187   53.732759510907783 
   215.41307012144711   69.732759510907798 
   226.72677862043187   85.732759510907798 
   215.41307012144711    101.7327595109078 
   226.72677862043187   117.73275951090778 
   215.41307012144711   133.73275951090778 
   226.72677862043187   149.73275951090778 
   215.41307012144711   165.73275951090778 
   226.72677862043187   181.73275951090781 
   215.41307012144711   197.73275951090778 
   226.72677862043187   213.73275951090778 
   215.41307012144711   229.73275951090775 
   226.72677862043187   245.73275951090778 
   238.04048711941661   5.7327595109077913 
   249.35419561840138   21.732759510907783 
   238.04048711941661    37.73275951090779 
   249.35419561840138   53.732759510907783 
   238.04048711941661   69.732759510907798 
   249.35419561840138   85.732759510907798 
   238.04048711941661    101.7327595109078 
   249.35419561840138   117.73275951090778 
   238.04048711941661   133.73275951090778 
   249.35419561840138   149.73275951090778 
   238.04048711941661   165.73275951090778 
   249.35419561840138   181.73275951090781 
   238.04048711941661   197.73275951090778 
   249.35419561840138   213.73275951090778 
   238.04048711941661   229.73275951090775 
   249.35419561840138   245.73275951090778 
