   63.002592016193688   4.3147156116982046 
   47.933284064277856   16.841325602047782 
   54.720382572913024   35.224342052948387 
   39.651074620997193   47.750952043297978 
   46.438173129632361   66.133968494198584 
   31.368865177716529   78.660578484548154 
   38.155963686351697   97.043594935448766 
   23.086655734435865   109.57020492579834 
   29.873754243071037   127.95322137669896 
   14.804446291155203   140.47983136704855 
   21.591544799790359   158.86284781794916 
   6.5222368478745389   171.38945780829872 
   13.309335356509708   189.77247425919933 
   5.0271259132290442    220.6821007004495 
   84.858998476744702   10.171122072249227 
   69.789690524828856   22.697732062598806 
   76.576789033464038   41.080748513499394 
     61.5074810815482   53.607358503848985 
   68.294579590183375   71.990374954749598 
   53.225271638267536   84.516984945099182 
   60.012370146902718   102.90000139599977 
   44.943062194986865   115.42661138634936 
   51.730160703622055   133.80962783724996 
   36.660852751706202   146.33623782759955 
   43.447951260341377   164.71925427850016 
   28.378643308425541   177.24586426884974 
   35.165741817060727   195.62888071975033 
   20.096433865144892   208.15549071009991 
    26.88353237378006   226.53850716100052 
   106.71540493729573    16.02752853280024 
    91.64609698537987   28.554138523149817 
   98.433195494015067   46.937154974050415 
   83.363887542099221   59.463764964400013 
   90.150986050734403   77.846781415300612 
   75.081678098818557   90.373391405650196 
   81.868776607453754   108.75640785655078 
   66.799468655537893   121.28301784690038 
   73.586567164173076   139.66603429780096 
   58.517259212257237   152.19264428815057 
   65.304357720892398   170.57566073905116 
   50.235049768976573   183.10227072940074 
   57.022148277611741   201.48528718030136 
   41.952840325695909   214.01189717065091 
   48.739938834331078   232.39491362155152 
   121.78471288921159    3.500918542450659 
   128.57181139784677   21.883934993351261 
   113.50250344593093   34.410544983700838 
   120.28960195456609   52.793561434601443 
   105.22029400265026   65.320171424951027 
   112.00739251128543    83.70318787585164 
   96.938084559369599    96.22979786620121 
   103.72518306800477   114.61281431710181 
   88.655875116088936   127.13942430745139 
   95.442973624724104   145.52244075835202 
   80.373665672808272    158.0490507487016 
    87.16076418144344   176.43206719960222 
   72.091456229527608   188.95867718995177 
   78.878554738162777   207.34169364085238 
   63.809246786246938   219.86830363120197 
   70.596345294882113   238.25132008210255 
   143.64111934976259   9.3573250030016677 
   150.42821785839774   27.740341453902285 
   135.35890990648193   40.266951444251866 
   142.14600841511711    58.64996789515245 
   127.07670046320126   71.176577885502041 
   133.86379897183642   89.559594336402668 
   118.79449101992061   102.08620432675224 
   125.58158952855578   120.46922077765282 
   110.51228157663994   132.99583076800241 
   117.29938008527512   151.37884721890302 
   102.23007213335927    163.9054572092526 
   109.01717064199445   182.28847366015322 
   93.947862690078608    194.8150836505028 
   100.73496119871379   213.19810010140338 
   85.665653246797959   225.72471009175297 
   92.452751755433127   244.10772654265358 
   165.49752581031359   15.213731463552692 
   172.28462431894877   33.596747914453296 
   157.21531636703295   46.123357904802873 
   164.00241487566814   64.506374355703471 
   148.93310692375226   77.032984346053055 
   155.72020543238744   95.416000796953668 
   140.65089748047163   107.94261078730325 
   147.43799598910681   126.32562723820384 
   132.36868803719094   138.85223722855343 
   139.15578654582612   157.23525367945402 
   124.08647859391029   169.76186366980363 
   130.87357710254545   188.14488012070422 
   115.80426915062962    200.6714901110538 
    122.5913676592648   219.05450656195441 
   107.52205970734897   231.58111655230397 
   114.30915821598414   249.96413300320458 
   187.35393227086462   21.070137924103715 
   194.14103077949983   39.453154375004317 
   179.07172282758398   51.979764365353894 
   185.85882133621917   70.362780816254485 
   170.78951338430332   82.889390806604098 
    177.5766118929385    101.2724072575047 
   162.50730394102266   113.79901724785427 
   169.29440244965784   132.18203369875488 
   154.22509449774199   144.70864368910446 
   161.01219300637717   163.09166014000508 
   145.94288505446133   175.61827013035466 
   152.72998356309651   194.00128658125527 
   137.66067561118066   206.52789657160483 
   144.44777411981585   224.91091302250544 
       129.3784661679   237.43752301285502 
   136.16556467653518   255.82053946375561 
   209.21033873141567   26.926544384654726 
   215.99743724005086   45.309560835555338 
   200.92812928813498   57.836170825904922 
   207.71522779677019   76.219187276805513 
   192.64591984485432   88.745797267155098 
    199.4330183534895   107.12881371805572 
   184.36371040157366   119.65542370840528 
   191.15080891020887   138.03844015930588 
   176.08150095829302   150.56505014965546 
   182.86859946692817   168.94806660055607 
   167.79929151501233   181.47467659090566 
   174.58639002364754    199.8576930418063 
   159.51708207173169   212.38430303215586 
   166.30418058036685   230.76731948305644 
     151.234872628451   243.29392947340602 
   231.06674519196665   32.782950845205747 
   237.85384370060186   51.165967296106352 
   222.78453574868601   63.692577286455929 
   229.57163425732119   82.075593737356527 
   214.50232630540535   94.602203727706112 
   221.28942481404056   112.98522017860672 
   206.22011686212468   125.51183016895631 
   213.00721537075987   143.89484661985691 
   197.93790741884399   156.42145661020649 
    204.7250059274792   174.80447306110707 
   189.65569797556336   187.33108305145669 
   196.44279648419854   205.71409950235727 
   181.37348853228269   218.24070949270686 
   188.16058704091787   236.62372594360747 
   173.09127908900203   249.15033593395702 
    252.9231516525177   38.639357305756761 
   244.64094220923701   69.548983747006957 
   251.42804071787222   87.932000197907541 
   236.35873276595635   100.45861018825714 
   243.14583127459153   118.84162663915774 
   228.07652332267568   131.36823662950732 
   234.86362183131089   149.75125308040793 
   219.79431387939505   162.27786307075752 
   226.58141238803023   180.66087952165813 
   211.51210443611436   193.18748951200772 
   218.29920294474954   211.57050596290833 
   203.22989499283369   224.09711595325788 
   210.01699350146887    242.4801324041585 
   194.94768554955303   255.00674239450808 
   32.863976112362039   29.367935592397362 
   24.581766669081375    60.27756203364757 
   249.93292978322671   137.22464309005832 
   16.299557225800712   91.187188474897738 
   241.65072033994602   168.13426953130852 
   8.0173477825200479   122.09681491614793 
   233.36851089666538   199.04389597255872 
   225.08630145338472   229.95352241380891 
