    58.48546668831073   7.7594713066611254 
   60.283425659443438   27.272732016704524 
   42.485466688310723   35.472284227763168 
   44.283425659443431   54.985544937806566 
   26.485466688310726   63.185097148865204 
   28.283425659443434   82.698357858908608 
   10.485466688310721   90.897910069967253 
   12.283425659443427   110.41117078001066 
   95.879343601708868   10.873627594587228 
   78.081384630576153   19.073179805645886 
   79.879343601708854   38.586440515689283 
   62.081384630576146   46.785992726747921 
   63.879343601708861   66.299253436791318 
   46.081384630576153   74.498805647849963 
   47.879343601708861    94.01206635789336 
   30.081384630576142   102.21161856895201 
    31.87934360170885   121.72487927899542 
   14.081384630576135   129.92443149005405 
   15.879343601708843   149.43769220009747 
   113.67730257284157   2.6740753835286029 
   115.47526154397428   22.187336093571986 
   97.677302572841569   30.386888304630641 
   99.475261543974284   49.900149014674042 
   81.677302572841569    58.09970122573268 
    83.47526154397427   77.612961935776084 
   65.677302572841569   85.812514146834715 
   67.475261543974284   105.32577485687813 
   49.677302572841562   113.52532706793676 
    51.47526154397427   133.03858777798015 
   33.677302572841555   141.23813998903881 
   35.475261543974263   160.75140069908221 
    17.67730257284158   168.95095291014081 
   19.475261543974288   188.46421362018421 
   1.6773025728415725   196.66376583124287 
     133.273220515107    13.98778388251336 
   135.07117948623971   33.501044592556759 
   117.27322051510701   41.700596803615404 
   119.07117948623971   61.213857513658802 
     101.273220515107    69.41340972471744 
   103.07117948623973   88.926670434760851 
   85.273220515107013   97.126222645819482 
   87.071179486239714   116.63948335586288 
   69.273220515106999   124.83903556692154 
   71.071179486239714   144.35229627696492 
   53.273220515106992   152.55184848802358 
     55.0711794862397   172.06510919806698 
   37.273220515107013   180.26466140912558 
   39.071179486239721   199.77792211916898 
    21.27322051510701   207.97747433022761 
   151.07117948623971   5.7882316714547351 
   152.86913845737243   25.301492381498118 
   154.66709742850514   44.814753091541519 
   136.86913845737243   53.014305302600157 
   138.66709742850512   72.527566012643575 
   120.86913845737243   80.727118223702206 
   122.66709742850513    100.2403789337456 
   104.86913845737243   108.43993114480423 
   106.66709742850514   127.95319185484765 
   88.869138457372429   136.15274406590629 
    90.66709742850513   155.66600477594969 
   72.869138457372415   163.86555698700835 
    74.66709742850513   183.37881769705174 
   56.869138457372436   191.57836990811032 
   58.667097428505144   211.09163061815377 
   40.869138457372429   219.29118282921237 
   170.66709742850514    17.10194017043948 
   172.46505639963786   36.615200880482881 
   174.26301537077055   56.128461590526264 
   156.46505639963783   64.328013801584916 
   158.26301537077055   83.841274511628313 
   140.46505639963786   92.040826722686958 
   142.26301537077057   111.55408743273036 
   124.46505639963786     119.753639643789 
   126.26301537077056    139.2669003538324 
   108.46505639963785   147.46645256489106 
   110.26301537077056   166.97971327493445 
   92.465056399637845   175.17926548599311 
   94.263015370770546   194.69252619603651 
   76.465056399637859   202.89207840709508 
   78.263015370770574   222.40533911713851 
   60.465056399637852   230.60489132819717 
   190.26301537077057   28.415648669424236 
   192.06097434190326    47.92890937946764 
     193.858933313036   67.442170089511038 
   176.06097434190329   75.641722300569683 
     177.858933313036   95.154983010613094 
   160.06097434190329   103.35453522167171 
     161.858933313036   122.86779593171514 
   144.06097434190329   131.06734814277377 
     145.858933313036   150.58060885281716 
   128.06097434190329   158.78016106387579 
     129.858933313036   178.29342177391922 
   112.06097434190328   186.49297398497785 
     113.858933313036   206.00623469502128 
   96.060974341903304   214.20578690607985 
   97.858933313036019   233.71904761612328 
   80.060974341903304   241.91859982718194 
     209.858933313036    39.72935716840901 
   211.65689228416869   59.242617878452393 
   213.45485125530143    78.75587858849579 
   195.65689228416869   86.955430799554435 
   197.45485125530143   106.46869150959785 
   179.65689228416872   114.66824372065648 
   181.45485125530143    134.1815044306999 
   163.65689228416869   142.38105664175851 
   165.45485125530143    161.8943173518019 
   147.65689228416869   170.09386956286056 
   149.45485125530143   189.60713027290396 
   131.65689228416869   197.80668248396259 
   133.45485125530143   217.31994319400602 
   115.65689228416872   225.51949540506462 
   117.45485125530145   245.03275611510801 
    99.65689228416872   253.23230832616665 
   229.45485125530143   51.043065667393769 
   231.25281022643412   70.556326377437159 
   233.05076919756684   90.069587087480556 
   215.25281022643415   98.269139298539187 
   217.05076919756684   117.78240000858261 
   199.25281022643412   125.98195221964123 
   201.05076919756684   145.49521292968464 
   183.25281022643415   153.69476514074327 
   185.05076919756686    173.2080258507867 
   167.25281022643415   181.40757806184533 
   169.05076919756684   200.92083877188875 
   151.25281022643415   209.12039098294736 
   153.05076919756684   228.63365169299078 
   135.25281022643415   236.83320390404938 
   137.05076919756686   256.34646461409278 
   249.05076919756686   62.356774166378528 
   250.84872816869952   81.870034876421911 
   252.64668713983227   101.38329558646531 
   234.84872816869955   109.58284779752395 
   236.64668713983227   129.09610850756738 
   218.84872816869955   137.29566071862598 
   220.64668713983227   156.80892142866941 
   202.84872816869958   165.00847363972804 
   204.64668713983227   184.52173434977144 
   186.84872816869955   192.72128656083009 
   188.64668713983227   212.23454727087349 
   170.84872816869955   220.43409948193215 
   172.64668713983227   239.94736019197555 
   154.84872816869958   248.14691240303412 
   254.44464611096498   120.89655629650871 
   256.24260508209773   140.40981700655212 
   238.44464611096498   148.60936921761075 
   240.24260508209767   168.12262992765415 
   222.44464611096498   176.32218213871278 
    224.2426050820977    195.8354428487562 
   206.44464611096498   204.03499505981483 
    208.2426050820977   223.54825576985823 
   190.44464611096498   231.74780798091689 
    192.2426050820977   251.26106869096031 
