   98.229264225563867   13.350716469901691 
   78.915555726579086   16.664424968886461 
   75.601847227594334   35.978133467871224 
   56.288138728609589   39.291841966855976 
   52.974430229624836   58.605550465840729 
   33.660721730640056   61.919258964825509 
   30.347013231655303   81.232967463810269 
   11.033304732670526   84.546675962795035 
   7.7195962336857713   103.86038446177979 
   136.85668122353337   6.7232994719321661 
   117.54297272454863   10.037007970916921 
   114.22926422556387   29.350716469901684 
     94.9155557265791   32.664424968886451 
   91.601847227594334   51.978133467871217 
   72.288138728609582   55.291841966855969 
   68.974430229624815   74.605550465840736 
   49.660721730640063   77.919258964825502 
   46.347013231655296   97.232967463810269 
   27.033304732670533   100.54667596279504 
   23.719596233685763    119.8603844617798 
   4.4058877347010164   123.17409296076455 
   1.0921792357162616   142.48780145974931 
   156.17038972251814   3.4095909729474116 
   152.85668122353337   22.723299471932158 
   133.54297272454863   26.037007970916914 
   130.22926422556387   45.350716469901691 
   110.91555572657909   48.664424968886443 
   107.60184722759433   67.978133467871217 
   88.288138728609596   71.291841966855969 
   84.974430229624815   90.605550465840736 
   65.660721730640049   93.919258964825488 
   62.347013231655289   113.23296746381025 
    43.03330473267053   116.54667596279502 
   39.719596233685756    135.8603844617798 
   20.405887734701011   139.17409296076454 
   17.092179235716255   158.48780145974931 
   172.17038972251814    19.40959097294742 
   168.85668122353337   38.723299471932165 
   149.54297272454863   42.037007970916925 
   146.22926422556387   61.350716469901684 
    126.9155557265791   64.664424968886465 
   123.60184722759435   83.978133467871231 
    104.2881387286096   87.291841966855969 
   100.97443022962483   106.60555046584074 
   81.660721730640063    109.9192589648255 
   78.347013231655311   129.23296746381027 
   59.033304732670537   132.54667596279504 
   55.719596233685763    151.8603844617798 
   36.405887734701032   155.17409296076454 
   33.092179235716259   174.48780145974931 
   13.778470736731528   177.80150995873407 
    191.4840982215029    16.09588247396265 
   188.17038972251817   35.409590972947413 
    184.8566812235334   54.723299471932158 
   165.54297272454863   58.037007970916918 
   162.22926422556387   77.350716469901684 
    142.9155557265791   80.664424968886465 
   139.60184722759433   99.978133467871217 
    120.2881387286096   103.29184196685597 
   116.97443022962483   122.60555046584072 
   97.660721730640063   125.91925896482549 
   94.347013231655282   145.23296746381027 
   75.033304732670544   148.54667596279504 
   71.719596233685778    167.8603844617798 
   52.405887734701025   171.17409296076457 
   49.092179235716252   190.48780145974931 
   29.778470736731521   193.80150995873404 
    207.4840982215029   32.095882473962646 
   204.17038972251814   51.409590972947406 
   200.85668122353337   70.723299471932151 
    181.5429727245486   74.037007970916918 
   178.22926422556387   93.350716469901684 
    158.9155557265791   96.664424968886451 
   155.60184722759433   115.97813346787122 
    136.2881387286096   119.29184196685596 
    132.9744302296248   138.60555046584074 
   113.66072173064006    141.9192589648255 
    110.3470132316553   161.23296746381024 
    91.03330473267053   164.54667596279501 
   87.719596233685763    183.8603844617798 
   68.405887734701025   187.17409296076454 
   65.092179235716259   206.48780145974931 
   45.778470736731514   209.80150995873404 
    223.4840982215029   48.095882473962632 
   220.17038972251814   67.409590972947413 
    216.8566812235334   86.723299471932179 
   197.54297272454863   90.037007970916932 
    194.2292642255639   109.35071646990171 
    174.9155557265791   112.66442496888646 
   171.60184722759433   131.97813346787123 
    152.2881387286096   135.29184196685597 
   148.97443022962486   154.60555046584074 
   129.66072173064006    157.9192589648255 
   126.34701323165532    177.2329674638103 
   107.03330473267054   180.54667596279504 
   103.71959623368579    199.8603844617798 
   84.405887734701039   203.17409296076454 
   81.092179235716273   222.48780145974931 
   61.778470736731521   225.80150995873407 
    239.4840982215029   64.095882473962661 
   236.17038972251814   83.409590972947413 
   232.85668122353337   102.72329947193217 
   213.54297272454863   106.03700797091692 
    210.2292642255639    125.3507164699017 
    190.9155557265791   128.66442496888646 
   187.60184722759433   147.97813346787123 
    168.2881387286096   151.29184196685597 
   164.97443022962486   170.60555046584074 
   145.66072173064009   173.91925896482547 
    142.3470132316553   193.23296746381027 
   123.03330473267053   196.54667596279504 
   119.71959623368579    215.8603844617798 
   100.40588773470103   219.17409296076451 
   97.092179235716273   238.48780145974933 
   77.778470736731535   241.80150995873407 
   255.48409822150293   80.095882473962646 
   252.17038972251814   99.409590972947399 
    248.8566812235334   118.72329947193218 
   229.54297272454863   122.03700797091692 
    226.2292642255639    141.3507164699017 
    206.9155557265791   144.66442496888646 
   203.60184722759436   163.97813346787123 
    184.2881387286096   167.29184196685594 
   180.97443022962483   186.60555046584076 
   161.66072173064006    189.9192589648255 
   158.34701323165532   209.23296746381027 
   139.03330473267053   212.54667596279504 
   135.71959623368576    231.8603844617798 
   116.40588773470103   235.17409296076454 
   113.09217923571629   254.48780145974933 
   245.54297272454863   138.03700797091693 
   242.22926422556387    157.3507164699017 
    222.9155557265791   160.66442496888644 
   219.60184722759436    179.9781334678712 
   200.28813872860962   183.29184196685597 
   196.97443022962483   202.60555046584074 
   177.66072173064006    205.9192589648255 
   174.34701323165532   225.23296746381027 
   155.03330473267056   228.54667596279501 
   151.71959623368579    247.8603844617798 
   132.40588773470103   251.17409296076454 
    238.9155557265791   176.66442496888644 
   235.60184722759436   195.97813346787123 
    216.2881387286096   199.29184196685597 
   212.97443022962486   218.60555046584071 
   193.66072173064006   221.91925896482547 
   190.34701323165532   241.23296746381027 
   171.03330473267053   244.54667596279501 
