   126.31583171720632   4.1462827939548959 
   106.80257100716292   2.3483238228221732 
    98.60301879610428   20.146282793954903 
   79.089758086060897   18.348323822822167 
   70.890205875002252   36.146282793954896 
    51.37694516495884   34.348323822822174 
   43.177392953900203   52.146282793954903 
   23.664132243856802   50.348323822822181 
   15.464580032798159   68.146282793954924 
   165.34235313729312   7.7422007362202958 
   145.82909242724972   5.9442417650875736 
   137.62954021619109   23.742200736220305 
   118.11627950614766   21.944241765087597 
   109.91672729508903   39.742200736220312 
   90.403466585045649    37.94424176508759 
   82.203914373987018   55.742200736220305 
     62.6906536639436   53.944241765087597 
   54.491101452884969   71.742200736220312 
   34.977840742841558   69.944241765087597 
   26.778288531782916   87.742200736220312 
   7.2650278217395332   85.944241765087611 
   184.85561384733651   9.5401597073530038 
   176.65606163627788   27.338118678485717 
   157.14280092623449   25.540159707352995 
   148.94324871517583   43.338118678485728 
   129.42998800513246    41.54015970735302 
    121.2304357940738   59.338118678485735 
   101.71717508403043   57.540159707353013 
   93.517622872971785   75.338118678485728 
   74.004362162928388   73.540159707353013 
   65.804809951869728   91.338118678485742 
   46.291549241826331   89.540159707353027 
   38.091997030767679   107.33811867848576 
   18.578736320724307   105.54015970735303 
   10.379184109665665   123.33811867848574 
   204.36887455737991   11.338118678485726 
   196.16932234632125   29.136077649618439 
   187.96977013526265   46.934036620751144 
   168.45650942521922   45.136077649618436 
   160.25695721416062   62.934036620751151 
   140.74369650411722   61.136077649618443 
   132.54414429305857   78.934036620751158 
   113.03088358301518   77.136077649618429 
   104.83133137195654   94.934036620751144 
   85.318070661913126   93.136077649618443 
   77.118518450854495   110.93403662075116 
   57.605257740811091   109.13607764961846 
   49.405705529752453   126.93403662075117 
   29.892444819709066   125.13607764961846 
   21.692892608650425   142.93403662075116 
   2.1796318986070391   141.13607764961847 
   215.68258305636465   30.934036620751133 
   207.48303084530605   48.731995591883852 
   199.28347863424742    66.52995456301656 
   179.77021792420402   64.731995591883845 
   171.57066571314539    82.52995456301656 
   152.05740500310196   80.731995591883859 
   143.85785279204333   98.529954563016574 
   124.34459208199995   96.731995591883859 
    116.1450398709413   114.52995456301657 
   96.631779160897906   112.73199559188386 
   88.432226949839247   130.52995456301659 
    68.91896623979585    128.7319955918839 
   60.719414028737205   146.52995456301659 
   41.206153318693822   144.73199559188387 
   33.006601107635184   162.52995456301659 
   13.493340397591798   160.73199559188387 
   226.99629155534944   50.529954563016553 
   218.79673934429081   68.327913534149275 
   210.59718713323218   86.125872505281976 
   191.08392642318879    84.32791353414926 
   182.88437421213013   102.12587250528198 
   163.37111350208673   100.32791353414929 
   155.17156129102807     118.125872505282 
    135.6583005809847   116.32791353414927 
   127.45874836992606   134.12587250528199 
   107.94548765988266   132.32791353414927 
   99.745935448824028   150.12587250528199 
   80.232674738780602    148.3279135341493 
   72.033122527721972   166.12587250528202 
   52.519861817678581    164.3279135341493 
   44.320309606619944   182.12587250528202 
   24.807048896576571   180.32791353414927 
   238.31000005433421   70.125872505281976 
   230.11044784327558   87.923831476414705 
   221.91089563221695   105.72179044754742 
   202.39763492217355    103.9238314764147 
   194.19808271111489   121.72179044754743 
    174.6848220010715    119.9238314764147 
   166.48526979001284   137.72179044754745 
   146.97200907996947    135.9238314764147 
   138.77245686891084   153.72179044754745 
   119.25919615886743   151.92383147641473 
   111.05964394780879   169.72179044754745 
   91.546383237765383   167.92383147641473 
   83.346831026706738   185.72179044754745 
   63.833570316663355   183.92383147641473 
   55.634018105604717   201.72179044754745 
   36.120757395561327   199.92383147641473 
   249.62370855331898    89.72179044754742 
   241.42415634226032   107.51974941868014 
   233.22460413120169   125.31770838981285 
   213.71134342115829   123.51974941868012 
   205.51179121009966   141.31770838981285 
   185.99853050005623   139.51974941868014 
   177.79897828899763   157.31770838981285 
   158.28571757895421   155.51974941868014 
    150.0861653678956   173.31770838981288 
   130.57290465785221   171.51974941868014 
   122.37335244679355   189.31770838981288 
   102.86009173675014   187.51974941868016 
   94.660539525691505   205.31770838981288 
   75.147278815648107   203.51974941868014 
   66.947726604589491   221.31770838981285 
   47.434465894546086   219.51974941868014 
   252.73786484124506   127.11566736094555 
   244.53831263018645   144.91362633207828 
   225.02505192014308   143.11566736094554 
   216.82549970908443   160.91362633207828 
   197.31223899904103   159.11566736094557 
    189.1126867879824   176.91362633207828 
     169.599426077939   175.11566736094554 
   161.39987386688037   192.91362633207828 
   141.88661315683694   191.11566736094557 
   133.68706094577831   208.91362633207831 
    114.1738002357349   207.11566736094559 
   105.97424802467626   224.91362633207831 
   86.460987314632888   223.11566736094557 
   78.261435103574229   240.91362633207828 
    58.74817439353086   239.11566736094554 
   255.85202112917122   164.50954427434368 
   236.33876041912782   162.71158530321097 
   228.13920820806919   180.50954427434371 
   208.62594749802579   178.71158530321097 
   200.42639528696714   196.50954427434371 
   180.91313457692377   194.71158530321097 
   172.71358236586511   212.50954427434368 
   153.20032165582171   210.71158530321097 
   145.00076944476305   228.50954427434368 
   125.48750873471965     226.711585303211 
   117.28795652366102   244.50954427434374 
   97.774695813617626     242.711585303211 
   247.65246891811259   182.30750324547637 
   239.45291670705396   200.10546221660911 
   219.93965599701056   198.30750324547643 
    211.7401037859519   216.10546221660914 
   192.22684307590853    214.3075032454764 
   184.02729086484987   232.10546221660911 
   164.51403015480648    230.3075032454764 
   156.31447794374782   248.10546221660911 
   136.80121723370442    246.3075032454764 
