   158.61834389113329   7.5544139433145476 
    127.7087174498831   15.836623386595212 
   109.32570099898251   9.0495248779600423 
   96.799091008632928   24.118832829875874 
    78.41607455773233   17.331734321240706 
   65.889464567382731   32.401042273156534 
   47.506448116482112    25.61394376452137 
    34.97983812613252   40.683251716437205 
   16.596821675231951   33.896153207802037 
   4.0702116848823557   48.965461159717869 
   207.91098678328407   6.0593030086690671 
   195.38437679293452   21.128610960584901 
   177.00136034203391   14.341512451949731 
   164.47475035168432   29.410820403865564 
   146.09173390078371   22.623721895230396 
   133.56512391043412   37.693029847146228 
   115.18210745953351    30.90593133851106 
   102.65549746918396   45.975239290426892 
   84.272481018283329   39.188140781791724 
   71.745871027933745   54.257448733707555 
    53.36285457703314   47.470350225072387 
   40.836244586683549   62.539658176988219 
   22.453228135782958   55.752559668353051 
   9.9266181454333644    70.82186762026889 
   226.29400323418469   12.846401517304237 
    213.7673932438351   27.915709469220097 
   201.24078325348552   42.985017421135915 
   182.85776680258493   36.197918912500761 
   170.33115681223532   51.267226864416578 
   151.94814036133474   44.480128355781424 
   139.42153037098512   59.549436307697242 
   121.03851392008454   52.762337799062088 
   108.51190392973496   67.831645750977913 
   90.128887478834358   61.044547242342752 
   77.602277488484759   76.113855194258576 
   59.219261037584161   69.326756685623423 
    46.69265104723457   84.396064637539254 
   28.309634596333982   77.608966128904086 
   15.783024605984389   92.678274080819904 
   232.15040969473571   34.702807977855251 
    219.6237997043861   49.772115929771097 
   207.09718971403655    64.84142388168695 
   188.71417326313593   58.054325373051761 
   176.18756327278635   73.123633324967614 
   157.80454682188574   66.336534816332431 
   145.27793683153615   81.405842768248263 
   126.89492038063557   74.618744259613095 
   114.36831039028598   89.688052211528941 
   95.985293939385386   82.900953702893759 
   83.458683949035773   97.970261654809605 
   65.075667498135175   91.183163146174422 
   52.549057507785577   106.25247109809027 
   34.166041056885007   99.465372589455086 
   21.639431066535412   114.53468054137093 
   3.2564146156348239   107.74758203273575 
   238.00681615528671   56.559214438406272 
   225.48020616493713   71.628522390322118 
   212.95359617458755    86.69783034223795 
   194.57057972368696   79.910731833602782 
   182.04396973333738   94.980039785518628 
   163.66095328243676   88.192941276883445 
   151.13434329208718   103.26224922879929 
    132.7513268411866   96.475150720164109 
     120.224716850837   111.54445867207995 
   101.84170039993639   104.75736016344477 
   89.315090409586801   119.82666811536062 
   70.932073958686189   113.03956960672544 
   58.405463968336605   128.10887755864127 
   40.022447517436014    121.3217790500061 
   27.495837527086422   136.39108700192193 
   9.1128210761858472   129.60398849328675 
   243.86322261583774     78.4156208989573 
   231.33661262548816   93.484928850873132 
   218.81000263513857   108.55423680278896 
   200.42698618423799    101.7671382941538 
   187.90037619388838   116.83644624606964 
   169.51735974298779   110.04934773743446 
   156.99074975263818   125.11865568935031 
    138.6077333017376   118.33155718071512 
   126.08112331138801   133.40086513263097 
    107.6981068604874   126.61376662399579 
   95.171496870137815   141.68307457591163 
   76.788480419237203   134.89597606727645 
   64.261870428887619    149.9652840191923 
   45.878853977987035   143.17818551055714 
   33.352243987637443   158.24749346247296 
   14.969227536736858   151.46039495383778 
   249.71962907638877   100.27202735950831 
   237.19301908603916   115.34133531142415 
    224.6664090956896   130.41064326334001 
   206.28339264478896   123.62354475470481 
   193.75678265443941   138.69285270662067 
   175.37376620353879   131.90575419798549 
   162.84715621318921   146.97506214990133 
    144.4641397622886   140.18796364126615 
   131.93752977193901     155.257271593182 
   113.55451332103843   148.47017308454681 
   101.02790333068883   163.53948103646266 
   82.644886879788231   156.75238252782748 
   70.118276889438633   171.82169047974332 
   51.735260438538049   165.03459197110811 
   39.208650448188472   180.10389992302399 
   20.825633997287881   173.31680141438881 
   255.57603553693977   122.12843382005933 
   243.04942554659021   137.19774177197519 
    230.5228155562406   152.26704972389103 
   212.13979910534002   145.47995121525582 
   199.61318911499043   160.54925916717167 
   181.23017266408982   153.76216065853652 
   168.70356267374024   168.83146861045236 
   150.32054622283962   162.04437010181715 
   137.79393623249007     177.113678053733 
   119.41091978158944   170.32657954509781 
   106.88430979123986   185.39588749701369 
   88.501293340339245   178.60878898837848 
   75.974683349989647   193.67809694029435 
    57.59166689908907   186.89099843165917 
   45.065056908739479   201.96030638357502 
   26.682040457838905   195.17320787493981 
   248.90583200714121   159.05414823252619 
   236.37922201679163   174.12345618444203 
   217.99620556589102   167.33635767580685 
   205.46959557554143    182.4056656277227 
   187.08657912464085   175.61856711908749 
   174.55996913429124   190.68787507100333 
   156.17695268339065   183.90077656236818 
   143.65034269304107   198.97008451428403 
   125.26732624214046   192.18298600564884 
   112.74071625179086   207.25229395756469 
   94.357699800890259   200.46519544892951 
   81.831089810540661   215.53450340084535 
   63.448073359640091   208.74740489221014 
     50.9214633692905   223.81671284412599 
   32.538446918389909   217.02961433549083 
   254.76223846769221   180.91055469307719 
   242.23562847734266   195.97986264499303 
   223.85261202644202   189.19276413635785 
   211.32600203609246    204.2620720882737 
   192.94298558519185   197.47497357963854 
   180.41637559484226   212.54428153155439 
   162.03335914394165   205.75718302291918 
    149.5067491535921   220.82649097483502 
   131.12373270269148   214.03939246619984 
   118.59712271234189   229.10870041811569 
   100.21410626144127   222.32160190948051 
   87.687496271091689   237.39090986139635 
   69.304479820191105    230.6038113527612 
   56.777869829841514   245.67311930467704 
   38.394853378940937   238.88602079604183 
   248.09203493789366   217.83626910554409 
   229.70901848699307   211.04917059690888 
   217.18240849664349   226.11847854882473 
   198.79939204574288   219.33138004018952 
   186.27278205539329   234.40068799210539 
   167.88976560449268   227.61358948347021 
   155.36315561414312   242.68289743538605 
   136.98013916324251   235.89579892675087 
   124.45352917289291   250.96510687866675 
   106.07051272199229   244.17800837003153 
   75.160886280742119   252.46021781331217 
