   236.58497051478446   8.0216320920497353 
   220.58497051478446   19.335340591034495 
   204.58497051478443   8.0216320920497353 
   188.58497051478446   19.335340591034495 
   172.58497051478446   8.0216320920497353 
   156.58497051478446   19.335340591034495 
   140.58497051478446   8.0216320920497353 
   124.58497051478446   19.335340591034495 
   108.58497051478446   8.0216320920497353 
   92.584970514784445   19.335340591034495 
   76.584970514784445   8.0216320920497353 
   60.584970514784438   19.335340591034495 
   44.584970514784445   8.0216320920497353 
   28.584970514784452   19.335340591034495 
   12.584970514784459   8.0216320920497353 
   252.58497051478446    19.33534059103448 
   236.58497051478446    30.64904909001925 
   220.58497051478446   41.962757589004013 
   204.58497051478446    30.64904909001925 
   188.58497051478446   41.962757589004013 
   172.58497051478446    30.64904909001925 
   156.58497051478446   41.962757589004013 
   140.58497051478446    30.64904909001925 
   124.58497051478446   41.962757589004013 
   108.58497051478446    30.64904909001925 
   92.584970514784445   41.962757589004013 
   76.584970514784445    30.64904909001925 
   60.584970514784438   41.962757589004013 
   44.584970514784459    30.64904909001925 
   28.584970514784452   41.962757589004013 
   12.584970514784473    30.64904909001925 
   252.58497051478446   41.962757589003999 
   236.58497051478446   53.276466087988787 
   220.58497051478446   64.590174586973518 
   204.58497051478446   53.276466087988787 
   188.58497051478446   64.590174586973518 
   172.58497051478446   53.276466087988787 
   156.58497051478446   64.590174586973532 
   140.58497051478446   53.276466087988787 
   124.58497051478446   64.590174586973532 
   108.58497051478446   53.276466087988787 
   92.584970514784445   64.590174586973532 
   76.584970514784445   53.276466087988787 
   60.584970514784438   64.590174586973546 
   44.584970514784459   53.276466087988787 
   28.584970514784452   64.590174586973546 
   12.584970514784473   53.276466087988787 
   252.58497051478446   64.590174586973518 
   236.58497051478446   75.903883085958299 
   220.58497051478446   87.217591584943051 
   204.58497051478446   75.903883085958299 
   188.58497051478446   87.217591584943051 
   172.58497051478446   75.903883085958299 
   156.58497051478446   87.217591584943065 
   140.58497051478446   75.903883085958299 
   124.58497051478446   87.217591584943065 
   108.58497051478446   75.903883085958299 
   92.584970514784445   87.217591584943065 
   76.584970514784445   75.903883085958299 
   60.584970514784438   87.217591584943079 
   44.584970514784459   75.903883085958299 
   28.584970514784452   87.217591584943079 
   12.584970514784473   75.903883085958299 
   252.58497051478446   87.217591584943051 
   236.58497051478446   98.531300083927817 
   220.58497051478446   109.84500858291256 
   204.58497051478446   98.531300083927817 
   188.58497051478446   109.84500858291257 
   172.58497051478446   98.531300083927817 
   156.58497051478446   109.84500858291257 
   140.58497051478446   98.531300083927817 
   124.58497051478446   109.84500858291257 
   108.58497051478446   98.531300083927817 
   92.584970514784445   109.84500858291257 
   76.584970514784445   98.531300083927817 
   60.584970514784438   109.84500858291257 
   44.584970514784459   98.531300083927817 
   28.584970514784452    109.8450085829126 
   12.584970514784473   98.531300083927817 
   252.58497051478446   109.84500858291256 
   236.58497051478446   121.15871708189734 
   220.58497051478446   132.47242558088209 
   204.58497051478446   121.15871708189734 
   188.58497051478446   132.47242558088209 
   172.58497051478446   121.15871708189734 
   156.58497051478446   132.47242558088209 
   140.58497051478446   121.15871708189734 
   124.58497051478446   132.47242558088212 
   108.58497051478446   121.15871708189734 
   92.584970514784445   132.47242558088212 
   76.584970514784445   121.15871708189734 
   60.584970514784438   132.47242558088212 
   44.584970514784459   121.15871708189734 
   28.584970514784452   132.47242558088212 
   12.584970514784473   121.15871708189734 
   252.58497051478446   132.47242558088209 
   236.58497051478446   143.78613407986688 
   220.58497051478446   155.09984257885165 
   204.58497051478446   143.78613407986688 
   188.58497051478446   155.09984257885165 
   172.58497051478446   143.78613407986688 
   156.58497051478446   155.09984257885165 
   140.58497051478446   143.78613407986688 
   124.58497051478446   155.09984257885165 
   108.58497051478446   143.78613407986688 
   92.584970514784445   155.09984257885165 
   76.584970514784445   143.78613407986688 
   60.584970514784438   155.09984257885165 
   44.584970514784459   143.78613407986688 
   28.584970514784452   155.09984257885165 
   12.584970514784473   143.78613407986688 
   252.58497051478446   155.09984257885165 
   236.58497051478446   166.41355107783639 
   220.58497051478446   177.72725957682118 
   204.58497051478446   166.41355107783639 
   188.58497051478446   177.72725957682118 
   172.58497051478446   166.41355107783639 
   156.58497051478446   177.72725957682118 
   140.58497051478446   166.41355107783639 
   124.58497051478446   177.72725957682118 
   108.58497051478446   166.41355107783639 
   92.584970514784445   177.72725957682118 
   76.584970514784445   166.41355107783639 
   60.584970514784438   177.72725957682118 
   44.584970514784459   166.41355107783639 
   28.584970514784452   177.72725957682118 
   12.584970514784473   166.41355107783639 
   252.58497051478446   177.72725957682118 
   236.58497051478446   189.04096807580592 
   220.58497051478446   200.35467657479069 
   204.58497051478446   189.04096807580592 
   188.58497051478446   200.35467657479069 
   172.58497051478446   189.04096807580592 
   156.58497051478446   200.35467657479069 
   140.58497051478446   189.04096807580592 
   124.58497051478446   200.35467657479069 
   108.58497051478446   189.04096807580592 
   92.584970514784445   200.35467657479069 
   76.584970514784445   189.04096807580592 
   60.584970514784438   200.35467657479069 
   44.584970514784459   189.04096807580592 
   28.584970514784452   200.35467657479069 
   12.584970514784473   189.04096807580592 
   252.58497051478446   200.35467657479069 
   236.58497051478446   211.66838507377543 
   220.58497051478446   222.98209357276019 
   204.58497051478446   211.66838507377543 
   188.58497051478446   222.98209357276019 
   172.58497051478446   211.66838507377543 
   156.58497051478446   222.98209357276019 
   140.58497051478446   211.66838507377543 
   124.58497051478446   222.98209357276019 
   108.58497051478446   211.66838507377543 
   92.584970514784445   222.98209357276019 
   76.584970514784445   211.66838507377543 
   60.584970514784438   222.98209357276019 
   44.584970514784459   211.66838507377543 
   28.584970514784452   222.98209357276019 
   12.584970514784473   211.66838507377543 
   252.58497051478446   222.98209357276016 
   236.58497051478446   234.29580207174496 
   220.58497051478446   245.60951057072973 
   204.58497051478446   234.29580207174496 
   188.58497051478446   245.60951057072973 
   172.58497051478446   234.29580207174496 
   156.58497051478446   245.60951057072973 
   140.58497051478446   234.29580207174496 
   124.58497051478446   245.60951057072973 
   108.58497051478446   234.29580207174496 
   92.584970514784445   245.60951057072973 
   76.584970514784445   234.29580207174496 
   60.584970514784438   245.60951057072973 
   44.584970514784459   234.29580207174496 
   28.584970514784452   245.60951057072973 
   12.584970514784473   234.29580207174496 
   252.58497051478446   245.60951057072973 
