   27.873286728498194   31.934564325784883 
   46.159001014212478   31.934564325784883 
   46.159001014212478   50.220278611499168 
   27.873286728498194   50.220278611499168 
   27.873286728498194    68.50599289721346 
   46.159001014212478    68.50599289721346 
   46.159001014212478   86.791707182927738 
   27.873286728498194   86.791707182927738 
   27.873286728498194   105.07742146864203 
   46.159001014212478   105.07742146864203 
   46.159001014212478   123.36313575435631 
   27.873286728498194   123.36313575435631 
   27.873286728498194   141.64885004007058 
   46.159001014212478   141.64885004007058 
   46.159001014212478   159.93456432578489 
   27.873286728498194   159.93456432578489 
   27.873286728498194   178.22027861149917 
   46.159001014212478   178.22027861149917 
   46.159001014212478   196.50599289721347 
   27.873286728498194   196.50599289721347 
   27.873286728498194   214.79170718292772 
   46.159001014212478   214.79170718292772 
   46.159001014212478   233.07742146864203 
   27.873286728498194   233.07742146864203 
   27.873286728498194   251.36313575435631 
   46.159001014212478   251.36313575435631 
   46.159001014212478   13.648850040070615 
   27.873286728498194   13.648850040070615 
    64.44471529992677   31.934564325784883 
   82.730429585641048   31.934564325784883 
   82.730429585641048   50.220278611499168 
    64.44471529992677   50.220278611499168 
    64.44471529992677    68.50599289721346 
   82.730429585641048    68.50599289721346 
   82.730429585641048   86.791707182927738 
    64.44471529992677   86.791707182927738 
    64.44471529992677   105.07742146864203 
   82.730429585641048   105.07742146864203 
   82.730429585641048   123.36313575435631 
    64.44471529992677   123.36313575435631 
    64.44471529992677   141.64885004007058 
   82.730429585641048   141.64885004007058 
   82.730429585641048   159.93456432578489 
    64.44471529992677   159.93456432578489 
    64.44471529992677   178.22027861149917 
   82.730429585641048   178.22027861149917 
   82.730429585641048   196.50599289721347 
    64.44471529992677   196.50599289721347 
    64.44471529992677   214.79170718292772 
   82.730429585641048   214.79170718292772 
   82.730429585641048   233.07742146864203 
    64.44471529992677   233.07742146864203 
    64.44471529992677   251.36313575435631 
   82.730429585641048   251.36313575435631 
   82.730429585641048   13.648850040070615 
    64.44471529992677   13.648850040070615 
   101.01614387135534   31.934564325784883 
   119.30185815706962   31.934564325784883 
   119.30185815706962   50.220278611499168 
   101.01614387135534   50.220278611499168 
   101.01614387135534    68.50599289721346 
   119.30185815706962    68.50599289721346 
   119.30185815706962   86.791707182927738 
   101.01614387135534   86.791707182927738 
   101.01614387135534   105.07742146864203 
   119.30185815706962   105.07742146864203 
   119.30185815706962   123.36313575435631 
   101.01614387135534   123.36313575435631 
   101.01614387135534   141.64885004007058 
   119.30185815706962   141.64885004007058 
   119.30185815706962   159.93456432578489 
   101.01614387135534   159.93456432578489 
   101.01614387135534   178.22027861149917 
   119.30185815706962   178.22027861149917 
   119.30185815706962   196.50599289721347 
   101.01614387135534   196.50599289721347 
   101.01614387135534   214.79170718292772 
   119.30185815706962   214.79170718292772 
   119.30185815706962   233.07742146864203 
   101.01614387135534   233.07742146864203 
   101.01614387135534   251.36313575435631 
   119.30185815706962   251.36313575435631 
   119.30185815706962   13.648850040070615 
   101.01614387135534   13.648850040070615 
   137.58757244278391   31.934564325784883 
   155.87328672849819   31.934564325784883 
   155.87328672849819   50.220278611499168 
   137.58757244278391   50.220278611499168 
   137.58757244278391    68.50599289721346 
   155.87328672849819    68.50599289721346 
   155.87328672849819   86.791707182927738 
   137.58757244278391   86.791707182927738 
   137.58757244278391   105.07742146864203 
   155.87328672849819   105.07742146864203 
   155.87328672849819   123.36313575435631 
   137.58757244278391   123.36313575435631 
   137.58757244278391   141.64885004007058 
   155.87328672849819   141.64885004007058 
   155.87328672849819   159.93456432578489 
   137.58757244278391   159.93456432578489 
   137.58757244278391   178.22027861149917 
   155.87328672849819   178.22027861149917 
   155.87328672849819   196.50599289721347 
   137.58757244278391   196.50599289721347 
   137.58757244278391   214.79170718292772 
   155.87328672849819   214.79170718292772 
   155.87328672849819   233.07742146864203 
   137.58757244278391   233.07742146864203 
   137.58757244278391   251.36313575435631 
   155.87328672849819   251.36313575435631 
   155.87328672849819   13.648850040070615 
   137.58757244278391   13.648850040070615 
   174.15900101421249   31.934564325784883 
   192.44471529992674   31.934564325784883 
   192.44471529992674   50.220278611499168 
   174.15900101421249   50.220278611499168 
   174.15900101421249    68.50599289721346 
   192.44471529992674    68.50599289721346 
   192.44471529992674   86.791707182927738 
   174.15900101421249   86.791707182927738 
   174.15900101421249   105.07742146864203 
   192.44471529992674   105.07742146864203 
   192.44471529992674   123.36313575435631 
   174.15900101421249   123.36313575435631 
   174.15900101421249   141.64885004007058 
   192.44471529992674   141.64885004007058 
   192.44471529992674   159.93456432578489 
   174.15900101421249   159.93456432578489 
   174.15900101421249   178.22027861149917 
   192.44471529992674   178.22027861149917 
   192.44471529992674   196.50599289721347 
   174.15900101421249   196.50599289721347 
   174.15900101421249   214.79170718292772 
   192.44471529992674   214.79170718292772 
   192.44471529992674   233.07742146864203 
   174.15900101421249   233.07742146864203 
   174.15900101421249   251.36313575435631 
   192.44471529992674   251.36313575435631 
   192.44471529992674   13.648850040070615 
   174.15900101421249   13.648850040070615 
   210.73042958564108   31.934564325784883 
   229.01614387135533   31.934564325784883 
   229.01614387135533   50.220278611499168 
   210.73042958564108   50.220278611499168 
   210.73042958564108    68.50599289721346 
   229.01614387135533    68.50599289721346 
   229.01614387135533   86.791707182927738 
   210.73042958564108   86.791707182927738 
   210.73042958564108   105.07742146864203 
   229.01614387135533   105.07742146864203 
   229.01614387135533   123.36313575435631 
   210.73042958564108   123.36313575435631 
   210.73042958564108   141.64885004007058 
   229.01614387135533   141.64885004007058 
   229.01614387135533   159.93456432578489 
   210.73042958564108   159.93456432578489 
   210.73042958564108   178.22027861149917 
   229.01614387135533   178.22027861149917 
   229.01614387135533   196.50599289721347 
   210.73042958564108   196.50599289721347 
   210.73042958564108   214.79170718292772 
   229.01614387135533   214.79170718292772 
   229.01614387135533   233.07742146864203 
   210.73042958564108   233.07742146864203 
   210.73042958564108   251.36313575435631 
   229.01614387135533   251.36313575435631 
   229.01614387135533   13.648850040070615 
   210.73042958564108   13.648850040070615 
   247.30185815706963   31.934564325784883 
   9.5875724427838929   31.934564325784883 
   9.5875724427838929   50.220278611499168 
   247.30185815706963   50.220278611499168 
   247.30185815706963    68.50599289721346 
   9.5875724427838929    68.50599289721346 
   9.5875724427838929   86.791707182927738 
   247.30185815706963   86.791707182927738 
   247.30185815706963   105.07742146864203 
   9.5875724427838929   105.07742146864203 
   9.5875724427838929   123.36313575435631 
   247.30185815706963   123.36313575435631 
   247.30185815706963   141.64885004007058 
   9.5875724427838929   141.64885004007058 
   9.5875724427838929   159.93456432578489 
   247.30185815706963   159.93456432578489 
   247.30185815706963   178.22027861149917 
   9.5875724427838929   178.22027861149917 
   9.5875724427838929   196.50599289721347 
   247.30185815706963   196.50599289721347 
   247.30185815706963   214.79170718292772 
   9.5875724427838929   214.79170718292772 
   9.5875724427838929   233.07742146864203 
   247.30185815706963   233.07742146864203 
   247.30185815706963   251.36313575435631 
   9.5875724427838929   251.36313575435631 
   9.5875724427838929   13.648850040070615 
   247.30185815706963   13.648850040070615 
