   72.809476085712859   15.165638487842116 
    55.14683240499847   10.432947377396024 
   50.414141294552373   28.095591058110415 
   68.076784975266762   32.828282168556505 
   63.344093864820671   50.490925849270894 
   45.681450184106282   45.758234738824804 
   40.948759073660192   63.420878419539193 
   58.611402754374581    68.15356952998529 
    53.87871164392849   85.816213210699686 
   36.216067963214101   81.083522100253603 
   31.483376852768007   98.746165780967971 
     49.1460205334824   103.47885689141408 
   44.413329423036302   121.14150057212845 
   26.750685742321917   116.40880946168237 
   22.017994631875823   134.07145314239676 
   39.680638312590212   138.80414425284283 
   34.947947202144121   156.46678793355724 
   17.285303521429732   151.73409682311114 
   12.552612410983624   169.39674050382553 
   30.215256091698013   174.12943161427162 
   25.482564981251922   191.79207529498603 
   7.8199213005375325   187.05938418453994 
   3.0872301900914403   204.72202786525432 
   20.749873870805828   209.45471897570042 
   16.017182760359738    227.1173626564148 
   95.204810876873353   2.2356859175738188 
   112.86745455758775   6.9683770280199111 
   108.13476344714165   24.631020708734301 
   90.472119766427255   19.898329598288207 
   85.739428655981172   37.560973279002596 
   103.40207233669554   42.293664389448693 
   98.669381226249456   59.956308070163089 
   81.006737545535074   55.223616959716985 
   76.274046435088991   72.886260640431374 
   93.936690115803358   77.618951750877471 
   89.203999005357275   95.281595431591882 
   71.541355324642879   90.548904321145784 
   66.808664214196781   108.21154800186017 
   84.471307894911178   112.94423911230626 
    79.73861678446508   130.60688279302065 
   62.075973103750705   125.87419168257455 
   57.343281993304601   143.53683536328893 
   75.005925674018997   148.26952647373503 
   70.273234563572899   165.93217015444944 
    52.61059088285851   161.19947904400334 
    47.87789977241242   178.86212272471772 
   65.540543453126816   183.59481383516382 
   60.807852342680718    201.2574575158782 
   43.145208661966329   196.52476640543213 
   38.412517551520239   214.18741008614649 
   56.075161232234628   218.92010119659258 
    51.34247012178853   236.58274487730699 
   33.679826441074141    231.8500537668609 
   130.53009823830214   11.701068138466002 
    148.1927419190165   16.433759248912096 
   143.46005080857043   34.096402929626485 
   125.79740712785605   29.363711819180391 
   121.06471601740995   47.026355499894784 
   138.72735969812433   51.759046610340889 
   133.99466858767823    69.42169029105527 
   116.33202490696385   64.688999180609187 
   111.59933379651775   82.351642861323555 
   129.26197747723216   87.084333971769667 
   124.52928636678605   104.74697765248406 
   106.86664268607166   100.01428654203796 
   102.13395157562556   117.67693022275236 
   119.79659525633996   122.40962133319844 
   115.06390414589386   140.07226501391281 
   97.401260465179476   135.33957390346674 
   92.668569354733378   153.00221758418112 
   110.33121303544777   157.73490869462722 
   105.59852192500168    175.3975523753416 
   87.935878244287295   170.66486126489553 
   83.203187133841197   188.32750494560989 
   100.86583081455559   193.06019605605599 
   96.133139704109496    210.7228397367704 
     78.4704960233951    205.9901486263243 
   73.737804912949017   223.65279230703868 
   91.400448593663398   228.38548341748478 
   86.667757483217315   246.04812709819919 
   69.005113802502919   241.31543598775309 
   165.85538559973091   21.166450359358187 
   183.51802928044529   25.899141469804277 
   178.78533816999919   43.561785150518666 
   161.12269448928481   38.829094040072576 
   156.39000337883874   56.491737720786979 
    174.0526470595531   61.224428831233062 
     169.319955949107   78.887072511947466 
   151.65731226839264   74.154381401501368 
   146.92462115794655   91.817025082215764 
   164.58726483866093   96.549716192661847 
   159.85457372821483   114.21235987337624 
   142.19193004750045   109.47966876293015 
   137.45923893705435   127.14231244364454 
   155.12188261776873   131.87500355409063 
   150.38919150732264   149.53764723480504 
   132.72654782660828   144.80495612435894 
   127.99385671616217   162.46759980507329 
   145.65650039687654   167.20029091551939 
   140.92380928643047    184.8629345962338 
   123.26116560571607    180.1302434857877 
   118.52847449526998   197.79288716650211 
   136.19111817598437   202.52557827694821 
   131.45842706553827   220.18822195766259 
   113.79578338482389   215.45553084721649 
   109.06309227437779   233.11817452793088 
   126.72573595509216   237.85086563837694 
   121.99304484464608   255.51350931909136 
    104.3304011639317   250.78081820864526 
   201.18067296115967   30.631832580250371 
   218.84331664187405   35.364523690696466 
   214.11062553142798   53.027167371410869 
   196.44798185071357   48.294476260964757 
   191.71529074026748   65.957119941679153 
   209.37793442098189   70.689811052125251 
   204.64524331053579   88.352454732839647 
   186.98259962982138   83.619763622393549 
   182.24990851937528   101.28240730310795 
   199.91255220008969   106.01509841355404 
   195.17986108964359   123.67774209426842 
   177.51721740892921   118.94505098382234 
   172.78452629848312   136.60769466453672 
   190.44716997919753   141.34038577498282 
   185.71447886875143    159.0030294556972 
   168.05183518803702    154.2703383452511 
   163.31914407759092   171.93298202596549 
   180.98178775830533   176.66567313641158 
   176.24909664785923   194.32831681712599 
   158.58645296714482    189.5956257066799 
   153.85376185669875   207.25826938739431 
   171.51640553741314   211.99096049784038 
   166.78371442696707   229.65360417855476 
   149.12107074625266   224.92091306810866 
   144.38837963580656   242.58355674882304 
   162.05102331652097   247.31624785926914 
   236.50596032258846   40.097214801142556 
   254.16860400330287   44.829905911588661 
   249.43591289285678    62.49254959230305 
   231.77326921214237   57.759858481856959 
    227.0405781016963   75.422502162571334 
   244.70322178241068   80.155193273017446 
   239.97053067196461   97.817836953731828 
    222.3078869912502   93.085145843285744 
    217.5751958808041   110.74778952400013 
   235.23783956151851   115.48048063444622 
   230.50514845107242   133.14312431516061 
     212.842504770358   128.41043320471454 
   208.10981365991191   146.07307688542892 
   225.77245734062632   150.80576799587502 
   221.03976623018022    168.4684116765894 
   203.37712254946584    163.7357205661433 
   198.64443143901971   181.39836424685768 
   216.30707511973415   186.13105535730375 
   211.57438400928805   203.79369903801816 
   193.91174032857361   199.06100792757206 
   189.17904921812752   216.72365160828647 
   206.84169289884193   221.45634271873257 
   202.10900178839583   239.11898639944695 
   184.44635810768142   234.38629528900086 
   179.71366699723535   252.04893896971524 
   197.37631067794973   256.78163008016134 
    37.48418872428406   5.7002562669499328 
   32.751497613837969   23.362899947664321 
   28.018806503391879   41.025543628378713 
   252.90048324223289   120.21317174489231 
   23.286115392945785   58.688187309093102 
   18.553424282499694   76.350830989807491 
    248.1677921317868    137.8758154256067 
    243.4351010213407   155.53845910632111 
   13.820733172053602   94.013474670521887 
   9.0880420616075099   111.67611835123625 
    238.7024099108946    173.2011027870355 
    233.9697188004485   190.86374646774985 
   4.3553509511614177   129.33876203195067 
   229.23702769000244   208.52639014846426 
   224.50433657955631   226.18903382917867 
   219.77164546911021   243.85167750989305 
