    78.92049820673293   4.1034447910744642 
     53.9417479661032   10.796480745989909 
   69.777641063875791   19.939337888847053 
   60.634783921018645    35.77523098661964 
   44.798890823246062   26.632373843762498 
   35.656033680388916   42.468266941535099 
   51.491926778161506   51.611124084392245 
    42.34906963530436   67.447017182164828 
   26.513176537531773   58.304160039307689 
   17.370319394674631   74.140053137080272 
   33.206212492447222    83.28291027993744 
   24.063355349590076   99.118803377710023 
   8.2274622518174887    89.97594623485287 
   14.920498206732933   114.95469647548261 
   5.7776410638757909    130.7905895732552 
   119.73514154513526    6.553265979016146 
   110.59228440227812   22.389159076788733 
   94.756391304505527   13.246301933931607 
   85.613534161648374   29.082195031704195 
   101.44942725942099   38.225052174561341 
   92.306570116563833   54.060945272333925 
   76.470677018791235   44.918088129476786 
   67.327819875934097   60.753981227249376 
   83.163712973706694   69.896838370106522 
   74.020855830849555   85.732731467879105 
   58.184962733076951   76.589874325021981 
   49.042105590219805   92.425767422794564 
   64.877998687992402    101.5686245656517 
   55.735141545135271    117.4045176634243 
   39.899248447362666   108.26166052056715 
   30.756391304505524   124.09755361833976 
   46.592284402278125    133.2404107611969 
   37.449427259420986   149.07630385896948 
   21.613534161648378   139.93344671611234 
   12.470677018791235   155.76933981388495 
    28.30657011656384   164.91219695674206 
   19.163712973706698   180.74809005451465 
   3.3278198759340936   171.60523291165754 
   10.020855830849554   196.58398315228726 
   135.57103464290785   15.696123121873288 
   151.40692774068046   24.838980264730431 
   142.26407059782332   40.674873362503021 
   126.42817750005071   31.532016219645875 
   117.28532035719357    47.36790931741848 
   133.12121345496615   56.510766460275605 
   123.97835631210901   72.346659558048216 
   108.14246321433643    63.20380241519107 
   98.999606071479292   79.039695512963675 
   114.83549916925188     88.1825526558208 
   105.69264202639475   104.01844575359338 
   89.856748928622139   94.875588610736258 
      80.713891785765   110.71148170850884 
   96.549784883537583   119.85433885136599 
   87.406927740680459   135.69023194913859 
   71.571034642907861   126.54737480628144 
   62.428177500050715   142.38326790405404 
   78.264070597823306   151.52612504691118 
   69.121213454966167   167.36201814468376 
   53.285320357193569   158.21916100182665 
   44.142463214336431   174.05505409959923 
   59.978356312109035   183.19791124245637 
   50.835499169251889   199.03380434022898 
   34.999606071479285   189.89094719737182 
   25.856748928622142    205.7268402951444 
   41.692642026394743   214.86969743800157 
   160.54978488353757   9.0030871669578278 
   167.24282083845304   33.981837407587577 
   183.07871393622565   43.124694550444715 
   173.93585679336849   58.960587648217306 
    158.0999636955959    49.81773050536016 
   148.95710655273874   65.653623603132758 
   164.79299965051135   74.796480745989911 
   155.65014250765421   90.632373843762494 
   139.81424940988163   81.489516700905355 
   130.67139226702449   97.325409798677939 
   146.50728536479707   106.46826694153509 
   137.36442822193993   122.30416003930767 
   121.52853512416733   113.16130289645055 
    112.3856779813102   128.99719599422315 
   128.22157107908276   138.14005313708029 
   119.07871393622564   153.97594623485287 
   103.24282083845304   144.83308909199573 
   94.099963695595903   160.66898218976831 
   109.93585679336849   169.81183933262548 
   100.79299965051135   185.64773243039807 
   84.957106552738765    176.5048752875409 
   75.814249409881626   192.34076838531348 
   91.650142507654223   201.48362552817065 
    82.50728536479707   217.31951862594323 
   66.671392267024473   208.17666148308609 
   57.528535124167334    224.0125545808587 
   73.364428221939932   233.15541172371582 
   192.22157107908279   27.288801452672114 
   176.38567798131018   18.145944309814972 
   198.91460703399821   52.267551693301847 
   214.75050013177082   61.410408836158986 
   205.60764298891368   77.246301933931576 
   189.77174989114107   68.103444791074438 
   180.62889274828393   83.939337888847035 
   196.46478584605651    93.08219503170416 
   187.32192870319938   108.91808812947677 
   171.48603560542679   99.775230986619619 
   162.34317846256963   115.61112408439222 
   178.17907156034227   124.75398122724935 
    169.0362144174851   140.58987432502195 
   153.20032131971251   131.44701718216481 
   144.05746417685535   147.28291027993743 
   159.89335727462793   156.42576742279454 
   150.75050013177082   172.26166052056715 
   134.91460703399824   163.11880337771001 
   125.77174989114108   178.95469647548259 
   141.60764298891368   188.09755361833973 
   132.46478584605651   203.93344671611231 
   116.62889274828395   194.79058957325518 
   107.48603560542679   210.62648267102782 
   123.32192870319939    219.7693398138849 
   114.17907156034224   235.60523291165751 
   98.343178462569654    226.4623757688004 
   89.200321319712515   242.29826886657298 
   105.03621441748511   251.44112600943009 
   223.89335727462796   45.574515738386403 
   208.05746417685535   36.431658595529257 
    230.5863932295434   70.553265979016132 
   246.42228632731602   79.696123121873271 
   237.27942918445885   95.532016219645868 
   221.44353608668627   86.389159076788729 
    212.3006789438291   102.22505217456133 
   228.13657204160168   111.36790931741845 
   218.99371489874457   127.20380241519105 
   203.15782180097196   118.06094527233391 
   194.01496465811485   133.89683837010651 
   209.85085775588743   143.03969551296365 
   200.70800061303026   158.87558861073626 
   184.87210751525768   149.73273146787909 
   175.72925037240057    165.5686245656517 
   191.56514347017315   174.71148170850884 
   182.42228632731599   190.54737480628143 
    166.5863932295434   181.40451766342429 
   157.44353608668627   197.24041076119687 
   173.27942918445885   206.38326790405401 
   164.13657204160171   222.21916100182662 
   148.30067894382913   213.07630385896948 
   139.15782180097199   228.91219695674206 
   154.99371489874457    238.0550540995992 
    145.8508577558874   253.89094719737182 
   130.01496465811485   244.74809005451465 
   255.56514347017313    63.86023002410068 
   239.72925037240054   54.717372881243541 
   253.11532228223143   104.67487336250301 
   243.97246513937429   120.51076646027559 
   250.66550109428977   145.48951670090531 
   234.82960799651718    136.3466595580482 
   225.68675085366002   152.18255265582079 
    241.5226439514326   161.32540979867795 
   232.37978680857546   177.16130289645054 
   216.54389371080288   168.01844575359337 
   207.40103656794574   183.85433885136595 
   223.23692966571832   192.99719599422312 
   214.09407252286118    208.8330890919957 
    198.2581794250886   199.69023194913854 
   189.11532228223146   215.52612504691115 
   204.95121538000404   224.66898218976829 
   195.80835823714688   240.50487528754087 
   179.97246513937429   231.36201814468376 
   170.82960799651715   247.19791124245634 
   186.66550109428977   256.34076838531348 
