   130.48750606851738   6.0881425055668705 
   117.55755349824908    19.01809507583517 
   104.62760092798078   6.0881425055668865 
   91.697648357712481   19.018095075835184 
   104.62760092798078   31.948047646103465 
   91.697648357712481   44.878000216371767 
   78.767695787444183   31.948047646103483 
   65.837743217175898   44.878000216371781 
   78.767695787444183   57.807952786640065 
   65.837743217175898   70.737905356908357 
   52.907790646907586    57.80795278664008 
   39.977838076639287   70.737905356908371 
   52.907790646907586   83.667857927176655 
   39.977838076639301   96.597810497444954 
   27.047885506371006   83.667857927176669 
   14.117932936102708   96.597810497444968 
   27.047885506371006   109.52776306771325 
   14.117932936102708   122.45771563798155 
   1.1879803658344101   109.52776306771327 
   1.1879803658344101   135.38766820824983 
   182.20731634959057   6.0881425055668705 
   169.27736377932229    19.01809507583517 
   156.34741120905397   6.0881425055668705 
   143.41745863878566    19.01809507583517 
   156.34741120905397   31.948047646103465 
   143.41745863878566   44.878000216371767 
   130.48750606851738   31.948047646103465 
   117.55755349824908   44.878000216371767 
   130.48750606851738   57.807952786640065 
   117.55755349824908   70.737905356908357 
   104.62760092798078   57.807952786640065 
   91.697648357712495   70.737905356908357 
   104.62760092798078   83.667857927176655 
   91.697648357712495   96.597810497444954 
   78.767695787444183   83.667857927176655 
   65.837743217175898   96.597810497444954 
   78.767695787444183   109.52776306771325 
   65.837743217175898   122.45771563798155 
     52.9077906469076   109.52776306771325 
   39.977838076639301   122.45771563798155 
     52.9077906469076   135.38766820824983 
   39.977838076639301   148.31762077851818 
   27.047885506371006   135.38766820824983 
   14.117932936102708   148.31762077851818 
   27.047885506371006   161.24757334878643 
   14.117932936102708   174.17752591905474 
   1.1879803658344101   161.24757334878643 
   195.13726891985885    19.01809507583517 
   208.06722149012717   31.948047646103465 
   195.13726891985885   44.878000216371767 
   182.20731634959057   31.948047646103465 
   169.27736377932229   44.878000216371767 
   182.20731634959057   57.807952786640065 
   169.27736377932229   70.737905356908357 
   156.34741120905397   57.807952786640065 
   143.41745863878569   70.737905356908357 
   156.34741120905397   83.667857927176655 
   143.41745863878569   96.597810497444954 
   130.48750606851738   83.667857927176655 
   117.55755349824909   96.597810497444954 
   130.48750606851738   109.52776306771325 
   117.55755349824909   122.45771563798155 
   104.62760092798078   109.52776306771325 
   91.697648357712495   122.45771563798155 
   104.62760092798079   135.38766820824983 
   91.697648357712495   148.31762077851812 
   78.767695787444197   135.38766820824983 
   65.837743217175898   148.31762077851818 
   78.767695787444197   161.24757334878643 
   65.837743217175898   174.17752591905474 
     52.9077906469076   161.24757334878643 
   39.977838076639301   174.17752591905474 
     52.9077906469076   187.10747848932303 
   39.977838076639301   200.03743105959131 
   27.047885506371006   187.10747848932303 
   220.99717406039548   44.878000216371767 
   233.92712663066376   57.807952786640065 
   220.99717406039548   70.737905356908357 
   208.06722149012717   57.807952786640065 
   195.13726891985885   70.737905356908357 
   208.06722149012717   83.667857927176655 
   195.13726891985888   96.597810497444954 
   182.20731634959057   83.667857927176655 
   169.27736377932229   96.597810497444954 
   182.20731634959057   109.52776306771325 
   169.27736377932229   122.45771563798155 
   156.34741120905397   109.52776306771325 
   143.41745863878569   122.45771563798155 
   156.34741120905397   135.38766820824983 
   143.41745863878569   148.31762077851812 
   130.48750606851738   135.38766820824983 
   117.55755349824909   148.31762077851812 
   130.48750606851738   161.24757334878643 
   117.55755349824909   174.17752591905474 
   104.62760092798079   161.24757334878643 
   91.697648357712495   174.17752591905474 
   104.62760092798079   187.10747848932303 
   91.697648357712495   200.03743105959131 
   78.767695787444197   187.10747848932303 
   65.837743217175898   200.03743105959131 
   78.767695787444197   212.96738362985963 
   65.837743217175898   225.89733620012794 
     52.9077906469076   212.96738362985963 
   246.85707920093205   70.737905356908357 
   246.85707920093205   96.597810497444939 
   233.92712663066376   83.667857927176655 
   220.99717406039548   96.597810497444939 
   233.92712663066376   109.52776306771325 
   220.99717406039548   122.45771563798154 
   208.06722149012717   109.52776306771325 
   195.13726891985888   122.45771563798155 
   208.06722149012717   135.38766820824983 
   195.13726891985888   148.31762077851812 
   182.20731634959057   135.38766820824983 
   169.27736377932229   148.31762077851812 
    182.2073163495906   161.24757334878643 
   169.27736377932229   174.17752591905472 
   156.34741120905397   161.24757334878643 
   143.41745863878569   174.17752591905472 
   156.34741120905397   187.10747848932303 
   143.41745863878569   200.03743105959131 
   130.48750606851738   187.10747848932303 
   117.55755349824909   200.03743105959131 
   130.48750606851738   212.96738362985963 
   117.55755349824909   225.89733620012794 
   104.62760092798079   212.96738362985963 
   91.697648357712495   225.89733620012794 
   104.62760092798079   238.82728877039622 
   91.697648357712495   251.75724134066451 
   78.767695787444197   238.82728877039622 
   246.85707920093205   122.45771563798154 
   246.85707920093208   148.31762077851812 
   233.92712663066379   135.38766820824983 
   220.99717406039548   148.31762077851812 
   233.92712663066379   161.24757334878643 
   220.99717406039548   174.17752591905472 
   208.06722149012717   161.24757334878643 
   195.13726891985888   174.17752591905472 
   208.06722149012717   187.10747848932303 
   195.13726891985888   200.03743105959131 
    182.2073163495906   187.10747848932303 
   169.27736377932229   200.03743105959131 
    182.2073163495906   212.96738362985963 
   169.27736377932229   225.89733620012794 
   156.34741120905397   212.96738362985963 
   143.41745863878569   225.89733620012794 
   156.34741120905397   238.82728877039622 
   143.41745863878569   251.75724134066451 
   130.48750606851738   238.82728877039622 
   117.55755349824909   251.75724134066451 
   246.85707920093205   174.17752591905472 
   78.767695787444183   6.0881425055668865 
   65.837743217175884   19.018095075835184 
   233.92712663066376   187.10747848932303 
   220.99717406039548   200.03743105959131 
   52.907790646907586   31.948047646103483 
   39.977838076639287   44.878000216371781 
   208.06722149012717   212.96738362985963 
   195.13726891985888   225.89733620012794 
   27.047885506370989    57.80795278664008 
   14.117932936102708   70.737905356908371 
   182.20731634959057   238.82728877039622 
   169.27736377932229   251.75724134066451 
   1.1879803658344101   83.667857927176669 
