   202.31244938064648   1.0983524558078437 
   184.64980569993207   5.8310435662539355 
   166.98716201921772   10.563734676700028 
   149.32451833850331    15.29642578714612 
   131.66187465778893    20.02911689759221 
   126.92918354734282    2.366473216877806 
   109.26653986662843   7.0991643273238978 
   113.99923097707452   24.761808008038305 
   96.336587296360136   29.494499118484395 
   91.603896185914039    11.83185543776999 
   73.941252505199657   16.564546548216082 
    78.67394361564574   34.227190228930489 
   61.011299934931351   38.959881339376594 
   56.278608824485261   21.297237658662191 
   38.615965143770858   26.029928769108281 
   43.348656254216948   43.692572449822684 
   25.686012573502559   48.425263560268775 
   20.953321463056469   30.762619879554371 
   3.2906777823420792   35.495310990000462 
   8.0233688927881701   53.157954670714872 
   224.70778417180696   14.028305026076142 
   229.44047528225306   31.690948706790532 
   211.77783160153868   36.423639817236626 
   207.04514049109258   18.760996136522234 
    189.3824968103782   23.493687246968324 
    194.1151879208243   41.156330927682717 
   176.45254424010989   45.889022038128807 
   171.71985312966379   28.226378357414418 
   154.05720944894941   32.959069467860509 
   158.78990055939548   50.621713148574898 
   141.12725687868112   55.354404259020988 
     136.394565768235   37.691760578306599 
   118.73192208752062    42.42445168875269 
   123.46461319796671   60.087095369467086 
   105.80196951725232   64.819786479913176 
   101.06927840680623   47.157142799198787 
   83.406634726091838   51.889833909644878 
   88.139325836537935   69.552477590359274 
   70.476682155823539   74.285168700805372 
   65.743991045377442   56.622525020090983 
    48.08134736466306   61.355216130537066 
    52.81403847510915   79.017859811251469 
   35.151394794394761   83.750550921697553 
   30.418703683948667   66.087907240983156 
   12.756060003234262   70.820598351429254 
   17.488751113680355    88.48324203214365 
   234.17316639269913   49.353592387504918 
   238.90585750314523   67.016236068219314 
   221.24321382243085   71.748927178665397 
   216.51052271198478   54.086283497951015 
   198.84787903127039   58.818974608397106 
   203.58057014171649   76.481618289111495 
   185.91792646100208   81.214309399557592 
   181.18523535055598   63.551665718843196 
   163.52259166984157   68.284356829289294 
   168.25528278028767    85.94700051000369 
   150.59263909957329   90.679691620449788 
   145.85994798912719   73.017047939735377 
   128.19730430841281   77.749739050181475 
   132.92999541885891   95.412382730895871 
    115.2673517381445   100.14507384134197 
   110.53466062769841   82.482430160627558 
   92.872016946984019   87.215121271073656 
   97.604708057430116   104.87776495178807 
    79.94206437671572   109.61045606223415 
   75.209373266269637   91.947812381519753 
   57.546729585555241   96.680503491965851 
   62.279420696001331   114.34314717268025 
   44.616777015286942   119.07583828312633 
   39.884085904840852   101.41319460241195 
   22.221442224126463   106.14588571285805 
   26.954133334572553   123.80852939357243 
   9.2914896538581644   128.54122050401853 
    4.558798543412057   110.87857682330413 
   243.63854861359135   84.678879748933696 
   248.37123972403745   102.34152342964809 
   230.70859604332304   107.07421454009418 
   225.97590493287694   89.411570859379793 
   208.31326125216256   94.144261969825891 
   213.04595236260866   111.80690565054027 
   195.38330868189425   116.53959676098637 
   190.65061757144818   98.876953080271974 
   172.98797389073377   103.60964419071807 
   177.72066500117987   121.27228787143245 
   160.05802132046549   126.00497898187857 
   155.32533021001939   108.34233530116416 
   137.66268652930501   113.07502641161025 
   142.39537763975108   130.73767009232466 
   124.73273395903671   135.47036120277076 
   120.00004284859061   117.80771752205636 
    102.3373991678762   122.54040863250245 
    107.0700902783223   140.20305231321683 
    89.40744659760793   144.93574342366293 
   84.674755487161818   127.27309974294855 
   67.012111806447422   132.00579085339464 
   71.744802916893519   149.66843453410902 
    54.08215923617913   154.40112564455512 
   49.349468125733033   136.73848196384074 
   31.686824445018647   141.47117307428684 
   36.419515555464741   159.13381675500122 
   18.756871874750349   163.86650786544729 
   14.024180764304257   146.20386418473294 
   253.10393083448355   120.00416711036247 
   240.17397826421526   142.39950190152297 
   235.44128715376917   124.73685822080857 
   217.77864347305476   129.46954933125465 
   222.51133458350085   147.13219301196906 
   204.84869090278644   151.86488412241516 
   200.11599979234035   134.20224044170075 
   182.45335611162594   138.93493155214685 
   187.18604722207203   156.59757523286126 
   169.52340354135765   161.33026634330736 
   164.79071243091158   143.66762266259295 
   147.12806875019717   148.40031377303904 
    151.8607598606433   166.06295745375343 
   134.19811617992889   170.79564856419952 
   129.46542506948279   153.13300488348511 
   111.80278138876839   157.86569599393121 
   116.53547249921449   175.52833967464562 
   98.872828818500111   180.26103078509172 
   94.140137708054013   162.59838710437731 
   76.477494027339603   167.33107821482341 
     81.2101851377857   184.99372189553782 
   63.547541457071311   189.72641300598389 
   58.814850346625221    172.0637693252695 
   41.152206665910832    176.7964604357156 
   45.884897776356922   194.45910411642998 
   28.222254095642533   199.19179522687608 
   23.489562985196439    181.5291515461617 
   249.63936048510743   177.72478926295176 
   244.90666937466133   160.06214558223735 
   227.24402569394695   164.79483669268348 
   231.97671680439302   182.45748037339786 
   214.31407312367864   187.19017148384393 
   209.58138201323254   169.52752780312957 
   191.91873833251816   174.26021891357567 
   196.65142944296426   191.92286259429002 
   178.98878576224985   196.65555370473612 
   174.25609465180375   178.99291002402174 
    156.5934509710894   183.72560113446784 
   161.32614208153547   201.38824481518222 
   143.66349840082108   206.12093592562832 
   138.93080729037499   188.45829224491393 
   121.26816360966059   193.19098335536003 
   126.00085472010667   210.85362703607439 
   108.33821103939229   215.58631814652051 
   103.60551992894619   197.92367446580613 
   85.942876248231798    202.6563655762522 
   90.675567358677881   220.31900925696661 
   73.012923677963514   225.05170036741271 
   68.280232567517416    207.3890566866983 
   50.617588886803013   212.12174779714439 
   55.350279997249103    229.7843914778588 
   37.687636316534714    234.5170825883049 
   32.954945206088624   216.85443890759049 
   254.37205159555353   195.38743294366614 
   236.70940791483912   200.12012405411221 
   241.44209902528522   217.78276773482662 
   223.77945534457081   222.51545884527272 
   219.04676423412471   204.85281516455831 
   201.38412055341036   209.58550627500441 
   206.11681166385642   227.24814995571882 
   188.45416798314204   231.98084106616491 
   183.72147687269594    214.3181973854505 
   166.05883319198156    219.0508884958966 
   170.79152430242766   236.71353217661098 
   153.12888062171325   241.44622328705708 
   148.39618951126715   223.78357960634267 
   130.73354583055277   228.51627071678877 
   135.46623694099887   246.17891439750318 
   117.80359326028447   250.91160550794928 
   113.07090214983839   233.24896182723489 
   95.408258469123993   237.98165293768099 
   100.14094957957009   255.64429661839537 
   77.745614788409597   242.71434404812709 
   60.082971107695208   247.44703515857319 
   42.420327426980805   252.17972626901926 
