   176.20819493104753   8.4996486384984724 
   151.22944469041778    1.806612683583027 
   160.37230183327495   17.642505781355617 
   144.53640873550231   26.785362924212773 
   135.39355159264517   10.949469826440186 
   119.55765849487258   20.092326969297329 
   128.70051563772972   35.928220067069915 
   112.86462253995713   45.071077209927061 
   103.72176539709997   29.235184112154471 
   87.885872299327389   38.378041255011617 
   97.028729442184527     54.2139343527842 
   81.192836344411944   63.356791495641353 
   72.049979201554805    47.52089839786877 
   56.214086103782229   56.663755540725901 
   65.356943246639361   72.499648638498485 
    49.52105014886677   81.642505781355624 
   40.378193006009624   65.806612683583054 
   24.542299908237037   74.949469826440207 
    33.68515705109418   90.785362924212791 
   17.849263953321593   99.928220067069915 
   8.7064068104644505   84.092326969297332 
   2.0133708555490051   109.07107720992707 
   201.18694517167719   15.192684593413933 
   210.32980231453436    31.02857769118652 
   194.49390921676181   40.171434834043666 
   185.35105207390464   24.335541736271075 
   169.51515897613206   33.478398879128221 
    178.6580161189892   49.314291976900805 
   162.82212302121661    58.45714911975795 
   153.67926587835947    42.62125602198536 
   137.84337278058686    51.76411316484252 
     146.986229923444   67.600006262615096 
   131.15033682567142   76.742863405472249 
   122.00747968281426   60.906970307699666 
   106.17158658504168   70.049827450556805 
   115.31444372789882   85.885720548329388 
   99.478550630126236   95.028577691186541 
   90.335693487269083   79.192684593413944 
     74.4998003894965   88.335541736271097 
   83.642657532353653   104.17143483404368 
   67.806764434581069   113.31429197690082 
   58.663907291723909   97.478398879128235 
   42.828014193951326   106.62125602198537 
   51.970871336808464   122.45714911975797 
   36.134978239035881    131.6000062626151 
   26.992121096178735   115.76411316484251 
   11.156227998406148   124.90697030769967 
   20.299085141263291   140.74286340547226 
   4.4631920434907029    149.8857205483294 
   219.47265945739153    46.86447078895911 
   228.61551660024867   62.700363886731708 
   212.77962350247608   71.843221029588847 
   203.63676635961895   56.007327931816249 
   187.80087326184633   65.150185074673388 
    196.9437304047035      80.986078172446 
   181.10783730693089   90.128935315303139 
   171.96498016407375   74.293042217530541 
   156.12908706630117   83.435899360387694 
   165.27194420915831   99.271792458160277 
   149.43605111138572   108.41464960101743 
   140.29319396852856   92.578756503244833 
   124.45730087075596   101.72161364610199 
   133.60015801361311   117.55750674387457 
   117.76426491584051   126.70036388673172 
   108.62140777298337   110.86447078895912 
   92.785514675210806   120.00732793181626 
   101.92837181806794   135.84322102958885 
   86.092478720295361   144.98607817244601 
   76.949621577438194    129.1501850746734 
   61.113728479665617   138.29304221753054 
   70.256585622522763   154.12893531530315 
   54.420692524750166   163.27179245816029 
    45.27783538189302   147.43589936038771 
   29.441942284120433   156.57875650324485 
   38.584799426977575   172.41464960101743 
   22.748906329204988    181.5575067438746 
   13.606049186347846   165.72161364610199 
   237.75837374310581   78.536256984504305 
   246.90123088596295   94.372150082276889 
   231.06533778819039   103.51500722513403 
   221.92248064533325    87.67911412736143 
   206.08658754756064   96.821971270218583 
   215.22944469041778   112.65786436799118 
   199.39355159264517   121.80072151084832 
   190.25069444978806   105.96482841307574 
   174.41480135201542   115.10768555593287 
   183.55765849487258   130.94357865370549 
       167.7217653971   140.08643579656263 
   158.57890825424283   124.25054269879003 
   142.74301515647025   133.39339984164718 
   151.88587229932742   149.22929293941976 
   136.04997920155481    158.3721500822769 
   126.90712205869767   142.53625698450432 
   111.07122896092508   151.67911412736143 
   120.21408610378224   167.51500722513404 
   104.37819300600964   176.65786436799118 
     95.2353358631525    160.8219712702186 
   79.399442765379902   169.96482841307574 
   88.542299908237055   185.80072151084835 
   72.706406810464472   194.94357865370549 
   63.563549667607312   179.10768555593287 
   47.727656569834721   188.25054269879001 
    56.87051371269186    204.0864357965626 
   41.034620614919277   213.22929293941976 
   31.891763472062131   197.39339984164718 
   256.04408802882006   110.20804318004947 
   249.35105207390467   135.18679342067921 
    240.2081949310475   119.35090032290663 
   224.37230183327492   128.49375746576376 
   233.51515897613208   144.32965056353635 
    217.6792658783595   153.47250770639351 
   208.53640873550233    137.6366146086209 
   192.70051563772975   146.77947175147804 
   201.84337278058689   162.61536484925068 
   186.00747968281428   171.75822199210779 
   176.86462253995714   155.92232889433521 
   161.02872944218456   165.06518603719238 
   170.17158658504169   180.90107913496496 
   154.33569348726911   190.04393627782207 
   145.19283634441194   174.20804318004949 
   129.35694324663936   183.35090032290663 
   138.49980038949653   199.18679342067921 
   122.66390729172393   208.32965056353638 
   113.52105014886679   192.49375746576379 
   97.685157051094194   201.63661460862093 
   106.82801419395133   217.47250770639351 
   90.992121096178749   226.61536484925068 
   81.849263953321596   210.77947175147807 
   66.013370855549013   219.92232889433518 
   75.156227998406166   235.75822199210782 
   59.320334900633569   244.90107913496493 
   50.177477757776416   229.06518603719235 
   242.65801611898922   160.16554366130893 
   251.80087326184636   176.00143675908151 
   235.96498016407375   185.14429390193868 
   226.82212302121661    169.3084008041661 
   210.98622992344403   178.45125794702324 
   220.12908706630117   194.28715104479582 
   204.29319396852856   203.43000818765296 
   195.15033682567145   187.59411508988038 
   179.31444372789883   196.73697223273754 
   188.45730087075597   212.57286533051013 
   172.62140777298339   221.71572247336729 
   163.47855063012622   205.87982937559471 
   147.64265753235367   215.02268651845179 
   156.78551467521081   230.85857961622438 
   140.94962157743822   240.00143675908154 
   131.80676443458108   224.16554366130896 
   115.97087133680849   233.30840080416613 
   125.11372847966562   249.14429390193871 
   100.13497823903589   242.45125794702327 
   84.299085141263291    251.5941150898804 
   245.10783730693089   200.98018699971129 
   229.27194420915831   210.12304414256843 
   110.41480135201543   4.2564338715247398 
   94.578908254242833   13.399291014381882 
   213.43605111138572   219.26590128542557 
   197.60015801361314   228.40875842828271 
   78.743015156470236   22.542148157239026 
   62.907122058697652   31.685005300096183 
   181.76426491584056   237.55161557113988 
   165.92837181806797   246.69447271399702 
   47.071228960925069   40.827862442953311 
   31.235335863152482   49.970719585810457 
   150.09247872029536   255.83732985685413 
   15.399442765379895   59.113576728667603 
