    238.0467921747811   21.164596123633075 
    238.0467921747811    39.45031040934736 
   219.76107788906683    39.45031040934736 
   219.76107788906683   21.164596123633075 
   201.47536360335252   21.164596123633075 
   201.47536360335252    39.45031040934736 
   183.18964931763824    39.45031040934736 
   183.18964931763824   21.164596123633075 
   164.90393503192396   21.164596123633075 
   164.90393503192396    39.45031040934736 
   146.61822074620966    39.45031040934736 
   146.61822074620966   21.164596123633075 
   128.33250646049538   21.164596123633075 
   128.33250646049538    39.45031040934736 
    110.0467921747811    39.45031040934736 
    110.0467921747811   21.164596123633075 
   91.761077889066812   21.164596123633075 
   91.761077889066812    39.45031040934736 
   73.475363603352534    39.45031040934736 
   73.475363603352534   21.164596123633075 
   55.189649317638242   21.164596123633075 
   55.189649317638242    39.45031040934736 
   36.903935031923957    39.45031040934736 
   36.903935031923957   21.164596123633075 
   18.618220746209669   21.164596123633075 
   18.618220746209669    39.45031040934736 
   256.33250646049538   39.450310409347345 
   256.33250646049538   21.164596123633061 
    238.0467921747811   57.736024695061644 
    238.0467921747811   76.021738980775936 
   219.76107788906683   76.021738980775936 
   219.76107788906683   57.736024695061644 
   201.47536360335252   57.736024695061644 
   201.47536360335252   76.021738980775936 
   183.18964931763824   76.021738980775936 
   183.18964931763824   57.736024695061644 
   164.90393503192396   57.736024695061644 
   164.90393503192396   76.021738980775936 
   146.61822074620966   76.021738980775936 
   146.61822074620966   57.736024695061644 
   128.33250646049538   57.736024695061644 
   128.33250646049538   76.021738980775936 
    110.0467921747811   76.021738980775936 
    110.0467921747811   57.736024695061644 
   91.761077889066812   57.736024695061644 
   91.761077889066812   76.021738980775936 
   73.475363603352534   76.021738980775936 
   73.475363603352534   57.736024695061644 
   55.189649317638242   57.736024695061644 
   55.189649317638242   76.021738980775936 
   36.903935031923957   76.021738980775936 
   36.903935031923957   57.736024695061644 
   18.618220746209669   57.736024695061644 
   18.618220746209669   76.021738980775936 
   256.33250646049538   76.021738980775936 
   256.33250646049538    57.73602469506163 
    238.0467921747811   94.307453266490214 
    238.0467921747811   112.59316755220451 
   219.76107788906683   112.59316755220451 
   219.76107788906683   94.307453266490214 
   201.47536360335252   94.307453266490214 
   201.47536360335252   112.59316755220451 
   183.18964931763824   112.59316755220451 
   183.18964931763824   94.307453266490214 
   164.90393503192396   94.307453266490214 
   164.90393503192396   112.59316755220451 
   146.61822074620966   112.59316755220451 
   146.61822074620966   94.307453266490214 
   128.33250646049538   94.307453266490214 
   128.33250646049538   112.59316755220451 
    110.0467921747811   112.59316755220451 
    110.0467921747811   94.307453266490214 
   91.761077889066812   94.307453266490214 
   91.761077889066812   112.59316755220451 
   73.475363603352534   112.59316755220451 
   73.475363603352534   94.307453266490214 
   55.189649317638242   94.307453266490214 
   55.189649317638242   112.59316755220451 
   36.903935031923957   112.59316755220451 
   36.903935031923957   94.307453266490214 
   18.618220746209669   94.307453266490214 
   18.618220746209669   112.59316755220451 
   256.33250646049538   112.59316755220451 
   256.33250646049538   94.307453266490214 
    238.0467921747811   130.87888183791878 
    238.0467921747811   149.16459612363309 
   219.76107788906683   149.16459612363309 
   219.76107788906683   130.87888183791878 
   201.47536360335252   130.87888183791878 
   201.47536360335252   149.16459612363309 
   183.18964931763824   149.16459612363309 
   183.18964931763824   130.87888183791878 
   164.90393503192396   130.87888183791878 
   164.90393503192396   149.16459612363309 
   146.61822074620966   149.16459612363309 
   146.61822074620966   130.87888183791878 
   128.33250646049538   130.87888183791878 
   128.33250646049538   149.16459612363309 
    110.0467921747811   149.16459612363309 
    110.0467921747811   130.87888183791878 
   91.761077889066812   130.87888183791878 
   91.761077889066812   149.16459612363309 
   73.475363603352534   149.16459612363309 
   73.475363603352534   130.87888183791878 
   55.189649317638242   130.87888183791878 
   55.189649317638242   149.16459612363309 
   36.903935031923957   149.16459612363309 
   36.903935031923957   130.87888183791878 
   18.618220746209669   130.87888183791878 
   18.618220746209669   149.16459612363309 
   256.33250646049538   149.16459612363309 
   256.33250646049538   130.87888183791878 
    238.0467921747811   167.45031040934737 
    238.0467921747811   185.73602469506164 
   219.76107788906683   185.73602469506164 
   219.76107788906683   167.45031040934737 
   201.47536360335252   167.45031040934737 
   201.47536360335252   185.73602469506164 
   183.18964931763824   185.73602469506164 
   183.18964931763824   167.45031040934737 
   164.90393503192396   167.45031040934737 
   164.90393503192396   185.73602469506164 
   146.61822074620966   185.73602469506164 
   146.61822074620966   167.45031040934737 
   128.33250646049538   167.45031040934737 
   128.33250646049538   185.73602469506164 
    110.0467921747811   185.73602469506164 
    110.0467921747811   167.45031040934737 
   91.761077889066812   167.45031040934737 
   91.761077889066812   185.73602469506164 
   73.475363603352534   185.73602469506164 
   73.475363603352534   167.45031040934737 
   55.189649317638242   167.45031040934737 
   55.189649317638242   185.73602469506164 
   36.903935031923957   185.73602469506164 
   36.903935031923957   167.45031040934737 
   18.618220746209669   167.45031040934737 
   18.618220746209669   185.73602469506164 
   256.33250646049538   185.73602469506164 
   256.33250646049538   167.45031040934737 
    238.0467921747811   204.02173898077592 
    238.0467921747811   222.30745326649023 
   219.76107788906683   222.30745326649023 
   219.76107788906683   204.02173898077592 
   201.47536360335252   204.02173898077592 
   201.47536360335252   222.30745326649023 
   183.18964931763824   222.30745326649023 
   183.18964931763824   204.02173898077592 
   164.90393503192396   204.02173898077592 
   164.90393503192396   222.30745326649023 
   146.61822074620966   222.30745326649023 
   146.61822074620966   204.02173898077592 
   128.33250646049538   204.02173898077592 
   128.33250646049538   222.30745326649023 
    110.0467921747811   222.30745326649023 
    110.0467921747811   204.02173898077592 
   91.761077889066812   204.02173898077592 
   91.761077889066812   222.30745326649023 
   73.475363603352534   222.30745326649023 
   73.475363603352534   204.02173898077592 
   55.189649317638242   204.02173898077592 
   55.189649317638242   222.30745326649023 
   36.903935031923957   222.30745326649023 
   36.903935031923957   204.02173898077592 
   18.618220746209669   204.02173898077592 
   18.618220746209669   222.30745326649023 
   256.33250646049538    222.3074532664902 
   256.33250646049538   204.02173898077592 
    238.0467921747811   240.59316755220451 
    238.0467921747811   2.8788818379187902 
   219.76107788906683   2.8788818379187902 
   219.76107788906683   240.59316755220451 
   201.47536360335252   240.59316755220451 
   201.47536360335252   2.8788818379187902 
   183.18964931763824   2.8788818379187902 
   183.18964931763824   240.59316755220451 
   164.90393503192396   240.59316755220451 
   164.90393503192396   2.8788818379187902 
   146.61822074620966   2.8788818379187902 
   146.61822074620966   240.59316755220451 
   128.33250646049538   240.59316755220451 
   128.33250646049538   2.8788818379187902 
    110.0467921747811   2.8788818379187902 
    110.0467921747811   240.59316755220451 
   91.761077889066812   240.59316755220451 
   91.761077889066812   2.8788818379187902 
   73.475363603352534   2.8788818379187902 
   73.475363603352534   240.59316755220451 
   55.189649317638242   240.59316755220451 
   55.189649317638242   2.8788818379187902 
   36.903935031923957   2.8788818379187902 
   36.903935031923957   240.59316755220451 
   18.618220746209669   240.59316755220451 
   18.618220746209669   2.8788818379187902 
   256.33250646049538   2.8788818379187751 
   256.33250646049538   240.59316755220451 
