    69.62655045833921   47.021870280714381 
   55.404043791672535   67.135277614373067 
   83.848630458339215   87.248684948031766 
   62.515297125005873   87.248684948031766 
   48.293217125005881   47.021870280714381 
   76.737377125005878   67.135277614373067 
    69.62655045833921   107.35907542143343 
   55.404043791672535   127.47248275509212 
   83.848630458339215   147.58589008875083 
   62.515297125005873   147.58589008875083 
   48.293217125005881   107.35907542143343 
   76.737377125005878   127.47248275509212 
    69.62655045833921   167.69628056215248 
   55.404043791672535   187.80968789581118 
   83.848630458339215   207.92309522946991 
   62.515297125005873   207.92309522946991 
   48.293217125005881   167.69628056215248 
   76.737377125005878   187.80968789581118 
    69.62655045833921   228.03348570287153 
   55.404043791672535   248.14689303653023 
   83.848630458339215   26.911479807312748 
   62.515297125005873   26.911479807312748 
   48.293217125005881   228.03348570287153 
   76.737377125005878   248.14689303653023 
   112.29321712500588   47.021870280714381 
   98.070710458339207   67.135277614373067 
   126.51529712500587   87.248684948031766 
   105.18196379167254   87.248684948031766 
   90.959883791672553   47.021870280714381 
   119.40404379167255   67.135277614373067 
   112.29321712500588   107.35907542143343 
   98.070710458339207   127.47248275509212 
   126.51529712500587   147.58589008875083 
   105.18196379167254   147.58589008875083 
   90.959883791672553   107.35907542143343 
   119.40404379167255   127.47248275509212 
   112.29321712500588   167.69628056215248 
   98.070710458339207   187.80968789581118 
   126.51529712500587   207.92309522946991 
   105.18196379167254   207.92309522946991 
   90.959883791672553   167.69628056215248 
   119.40404379167255   187.80968789581118 
   112.29321712500588   228.03348570287153 
   98.070710458339207   248.14689303653023 
   126.51529712500587   26.911479807312748 
   105.18196379167254   26.911479807312748 
   90.959883791672553   228.03348570287153 
   119.40404379167255   248.14689303653023 
   154.95988379167255   47.021870280714381 
   140.73737712500588   67.135277614373067 
   169.18196379167256   87.248684948031766 
   147.84863045833922   87.248684948031766 
   133.62655045833921   47.021870280714381 
   162.07071045833922   67.135277614373067 
   154.95988379167255   107.35907542143343 
   140.73737712500588   127.47248275509212 
   169.18196379167256   147.58589008875083 
   147.84863045833922   147.58589008875083 
   133.62655045833921   107.35907542143343 
   162.07071045833922   127.47248275509212 
   154.95988379167255   167.69628056215248 
   140.73737712500588   187.80968789581118 
   169.18196379167256   207.92309522946991 
   147.84863045833922   207.92309522946991 
   133.62655045833921   167.69628056215248 
   162.07071045833922   187.80968789581118 
   154.95988379167255   228.03348570287153 
   140.73737712500588   248.14689303653023 
   169.18196379167256   26.911479807312748 
   147.84863045833922   26.911479807312748 
   133.62655045833921   228.03348570287153 
   162.07071045833922   248.14689303653023 
   197.62655045833924   47.021870280714381 
   183.40404379167256   67.135277614373067 
   211.84863045833919   87.248684948031766 
    190.5152971250059   87.248684948031766 
    176.2932171250059   47.021870280714381 
   204.73737712500591   67.135277614373067 
   197.62655045833924   107.35907542143343 
   183.40404379167256   127.47248275509212 
   211.84863045833919   147.58589008875083 
    190.5152971250059   147.58589008875083 
    176.2932171250059   107.35907542143343 
   204.73737712500591   127.47248275509212 
   197.62655045833924   167.69628056215248 
   183.40404379167256   187.80968789581118 
   211.84863045833919   207.92309522946991 
    190.5152971250059   207.92309522946991 
    176.2932171250059   167.69628056215248 
   204.73737712500591   187.80968789581118 
   197.62655045833924   228.03348570287153 
   183.40404379167256   248.14689303653023 
   211.84863045833919   26.911479807312748 
    190.5152971250059   26.911479807312748 
    176.2932171250059   228.03348570287153 
   204.73737712500591   248.14689303653023 
   240.29321712500587   47.021870280714381 
   226.07071045833919   67.135277614373067 
   254.51529712500587   87.248684948031766 
   233.18196379167253   87.248684948031766 
   218.95988379167252   47.021870280714381 
   247.40404379167254   67.135277614373067 
   240.29321712500587   107.35907542143343 
   226.07071045833919   127.47248275509212 
   254.51529712500587   147.58589008875083 
   233.18196379167253   147.58589008875083 
   218.95988379167252   107.35907542143343 
   247.40404379167254   127.47248275509212 
   240.29321712500587   167.69628056215248 
   226.07071045833919   187.80968789581118 
   254.51529712500587   207.92309522946991 
   233.18196379167253   207.92309522946991 
   218.95988379167252   167.69628056215248 
   247.40404379167254   187.80968789581118 
   240.29321712500587   228.03348570287153 
   226.07071045833919   248.14689303653023 
   254.51529712500587   26.911479807312748 
   233.18196379167253   26.911479807312748 
   218.95988379167252   228.03348570287153 
   247.40404379167254   248.14689303653023 
   26.959883791672553   47.021870280714381 
    12.73737712500588   67.135277614373067 
   41.181963791672501   87.248684948031766 
   19.848630458339215   87.248684948031766 
   5.6265504583392092   47.021870280714381 
   34.070710458339221   67.135277614373067 
   26.959883791672553   107.35907542143343 
    12.73737712500588   127.47248275509212 
   41.181963791672501   147.58589008875083 
   19.848630458339215   147.58589008875083 
   5.6265504583392092   107.35907542143343 
   34.070710458339221   127.47248275509212 
   26.959883791672553   167.69628056215248 
    12.73737712500588   187.80968789581118 
   41.181963791672501   207.92309522946991 
   19.848630458339215   207.92309522946991 
   5.6265504583392092   167.69628056215248 
   34.070710458339221   187.80968789581118 
   26.959883791672553   228.03348570287153 
    12.73737712500588   248.14689303653023 
   41.181963791672501   26.911479807312748 
   19.848630458339215   26.911479807312748 
   5.6265504583392092   228.03348570287153 
   34.070710458339221   248.14689303653023 
