   77.185476151563762   26.715983191726515 
   58.241856767806389     42.4629871955485 
   80.511484767401811   69.253047553203956 
   59.905067139901689   63.731574591016837 
   56.579058524063619   21.194510229539397 
   78.848274395306518   47.984460157735619 
   61.569058332887941   84.997247923248594 
   42.625438949130583   100.74425192707058 
   64.895066948726011     127.534312284726 
    44.28864932122589   122.01283932253888 
   40.962640705387798   79.475774961061489 
   63.231856576630705   106.26572488925768 
   45.952640514212142   143.27851265477068 
   27.009021130454769   159.02551665859264 
   49.278649130050198   185.81557701624808 
   28.672231502550073   180.29410405406099 
   25.346222886711999   137.75703969258356 
   47.615438757954891   164.54698962077973 
   30.336222695536335   201.55977738629272 
   11.392603311778952   217.30678139011471 
   96.127902586077624    10.97178282168189 
   75.521484958577503   5.4503098594947854 
   9.7298050680361978   196.03830442410563 
   31.999020939279077   222.82825435230183 
   118.39831140656401   37.758929116100724 
    99.45469202280664   53.505933119922723 
   121.72432002240207   80.295993477578165 
   101.11790239490196   74.774520515391046 
   97.791893779063884   32.237456153913627 
   120.06110965030676   59.027406082109827 
   102.78189358788821   96.040193847622817 
   83.838274204130826   111.78719785144479 
   106.10790220372627   138.57725820910022 
   85.501484576226147    133.0557852469131 
    82.17547596038807   90.518720885435698 
   104.44469183163096   117.30867081363191 
   87.165475769212378   154.32145857914489 
   68.221856385455013   170.06846258296684 
   90.491484385050441   196.85852294062232 
   69.885066757550319    191.3370499784352 
   66.559058141712242    148.7999856169578 
   88.828274012955163   175.58993554515396 
   71.549057950536564   212.60272331066693 
   52.605438566779199   228.34972731448892 
   137.34073784107787   22.014728746056115 
   116.73432021357776   16.493255783868996 
   50.942640323036443   207.08125034847981 
   73.211856194279335   233.87120027667603 
   159.61114666156422    48.80187504047494 
   140.66752727780687   64.548879044296939 
   162.93715527740233   91.338939401952373 
    142.3307376499022   85.817466439765269 
   139.00472903406413    43.28040207828785 
   161.27394490530702   70.070352006484057 
   143.99472884288843   107.08313977199704 
   125.05110945913107     122.830143775819 
   147.32073745872651   149.62020413347443 
   126.71431983122639   144.09873117128731 
   123.38831121538831   101.56166680980992 
   145.65752708663118    128.3516167380061 
   128.37831102421262    165.3644045035191 
   109.43469164045526   181.11140850734105 
   131.70431964005067    207.9014688649965 
   111.09790201255056   202.37999590280941 
   107.77189339671251   159.84293154133201 
   130.04110926795536    186.6328814695282 
   112.76189320553681   223.64566923504117 
   93.818273821779442   239.39267323886313 
   178.55357309607811   33.057674670430323 
   157.94715546857802   27.536201708243222 
   92.155475578036715   218.12419627285405 
   114.42469144927958   244.91414620105024 
   200.82398191656449   59.844820964849163 
   181.88036253280711   75.591824968671162 
   204.14999053240257    102.3818853263266 
   183.54357290490242   96.860412364139492 
   180.21756428906437   54.323348002662058 
   202.48678016030729   81.113297930858266 
   185.20756409788871   118.12608569637125 
   166.26394471413133   133.87308970019322 
   188.53357271372673   160.66315005784864 
   167.92715508622666   155.14167709566152 
   164.60114647038856   112.60461273418414 
   186.87036234163145   139.39456266238034 
   169.59114627921286   176.40735042789333 
   150.64752689545551   192.15435443171529 
   172.91715489505091   218.94441478937074 
   152.31073726755082   213.42294182718362 
   148.98472865171274   170.88587746570622 
   171.25394452295566   197.67582739390241 
   153.97472846053708   234.68861515941538 
    135.0311090767797   250.43561916323736 
   219.76640835107833   44.100620594804539 
   199.15999072357826   38.579147632617435 
   133.36831083303693   229.16714219722826 
   155.63752670427985   255.95709212542448 
   242.03681717156468   70.887766889223371 
   223.09319778780736   86.634770893045371 
   245.36282578740278   113.42483125070082 
   224.75640815990269    107.9033582885137 
   221.43039954406461   65.366293927036267 
   243.69961541530748   92.156243855232475 
   226.42039935288889   129.16903162074544 
   207.47677996913157   144.91603562456746 
   229.74640796872697   171.70609598222288 
   209.13999034122688   166.18462302003579 
   205.81398172538877   123.64755865855835 
   228.08319759663166   150.43750858675455 
   210.80398153421308   187.45029635226754 
   191.86036215045576   203.19730035608953 
   214.12999015005119   229.98736071374495 
   193.52357252255106   224.46588775155786 
   190.19756390671299   181.92882339008042 
   212.46677977795585   208.71877331827662 
   195.18756371553729   245.73156108378959 
   240.37282597857848   49.622093556991658 
   174.58114608803717   240.21008812160247 
   35.972640896563497    15.67303726735229 
   39.298649512401539   58.210101628829719 
   18.692231884901428   52.688628666642607 
   37.635439140306282   36.941514233361396 
   20.356223077887677   73.954301998874371 
   248.68961522413181   155.95898154894167 
   23.682231693725736   116.49136636035176 
    3.075814066225627   110.96989339816466 
   247.02681698038901   134.69050458293256 
   22.019021321630476    95.22277896488346 
   4.7398052592118756   132.23556673039644 
   233.07319740545597   214.24024628046374 
   8.0658138750499191   174.77263109187388 
   231.41039916171323   192.97176931445466 
   6.4026035029546602   153.50404369640552 
   215.79398134303742    251.2530340459767 
