   89.454827272283993   29.653889985049677 
   70.979618658215969   18.987223318383005 
   93.353004899699883   8.6795416107703431 
   67.082949460928575   39.958959015040087 
   44.709193715272342   50.266427389319418 
   59.286224701924461   81.907442430265405 
   40.811016087856444   71.240775763598734 
   48.607740846860537   29.292292348373415 
   63.184402329340365   60.933094055986075 
   36.914346890569043   92.212511460255826 
   14.540591144912835   102.51997983453514 
   29.117622131564939   134.16099487548115 
   10.642413517496923   123.49432820881447 
   18.439138276501016   81.545844793589154 
   33.015799758980847   113.18664650120179 
   6.7457443202095346   144.46606390547151 
   2.8471971886213261   165.44019894641752 
   134.20196925942415   9.0387399031576852 
   111.82821351376793   19.346208277437015 
   126.40524450042005   50.987223318383009 
   107.93003588635202   40.320556651716338 
   130.30342212783597   30.012874944103686 
   104.03336668906464   61.292292348373415 
    81.65961094340841   71.599760722652761 
   96.236641930060529   103.24077576359873 
   77.761433315992491   92.574109096932077 
   85.558158074996598   50.625625681706758 
   100.13481955747645   82.266427389319418 
   73.864764118705111   113.54584479358915 
   51.491008373048892   123.85331316786846 
   66.068039359701004   155.49432820881447 
   47.592830745632966   144.82766154214781 
   55.389555504637073   102.87917812692247 
   69.966216987116923   134.51997983453512 
   43.696161548345593   165.79939723880486 
   21.322405802689371   176.10686561308418 
   35.899436789341472   207.74788065403021 
   17.424228175273445   197.08121398736355 
   25.220952934277566   155.13273057213817 
   39.797614416757398   186.77353227975087 
   171.15238648756019   30.372073236491016 
   148.77863074190398   40.679541610770343 
    163.3556617285561   72.320556651716345 
   144.88045311448806    61.65388998504968 
   152.67717787349218   19.705406569824341 
   167.25383935597202      51.346208277437 
   140.98378391720067   82.625625681706765 
   118.61002817154446   92.933094055986075 
   133.18705915819658   124.57410909693208 
   114.71185054412854   113.90744243026541 
   122.50857530313264   71.958959015040094 
   137.08523678561249   103.59976072265275 
   110.81518134684114   134.87917812692248 
   88.441425601184946   145.18664650120178 
   103.01845658783706   176.82766154214778 
   84.543247973769013   166.16099487548115 
   92.339972732773134   124.21251146025583 
   106.91663421525297   155.85331316786846 
   80.646578776481647   187.13273057213817 
   58.272823030825414    197.4401989464175 
    72.84985401747754   229.08121398736353 
   54.374645403409502   218.41454732069687 
   62.171370162413623   176.46606390547151 
   76.748031644893445   208.10686561308418 
   208.10280371569627   51.705406569824355 
   185.72904797004006   62.012874944103672 
   200.30607895669215   93.653889985049659 
   181.83087034262411   82.987223318383016 
   189.62759510162823   41.038739903157683 
   204.20425658410809   72.679541610770343 
   177.93420114533674   103.95895901504009 
   155.56044539968053   114.26642738931942 
   170.13747638633262   145.90744243026541 
   151.66226777226458   135.24077576359875 
   159.45899253126871   93.292292348373422 
   174.03565401374854   124.93309405598609 
   147.76559857497722   156.21251146025583 
   125.39184282932101   166.51997983453512 
    139.9688738159731   198.16099487548112 
   121.49366520190509   187.49432820881447 
   129.29038996090918   145.54584479358914 
   143.86705144338904   177.18664650120181 
   117.59699600461771   208.46606390547151 
   95.223240258961482   218.77353227975084 
   109.80027124561357   250.41454732069684 
   91.325062631545563   239.74788065403021 
    99.12178739054967   197.79939723880483 
   113.69844887302952   229.44019894641752 
   245.05322094383229   73.038739903157662 
    222.6794651981761      83.346208277437 
   237.25649618482817   114.98722331838299 
   218.78128757076018   104.32055665171633 
   226.57801232976428   62.372073236491005 
   241.15467381224408   94.012874944103658 
   214.88461837347276   125.29229234837341 
   192.51086262781655   135.59976072265272 
   207.08789361446864   167.24077576359872 
   188.61268500040066   156.57410909693209 
   196.40940975940475   114.62562568170675 
   210.98607124188453    146.2664273893194 
   184.71601580311324   177.54584479358914 
   162.34226005745705   187.85331316786844 
   176.91929104410912   219.49432820881447 
   158.44408243004114   208.82766154214781 
   166.24080718904523   166.87917812692245 
   180.81746867152503   198.51997983453512 
   154.54741323275371   229.79939723880483 
   132.17365748709753   240.10686561308415 
   136.07220461868573   219.13273057213817 
   150.64886610116551   250.77353227975084 
    52.50441004414791   8.3205566517163341 
    255.7317047988962   125.65388998504966 
   251.83503560160884   146.62562568170674 
   229.46127985595263   156.93309405598606 
   22.335807473788389   60.574109096932062 
   225.56310222853668   177.90744243026541 
   233.35982698754077   135.95895901504005 
   247.93648847002063   167.59976072265275 
   221.66643303124931   198.87917812692248 
    199.2926772855931   209.18664650120178 
   195.39449965817715   230.16099487548115 
   203.19122441718125    188.2125114602558 
   217.76788589966111   219.85331316786846 
   191.49783046088982   251.13273057213817 
   173.02262184682175   240.46606390547149 
