   156.18848834392202   3.4547108492022311 
   131.90933071605383   7.6202066581286543 
   137.80036411770499   41.955893496574404 
   122.71541945239198   26.870948831261398 
   146.99427538136686   22.705151323441672 
   113.52364143107576   46.119557762048494 
   89.244483803207586   50.285053570974902 
   95.135517204858729   84.620740409420662 
   80.050572539545726   69.535795744107645 
   98.438696765762757   31.034613096735491 
    104.3294284685206   65.369998236287927 
   70.858794518229487   88.784404674894759 
   46.579636890361336   92.949900483821168 
   52.470670292012485   127.28558732226693 
   37.385725626699468   112.20064265695392 
   55.773849852916491   73.699460009581756 
   61.664581555674353   108.03484514913418 
   28.193947605383272     131.449251587741 
   3.9147899775150852   135.61474739666744 
   9.8058233791662364   169.95043423511319 
   13.109002940070255   116.36430692242799 
   18.999734642828106   150.69969206198044 
   186.35837767454805   33.624600179828256 
   162.07922004667986   37.790095988754679 
   167.97025344833099   72.125782827200439 
   152.88530878301802   57.040838161887436 
   171.27343300923505   18.539655514515236 
    177.1641647119929   52.875040654067696 
   143.69353076170179   76.289447092674521 
   119.41437313383362   80.454942901600944 
   125.30540653548478   114.79062974004668 
   110.22046187017176    99.70568507473368 
   128.60858609638876   61.204502427361497 
   134.49931779914664   95.539887566913961 
   101.02868384885554   118.95429400552078 
   76.749526220987377   123.11978981444719 
   82.640559622638506   157.45547665289297 
   67.555614957325503   142.37053198757994 
   85.943739183542505   103.86934934020778 
   91.834470886300394   138.20473447976022 
   58.363836936009314   161.61914091836704 
   34.084679308141105   165.78463672729347 
   39.975712709792262   200.12032356573923 
   24.890768044479255   185.03537890042622 
   43.278892270696275   146.53419625305401 
   49.169623973454144   180.86958139260648 
   216.52826700517409   63.794489510454277 
    192.2491093773059   67.959985319380678 
   198.14014277895706   102.29567215782646 
   183.05519811364402   87.210727492513456 
   201.44332233986108   48.709544845141274 
   207.33405404261893   83.044929984693724 
   173.86342009232783   106.45933642330054 
   149.58426246445964   110.62483223222695 
    155.4752958661108   144.96051907067272 
    140.3903512007978   129.87557440535969 
   158.77847542701483   91.374391757987524 
   164.66920712977267   125.70977689753997 
   131.19857317948157   149.12418333614681 
   106.91941555161338   153.28967914507322 
   112.81044895326454   187.62536598351898 
   97.725504287951523   172.54042131820594 
   116.11362851416855   134.03923867083381 
   122.00436021692641   168.37462381038623 
   88.533726266635327   191.78903024899304 
    64.25456863876714   195.95452605791948 
   70.145602040418296   230.29021289636523 
   55.060657375105279   215.20526823105223 
    73.44878160132231   176.70408558368001 
   79.339513304080171   211.03947072323248 
   246.69815633580012   93.964378841080318 
   222.41899870793193   98.129874650006741 
   228.31003210958306   132.46556148845249 
   213.22508744427009   117.38061682313948 
   231.61321167048712   78.879434175767301 
   237.50394337324497   113.21481931531976 
   204.03330942295386   136.62922575392659 
   179.75415179508568     140.794721562853 
    185.6451851967368   175.13040840129872 
   170.56024053142383   160.04546373598572 
   188.94836475764086   121.54428108861356 
   194.83909646039871     155.879666228166 
   161.36846251010761   179.29407266677285 
   137.08930488223942   183.45956847569926 
   142.98033828389055   217.79525531414498 
   127.89539361857756   202.71031064883203 
   146.28351784479457   164.20912800145982 
   152.17424954755248   198.54451314101226 
   118.70361559726138   221.95891957961908 
   94.424457969393188   226.12441538854551 
   85.230546705731314   245.37515756167826 
   103.61867093194836   206.87397491430605 
   109.50940263470621   241.20936005385852 
   252.58888803855794   128.29976398063275 
   243.39497677489609    147.5505061537655 
   234.20319875357987    166.7991150845526 
   209.92404112571171     170.964610893479 
   215.81507452736287   205.30029773192476 
   200.73012986204986   190.21535306661173 
   219.11825408826689   151.71417041923957 
   225.00898579102471   186.04955555879201 
   191.53835184073361   209.46396199739885 
   167.25919421286545   213.62945780632526 
   173.15022761451658   247.96514464477102 
   158.06528294920361   232.88019997945801 
   176.45340717542061   194.37901733208582 
   182.34413887817846   228.71440247163827 
   148.87350492788738   252.12880891024508 
   124.59434730001921   256.29430471917152 
   133.78856026257438   237.04386424493208 
   107.63047478707892   11.786004165948363 
   83.353752100449725   15.949668431422442 
   59.074594472581559   20.115164240348879 
   64.965627874232695   54.450851078794614 
   49.880683208919706   39.365906413481611 
    249.2881434188929    181.8840597498656 
   74.159539137894555   35.200108905661871 
   40.688905187603453   58.614515344268703 
   16.409747559735294    62.78001115319514 
   22.300780961386433   97.115697991640886 
   7.2158362960734435   82.030753326327869 
   206.62329650604664   224.54890666271186 
   31.494692225048301   77.864955818508136 
