   187.09305574556549   8.7115170159291999 
   162.56308070461952    6.451168603931686 
    159.3666523303402   41.141606924242495 
   148.69998566367352   22.666398310174468 
   173.22974737128618   24.926377217999715 
   134.83950330034978   38.880119586288743 
   110.30952825940379   36.619771174291223 
   107.11309988512448    71.31020949460202 
   96.446433218457813    52.83500088053399 
   124.17283663368312   20.404910972220708 
   120.97619492607046    55.09497978835924 
   82.585950855134072   69.048722156648267 
   58.055975814188081   66.788373744650755 
   54.859547439908738   101.47881206496157 
   44.192880773242067   83.003603450893536 
   71.919284188467415   50.573513542580251 
   68.722642480854745   85.263582358718764 
   30.332398409918365   99.217324727007792 
   5.8024233689723621   96.956976315010294 
   2.6059949946930208    131.6474146353211 
   19.665731743251694   80.742116112939755 
   16.469090035639034    115.4321849290783 
   208.42638907889884   45.661934244065257 
   183.89641403795287   43.401585832067731 
   180.69998566367352   78.092024152378528 
   170.03331899700686   59.616815538310512 
   197.75972241223218   27.186725629997245 
   194.56308070461952   61.876794446135762 
   156.17283663368312   75.830536814424789 
   131.64286159273715   73.570188402427249 
    128.4464332184578   108.26062672273807 
   117.77976655179114   89.785418108670058 
   145.50616996701646   57.355328200356773 
   142.30952825940381   92.045397016495301 
   103.91928418846742   105.99913938478431 
   79.389309147521416   103.73879097278679 
   76.192880773242081   138.42922929309762 
   65.526214106575409    119.9540206790296 
   93.252617521800744   87.523930770716291 
   90.055975814188088   122.21399958685483 
   51.665731743251705   136.16774195514384 
   27.135756702305692   133.90739354314633 
   23.939328328026363   168.59783186345715 
   13.272661661359692   150.12262324938911 
   40.999065076585033   117.69253334107582 
   37.802423368972363   152.38260215721434 
   229.75972241223218   82.612351472201311 
   205.22974737128621   80.352003060203756 
   202.03331899700686    115.0424413805146 
   191.36665233034017   96.567232766446551 
   219.09305574556552   64.137142858133274 
   215.89641403795287   98.827211674271808 
   177.50616996701646   112.78095404256085 
   152.97619492607049    110.5206056305633 
   149.77976655179114   145.21104395087414 
   139.11309988512446   126.73583533680608 
    166.8395033003498   94.305745428492799 
   163.64286159273715   128.99581424463133 
   125.25261752180076   142.94955661292036 
   100.72264248085474   140.68920820092285 
   97.526214106575424   175.37964652123367 
   86.859547439908752   156.90443790716563 
   114.58595085513409   124.47434799885234 
   111.38930914752142   159.16441681499089 
    72.99906507658504   173.11815918327989 
   48.469090035639034   170.85781077128237 
   45.272661661359706   205.54824909159319 
    34.60599499469302   187.07304047752515 
   62.332398409918362   154.64295056921185 
   59.135756702305706   189.33301938535041 
   251.09305574556552   119.56276870033737 
   226.56308070461955   117.30242028833985 
    223.3666523303402   151.99285860865064 
   212.69998566367352   133.51764999458263 
   240.42638907889886   101.08756008626933 
   237.22974737128621   135.77762890240786 
    198.8395033003498   149.73137127069691 
   174.30952825940383   147.47102285869937 
   171.11309988512448   182.16146117901016 
   160.44643321845783   163.68625256494215 
   188.17283663368315   131.25616265662887 
   184.97619492607049   165.94623147276741 
   146.58595085513409   179.89997384105644 
    122.0559758141881    177.6396254290589 
   118.85954743990875   212.33006374936969 
   108.19288077324209    193.8548551353017 
   135.91928418846743    161.4247652269884 
   132.72264248085477   196.11483404312693 
   94.332398409918397   210.06857641141596 
   69.802423368972384   207.80822799941845 
   66.605994994693035   242.49866631972921 
   55.939328328026377   224.02345770566123 
   83.665731743251712   191.59336779734792 
    80.46909003563907   226.28343661348646 
   247.89641403795289   154.25283751647589 
   244.69998566367354   188.94327583678668 
   234.03331899700686   170.46806722271867 
   220.17283663368312    186.6817884988329 
   195.64286159273718   184.42144008683545 
   192.44643321845783   219.11187840714621 
   181.77976655179114    200.6366697930782 
   209.50616996701649   168.20657988476489 
   206.30952825940381   202.89664870090343 
    167.9192841884674   216.85039106919243 
   143.38930914752143   214.59004265719497 
   140.19288077324208   249.28048097750573 
   129.52621410657542   230.80527236343775 
   157.25261752180077   198.37518245512445 
   154.05597581418809   233.06525127126295 
   115.66573174325171   247.01899363955195 
   91.135756702305699    244.7586452275545 
   104.99906507658505   228.54378502548397 
   138.03331899700683   4.1911896961064077 
   113.50616996701645   1.9297023581526949 
   216.97619492607049   221.37185731497146 
   85.779766551791113   34.359792266465931 
    75.11309988512447   15.884583652397946 
   230.83950330034983   205.15699711290094 
    99.64286159273712   18.144562560223211 
   61.252617521800737   32.098304928512235 
   164.72264248085477   251.54045988533099 
   33.526214106575381    64.52839483682547 
   22.859547439908738   46.053186222757489 
   178.58595085513412   235.32559968326049 
   47.389309147521409   48.313165130582732 
   8.9990650765850209    62.26690749887176 
