   164.82143191920522   24.440043824102158 
   141.71231672652146   15.907890200055954 
   129.64625788767111   48.588983959362558 
   124.12478492548401   27.982566331862436 
   159.29995895701813   3.8336261966020344 
   147.23378968870858   36.514307827556095 
   106.54016718768315   40.056461642777975 
   83.431051994999393   31.524308018731755 
    71.36499315614904   64.205401778038379 
    65.84352019396195   43.598984150538236 
   101.01869422549603    19.45004401527785 
   88.952524957186498   52.130725646231895 
   48.258902456161088   55.672879461453775 
   25.149787263477315   47.140725837407572 
    13.08372842462698   79.821819596714178 
   7.5622554624398752   59.215401969214057 
    42.73742949397397   35.066461833953653 
   30.671260225664433   67.747143464907708 
   187.92752261919318   32.972566140686759 
   182.40604965700606   12.366148513186635 
   205.51505442023065   20.897890008880275 
   175.86437784357946   65.652879079102405 
   152.75526265089567   57.120725455056203 
   140.68920381204532   89.801819214362794 
   135.16773084985823   69.195401586862673 
   170.34290488139234   45.046461451602283 
   158.27673561308279   77.727143082556324 
   117.58311311205736   81.269296897778204 
   94.473997919373602   72.737143273732016 
   82.407939080523278   105.41823703303859 
   76.886466118336159   84.811819405538486 
   112.06164014987026   60.662879270278097 
   99.995470881560706   93.343560901232138 
   59.301848380535304   96.885714716454032 
   36.192733187851537   88.353561092407816 
   24.126674349001206   121.03465485171441 
   18.605201386814102   100.42823722421429 
     53.7803754183482   76.279297088953896 
   41.714206150038642   108.95997871990795 
   1.0205836490132658   112.50213253512983 
   211.03652738241775   41.504307636380382 
   198.97046854356736   74.185401395686995 
   193.44899558138027   53.578983768186866 
   216.55800034460486   62.110725263880525 
   186.90732376795367   106.86571433410263 
   163.79820857526988   98.333560710056432 
   151.73214973641956   131.01465446936305 
   146.21067677423244    110.4082368418629 
   181.38585080576655   86.259296706602512 
     169.319681537457   118.93997833755655 
    128.6260590364316   122.48213215277846 
   105.51694384374781   113.94997852873223 
   93.450885004897501   146.63107228803884 
   87.929412042710382   126.02465466053872 
   123.10458607424449   101.87571452527833 
   111.03841680593493   134.55639615623238 
   70.344794304909513   138.09854997145425 
   47.235679112225753   129.56639634740804 
   35.169620273375415   162.24749010671468 
    29.64814731118831   141.64107247921453 
   64.823321342722409   117.49213234395415 
   52.757152074412858   150.17281397490817 
   12.063529573387477   153.71496779013006 
   222.07947330679195   82.717142891380618 
    210.0134144679416   115.39823665068724 
   204.49194150575448   94.791819023187102 
   6.5420566112003709   133.10855016262994 
   227.60094626897907   103.32356051888075 
   197.95026969232788   148.07854958910289 
   174.84115449964409   139.54639596505672 
   162.77509566079377   172.22748972436329 
   157.25362269860668   151.62107209686317 
   192.42879673014076   127.47213196160278 
   180.36262746183121   160.15281359255681 
   139.66900496080581   163.69496740777871 
   116.55988976812205    155.1628137837325 
   104.49383092927171   187.84390754303908 
   98.972357967084605   167.23748991553899 
   134.14753199861869   143.08854978027858 
   122.08136273030915   175.76923141123265 
    81.38774022928375   179.31138522645455 
   58.278625036599976   170.77923160240832 
   46.212566197749645   203.46032536171489 
   40.691093235562533   182.85390773421477 
   75.866267267096632    158.7049675989544 
   63.800097998787088   191.38564922990847 
   23.106475497761704   194.92780304513033 
   233.12241923116619   123.92997814638088 
   221.05636039231581   156.61107190568748 
   215.53488743012872   136.00465427818739 
   17.585002535574596   174.32138541763021 
   238.64389219335331   144.53639577388103 
   208.99321561670209   189.29138484410313 
   185.88410042401833   180.75923122005693 
   173.81804158516798   213.44032497936351 
   168.29656862298086   192.83390735186342 
     203.471742654515   168.68496721660301 
   191.40557338620542   201.36564884755705 
   150.71195088518002   204.90780266277892 
   127.60283569249627   196.37564903873277 
   115.53677685364592   229.05674279803935 
   110.01530389145881    208.4503251705392 
    145.1904779229929   184.30138503527883 
   133.12430865468335   216.98206666623284 
   92.430686153657945   220.52422048145476 
   69.321570960974199   211.99206685740853 
   57.255512122123854   244.67316061671514 
   51.734039159936749   224.06674298921504 
    86.90921319147084   199.91780285395461 
   74.843043923161289   232.59848448490868 
   34.149421422135916   236.14063830013052 
    244.1653651555404   165.14281340138112 
   232.09930631669002   197.82390716068772 
    226.5778333545029    177.2174895331876 
   28.627948459948808   215.53422067263045 
   249.68683811772749   185.74923102888124 
    220.0361615410763   230.50422009910338 
   196.92704634839254   221.97206647505718 
    118.6033119632969   7.3761487043622687 
   179.33951454735509   234.04674260686366 
   214.51468857888921   209.89780247160323 
   161.75489680955425   246.12063791777919 
   138.64578161687047   237.58848429373299 
   60.322047231774818   22.992566523038072 
   121.05824981583304   249.66316042553947 
   156.23342384736711   225.51422029027907 
   77.909579032812275   10.917890391231632 
   80.364516885348408    253.2049021124088 
   2.0407825002527549   38.608984341713885 
   97.952159115845063   241.13063810895486 
    19.62831430129021   26.534308209907447 
   255.20831107991461   206.35564865638139 
   237.62077927887714   218.43032478818787 
    39.67089438432302   256.74705592763064 
