   207.66030526712407    59.96074677031045 
   187.54689793346537    45.73824010364379 
   167.43349059980667   74.182826770310456 
   167.43349059980665   52.849493436977127 
   207.66030526712407   38.627413436977136 
   187.54689793346537   67.071573436977133 
     147.323100126405    59.96074677031045 
   127.20969279274631    45.73824010364379 
   107.09628545908764   74.182826770310456 
   107.09628545908764   52.849493436977127 
     147.323100126405   38.627413436977136 
   127.20969279274631   67.071573436977133 
   86.985894985685974    59.96074677031045 
    66.87248765202726    45.73824010364379 
   46.759080318368561   74.182826770310456 
   46.759080318368561   52.849493436977127 
   86.985894985685974   38.627413436977136 
    66.87248765202726   67.071573436977133 
   26.648689844966928    59.96074677031045 
   247.88410307418442    45.73824010364379 
    227.7706957405257   74.182826770310456 
    227.7706957405257   52.849493436977127 
   26.648689844966928   38.627413436977136 
   247.88410307418442   67.071573436977118 
   207.66030526712407   102.62741343697714 
   187.54689793346537   88.404906770310461 
   167.43349059980667   116.84949343697711 
   167.43349059980667   95.516160103643799 
   207.66030526712407   81.294080103643793 
   187.54689793346537    109.7382401036438 
     147.323100126405   102.62741343697714 
   127.20969279274631   88.404906770310461 
   107.09628545908764   116.84949343697711 
   107.09628545908764   95.516160103643799 
     147.323100126405   81.294080103643793 
   127.20969279274631    109.7382401036438 
   86.985894985685974   102.62741343697714 
   66.872487652027274   88.404906770310461 
   46.759080318368561   116.84949343697711 
   46.759080318368561   95.516160103643799 
   86.985894985685974   81.294080103643793 
   66.872487652027274    109.7382401036438 
   26.648689844966928   102.62741343697714 
   247.88410307418442   88.404906770310461 
    227.7706957405257   116.84949343697711 
    227.7706957405257   95.516160103643799 
   26.648689844966928   81.294080103643793 
   247.88410307418442    109.7382401036438 
   207.66030526712407   145.29408010364378 
   187.54689793346537   131.07157343697713 
   167.43349059980667   159.51616010364381 
   167.43349059980667   138.18282677031044 
   207.66030526712407   123.96074677031045 
   187.54689793346537   152.40490677031048 
     147.323100126405   145.29408010364378 
   127.20969279274631   131.07157343697713 
   107.09628545908764   159.51616010364381 
   107.09628545908764   138.18282677031044 
     147.323100126405   123.96074677031045 
   127.20969279274631   152.40490677031048 
   86.985894985685974   145.29408010364378 
   66.872487652027274   131.07157343697713 
   46.759080318368561   159.51616010364381 
   46.759080318368561   138.18282677031044 
   86.985894985685974   123.96074677031045 
   66.872487652027274   152.40490677031048 
   26.648689844966928   145.29408010364378 
   247.88410307418442   131.07157343697713 
    227.7706957405257   159.51616010364381 
    227.7706957405257   138.18282677031044 
   26.648689844966928   123.96074677031045 
   247.88410307418442   152.40490677031048 
   207.66030526712407   187.96074677031046 
   187.54689793346537   173.73824010364382 
   167.43349059980667   202.18282677031044 
   167.43349059980667   180.84949343697716 
   207.66030526712407   166.62741343697712 
    187.5468979334654   195.07157343697716 
   147.32310012640502   187.96074677031046 
   127.20969279274631   173.73824010364382 
   107.09628545908764   202.18282677031044 
   107.09628545908764   180.84949343697716 
   147.32310012640502   166.62741343697712 
   127.20969279274631   195.07157343697716 
   86.985894985685974   187.96074677031046 
   66.872487652027274   173.73824010364382 
   46.759080318368561   202.18282677031044 
   46.759080318368561   180.84949343697716 
   86.985894985685974   166.62741343697712 
   66.872487652027274   195.07157343697716 
   26.648689844966928   187.96074677031046 
   247.88410307418442   173.73824010364382 
    227.7706957405257   202.18282677031044 
    227.7706957405257   180.84949343697716 
   26.648689844966928   166.62741343697712 
   247.88410307418442   195.07157343697716 
   207.66030526712407   230.62741343697709 
    187.5468979334654   216.40490677031048 
   167.43349059980667    244.8494934369771 
   167.43349059980667   223.51616010364381 
   207.66030526712407   209.29408010364378 
    187.5468979334654   237.73824010364379 
   147.32310012640502   230.62741343697709 
   127.20969279274631   216.40490677031048 
   107.09628545908764    244.8494934369771 
   107.09628545908764   223.51616010364381 
   147.32310012640502   209.29408010364378 
   127.20969279274631   237.73824010364379 
   86.985894985685974   230.62741343697709 
   66.872487652027274   216.40490677031048 
   46.759080318368561    244.8494934369771 
   46.759080318368561   223.51616010364381 
   86.985894985685974   209.29408010364378 
   66.872487652027274   237.73824010364379 
   26.648689844966928   230.62741343697709 
   247.88410307418442   216.40490677031048 
    227.7706957405257    244.8494934369771 
    227.7706957405257   223.51616010364381 
   26.648689844966928   209.29408010364378 
   247.88410307418442   237.73824010364379 
   207.66030526712407   17.294080103643793 
   187.54689793346537   3.0715734369771188 
   167.43349059980665   31.516160103643738 
   167.43349059980665   10.182826770310456 
    207.6603052671241   251.96074677031044 
   187.54689793346537   24.404906770310461 
     147.323100126405   17.294080103643793 
    127.2096927927463   3.0715734369771188 
   107.09628545908764   31.516160103643738 
   107.09628545908764   10.182826770310456 
   147.32310012640502   251.96074677031044 
   127.20969279274631   24.404906770310461 
   86.985894985685974   17.294080103643793 
    66.87248765202726   3.0715734369771188 
   46.759080318368561   31.516160103643738 
   46.759080318368561   10.182826770310456 
   86.985894985685974   251.96074677031044 
    66.87248765202726   24.404906770310461 
   26.648689844966928   17.294080103643793 
    247.8841030741844   3.0715734369771188 
    227.7706957405257   31.516160103643738 
    227.7706957405257   10.182826770310456 
   26.648689844966942   251.96074677031044 
   247.88410307418442   24.404906770310461 
