   25.028822594761955   35.213789659551665 
   43.314536880476226    53.49950394526595 
   25.028822594761955   71.785218230980234 
   43.314536880476226   90.070932516694526 
   25.028822594761955   108.35664680240882 
   43.314536880476226   126.64236108812311 
   25.028822594761955   144.92807537383737 
   43.314536880476226   163.21378965955165 
   25.028822594761955   181.49950394526596 
   43.314536880476226   199.78521823098023 
   25.028822594761955   218.07093251669454 
   43.314536880476226   236.35664680240882 
   25.028822594761955    254.6423610881231 
   43.314536880476226   16.928075373837402 
   61.600251166190517   35.213789659551665 
   79.885965451904795    53.49950394526595 
   61.600251166190517   71.785218230980234 
   79.885965451904795   90.070932516694526 
   61.600251166190517   108.35664680240882 
   79.885965451904795   126.64236108812311 
   61.600251166190517   144.92807537383737 
   79.885965451904795   163.21378965955165 
   61.600251166190517   181.49950394526596 
   79.885965451904795   199.78521823098023 
   61.600251166190517   218.07093251669454 
   79.885965451904795   236.35664680240882 
   61.600251166190517    254.6423610881231 
   79.885965451904795   16.928075373837402 
   98.171679737619087   35.213789659551665 
   116.45739402333338    53.49950394526595 
   98.171679737619087   71.785218230980234 
   116.45739402333338   90.070932516694526 
   98.171679737619087   108.35664680240882 
   116.45739402333338   126.64236108812311 
   98.171679737619087   144.92807537383737 
   116.45739402333338   163.21378965955165 
   98.171679737619087   181.49950394526596 
   116.45739402333338   199.78521823098023 
   98.171679737619087   218.07093251669454 
   116.45739402333338   236.35664680240882 
   98.171679737619087    254.6423610881231 
   116.45739402333338   16.928075373837402 
   134.74310830904767   35.213789659551665 
   153.02882259476195    53.49950394526595 
   134.74310830904767   71.785218230980234 
   153.02882259476195   90.070932516694526 
   134.74310830904767   108.35664680240882 
   153.02882259476195   126.64236108812311 
   134.74310830904767   144.92807537383737 
   153.02882259476195   163.21378965955165 
   134.74310830904767   181.49950394526596 
   153.02882259476195   199.78521823098023 
   134.74310830904767   218.07093251669454 
   153.02882259476195   236.35664680240882 
   134.74310830904767    254.6423610881231 
   153.02882259476195   16.928075373837402 
   171.31453688047625   35.213789659551665 
   189.60025116619053    53.49950394526595 
   171.31453688047625   71.785218230980234 
   189.60025116619053   90.070932516694526 
   171.31453688047625   108.35664680240882 
   189.60025116619053   126.64236108812311 
   171.31453688047625   144.92807537383737 
   189.60025116619053   163.21378965955165 
   171.31453688047625   181.49950394526596 
   189.60025116619053   199.78521823098023 
   171.31453688047625   218.07093251669454 
   189.60025116619053   236.35664680240882 
   171.31453688047625    254.6423610881231 
   189.60025116619053   16.928075373837402 
   207.88596545190481   35.213789659551665 
   226.17167973761912    53.49950394526595 
   207.88596545190481   71.785218230980234 
   226.17167973761912   90.070932516694526 
   207.88596545190481   108.35664680240882 
   226.17167973761912   126.64236108812311 
   207.88596545190481   144.92807537383737 
   226.17167973761912   163.21378965955165 
   207.88596545190481   181.49950394526596 
   226.17167973761912   199.78521823098023 
   207.88596545190481   218.07093251669454 
   226.17167973761912   236.35664680240882 
   207.88596545190481    254.6423610881231 
   226.17167973761912   16.928075373837402 
   244.45739402333336   35.213789659551665 
   6.7431083090476358    53.49950394526595 
   244.45739402333336   71.785218230980234 
   6.7431083090476358   90.070932516694526 
   244.45739402333336   108.35664680240882 
   6.7431083090476358   126.64236108812311 
   244.45739402333336   144.92807537383737 
   6.7431083090476358   163.21378965955165 
   244.45739402333336   181.49950394526596 
   6.7431083090476358   199.78521823098023 
   244.45739402333336   218.07093251669454 
   6.7431083090476358   236.35664680240882 
   244.45739402333336    254.6423610881231 
   6.7431083090476358   16.928075373837402 
