   96.123474522865422   12.417069582175577 
   71.144724282235686   19.110105537091027 
   77.837760237151144   44.088855777720767 
   52.859009996521401   50.781891732636218 
   59.552045951436853   75.760641973265962 
   34.573295710807116   82.453677928181406 
   41.266331665722582   107.43242816881114 
   16.287581425092824    114.1254641237266 
    22.98061738000829   139.10421436435632 
   4.6949030942939993   170.77600055990152 
   121.10222476349517    5.724033627260126 
   127.79526071841062   30.702783867889867 
   102.81651047778088   37.395819822805315 
   109.50954643269633   62.374570063435044 
   84.530796192066603   69.067606018350503 
   91.223832146982048   94.046356258980239 
   66.245081906352326    100.7393922138957 
   72.938117861267756   125.71814245452541 
   47.959367620638027   132.41117840944088 
   54.652403575553478    157.3899286500706 
   29.673653334923738   164.08296460498607 
   36.366689289839194   189.06171484561577 
   11.387939049209479   195.75475080053124 
   152.77401095904034   24.009747912974415 
   159.46704691395578   48.988498153604141 
   134.48829667332606   55.681534108519593 
   141.18133262824153   80.660284349149336 
   116.20258238761178   87.353320304064781 
   122.89561834252724   112.33207054469453 
   97.916868101897492   119.02510649960998 
   104.60990405681297   144.00385674023968 
     79.6311538161832   150.69689269515519 
   86.324189771098673   175.67564293578488 
   61.345439530468916   182.36867889070038 
   68.038475485384382    207.3474291313301 
   43.059725244754652   214.04046508624552 
   177.75276119967009   17.316711958058963 
   184.44579715458553   42.295462198688689 
   191.13883310950098   67.274212439318433 
   166.16008286887126   73.967248394233863 
   172.85311882378673   98.945998634863628 
   147.87436858315695   105.63903458977907 
   154.56740453807242   130.61778483040882 
   129.58865429744267   137.31082078532424 
   136.28169025235817   162.28957102595399 
    111.3029400117284   168.98260698086943 
   117.99597596664387   193.96135722149916 
   93.017225726014118   200.65439317641463 
   99.710261680929591   225.63314341704435 
   74.731511440299855    232.3261793719598 
   209.42454739521528   35.602426243773252 
   216.11758335013073   60.581176484402981 
   222.81061930504617   85.559926725032724 
   197.83186906441645   92.252962679948155 
    204.5249050193319   117.23171292057792 
   179.54615477870217   123.92474887549336 
   186.23919073361762    148.9034991161231 
   161.26044049298787   155.59653507103855 
   167.95347644790334   180.57528531166827 
   142.97472620727359   187.26832126658377 
   149.66776216218906   212.24707150721346 
    124.6890119215593   218.94010746212896 
   131.38204787647479   243.91885770275869 
   106.40329763584505   250.61189365767407 
   241.09633359076048   53.888140529487544 
   247.78936954567592   78.866890770117266 
   254.48240550059137   103.84564101074702 
   229.50365525996165   110.53867696566245 
   236.19669121487709   135.51742720629221 
   211.21794097424737   142.21046316120763 
   217.91097692916281   167.18921340183741 
   192.93222668853306   173.88224935675282 
   199.62526264344851   198.86099959738254 
   174.64651240281879   205.55403555229802 
   181.33954835773426   230.53278579292774 
   156.36079811710451   237.22582174784321 
   46.165974041605942   25.803141492006464 
   242.88972716979254   160.49617744692193 
    27.88025975589165   57.474927687551656 
   224.60401288407826   192.16796364246713 
   9.5945454701773727   89.146713883096837 
   206.31829859836395   223.83974983801232 
   188.03258431264967   255.51153603355749 
