   54.838713958443087   2.9351770616780888 
   67.768666528711378   25.330511852838576 
   45.373331737550892   38.260464423106875 
    58.30328430781919   60.655799214267361 
   35.907949516658711   73.585751784535674 
   48.837902086927009   95.981086575696153 
   26.442567295766519   108.91103914596445 
   39.372519866034828   131.30637393712493 
    16.97718507487432   144.23632650739324 
    29.90713764514263   166.63166129855369 
   7.5118028539821422   179.56161386882204 
   20.441755424250434   201.95694865998252 
   90.164001319871886   12.400559282570283 
   103.09395389014018   34.795894073730771 
   80.698619098979691   47.725846643999063 
   93.628571669248004   70.121181435159556 
   71.233236878087496   83.051134005427855 
   84.163189448355809   105.44646879658833 
   61.767854657195315   118.37642136685665 
   74.697807227463613    140.7717561580171 
    52.30247243630312   153.70170872828544 
   65.232425006571432   176.09704351944589 
   42.837090215410939   189.02699608971423 
    55.76704278567923   211.42233088087468 
   33.371707994518758   224.35228345114297 
   125.48928868130066   21.865941503462466 
   138.41924125156896   44.261276294622967 
   116.02390646040847   57.191228864891244 
   128.95385903067677   79.586563656051737 
   106.55852423951629   92.516516226320036 
   119.48847680978459   114.91185101748053 
   97.093142018624093   127.84180358774883 
   110.02309458889241   150.23713837890929 
   87.627759797731912   163.16709094917763 
   100.55771236800022   185.56242574033809 
   78.162377576839717   198.49237831060643 
   91.092330147108029   220.88771310176688 
    68.69699535594755   233.81766567203513 
   147.88462347246113   8.9359889331941851 
   160.81457604272941   31.331323724354657 
   173.74452861299773   53.726658515515147 
   151.34919382183722   66.656611085783425 
   164.27914639210553   89.051945876943918 
   141.88381160094505   101.98189844721223 
   154.81376417121336   124.37723323837271 
   132.41842938005286   137.30718580864101 
   145.34838195032117   159.70252059980149 
   122.95304715916068   172.63247317006983 
   135.88299972942897   195.02780796123025 
   113.48766493826849   207.95776053149859 
   126.41761750853679   230.35309532265904 
   104.02228271737631   243.28304789292733 
   183.20991083388992   18.401371154086366 
   196.13986340415823   40.796705945246842 
   209.06981597442652   63.192040736407328 
   186.67448118326604    76.12199330667562 
   199.60443375353432   98.517328097836113 
   177.20909896237384   111.44728066810443 
   190.13905153264216   133.84261545926489 
   167.74371674148165    146.7725680295332 
   180.67366931174996   169.16790282069368 
   158.27833452058945   182.09785539096202 
   171.20828709085779   204.49319018212245 
   148.81295229969729   217.42314275239076 
    161.7429048699656   239.81847754355124 
   139.34757007880509   252.74843011381952 
   218.53519819531871   27.866753374978561 
   231.46515076558703   50.262088166139037 
   244.39510333585531   72.657422957299516 
   221.99976854469483   85.587375527567801 
   234.92972111496312   107.98271031872831 
   212.53438632380266   120.91266288899659 
   225.46433889407092   143.30799768015709 
   203.06900410291047    156.2379502504254 
   215.99895667317872   178.63328504158588 
   193.60362188201827   191.56323761185419 
   206.53357445228656   213.95857240301464 
   184.13823966112608   226.88852497328295 
   197.06819223139436   249.28385976444343 
   253.86048555674748   37.332135595870739 
     32.4433791672826   15.865129631946397 
   22.977996946390405   51.190416993375166 
    247.8596736852314   130.37804510988877 
   13.512614725498224   86.515704354803958 
    238.3942914643392   165.70333247131759 
   4.0472325046060433   121.84099171623274 
   228.92890924344701   201.02861983274639 
   219.46352702255481   236.35390719417515 
