   138.23411685151021   5.2271038547570381 
   112.37421171097361   5.2271038547570381 
   112.37421171097364    31.08700899529364 
   86.514306570437014    31.08700899529364 
   86.514306570437014   56.946914135830241 
   60.654401429900432   56.946914135830227 
   60.654401429900446   82.806819276366824 
   34.794496289363828   82.806819276366824 
   34.794496289363842   108.66672441690343 
   8.9345911488272414   108.66672441690343 
   8.9345911488272414   134.52662955744003 
   164.09402199204681   5.2271038547570381 
   164.09402199204681   31.087008995293626 
   138.23411685151021    31.08700899529364 
   138.23411685151021   56.946914135830227 
   112.37421171097363   56.946914135830227 
   112.37421171097363   82.806819276366824 
   86.514306570437029   82.806819276366824 
   86.514306570437029   108.66672441690342 
   60.654401429900432   108.66672441690342 
   60.654401429900432   134.52662955744003 
   34.794496289363842   134.52662955744003 
   34.794496289363828   160.38653469797663 
   8.9345911488272556   160.38653469797663 
   8.9345911488272556    186.2464398385132 
    189.9539271325834   31.087008995293626 
   189.95392713258343   56.946914135830227 
   164.09402199204681   56.946914135830227 
   164.09402199204681   82.806819276366824 
   138.23411685151021   82.806819276366824 
   138.23411685151021   108.66672441690342 
   112.37421171097364   108.66672441690342 
   112.37421171097364      134.52662955744 
   86.514306570437029      134.52662955744 
   86.514306570437043   160.38653469797663 
   60.654401429900432   160.38653469797663 
   60.654401429900446    186.2464398385132 
   34.794496289363856    186.2464398385132 
   34.794496289363856   212.10634497904982 
      215.81383227312   56.946914135830212 
      215.81383227312   82.806819276366809 
    189.9539271325834   82.806819276366824 
   189.95392713258343   108.66672441690342 
   164.09402199204681   108.66672441690342 
   164.09402199204681      134.52662955744 
   138.23411685151021      134.52662955744 
   138.23411685151021    160.3865346979766 
   112.37421171097364    160.3865346979766 
   112.37421171097364    186.2464398385132 
   86.514306570437014    186.2464398385132 
   86.514306570437029   212.10634497904982 
   60.654401429900446   212.10634497904979 
    60.65440142990046   237.96625011958639 
    241.6737374136566   82.806819276366809 
    241.6737374136566   108.66672441690342 
      215.81383227312   108.66672441690342 
   215.81383227312003      134.52662955744 
   189.95392713258343      134.52662955744 
   189.95392713258343    160.3865346979766 
   164.09402199204681    160.3865346979766 
   164.09402199204681    186.2464398385132 
   138.23411685151021    186.2464398385132 
   138.23411685151021   212.10634497904979 
   112.37421171097364   212.10634497904982 
   112.37421171097364   237.96625011958642 
   86.514306570437043   237.96625011958639 
    241.6737374136566      134.52662955744 
   241.67373741365662    160.3865346979766 
   215.81383227312006    160.3865346979766 
   215.81383227312006    186.2464398385132 
   189.95392713258343    186.2464398385132 
   189.95392713258343   212.10634497904979 
   164.09402199204683   212.10634497904979 
   164.09402199204683   237.96625011958639 
   138.23411685151024   237.96625011958642 
   86.514306570436986   5.2271038547570106 
    241.6737374136566   186.24643983851317 
   60.654401429900403   31.087008995293612 
   215.81383227312003   212.10634497904977 
   34.794496289363813   56.946914135830198 
   189.95392713258343   237.96625011958639 
   8.9345911488272129   82.806819276366795 
