   133.33416184249805   13.475041393833999 
   108.35541160186831   6.7820054389185485 
   101.66237564695287   31.760755679548289 
   76.683625406323145   25.067719724632823 
     69.9905894514077   50.046469965262567 
   45.011839210777957   43.353434010347115 
   38.318803255862505   68.332184250976866 
   13.340053015232767   61.639148296061421 
   6.6470170603173155   86.617898536691158 
   189.98469827867299    1.882363063035132 
   183.29166232375755   26.861113303664872 
    158.3129120831278   20.168077348749421 
   151.61987612821235   45.146827589379164 
    126.6411258875826   38.453791634463727 
   119.94808993266714   63.432541875093449 
   94.969339692037437   56.739505920178004 
   88.276303737121992   81.718256160807741 
   63.297553496492249   75.025220205892296 
   56.604517541576797   100.00397044652203 
   31.625767300947057   93.310934491606588 
   24.932731346031606   118.28968473223632 
   208.27041256438727   33.554149258580324 
    201.5773766094718    58.53289949921006 
   176.59862636884208   51.839863544294616 
    169.9055904139266   76.818613784924352 
   144.92684017329688   70.125577830008908 
   138.23380421838147   95.104328070638644 
   113.25505397775173   88.411292115723171 
   106.56201802283628   113.39004235635294 
   81.583267782206534   106.69700640143748 
   74.890231827291089   131.67575664206723 
   49.911481586661345   124.98272068715177 
   43.218445631745894   149.96147092778151 
   18.239695391116182   143.26843497286606 
   11.546659436200732   168.24718521349581 
   226.55612685010155   65.225935454125505 
   219.86309089518613   90.204685694755241 
   194.88434065455638   83.511649739839783 
   188.19130469964094   108.49039998046953 
   163.21255445901119   101.79736402555407 
   156.51951850409574   126.77611426618382 
   131.54076826346602   120.08307831126837 
   124.84773230855056   145.06182855189809 
   99.868982067920825   138.36879259698267 
   93.175946113005381   163.34754283761239 
    68.19719587237563   156.65450688269695 
   61.504159917460186    181.6332571233267 
   36.525409676830471   174.94022116841123 
   29.832373721915022   199.91897140904098 
   244.84184113581586   96.897721649670686 
   238.14880518090038   121.87647189030044 
   213.17005494027066   115.18343593538498 
   206.47701898535519   140.16218617601473 
   181.49826874472546   133.46915022109928 
   174.80523278981002   158.44790046172903 
    149.8264825491803   151.75486450681356 
   143.13344659426488   176.73361474744328 
   118.15469635363512   170.04057879252784 
   111.46166039871967   195.01932903315759 
   86.482910158089922   188.32629307824214 
   79.789874203174492    213.3050433188719 
   54.811123962544762   206.61200736395642 
   48.118088007629311   231.59075760458614 
   256.43451946661469   153.54825808584562 
   231.45576922598494   146.85522213093017 
   224.76273327106952    171.8339723715599 
   199.78398303043977   165.14093641664445 
   193.09094707552433    190.1196866572742 
    168.1121968348946   183.42665070235876 
   161.41916087997916   208.40540094298848 
   136.44041063934941   201.71236498807303 
   129.74737468443396   226.69111522870276 
   104.76862444380421   219.99807927378734 
   98.075588488888783   244.97682951441709 
   73.096838248259047   238.28379355950162 
   249.74148351169924   178.52700832647534 
   243.04844755678377   203.50575856710509 
   218.06969731615405   196.81272261218965 
   211.37666136123858   221.79147285281937 
   186.39791112060888   215.09843689790392 
   179.70487516569344   240.07718713853365 
   154.72612492506369    233.3841511836182 
   123.05433872951851   251.66986546933251 
