    196.9307510003726   11.721888792270194 
   161.60546363894386   21.187271013162373 
   139.21012884778335    8.257318442894082 
   126.28017627751505   30.652653234054569 
   103.88484148635457   17.722700663786263 
   90.954888916086261   40.118035454946749 
   68.559554124925782   27.188082884678458 
   55.629601554657476   49.583417675838945 
   33.234266763496983   36.653465105570653 
   20.304314193228677    59.04879989673114 
    219.3260857915331   24.651841362538487 
   206.39613322126479   47.047176153698977 
   184.00079843010431   34.117223583430686 
   171.07084585983606   56.512558374591158 
   148.67551106867555   43.582605804322867 
   135.74555849840723   65.977940595483332 
   113.35022370724676   53.047988025215048 
   100.42027113697846   75.443322816375527 
   78.024936345817949   62.513370246107236 
    65.09498377554965   84.908705037267723 
   42.699648984389164   71.978752466999424 
   29.769696414120858   94.374087258159918 
   7.3743616229603965   81.444134687891619 
    228.7914680124253   59.977128723967283 
   215.86151544215699   82.372463515127762 
   193.46618065099651   69.442510944859464 
   180.53622808072822   91.837845736019958 
   158.14089328956774   78.907893165751645 
   145.21094071929943   101.30322795691215 
   122.81560592813895    88.37327538664384 
   109.88565335787064   110.76861017780433 
   87.490318566710144   97.838657607536035 
   74.560365996441831   120.23399239869653 
   52.165031205281359   107.30403982842822 
   39.235078635013053    129.6993746195887 
   16.839743843852592    116.7694220493204 
   3.9097912735842835   139.16475684048089 
   238.25685023331746   95.302416085396047 
   225.32689766304918   117.69775087655655 
    202.9315628718887   104.76779830628824 
   190.00161030162042   127.16313309744875 
   167.60627551045991   114.23318052718042 
   154.67632294019162   136.62851531834093 
   132.28098814903115    123.6985627480726 
   119.35103557876283   146.09389753923313 
   96.955700787602339   133.16394496896481 
   84.025748217334026   155.55927976012532 
    61.63041342617354   142.62932718985698 
   48.700460855905249   165.02466198101749 
   26.305126064744773   152.09470941074918 
   13.375173494476478   174.49004420190968 
   247.72223245420966   130.62770344682482 
   234.79227988394138   153.02303823798536 
   212.39694509278087   140.09308566771702 
   199.46699252251261   162.48842045887753 
    177.0716577313521   149.55846788860921 
   164.14170516108382   171.95380267976972 
   141.74637036992331   159.02385010950138 
   128.81641779965503   181.41918490066192 
   106.42108300849452   168.48923233039358 
   93.491130438226222   190.88456712155411 
   71.095795647065728   177.95461455128577 
   58.165843076797429   200.34994934244631 
   35.770508285636964   187.41999677217797 
   22.840555715368673    209.8153315633385 
   244.25766210483357   188.34832559941412 
   221.86232731367306   175.41837302914581 
   208.93237474340478   197.81370782030632 
    186.5370399522443   184.88375525003801 
   173.60708738197602   207.27909004119851 
   151.21175259081551    194.3491374709302 
   138.28180002054719   216.74447226209071 
    115.8864652293867    203.8145196918224 
   102.95651265911842   226.20985448298291 
   80.561177867957923   213.27990191271459 
   67.631225297689625    235.6752367038751 
   45.235890506529145   222.74528413360676 
   32.305937936260854   245.14061892476727 
   253.72304432572574   223.67361296084289 
   231.32770953456523    210.7436603905746 
   218.39775696429697   233.13899518173505 
   196.00242217313649    220.2090426114668 
   183.07246960286818   242.60437740262725 
    160.6771348117077   229.67442483235897 
   147.74718224143936   252.06975962351942 
    125.3518474502789   239.13980705325116 
   90.026560088850104   248.60518927414336 
