   14.186394522235698   42.756626817131064 
   25.964241403260637   24.470912531416776 
   14.186394522235698   79.328055388559633 
   25.964241403260637   61.042341102845342 
   14.186394522235698   115.89948395998819 
   25.964241403260637   97.613769674273925 
   14.186394522235698   152.47091253141679 
   25.964241403260637   134.18519824570248 
   14.186394522235698   189.04234110284534 
   25.964241403260637   170.75662681713106 
   14.186394522235698   225.61376967427393 
   25.964241403260637   207.32805538855965 
   14.186394522235698   6.1851982457024848 
   25.964241403260637    243.8994839599882 
   37.742088284285572   42.756626817131064 
   49.519935165310528   24.470912531416776 
   37.742088284285572   79.328055388559633 
   49.519935165310528   61.042341102845342 
   37.742088284285572   115.89948395998819 
   49.519935165310528   97.613769674273925 
   37.742088284285572   152.47091253141679 
   49.519935165310528   134.18519824570248 
   37.742088284285572   189.04234110284534 
   49.519935165310528   170.75662681713106 
   37.742088284285572   225.61376967427393 
   49.519935165310528   207.32805538855965 
   37.742088284285572   6.1851982457024848 
   49.519935165310528    243.8994839599882 
   61.297782046335449   42.756626817131064 
   73.075628927360398   24.470912531416776 
   61.297782046335449   79.328055388559633 
   73.075628927360398   61.042341102845342 
   61.297782046335449   115.89948395998819 
   73.075628927360398   97.613769674273925 
   61.297782046335449   152.47091253141679 
   73.075628927360398   134.18519824570248 
   61.297782046335449   189.04234110284534 
   73.075628927360398   170.75662681713106 
   61.297782046335449   225.61376967427393 
   73.075628927360398   207.32805538855965 
   61.297782046335449   6.1851982457024848 
   73.075628927360398    243.8994839599882 
    84.85347580838534   42.756626817131064 
   96.631322689410268   24.470912531416776 
    84.85347580838534   79.328055388559633 
   96.631322689410268   61.042341102845342 
    84.85347580838534   115.89948395998819 
   96.631322689410268   97.613769674273925 
    84.85347580838534   152.47091253141679 
   96.631322689410268   134.18519824570248 
    84.85347580838534   189.04234110284534 
   96.631322689410268   170.75662681713106 
    84.85347580838534   225.61376967427393 
   96.631322689410268   207.32805538855965 
    84.85347580838534   6.1851982457024848 
   96.631322689410268    243.8994839599882 
   108.40916957043521   42.756626817131064 
   120.18701645146015   24.470912531416776 
   108.40916957043521   79.328055388559633 
   120.18701645146015   61.042341102845342 
   108.40916957043521   115.89948395998819 
   120.18701645146015   97.613769674273925 
   108.40916957043521   152.47091253141679 
   120.18701645146015   134.18519824570248 
   108.40916957043521   189.04234110284534 
   120.18701645146015   170.75662681713106 
   108.40916957043521   225.61376967427393 
   120.18701645146015   207.32805538855965 
   108.40916957043521   6.1851982457024848 
   120.18701645146015    243.8994839599882 
   131.96486333248509   42.756626817131064 
   143.74271021351007   24.470912531416776 
   131.96486333248509   79.328055388559633 
   143.74271021351007   61.042341102845342 
   131.96486333248509   115.89948395998819 
   143.74271021351007   97.613769674273925 
   131.96486333248509   152.47091253141679 
   143.74271021351007   134.18519824570248 
   131.96486333248509   189.04234110284534 
   143.74271021351007   170.75662681713106 
   131.96486333248509   225.61376967427393 
   143.74271021351007   207.32805538855965 
   131.96486333248509   6.1851982457024848 
   143.74271021351007    243.8994839599882 
   155.52055709453501   42.756626817131064 
   167.29840397555995   24.470912531416776 
   155.52055709453501   79.328055388559633 
   167.29840397555995   61.042341102845342 
   155.52055709453501   115.89948395998819 
   167.29840397555995   97.613769674273925 
   155.52055709453501   152.47091253141679 
   167.29840397555995   134.18519824570248 
   155.52055709453501   189.04234110284534 
   167.29840397555995   170.75662681713106 
   155.52055709453501   225.61376967427393 
   167.29840397555995   207.32805538855965 
   155.52055709453501   6.1851982457024848 
   167.29840397555995    243.8994839599882 
   179.07625085658486   42.756626817131064 
   190.85409773760981   24.470912531416776 
   179.07625085658486   79.328055388559633 
   190.85409773760981   61.042341102845342 
   179.07625085658486   115.89948395998819 
   190.85409773760981   97.613769674273925 
   179.07625085658486   152.47091253141679 
   190.85409773760981   134.18519824570248 
   179.07625085658486   189.04234110284534 
   190.85409773760981   170.75662681713106 
   179.07625085658486   225.61376967427393 
   190.85409773760981   207.32805538855965 
   179.07625085658486   6.1851982457024848 
   190.85409773760981    243.8994839599882 
   202.63194461863475   42.756626817131064 
   214.40979149965972   24.470912531416776 
   202.63194461863475   79.328055388559633 
   214.40979149965972   61.042341102845342 
   202.63194461863475   115.89948395998819 
   214.40979149965972   97.613769674273925 
   202.63194461863475   152.47091253141679 
   214.40979149965972   134.18519824570248 
   202.63194461863475   189.04234110284534 
   214.40979149965972   170.75662681713106 
   202.63194461863475   225.61376967427393 
   214.40979149965972   207.32805538855965 
   202.63194461863475   6.1851982457024848 
   214.40979149965972    243.8994839599882 
    226.1876383806846   42.756626817131064 
   237.96548526170955   24.470912531416776 
    226.1876383806846   79.328055388559633 
   237.96548526170955   61.042341102845342 
    226.1876383806846   115.89948395998819 
   237.96548526170955   97.613769674273925 
    226.1876383806846   152.47091253141679 
   237.96548526170955   134.18519824570248 
    226.1876383806846   189.04234110284534 
   237.96548526170955   170.75662681713106 
    226.1876383806846   225.61376967427393 
   237.96548526170955   207.32805538855965 
    226.1876383806846   6.1851982457024848 
   237.96548526170955    243.8994839599882 
