   250.70958364198165   25.878732124807641 
   232.42386935626735   44.164446410521947 
   214.13815507055307   25.878732124807655 
   195.85244078483876   44.164446410521947 
   177.56672649912448   25.878732124807655 
   159.28101221341018   44.164446410521947 
   140.99529792769593   25.878732124807655 
   122.70958364198164   44.164446410521947 
   104.42386935626735   25.878732124807655 
   86.138155070553054   44.164446410521947 
   67.852440784838777   25.878732124807655 
   49.566726499124485   44.164446410521947 
   31.281012213410222   25.878732124807655 
    12.99529792769593   44.164446410521961 
   250.70958364198165   62.450160696236217 
   232.42386935626735   80.735874981950516 
   214.13815507055307   62.450160696236232 
   195.85244078483876   80.735874981950516 
   177.56672649912448   62.450160696236232 
   159.28101221341018   80.735874981950516 
   140.99529792769593   62.450160696236232 
   122.70958364198164   80.735874981950516 
   104.42386935626735   62.450160696236232 
   86.138155070553054   80.735874981950516 
   67.852440784838777   62.450160696236232 
   49.566726499124485   80.735874981950516 
   31.281012213410222   62.450160696236232 
    12.99529792769593   80.735874981950516 
   250.70958364198165   99.021589267664794 
   232.42386935626735   117.30730355337909 
   214.13815507055307   99.021589267664794 
   195.85244078483876   117.30730355337909 
   177.56672649912448   99.021589267664794 
   159.28101221341021   117.30730355337909 
   140.99529792769593   99.021589267664794 
   122.70958364198164   117.30730355337909 
   104.42386935626735   99.021589267664794 
   86.138155070553054   117.30730355337909 
   67.852440784838777   99.021589267664794 
   49.566726499124485   117.30730355337909 
   31.281012213410222   99.021589267664794 
    12.99529792769593   117.30730355337909 
   250.70958364198165   135.59301783909339 
   232.42386935626735   153.87873212480767 
   214.13815507055307   135.59301783909339 
   195.85244078483876   153.87873212480767 
   177.56672649912448   135.59301783909339 
   159.28101221341021   153.87873212480767 
   140.99529792769593   135.59301783909339 
   122.70958364198164   153.87873212480767 
   104.42386935626735   135.59301783909339 
   86.138155070553054   153.87873212480767 
   67.852440784838777   135.59301783909339 
   49.566726499124485   153.87873212480767 
   31.281012213410222   135.59301783909339 
    12.99529792769593   153.87873212480767 
   250.70958364198165   172.16444641052195 
   232.42386935626735   190.45016069623625 
   214.13815507055307   172.16444641052195 
   195.85244078483876   190.45016069623625 
   177.56672649912448   172.16444641052195 
   159.28101221341021   190.45016069623625 
   140.99529792769593   172.16444641052195 
   122.70958364198164   190.45016069623625 
   104.42386935626735   172.16444641052195 
   86.138155070553054   190.45016069623625 
   67.852440784838777   172.16444641052195 
   49.566726499124485   190.45016069623625 
   31.281012213410222   172.16444641052195 
    12.99529792769593   190.45016069623625 
   250.70958364198165    208.7358749819505 
   232.42386935626735   227.02158926766484 
   214.13815507055307   208.73587498195053 
   195.85244078483876   227.02158926766484 
   177.56672649912451   208.73587498195053 
   159.28101221341021   227.02158926766484 
   140.99529792769593   208.73587498195053 
   122.70958364198164   227.02158926766484 
   104.42386935626735   208.73587498195053 
   86.138155070553054   227.02158926766484 
   67.852440784838777   208.73587498195053 
   49.566726499124485   227.02158926766484 
   31.281012213410222   208.73587498195053 
    12.99529792769593   227.02158926766484 
   250.70958364198165   245.30730355337909 
   232.42386935626732   7.5930178390933518 
   214.13815507055307   245.30730355337909 
   195.85244078483873   7.5930178390933518 
   177.56672649912451   245.30730355337909 
   159.28101221341018   7.5930178390933518 
   140.99529792769593   245.30730355337909 
   122.70958364198164   7.5930178390933518 
   104.42386935626735   245.30730355337909 
   86.138155070553054   7.5930178390933518 
   67.852440784838777   245.30730355337909 
   49.566726499124471   7.5930178390933518 
   31.281012213410236   245.30730355337909 
   12.995297927695916    7.593017839093366 
