   42.722150106140255   33.848519613198476 
   58.831367697046502   19.234207015594649 
   33.256767885248074    69.17380697462724 
   49.365985476154307   54.559494377023427 
   23.791385664355879   104.49909433605605 
   39.900603255262126   89.884781738452233 
   14.326003443463685   139.82438169748482 
   30.435221034369928   125.21006909988101 
   4.8606212225715044   175.14966905891362 
   20.969838813477747   160.53535646130982 
   11.504456592585553   195.86064382273861 
   65.475203067060534   39.945181779419627 
   81.584420657966774     25.3308691818158 
   56.009820846168353   75.270469140848405 
   72.119038437074593   60.656156543244585 
   46.544438625276157    110.5957565022772 
   62.653656216182405   95.981443904673384 
   37.079056404383962   145.92104386370599 
    53.18827399529021   131.30673126610216 
   27.613674183491781   181.24633122513478 
   43.722891774398029   166.63201862753098 
    18.14829196259959   216.57161858656357 
   34.257509553505834   201.95730598895975 
   74.940585287952715   4.6198944179908477 
   88.228256027980819   46.041843945640785 
   104.33747361888705   31.427531348036954 
   78.762873807088639   81.367131307069556 
   94.872091397994865   66.752818709465743 
   69.297491586196458   116.69241866849835 
    85.40670917710267   102.07810607089453 
   59.832109365304255   152.01770602992715 
   75.941326956210474   137.40339343232333 
    50.36672714441206   187.34299339135592 
   66.475944735318294   172.72868079375212 
   40.901344923519879   222.66828075278474 
   57.010562514426113   208.05396815518088 
      97.693638248873      10.716556584212 
   110.98130898890111   52.138506111861936 
   127.09052657980733   37.524193514258108 
   101.51592676800891   87.463793473290707 
   117.62514435891515   72.849480875686893 
   92.050544547116729    122.7890808347195 
   108.15976213802296   108.17476823711569 
   82.585162326224548   158.11436819614829 
   98.694379917130775   143.50005559854446 
   73.119780105332353   193.43965555757708 
   89.228997696238579   178.82534295997328 
   63.654397884440158    228.7649429190059 
   79.763615475346398   214.15063032140208 
   120.44669120979329   16.813218750433155 
   136.55590880069954   2.1989061528293123 
   133.73436194982136   58.235168278083094 
    149.8435795407276   43.620855680479266 
    124.2689797289292   93.560455639511858 
   140.37819731983541   78.946143041908044 
   114.80359750803702   128.88574300094064 
   130.91281509894324   114.27143040333684 
   105.33821528714482   164.21103036236946 
   121.44743287805106   149.59671776476563 
   95.872833066252639   199.53631772379825 
   111.98205065715887   184.92200512619445 
   86.407450845360444   234.86160508522704 
   102.51666843626667   220.24729248762321 
   143.19974417071356   22.909880916654309 
    159.3089617616198   8.2955683190504672 
   156.48741491074165   64.331830444304231 
   172.59663250164792   49.717517846700417 
   147.02203268984945   99.657117805733009 
   163.13125028075572   85.042805208129195 
   137.55665046895726    134.9824051671618 
   153.66586805986353     120.368092569558 
   128.09126824806509   170.30769252859062 
   144.20048583897133   155.69337993098677 
    118.6258860271729   205.63297989001939 
   134.73510361807917   191.01866729241559 
    109.1605038062807   240.95826725144821 
   125.26972139718696   226.34395465384438 
   165.95279713163382   29.006543082875464 
   182.06201472254011    14.39223048527162 
   179.24046787166196   70.428492610525396 
    195.3496854625682   55.814180012921582 
   169.77508565076977   105.75377997195417 
   185.88430324167601   91.139467374350374 
   160.30970342987757   141.07906733338297 
   176.41892102078381   126.46475473577915 
   150.84432120898541   176.40435469481176 
   166.95353879989162   161.79004209720793 
   141.37893898809321   211.72964205624055 
   157.48815657899945   197.11532945863675 
   131.91355676720102   247.05492941766934 
   148.02277435810726   232.44061682006551 
   188.70585009255416   35.103205249096618 
    204.8150676834604   20.488892651492773 
   201.99352083258222   76.525154776746533 
   218.10273842348849    61.91084217914274 
   192.52813861169005   111.85044213817532 
   208.63735620259629   97.236129540571511 
   183.06275639079786   147.17572949960413 
    199.1719739817041    132.5614169020003 
   173.59737416990566   182.50101686103292 
    189.7065917608119    167.8867042634291 
   164.13199194901347   217.82630422246169 
   180.24120953991971   203.21199162485789 
   154.66660972812127   253.15159158389051 
   170.77582731902751   238.53727898628668 
   211.45890305347442   41.199867415317769 
   227.56812064438068   26.585554817713927 
   224.74657379350251   82.621816942967698 
   240.85579138440875   68.007504345363898 
   215.28119157261034   117.94710430439648 
   231.39040916351655   103.33279170679266 
   205.81580935171814    153.2723916658253 
   221.92502694262438   138.65807906822147 
   196.35042713082595   188.59767902725406 
   212.45964472173219   173.98336642965023 
   186.88504490993375   223.92296638868285 
   202.99426250083999   209.30865379107905 
    193.5288802799478   244.63394115250784 
   234.21195601439467   47.296529581538927 
   250.32117360530094   32.682216983935078 
   247.49962675442276   88.718479109188848 
    238.0342445335306   124.04376647061763 
   254.14346212443684   109.42945387301381 
    228.5688623126384   159.36905383204643 
   244.67807990354467    144.7547412344426 
   219.10348009174621   194.69434119347522 
   235.21269768265248    180.0800285958714 
   209.63809787085404   230.01962855490402 
   225.74731546176031   215.40531595730022 
   216.28193324086811   250.73060331872898 
   256.96500897531496   53.393191747760078 
