   57.598463355714181    20.82456435305302 
   76.941235099422215   10.877594695792899 
   39.312749069999889   52.496350548598222 
   58.655520813707945   42.549380891338089 
   21.027034784285615   84.168136744143382 
   40.369806527993653   74.221167086883284 
   2.7413204985713264   115.83992293968858 
   22.084092242279379   105.89295328242846 
   3.7983779565650893   137.56473947797363 
   77.998292557415994   32.602411234077955 
   97.341064301124064   22.655441576817836 
   59.712578271701709   64.274197429623172 
   79.055350015409772   54.327227772363031 
   41.426863985987431   95.945983625168324 
    60.76963572969548   85.999013967908226 
   23.141149700273143   127.61776982071352 
    42.48392144398121   117.67080016345339 
   4.8554354145588512    159.2895560162587 
   24.198207158266918   149.34258635899857 
   5.9124928725526287   181.01437255454377 
   98.398121759117828   44.380258115102897 
   117.74089350282588   34.433288457842771 
   80.112407473403536   76.052044310648085 
   99.455179217111592   66.105074653387959 
   61.826693187689258   107.72383050619327 
     81.1694649313973   97.776860848933154 
   43.540978901974974   139.39561670173848 
   62.883750645683037   129.44864704447832 
   25.255264616260682   171.06740289728367 
   44.598036359968745   161.12043324002352 
   6.9695503305463911   202.73918909282884 
   26.312322074254457   192.79221943556874 
   116.68383604483212   12.708471919557702 
   136.02660778854016   2.7615022622975971 
   118.79795096081966   56.158104996127847 
   138.14072270452772   46.211135338867713 
   100.51223667510538   87.829891191673042 
   119.85500841881343   77.882921534412915 
   82.226522389391107   119.50167738721819 
   101.56929413309913   109.55470772995811 
   63.940808103676815   151.17346358276339 
   83.283579847384885   141.22649392550326 
   45.655093817962523   182.84524977830861 
   64.997865561670594   172.89828012104846 
   27.369379532248235   214.51703597385381 
   46.712151275956302   204.57006631659365 
   137.08366524653394   24.486318800582655 
   156.42643699024202   14.539349143322548 
    139.1977801625215   67.935951877152775 
   158.54055190622955   57.988982219892648 
    120.9120658768072    99.60773807269797 
   140.25483762051527   89.660768415437843 
   102.62635159109293   131.27952426824316 
   121.96912333480097   121.33255461098302 
    84.34063730537865   162.95131046378833 
   103.68340904908669   153.00434080652821 
   66.054923019664358   194.62309665933353 
     85.3976947633724   184.67612700207337 
   47.769208733950066   226.29488285487872 
   67.111980477658122   216.34791319761857 
   157.48349444823577   36.264165681607579 
   176.82626619194383   26.317196024347471 
    159.5976093642233   79.713798758177717 
   178.94038110793139   69.766829100917576 
   141.31189507850902   111.38558495372291 
   160.65466682221705   101.43861529646276 
   123.02618079279476   143.05737114926808 
    142.3689525365028   133.11040149200795 
   104.74046650708047   174.72915734481327 
   124.08323825078851   164.78218768755315 
   86.454752221366178   206.40094354035847 
   105.79752396507422   196.45397388309834 
   68.169037935651886   238.07272973590364 
   87.511809679359928   228.12576007864354 
   177.88332364993761   48.042012562632515 
   197.22609539364564   38.095042905372409 
   179.99743856592517   91.491645639202645 
   199.34021030963322   81.544675981942518 
   161.71172428021086   123.16343183474785 
   181.05449602391894   113.21646217748771 
   143.42600999449658   154.83521803029302 
   162.76878173820464   144.88824837303289 
    125.1402957087823   186.50700422583822 
   144.48306745249039   176.56003456857809 
   106.85458142306801   218.17879042138341 
   126.19735316677608   208.23182076412328 
    88.56886713735372   249.85057661692861 
    107.9116388810618   239.90360695966848 
   198.28315285163941    59.81985944365745 
    217.6259245953475   49.872889786397359 
   200.39726776762697   103.26949252022759 
   219.74003951133503    93.32252286296746 
   182.11155348191269    134.9412787157728 
   201.45432522562075   124.99430905851266 
   163.82583919619842   166.61306491131796 
   183.16861093990647   156.66609525405786 
   145.54012491048414   198.28485110686313 
   164.88289665419219   188.33788144960303 
   127.25441062476985   229.95663730240832 
   146.59718236847792    220.0096676451482 
   128.31146808276361   251.68145384069339 
   218.68298205334125   71.597706324682392 
   238.02575379704933   61.650736667422301 
   220.79709696932878   115.04733940125251 
   240.13986871303689    105.1003697439924 
   202.51138268361453   146.71912559679771 
   221.85415442732258   136.77215593953758 
   184.22566839790022   178.39091179234288 
   203.56844014160831   168.44394213508278 
   165.93995411218594   210.06269798788807 
   185.28272585589403   200.11572833062795 
   147.65423982647167   241.73448418343327 
   166.99701157017975   231.78751452617314 
   239.08281125504311   83.375553205707334 
   241.19692617103064   126.82518628227746 
   222.91121188531633   158.49697247782265 
   242.25398362902442   148.55000282056253 
   204.62549759960208   190.16875867336782 
   223.96826934331011   180.22178901610772 
   186.33978331388775   221.84054486891301 
   205.68255505759586   211.89357521165289 
    168.0540690281735   253.51233106445821 
   187.39684077188156   243.56536140719808 
