   117.68784695808945   1.2231041587853675 
   91.827941817552855   27.083009299321983 
   113.08608978517071   22.481252126403231 
   65.968036677016272   52.942914439858555 
   87.226184644634117   48.341157266939831 
   40.108131536479675   78.802819580395166 
   61.366279504097534   74.201062407476414 
   14.248226395943071   104.66272472093178 
   35.506374363560937   100.06096754801302 
    9.646469223024333   125.92087268854962 
   134.34423775278856   17.879494953484492 
   155.60238572040643   13.277737780565753 
   108.48433261225198   43.739400094021093 
   129.74248057986983   39.137642921102355 
   82.624427471715379   69.599305234557676 
   103.88257543933324   64.997548061638952 
   56.764522331178796   95.459210375094287 
   78.022670298796641   90.857453202175549 
   30.904617190642195   121.31911551563088 
   52.162765158260058   116.71735834271215 
   5.0447120501055931   147.17902065616749 
   26.302860017723457   142.57726348324877 
   151.00062854748771   34.535885748183617 
   172.25877651510555   29.934128575264879 
    125.1407234069511   60.395790888720221 
   146.39887137456896   55.794033715801483 
   99.280818266414528   86.255696029256811 
   120.53896623403236   81.653938856338087 
   73.420913125877902   112.11560116979341 
    94.67906109349579   107.51384399687467 
    47.56100798534132   137.97550631033002 
   68.819155952959164   133.37374913741127 
   21.701102844804719   163.83541145086662 
   42.959250812422582   159.23365427794786 
   176.86053368802428   8.6759806076470145 
   17.099345671885992   185.09355941848446 
    167.6570193421868   51.192276542882752 
    188.9151673098047   46.590519369963999 
   141.79711420165023   77.052181683419349 
    163.0552621692681   72.450424510500611 
   115.93720906111365   102.91208682395593 
   137.19535702873148   98.310329651037222 
   90.077303920577052   128.77199196449254 
   111.33545188819491   124.17023479157379 
    64.21739878004044   154.63189710502914 
   85.475546747658314   150.03013993211039 
   38.357493639503858   180.49180224556576 
   59.615641607121717   175.89004507264701 
   193.51692448272343   25.332371402346141 
   33.755736466585134   201.74995021318358 
   184.31341013688595   67.848667337581873 
   205.57155810450379   63.246910164663127 
   158.45350499634935   93.708572478118484 
    179.7116529639672   89.106815305199746 
   132.59359985581278   119.56847761865505 
   153.85174782343063   114.96672044573633 
   106.73369471527617   145.42838275919166 
   127.99184268289403   140.82662558627291 
   80.873789574739575   171.28828789972823 
   102.13193754235745   166.68653072680954 
   55.013884434202978   197.14819304026486 
   76.272032401820837   192.54643586734613 
   210.17331527742257   41.988762197045261 
   50.412127261284255    218.4063410078827 
   200.96980093158507   84.505058132280979 
   222.22794889920294   79.903300959362255 
   175.10989579104847   110.36496327281759 
   196.36804375866632   105.76320609989885 
   149.24999065051188   136.22486841335419 
   170.50813861812972   131.62311124043546 
   123.39008550997529   162.08477355389076 
   144.64823347759318   157.48301638097203 
   97.530180369438696   187.94467869442738 
   118.78832833705656   183.34292152150866 
   71.670275228902085   213.80458383496398 
   92.928423196519972   209.20282666204523 
   226.82970607212164   58.645152991744375 
   67.068518055983375   235.06273180258182 
   217.62619172628422   101.16144892698013 
   238.88433969390206    96.55969175406139 
   191.76628658574762   127.02135406751673 
    213.0244345533655   122.41959689459799 
   165.90638144521103   152.88125920805331 
    187.1645294128289   148.27950203513461 
   140.04647630467443    178.7411643485899 
    161.3046242722923   174.13940717567121 
   114.18657116413783   204.60106948912653 
    135.4447191317557   199.99931231620778 
   88.326666023601234   230.46097462966313 
   109.58481399121911   225.85921745674437 
   243.48609686682082   75.301543786443531 
   83.724908850682525     251.719122597281 
   234.28258252098334   117.81783972167923 
   255.54073048860121   113.21608254876051 
   208.42267738044674   143.67774486221583 
   229.68082534806459   139.07598768929714 
   182.56277223991017   169.53765000275243 
   203.82092020752802    164.9358928298337 
   156.70286709937358   195.39755514328905 
   177.96101506699142    190.7957979703703 
   130.84296195883695   221.25746028382562 
   152.10110992645482    216.6557031109069 
   104.98305681830037   247.11736542436222 
   126.24120478591823   242.51560825144352 
   250.93897331568246   134.47423051637836 
   225.07906817514586   160.33413565691498 
   246.33721614276374   155.73237848399623 
   199.21916303460927   186.19404079745158 
   220.47731100222711   181.59228362453285 
   173.35925789407267   212.05394593798817 
   194.61740586169057   207.45218876506942 
    147.4993527535361   237.91385107852477 
   168.75750072115395   233.31209390560602 
   241.73545896984496    176.9905264516141 
   96.429698990471593   5.8248613317041205 
   215.87555382930842   202.85043159215064 
   70.569793849934982   31.684766472240721 
   190.01564868877179   228.71033673268727 
   44.709888709398413   57.544671612777307 
   164.15574354823519   254.57024187322389 
   18.849983568861809   83.404576753313918 
