   94.531935740385407   13.483529977194641 
   116.25675227867048   14.540587435188403 
   62.860149544840233   31.769244262908931 
   84.584966083125295   32.826301720902691 
   31.188363349295042   50.054958548623219 
   52.913179887580114   51.112016006616983 
   21.241393692034922   69.397730292331289 
   137.98156881695553   15.597644893182165 
    159.7063853552406   16.654702351175942 
   106.30978262141036   33.883359178896455 
    128.0345991596954   34.940416636890234 
   74.637996425865182   52.169073464610747 
   96.362812964150237   53.226130922604526 
   42.966210230319994   70.454787750325039 
   64.691026768605042   71.511845208318817 
   11.294424034774801   88.740502036039331 
   33.019240573059861   89.797559494033095 
    1.347454377514667    108.0832737797474 
   149.75941569798047   35.997474094883998 
   171.48423223626554   37.054531552877769 
   118.08762950243529   54.283188380598283 
   139.81244604072035   55.340245838592061 
   86.415843306890125   72.568902666312567 
   108.14065984517516   73.625960124306346 
   54.744057111344929   90.854616952026873 
   76.468873649629998   91.911674410020623 
   23.072270915799738   109.14033123774117 
   44.797087454084796   110.19738869573493 
   13.125301258539604   128.48310298144924 
    181.4312018935257   17.711759809169692 
   203.15601843181074   18.768817267163481 
   161.53726257900541   56.397303296585839 
   183.26207911729051   57.454360754579604 
   129.86547638346025   74.683017582300124 
   151.59029292174532   75.740075040293888 
   98.193690187915067   92.968731868014402 
   119.91850672620012    94.02578932600818 
   66.521903992369886   111.25444615372871 
    88.24672053065494   112.31150361172247 
   34.850117796824691   129.54016043944301 
   56.574934335109745   130.59721789743676 
   3.1783316012794991   147.82587472515729 
   24.903148139564557   148.88293218315104 
   193.20904877455061   38.111589010871533 
   214.93386531283568   39.168646468865312 
   173.31510946003036   76.797132498287667 
   195.03992599831543   77.854189956281431 
   141.64332326448519   95.082846784001958 
   163.36813980277026   96.139904241995723 
   109.97153706894001   113.36856106971624 
   131.69635360722506   114.42561852771001 
     78.2997508733948   131.65427535543054 
   100.02456741167988   132.71133281342429 
   46.627964677849626   149.93998964114482 
   68.352781216134687   150.99704709913857 
   14.956178482304436   168.22570392685913 
   36.680995020589492    169.2827613848529 
   204.98689565557558   58.511418212573346 
   226.71171219386062   59.568475670567139 
    185.0929563410553   97.196961699989487 
   206.81777287934034   98.254019157983251 
    153.4211701455101   115.48267598570378 
   175.14598668379517   116.53973344369751 
   121.74938394996495   133.76839027141807 
   143.47420048824998   134.82544772941182 
   90.077597754419756   152.05410455713235 
   111.80241429270481    153.1111620151261 
   58.405811558874568   170.33981884284665 
   80.130628097159615   171.39687630084038 
   26.734025363329373   188.62553312856093 
   48.458841901614434   189.68259058655471 
   216.76474253660052   78.911247414275181 
   238.48955907488553   79.968304872268945 
   196.87080322208021   117.59679090169131 
   218.59561976036531   118.65384835968509 
   165.19901702653507    135.8825051874056 
   186.92383356482014   136.93956264539938 
   133.52723083098991   154.16821947311988 
   155.25204736927495   155.22527693111368 
    101.8554446354447   172.45393375883415 
   123.58026117372977   173.51099121682793 
   70.183658439899503   190.73964804454849 
   91.908474978184572   191.79670550254227 
   38.511872244354308   209.02536233026274 
   60.236688782639384   210.08241978825654 
   228.54258941762546   99.311076615977001 
   250.26740595591048   100.36813407397079 
   208.64865010310518   137.99662010339313 
   230.37346664139025   139.05367756138691 
   176.97686390755999   156.28233438910743 
   198.70168044584506   157.33939184710121 
   145.30507771201482   174.56804867482171 
   167.02989425029989   175.62510613281549 
   113.63329151646963   192.85376296053599 
   135.35810805475469    193.9108204185298 
   81.961505320924445   211.13947724625029 
   103.68632185920951   212.19653470424407 
    50.28971912537925    229.4251915319646 
   72.014535663664319   230.48224898995838 
   240.32043629865041   119.71090581767882 
   220.42649698413013   158.39644930509496 
   242.15131352241519   159.45350676308874 
   188.75471078858493   176.68216359080924 
      210.47952732687   177.73922104880302 
   157.08292459303976   194.96787787652354 
    178.8077411313248   196.02493533451732 
   125.41113839749457   213.25359216223782 
   147.13595493577967    214.3106496202316 
   93.739352201949387    231.5393064479521 
   115.46416874023444   232.59636390594588 
   62.067566006404185   249.82502073366643 
   83.792382544689275   250.88207819166021 
   252.09828317967532   140.11073501938066 
   232.20434386515504    178.7962785067968 
   253.92916040344016   179.85333596479057 
    200.5325576696099    197.0819927925111 
   222.25737420789497   198.13905025050485 
   168.86077147406471   215.36770707822535 
   190.58558801234977   216.42476453621913 
   137.18898527851951   233.65342136393966 
   158.91380181680458   234.71047882193344 
   105.51719908297432   251.93913564965396 
    127.2420156212594   252.99619310764771 
