   202.98161011761627   6.2303136248172422 
   146.94534799236254   9.0518604756953742 
   167.65632275618751   15.695695845709437 
   111.62006063093375   18.517242696587569 
   132.33103539475871   25.161078066601618 
   76.294773269504958    27.98262491747975 
   97.005748033329922   34.626460287493813 
   40.969485908076159   37.448007138371942 
   61.680460671901145   44.091842508385994 
   5.6441985466473792   46.913389359264137 
   26.355173310472349    53.55722472927819 
   188.36729752001244   22.339531215723472 
   209.07827228383744   28.983366585737521 
   153.04201015858368   31.804913436615653 
   173.75298492240864   38.448748806629716 
   117.71672279715492   41.270295657507845 
   138.42769756097985   47.914131027521897 
   82.391435435726109   50.735677878400026 
   103.10241019955109   57.379513248414092 
   47.066148074297317   60.201060099292221 
   67.777122838122295   66.844895469306266 
   11.740860712868534   69.666442320184402 
   32.451835476693503   76.310277690198461 
   223.69258488144123   12.874148994831291 
   194.46395968623361   45.092584176643761 
   215.17493445005857     51.7364195466578 
   159.13867232480484   54.557966397535942 
   179.84964708862981   61.201801767549981 
   123.81338496337607   64.023348618428145 
   144.52435972720102   70.667183988442162 
    88.48809760194726    73.48873083932034 
   109.19907236577224   80.132566209334357 
   53.162810240518468   82.954113060212521 
   73.873785004343446   89.597948430226552 
   17.837522879089686   92.419495281104702 
   38.548497642914654   99.063330651118733 
   229.78924704766237    35.62720195575158 
   3.2232102814858874   108.52871287201091 
   200.56062185245474    67.84563713756404 
   221.27159661627974   74.489472507578085 
   165.23533449102601   77.311019358456235 
   185.94630925485095   83.954854728470266 
   129.91004712959722   86.776401579348416 
   150.62102189342218   93.420236949362447 
   94.584759768168425   96.241783800240597 
   115.29573453199339   102.88561917025464 
   59.259472406739626   105.70716602113279 
   79.970447170564611   112.35100139114684 
   23.934185045310841   115.17254824202499 
   44.645159809135812   121.81638361203902 
   235.88590921388354   58.380254916671859 
   9.3198724477070414    131.2817658329312 
   206.65728401867591   90.598690098484326 
    227.3682587825009   97.242525468498371 
   171.33199665724715   100.06407231937651 
   192.04297142107211   106.70790768939055 
   136.00670929581838    109.5294545402687 
   156.71768405964332   116.17328991028275 
   100.68142193438958   118.99483676116088 
   121.39239669821454   125.63867213117493 
   65.356134572960784   128.46021898205305 
   86.067109336785762    135.1040543520671 
   30.030847211531995   137.92560120294524 
   50.741821975356963   144.56943657295929 
    241.9825713801047   81.133307877592145 
   15.416534613928196   154.03481879385149 
   212.75394618489707    113.3517430594046 
   233.46492094872204   119.99557842941864 
   177.42865882346831   122.81712528029678 
   198.13963358729328   129.46096065031085 
   142.10337146203952   132.28250750118897 
   162.81434622586448   138.92634287120302 
   106.77808410061073   141.74788972208117 
   127.48905886443569   148.39172509209521 
   71.452796739181935   151.21327194297336 
   92.163771503006913   157.85710731298741 
    36.12750937775315   160.67865416386556 
   56.838484141578121    167.3224895338796 
   248.07923354632584   103.88636083851242 
    21.51319678014935   176.78787175477177 
   218.85060835111821    136.1047960203249 
   239.56158311494323   142.74863139033894 
   183.52532098968948   145.57017824121709 
   204.23629575351441   152.21401361123114 
   148.20003362826068   155.03556046210926 
   168.91100839208562   161.67939583212333 
   112.87474626683188   164.50094268300145 
   133.58572103065686    171.1447780530155 
   77.549458905403085   173.96632490389365 
   98.260433669228064    180.6101602739077 
     42.2241715439743   183.43170712478585 
   62.935146307799272   190.07554249479989 
     254.175895712547   126.63941379943272 
   27.609858946370519   199.54092471569209 
   224.94727051733938   158.85784898124516 
   245.65824528116437   165.50168435125923 
   189.62198315591061   168.32323120213735 
   210.33295791973558    174.9670665721514 
   154.29669579448182   177.78861342302955 
   175.00767055830678   184.43244879304359 
   118.97140843305304   187.25399564392174 
   139.68238319687799   193.89783101393579 
   83.646121071624236   196.71937786481394 
   104.35709583544923   203.36321323482798 
   48.320833710195458   206.18476008570613 
   69.031808474020423   212.82859545572018 
   33.706521112591673   222.29397767661234 
   231.04393268356051   181.61090194216544 
   251.75490744738553   188.25473731217949 
   195.71864532213178   191.07628416305764 
   216.42962008595671   197.72011953307168 
   160.39335796070299   200.54166638394983 
   181.10433272452795   207.18550175396388 
   125.06807059927419     210.007048604842 
   145.77904536309916   216.65088397485607 
   89.742783237845387   219.47243082573419 
   110.45375800167038   226.11626619574824 
   54.417495876416609   228.93781304662639 
   75.128470640241574   235.58164841664043 
   39.803183278812824    245.0470306375326 
   237.14059484978168   204.36395490308576 
   201.81530748835291   213.82933712397792 
   222.52628225217788     220.473172493992 
   166.49002012692415   223.29471934487012 
   187.20099489074909   229.93855471488416 
   131.16473276549533   232.76010156576228 
   151.87570752932032   239.40393693577636 
   95.839445404066552   242.22548378665445 
   116.55042016789153   248.86931915666852 
   60.514158042637767   251.69086600754665 
