   27.516506846855329   51.046556919922907 
   27.516506846855329   76.646556919922915 
   39.175980592552712   76.646556919922915 
   39.175980592552712   51.046556919922907 
   27.516506846855329   102.24655691992291 
   27.516506846855329    127.8465569199229 
   39.175980592552712    127.8465569199229 
   39.175980592552712   102.24655691992291 
   27.516506846855329    153.4465569199229 
   27.516506846855329   179.04655691992292 
   39.175980592552712   179.04655691992292 
   39.175980592552712    153.4465569199229 
   27.516506846855329   204.64655691992289 
   27.516506846855329   230.24655691992288 
   39.175980592552712   230.24655691992288 
   39.175980592552712   204.64655691992289 
   27.516506846855329    255.8465569199229 
   27.516506846855329   25.446556919922919 
   39.175980592552712   25.446556919922919 
   39.175980592552712    255.8465569199229 
   50.835454338250081   51.046556919922907 
   50.835454338250081   76.646556919922915 
    62.49492808394745   76.646556919922915 
    62.49492808394745   51.046556919922907 
   50.835454338250081   102.24655691992291 
   50.835454338250081    127.8465569199229 
    62.49492808394745    127.8465569199229 
    62.49492808394745   102.24655691992291 
   50.835454338250081    153.4465569199229 
   50.835454338250081   179.04655691992292 
    62.49492808394745   179.04655691992292 
    62.49492808394745    153.4465569199229 
   50.835454338250081   204.64655691992289 
   50.835454338250081   230.24655691992288 
    62.49492808394745   230.24655691992288 
    62.49492808394745   204.64655691992289 
   50.835454338250081    255.8465569199229 
   50.835454338250081   25.446556919922919 
    62.49492808394745   25.446556919922919 
    62.49492808394745    255.8465569199229 
   74.154401829644812   51.046556919922907 
   74.154401829644812   76.646556919922915 
    85.81387557534218   76.646556919922915 
    85.81387557534218   51.046556919922907 
   74.154401829644812   102.24655691992291 
   74.154401829644812    127.8465569199229 
    85.81387557534218    127.8465569199229 
    85.81387557534218   102.24655691992291 
   74.154401829644812    153.4465569199229 
   74.154401829644812   179.04655691992292 
    85.81387557534218   179.04655691992292 
    85.81387557534218    153.4465569199229 
   74.154401829644812   204.64655691992289 
   74.154401829644812   230.24655691992288 
    85.81387557534218   230.24655691992288 
    85.81387557534218   204.64655691992289 
   74.154401829644812    255.8465569199229 
   74.154401829644812   25.446556919922919 
    85.81387557534218   25.446556919922919 
    85.81387557534218    255.8465569199229 
   97.473349321039549   51.046556919922907 
   97.473349321039549   76.646556919922915 
   109.13282306673693   76.646556919922915 
   109.13282306673693   51.046556919922907 
   97.473349321039549   102.24655691992291 
   97.473349321039549    127.8465569199229 
   109.13282306673693    127.8465569199229 
   109.13282306673693   102.24655691992291 
   97.473349321039549    153.4465569199229 
   97.473349321039549   179.04655691992292 
   109.13282306673693   179.04655691992292 
   109.13282306673693    153.4465569199229 
   97.473349321039549   204.64655691992289 
   97.473349321039549   230.24655691992288 
   109.13282306673693   230.24655691992288 
   109.13282306673693   204.64655691992289 
   97.473349321039549    255.8465569199229 
   97.473349321039549   25.446556919922919 
   109.13282306673693   25.446556919922919 
   109.13282306673693    255.8465569199229 
   120.79229681243429   51.046556919922907 
   120.79229681243429   76.646556919922915 
   132.45177055813164   76.646556919922915 
   132.45177055813164   51.046556919922907 
   120.79229681243429   102.24655691992291 
   120.79229681243429    127.8465569199229 
   132.45177055813164    127.8465569199229 
   132.45177055813164   102.24655691992291 
   120.79229681243429    153.4465569199229 
   120.79229681243429   179.04655691992292 
   132.45177055813164   179.04655691992292 
   132.45177055813164    153.4465569199229 
   120.79229681243429   204.64655691992289 
   120.79229681243429   230.24655691992288 
   132.45177055813164   230.24655691992288 
   132.45177055813164   204.64655691992289 
   120.79229681243429    255.8465569199229 
   120.79229681243429   25.446556919922919 
   132.45177055813164   25.446556919922919 
   132.45177055813164    255.8465569199229 
   144.11124430382904   51.046556919922907 
   144.11124430382904   76.646556919922915 
   155.77071804952641   76.646556919922915 
   155.77071804952641   51.046556919922907 
   144.11124430382904   102.24655691992291 
   144.11124430382904    127.8465569199229 
   155.77071804952641    127.8465569199229 
   155.77071804952641   102.24655691992291 
   144.11124430382904    153.4465569199229 
   144.11124430382904   179.04655691992292 
   155.77071804952641   179.04655691992292 
   155.77071804952641    153.4465569199229 
   144.11124430382904   204.64655691992289 
   144.11124430382904   230.24655691992288 
   155.77071804952641   230.24655691992288 
   155.77071804952641   204.64655691992289 
   144.11124430382904    255.8465569199229 
   144.11124430382904   25.446556919922919 
   155.77071804952641   25.446556919922919 
   155.77071804952641    255.8465569199229 
   167.43019179522381   51.046556919922907 
   167.43019179522381   76.646556919922915 
   179.08966554092117   76.646556919922915 
   179.08966554092117   51.046556919922907 
   167.43019179522381   102.24655691992291 
   167.43019179522381    127.8465569199229 
   179.08966554092117    127.8465569199229 
   179.08966554092117   102.24655691992291 
   167.43019179522381    153.4465569199229 
   167.43019179522381   179.04655691992292 
   179.08966554092117   179.04655691992292 
   179.08966554092117    153.4465569199229 
   167.43019179522381   204.64655691992289 
   167.43019179522381   230.24655691992288 
   179.08966554092117   230.24655691992288 
   179.08966554092117   204.64655691992289 
   167.43019179522381    255.8465569199229 
   167.43019179522381   25.446556919922919 
   179.08966554092117   25.446556919922919 
   179.08966554092117    255.8465569199229 
   190.74913928661852   51.046556919922907 
   190.74913928661852   76.646556919922915 
   202.40861303231588   76.646556919922915 
   202.40861303231588   51.046556919922907 
   190.74913928661852   102.24655691992291 
   190.74913928661852    127.8465569199229 
   202.40861303231588    127.8465569199229 
   202.40861303231588   102.24655691992291 
   190.74913928661852    153.4465569199229 
   190.74913928661852   179.04655691992292 
   202.40861303231588   179.04655691992292 
   202.40861303231588    153.4465569199229 
   190.74913928661852   204.64655691992289 
   190.74913928661852   230.24655691992288 
   202.40861303231588   230.24655691992288 
   202.40861303231588   204.64655691992289 
   190.74913928661852    255.8465569199229 
   190.74913928661852   25.446556919922919 
   202.40861303231588   25.446556919922919 
   202.40861303231588    255.8465569199229 
   214.06808677801328   51.046556919922907 
   214.06808677801328   76.646556919922915 
   225.72756052371065   76.646556919922915 
   225.72756052371065   51.046556919922907 
   214.06808677801328   102.24655691992291 
   214.06808677801328    127.8465569199229 
   225.72756052371065    127.8465569199229 
   225.72756052371065   102.24655691992291 
   214.06808677801328    153.4465569199229 
   214.06808677801328   179.04655691992292 
   225.72756052371065   179.04655691992292 
   225.72756052371065    153.4465569199229 
   214.06808677801328   204.64655691992289 
   214.06808677801328   230.24655691992288 
   225.72756052371065   230.24655691992288 
   225.72756052371065   204.64655691992289 
   214.06808677801328    255.8465569199229 
   214.06808677801328   25.446556919922919 
   225.72756052371065   25.446556919922919 
   225.72756052371065    255.8465569199229 
   237.38703426940799   51.046556919922907 
   237.38703426940799   76.646556919922915 
    15.85703310115799   76.646556919922915 
    15.85703310115799   51.046556919922907 
   237.38703426940799   102.24655691992291 
   237.38703426940799    127.8465569199229 
    15.85703310115799    127.8465569199229 
    15.85703310115799   102.24655691992291 
   237.38703426940799    153.4465569199229 
   237.38703426940799   179.04655691992292 
    15.85703310115799   179.04655691992292 
    15.85703310115799    153.4465569199229 
   237.38703426940799   204.64655691992289 
   237.38703426940799   230.24655691992288 
    15.85703310115799   230.24655691992288 
    15.85703310115799   204.64655691992289 
   237.38703426940799    255.8465569199229 
   237.38703426940799   25.446556919922919 
    15.85703310115799   25.446556919922919 
    15.85703310115799    255.8465569199229 
