   202.17971486968969   20.236285104137458 
   220.46542915540397   32.014131985162393 
   165.60828629826111   20.236285104137458 
   183.89400058397541   32.014131985162393 
   129.03685772683255   20.236285104137458 
   147.32257201254683   32.014131985162393 
   92.465429155403982   20.236285104137458 
   110.75114344111827   32.014131985162393 
   55.894000583975398   20.236285104137458 
    74.17971486968969   32.014131985162393 
   19.322572012546821   20.236285104137458 
   37.608286298261113   32.014131985162393 
   238.75114344111827   20.236285104137458 
   1.0368577268325885   32.014131985162408 
   202.17971486968969   43.791978866187335 
   220.46542915540397   55.569825747212271 
   165.60828629826111   43.791978866187335 
   183.89400058397541   55.569825747212271 
   129.03685772683255   43.791978866187335 
   147.32257201254683   55.569825747212271 
   92.465429155403982   43.791978866187335 
   110.75114344111827   55.569825747212271 
   55.894000583975398   43.791978866187335 
    74.17971486968969   55.569825747212271 
   19.322572012546821   43.791978866187335 
   37.608286298261113   55.569825747212271 
   238.75114344111827   43.791978866187335 
   1.0368577268325885   55.569825747212285 
   202.17971486968969   67.347672628237191 
   220.46542915540397   79.125519509262148 
   165.60828629826111   67.347672628237206 
   183.89400058397544   79.125519509262148 
   129.03685772683255   67.347672628237206 
   147.32257201254683   79.125519509262148 
   92.465429155403982   67.347672628237206 
   110.75114344111827   79.125519509262148 
   55.894000583975398    67.34767262823722 
    74.17971486968969   79.125519509262148 
   19.322572012546821    67.34767262823722 
   37.608286298261113   79.125519509262148 
   238.75114344111827   67.347672628237191 
   1.0368577268325885   79.125519509262148 
   202.17971486968969   90.903366390287104 
   220.46542915540397   102.68121327131202 
   165.60828629826111   90.903366390287104 
   183.89400058397544   102.68121327131203 
   129.03685772683255   90.903366390287104 
   147.32257201254686   102.68121327131203 
   92.465429155403982   90.903366390287104 
   110.75114344111827   102.68121327131203 
   55.894000583975398   90.903366390287104 
    74.17971486968969   102.68121327131203 
   19.322572012546821   90.903366390287104 
   37.608286298261113   102.68121327131205 
   238.75114344111827   90.903366390287104 
   1.0368577268325885   102.68121327131205 
   202.17971486968969   114.45906015233697 
   220.46542915540397   126.23690703336192 
   165.60828629826111   114.45906015233697 
   183.89400058397544   126.23690703336192 
   129.03685772683255   114.45906015233697 
   147.32257201254686   126.23690703336192 
   92.465429155403982   114.45906015233697 
   110.75114344111827   126.23690703336192 
   55.894000583975398   114.45906015233697 
    74.17971486968969   126.23690703336192 
   19.322572012546821   114.45906015233697 
   37.608286298261113   126.23690703336192 
   238.75114344111827   114.45906015233697 
   1.0368577268325885   126.23690703336193 
   202.17971486968969   138.01475391438686 
   220.46542915540397   149.79260079541177 
   165.60828629826111   138.01475391438686 
   183.89400058397544   149.79260079541177 
   129.03685772683255   138.01475391438686 
   147.32257201254686    149.7926007954118 
   92.465429155403982   138.01475391438686 
   110.75114344111827    149.7926007954118 
   55.894000583975398   138.01475391438686 
    74.17971486968969    149.7926007954118 
   19.322572012546821   138.01475391438686 
   37.608286298261113    149.7926007954118 
   238.75114344111827   138.01475391438686 
   1.0368577268325885    149.7926007954118 
   202.17971486968969   161.57044767643671 
   220.46542915540397   173.34829455746168 
   165.60828629826111   161.57044767643674 
   183.89400058397544   173.34829455746171 
   129.03685772683255   161.57044767643674 
   147.32257201254686   173.34829455746171 
   92.465429155403982   161.57044767643674 
   110.75114344111827   173.34829455746171 
   55.894000583975398   161.57044767643674 
    74.17971486968969   173.34829455746171 
   19.322572012546821   161.57044767643674 
   37.608286298261113   173.34829455746171 
   238.75114344111827   161.57044767643671 
   1.0368577268325885   173.34829455746171 
   202.17971486968969    185.1261414384866 
   220.46542915540397   196.90398831951154 
   165.60828629826111    185.1261414384866 
   183.89400058397544   196.90398831951154 
   129.03685772683255    185.1261414384866 
   147.32257201254686   196.90398831951154 
   92.465429155403982    185.1261414384866 
   110.75114344111827   196.90398831951154 
   55.894000583975398   185.12614143848663 
    74.17971486968969   196.90398831951154 
   19.322572012546821   185.12614143848663 
   37.608286298261113   196.90398831951154 
   238.75114344111827    185.1261414384866 
   1.0368577268325885   196.90398831951157 
   202.17971486968969   208.68183520053651 
   220.46542915540397   220.45968208156145 
   165.60828629826113   208.68183520053651 
   183.89400058397544   220.45968208156145 
   129.03685772683255   208.68183520053651 
   147.32257201254686   220.45968208156145 
   92.465429155403982   208.68183520053651 
   110.75114344111827   220.45968208156145 
   55.894000583975398   208.68183520053651 
    74.17971486968969   220.45968208156145 
   19.322572012546821   208.68183520053651 
   37.608286298261113   220.45968208156145 
   238.75114344111827   208.68183520053651 
   1.0368577268325885   220.45968208156145 
   202.17971486968969   232.23752896258634 
   220.46542915540397   244.01537584361131 
   165.60828629826113   232.23752896258634 
   183.89400058397544   244.01537584361131 
   129.03685772683255   232.23752896258634 
   147.32257201254686   244.01537584361131 
   92.465429155403982   232.23752896258634 
   110.75114344111827   244.01537584361131 
   55.894000583975398   232.23752896258634 
    74.17971486968969   244.01537584361131 
   19.322572012546821   232.23752896258634 
   37.608286298261113   244.01537584361131 
   238.75114344111827   232.23752896258634 
   1.0368577268325885   244.01537584361134 
