   71.811130587192693   8.2591682134411961 
   81.908531045724331   14.088905086289886 
   59.011130587192696   30.429418550322836 
   46.211130587192699   52.599668887204452 
   56.308531045724351   58.429405760053136 
   69.108531045724362   36.259155423171528 
   33.411130587192709   74.769919224086095 
   20.611130587192697   96.940169560967732 
   30.708531045724346   102.76990643381642 
   43.508531045724354    80.59965609693478 
   7.8111305871927028   119.11041989784935 
    5.108531045724356   147.11040710757968 
   17.908531045724349   124.94015677069805 
   92.005931504255955   19.918641959138579 
   102.10333196278759   25.748378831987253 
   114.90333196278759    3.578128495105628 
   79.205931504255972   42.088892296020205 
    66.40593150425596   64.259142632901828 
   76.503331962787584   70.088879505750526 
   89.303331962787595   47.918629168868897 
    53.60593150425597    86.42939296978345 
   40.805931504255966   108.59964330666512 
   50.903331962787583   114.42938017951379 
   63.703331962787594   92.259129842632149 
   28.005931504255969   130.76989364354674 
   15.205931504255975   152.94014398042833 
   25.303331962787595   158.76988085327702 
   38.103331962787585   136.59963051639539 
   2.4059315042559808   175.11039431730998 
   12.503331962787586   180.94013119015867 
   125.00073242131921   9.4078653679543045 
   112.20073242131922   31.578115704835945 
   122.29813287985084   37.407852577684622 
   135.09813287985085   15.237602240802982 
   99.400732421319219   53.748366041717574 
   86.600732421319236   75.918616378599197 
   96.698132879850846   81.748353251447881 
   109.49813287985083   59.578102914566252 
   73.800732421319225   98.088866715480819 
   61.000732421319213   120.25911705236248 
   71.098132879850837   126.08885392521115 
   83.898132879850849    103.9186035883295 
   48.200732421319223   142.42936738924408 
   35.400732421319226   164.59961772612573 
   45.498132879850843   170.42935459897441 
    58.29813287985084   148.25910426209279 
   22.600732421319218   186.76986806300738 
   32.698132879850839   192.59960493585606 
   145.19553333838246   21.067339113651673 
   132.39553333838245   43.237589450533299 
   142.49293379691412   49.067326323381991 
    155.2929337969141   26.897075986500365 
   119.59553333838247   65.407839787414943 
   106.79553333838247   87.578090124296565 
   116.89293379691411    93.40782699714525 
    129.6929337969141   71.237576660263628 
   93.995533338382458   109.74834046117819 
   81.195533338382461   131.91859079805985 
   91.292933796914099   137.74832767090854 
   104.09293379691411   115.57807733402689 
   68.395533338382478   154.08884113494145 
   55.595533338382481   176.25909147182307 
   65.692933796914119   182.08882834467175 
   78.492933796914102   159.91857800779013 
   42.795533338382469   198.42934180870472 
   168.09293379691411   4.7268256496187089 
     52.8929337969141    204.2590786815534 
   165.39033425544571   32.726812859349039 
   152.59033425544573   54.897063196230668 
   162.68773471397733    60.72680006907936 
   175.48773471397735    38.55654973219773 
   139.79033425544571   77.067313533112312 
   126.99033425544572    99.23756386999392 
   137.08773471397737    105.0673007428426 
   149.88773471397735   82.897050405960982 
   114.19033425544573   121.40781420687556 
   101.39033425544572   143.57806454375719 
   111.48773471397735   149.40780141660588 
   124.28773471397736   127.23755107972424 
   88.590334255445711   165.74831488063882 
   75.790334255445728   187.91856521752047 
   85.887734713977366   193.74830209036912 
   98.687734713977363   171.57805175348753 
   62.990334255445724   210.08881555440209 
   178.19033425544575   10.556562522467386 
   188.28773471397736   16.386299395316065 
   73.087734713977355   215.91855242725077 
   185.58513517250898   44.386286605046408 
   172.78513517250897    66.55653694192803 
   182.88253563104061   72.386273814776729 
   195.68253563104062   50.216023477895099 
   159.98513517250896   88.726787278809681 
   147.18513517250898   110.89703761569129 
   157.28253563104062   116.72677448853997 
    170.0825356310406   94.556524151658365 
   134.38513517250897   133.06728795257294 
   121.58513517250896   155.23753828945459 
   131.68253563104059   161.06727516230325 
   144.48253563104061   138.89702482542162 
   108.78513517250897   177.40778862633621 
   95.985135172508976   199.57803896321781 
   106.08253563104061   205.40777583606649 
   118.88253563104061   183.23752549918487 
   83.185135172508978   221.74828930009946 
   198.38513517250897   22.216036268164739 
   208.48253563104061   28.045773141013431 
   93.282535631040602   227.57802617294814 
   205.77993608957223   56.045760350743791 
   192.97993608957225   78.216010687625413 
   203.07733654810389   84.045747560474112 
   215.87733654810387   61.875497223592468 
   180.17993608957224   100.38626102450705 
   167.37993608957225   122.55651136138867 
   177.47733654810389   128.38624823423737 
   190.27733654810388   106.21599789735575 
   154.57993608957227   144.72676169827031 
   141.77993608957226   166.89701203515193 
   151.87733654810387   172.72674890800062 
   164.67733654810388   150.55649857111899 
   128.97993608957225   189.06726237203355 
   116.17993608957225   211.23751270891518 
   126.27733654810389   217.06724958176389 
   139.07733654810389   194.89699924488229 
   103.37993608957225   233.40776304579686 
   218.57993608957224   33.875510013862119 
   228.67733654810388    39.70524688671081 
   113.47733654810388   239.23749991864554 
   225.97473700663548    67.70523409644116 
    213.1747370066355   89.875484433322782 
   223.27213746516711   95.705221306171481 
   236.07213746516712    73.53497096928983 
   200.37473700663548    112.0457347702044 
    187.5747370066355   134.21598510708603 
   197.67213746516714   140.04572197993474 
   210.47213746516712    117.8754716430531 
   174.77473700663549   156.38623544396765 
   161.97473700663548   178.55648578084933 
   172.07213746516715   184.38622265369801 
   184.87213746516713   162.21597231681636 
    149.1747370066355   200.72673611773095 
   136.37473700663551   222.89698645461257 
   146.47213746516715   228.72672332746126 
   159.27213746516713   206.55647299057961 
   123.57473700663549   245.06723679149422 
   238.77473700663552   45.534983759559488 
   248.87213746516713   51.364720632408179 
   133.67213746516714   250.89697366434288 
   246.16953792369875   79.364707842138515 
   233.36953792369874   101.53495817902015 
   243.46693838223038   107.36469505186885 
   256.26693838223036   85.194444714987199 
   220.56953792369876   123.70520851590177 
   207.76953792369875    145.8754588527834 
   217.86693838223039   151.70519572563208 
   230.66693838223037   129.53494538875049 
   194.96953792369874   168.04570918966505 
   182.16953792369875   190.21595952654667 
   192.26693838223036   196.04569639939538 
   205.06693838223038   173.87544606251373 
   169.36953792369874   212.38620986342829 
   156.56953792369876   234.55646020030991 
    166.6669383822304   240.38619707315863 
   179.46693838223038   218.21594673627698 
   143.76953792369875   256.72671053719154 
   253.56433884076202   113.19443192471752 
   240.76433884076198   135.36468226159914 
   227.96433884076203   157.53493259848076 
   238.06173929929363   163.36466947132948 
   250.86173929929362   141.19441913444783 
   215.16433884076201   179.70518293536239 
     202.364338840762   201.87543327224407 
   212.46173929929361   207.70517014509275 
   225.26173929929365    185.5349198082111 
   189.56433884076202   224.04568360912569 
   176.76433884076201   246.21593394600728 
   186.86173929929365   252.04567081885597 
   199.66173929929363   229.87542048197437 
