   49.374103545676221   24.376669176983636 
   42.748335991051682   49.104370329983773 
   54.010522802960132   52.122064191243091 
    60.63629035758467    27.39436303824294 
   36.122568436427152   73.832071482983935 
   29.496800881802617   98.559772635984075 
   40.758987693711063   101.57746649724338 
   47.384755248335601   76.849765344243238 
   22.871033327178097   123.28747378898422 
   16.245265772553559   148.01517494198438 
   27.507452584462012    151.0328688032437 
   34.133220139086546   126.30516765024353 
   9.6194982179290278   172.74287609498452 
   2.9937306633045071   197.47057724798464 
   14.255917475212957   200.48827110924398 
   20.881685029837477   175.76056995624381 
   67.262057912209201   2.6666618852427524 
   7.6301499205884227   225.21597226224412 
   71.898477169493077   30.412056899502247 
   65.272709614868546    55.13975805250238 
   76.534896426776982   58.157451913761697 
   83.160663981401513    33.42975076076155 
   58.646942060244008   79.867459205502541 
    52.02117450561947   104.59516035850268 
   63.283361317527913   107.61285421976199 
   69.909128872152436   82.885153066761845 
   45.395406950994953   129.32286151150282 
   38.769639396370422   154.05056266450299 
   50.031826208278858   157.06825652576231 
   56.657593762903389   132.34055537276214 
   32.143871841745884   178.77826381750313 
   25.518104287121364   203.50596497050327 
   36.780291099029803   206.52365883176259 
    43.40605865365432   181.79595767876242 
    18.89233673249683   228.23366612350344 
   78.524244724117608   5.6843557465020567 
   89.786431536026043   8.7020496077613601 
   30.154523544405265   231.25135998476273 
   94.422850793309948   36.447444622020853 
   87.797083238685417   61.175145775020987 
   99.059270050593852   64.192839636280297 
   105.68503760521837   39.465138483280157 
   81.171315684060886   85.902846928021148 
   74.545548129436341   110.63054808102129 
   85.807734941344776   113.64824194228059 
   92.433502495969321   88.920540789280452 
   67.919780574811824   135.35824923402143 
   61.294013020187293    160.0859503870216 
   72.556199832095714   163.10364424828092 
   79.181967386720245   138.37594309528075 
   54.668245465562755   184.81365154002174 
   48.042477910938238   209.54135269302188 
    59.30466472284666    212.5590465542812 
   65.930432277471198   187.83134540128103 
     41.4167103563137   234.26905384602205 
   101.04861834793448   11.719743469020665 
   112.31080515984291   14.737437330279969 
   52.678897168222122   237.28674770728134 
    116.9472244171268    42.48283234453946 
   110.32145686250227     67.2105334975396 
   121.58364367441069   70.228227358798904 
   128.20941122903523   45.500526205798764 
   103.69568930787774   91.938234650539755 
   97.069921753253212    116.6659358035399 
   108.33210856516163    119.6836296647992 
   114.95787611978618   94.955928511799058 
   90.444154198628681   141.39363695654004 
    83.81838664400415    166.1213381095402 
   95.080573455912571   169.13903197079952 
    101.7063410105371   144.41133081779935 
   77.192619089379619   190.84903926254034 
   70.566851534755074   215.57674041554048 
   81.829038346663509   218.59443427679977 
   88.454805901288054   193.86673312379963 
   63.941083980130557   240.30444156854065 
   123.57299197175134   17.755131191539274 
   134.83517878365976   20.772825052798577 
   75.203270792038978   243.32213542979994 
   139.47159804094366   48.518220067058067 
   132.84583048631913   73.245921220058207 
   144.10801729822757   76.263615081317511 
   150.73378485285207    51.53591392831737 
    126.2200629316946   97.973622373058362 
   119.59429537707005    122.7013235260585 
    130.8564821889785   125.71901738731782 
   137.48224974360303   100.99131623431767 
   112.96852782244554   147.42902467905864 
   106.34276026782099   172.15672583205881 
   117.60494707972943   175.17441969331813 
   124.23071463435396   150.44671854031796 
   99.716992713196476   196.88442698505895 
   93.091225158571959   221.61212813805909 
   104.35341197048038   224.62982199931838 
    110.9791795251049   199.90212084631824 
   86.465457603947414   246.33982929105926 
   146.09736559556819   23.790518914057881 
   157.35955240747663   26.808212775317184 
   97.727644415855835   249.35752315231855 
    161.9959716647605   54.553607789576674 
   155.37020411013597   79.281308942576814 
   166.63239092204444   82.299002803836117 
   173.25815847666894   57.571301650835977 
   148.74443655551147   104.00901009557697 
   142.11866900088694   128.73671124857711 
   153.38085581279537   131.75440510983643 
   160.00662336741991   107.02670395683627 
   135.49290144626241   153.46441240157728 
   128.86713389163788   178.19211355457742 
   140.12932070354631   181.20980741583674 
   146.75508825817084   156.48210626283657 
   122.24136633701333   202.91981470757756 
    115.6155987823888    227.6475158605777 
   126.87778559429725   230.66520972183702 
   133.50355314892175   205.93750856883685 
   108.98983122776426   252.37521701357787 
   168.62173921938503   29.825906636576487 
    179.8839260312935   32.843600497835794 
   120.25201803967271   255.39291087483716 
    184.5203452885774   60.588995512095288 
   177.89457773395287   85.316696665095421 
   189.15676454586131   88.334390526354738 
   195.78253210048584   63.606689373354605 
   171.26881017932834   110.04439781809558 
   164.64304262470381   134.77209897109574 
   175.90522943661225   137.78979283235503 
   182.53099699123678   113.06209167935488 
   158.01727507007928   159.49980012409588 
   151.39150751545475   184.22750127709602 
   162.65369432736318   187.24519513835534 
   169.27946188198774   162.51749398535517 
   144.76573996083019   208.95520243009616 
   138.13997240620569   233.68290358309631 
   149.40215921811412   236.70059744435562 
   156.02792677273865   211.97289629135548 
   191.14611284320193   35.861294359095098 
   202.40829965511037   38.878988220354401 
   207.04471891239425   66.624383234613887 
   200.41895135776971   91.352084387614028 
   211.68113816967818   94.369778248873345 
   218.30690572430268   69.642077095873191 
   193.79318380314521   116.07978554061418 
   187.16741624852065   140.80748669361435 
   198.42960306042912   143.82518055487364 
   205.05537061505362   119.09747940187349 
   180.54164869389615   165.53518784661449 
   173.91588113927162   190.26288899961463 
   185.17806795118005   193.28058286087395 
   191.80383550580459   168.55288170787378 
   167.29011358464706   214.99059015261477 
   160.66434603002253   239.71829130561491 
   171.92653284193096   242.73598516687423 
   178.55230039655549   218.00828401387412 
   213.67048646701878   41.896682081613704 
   224.93267327892724   44.914375942873008 
   229.56909253621109   72.659770957132494 
   222.94332498158658   97.387472110132634 
   234.20551179349502   100.40516597139195 
   240.83127934811955   75.677464818391798 
   216.31755742696203   122.11517326313279 
   209.69178987233752   146.84287441613296 
   220.95397668424596   149.86056827739225 
   227.57974423887049   125.13286712439209 
   203.06602231771299    171.5705755691331 
   196.44025476308846   196.29827672213324 
   207.70244157499693   199.31597058339256 
   214.32820912962143   174.58826943039239 
   189.81448720846393   221.02597787513338 
   183.18871965383937   245.75367902813352 
   194.45090646574783   248.77137288939284 
   201.07667402037237   224.04367173639272 
   236.19486009083565   47.932069804132311 
   247.45704690274408   50.949763665391615 
   252.09346616002796   78.695158679651115 
   245.46769860540343   103.42285983265124 
    31.48614917914329   46.086676468724477 
   38.111916733767828   21.358975315724333 
    238.8419310507789    128.1505609856514 
   232.21616349615437   152.87826213865156 
   18.234614069894221   95.542078774724786 
   24.860381624518755   70.814377621724631 
   225.59039594152983    177.6059632916517 
   218.96462838690533   202.33366444465184 
   4.9830789606451678   144.99748108072509 
   11.608846515269702   120.26977992772493 
   212.33886083228077   227.06136559765199 
   205.71309327765624   251.78906675065213 
