   106.99280375670736   15.709349684146435 
   115.23729670735648   23.953842634795553 
   133.33923030573209   5.8519090364199542 
   88.890870158331737   33.811283282522048 
   70.788936559956113   51.913216880897672 
   79.033429510605231   60.157709831546789 
   97.135363108980869    42.05577623317118 
   52.687002961580504   70.015150479273288 
    34.58506936320488   88.117084077648911 
   42.829562313853998   96.361577028298044 
   60.931495912229629   78.259643429922406 
   16.483135764829282   106.21901767602452 
   6.6256951171027874   132.56544422504928 
   24.727628715478399   114.46351062667364 
   141.58372325638121   14.096401987069072 
    123.4817896580056   32.198335585444681 
   131.72628260865471   40.442828536093813 
   149.82821620703032   22.340894937718204 
   105.37985605962999   50.300269183820298 
   87.277922461254363   68.402202782195928 
   95.522415411903495    76.64669573284506 
   113.62434901027912    58.54476213446943 
   69.175988862878754   86.504136380571524 
    51.07405526450313   104.60606997894716 
   59.318548215152262   112.85056292959629 
   77.420481813527886   94.748629331220656 
   32.972121666127521   122.70800357732277 
    14.87018806775192   140.80993717569837 
    23.11468101840105   149.05443012634751 
   41.216614616776653    130.9524965279719 
   167.93014980540599   4.2389613393425494 
   5.0127474200254252   167.15636372472312 
   158.07270915767947   30.585387888367322 
   139.97077555930386   48.687321486742931 
   148.21526850995298   56.931814437392063 
   166.31720210832859   38.829880839016454 
   121.86884196092824   66.789255085118555 
    103.7669083625526   84.891188683494178 
   112.01140131320174    93.13568163414331 
   130.11333491157737   75.033748035767687 
   85.664974764177003   102.99312228186979 
    67.56304116580138   121.09505588024541 
   75.807534116450512   129.33954883089456 
   93.909467714826135   111.23761523251892 
   49.461107567425771   139.19698947862102 
   31.359173969050168   157.29892307699663 
     39.6036669196993   165.54341602764578 
   57.705600518074903   147.44148242927014 
   13.257240370674543   175.40085667537227 
   176.17464275605511   12.483454289991668 
   184.41913570670425   20.727947240640798 
   21.501733321323673   183.64534962602139 
   174.56169505897773   47.074373789665586 
    156.4597614606021   65.176307388041181 
   164.70425441125121   73.420800338690313 
   182.80618800962682   55.318866740314704 
   138.35782786222649   83.278240986416805 
   120.25589426385086   101.38017458479243 
   128.50038721449999   109.62466753544156 
   146.60232081287563   91.522733937065922 
   102.15396066547527   119.48210818316804 
   84.052027067099644   137.58404178154368 
   92.296520017748762   145.82853473219279 
   110.39845361612439   127.72660113381716 
   65.950093468724035   155.68597537991928 
   47.848159870348418   173.78790897829489 
    56.09265282099755   182.03240192894401 
   74.194586419373152    163.9304683305684 
   29.746226271972791   191.88984257667053 
   192.66362865735337    28.97244019128993 
   200.90812160800249   37.216933141939052 
   37.990719222621927   200.13433552731965 
   191.05068096027597   63.563359690963821 
   172.94874736190036   81.665293289339431 
   181.19324031254948   89.909786239988563 
   199.29517391092509   71.807852641612939 
   154.84681376352472   99.767226887715054 
   136.74488016514914   117.86916048609068 
   144.98937311579823   126.11365343673981 
   163.09130671417387   108.01171983836417 
   118.64294656677352   135.97109408446627 
   100.54101296839788   154.07302768284191 
   108.78550591904701   162.31752063349106 
   126.88743951742264   144.21558703511542 
   82.439079370022284   172.17496128121755 
   64.337145771646675   190.27689487959313 
   72.581638722295807   198.52138783024225 
   90.683572320671416   180.41945423186664 
   46.235212173271044   208.37882847796877 
   209.15261455865161   45.461426092588184 
   217.39710750930072   53.705919043237301 
   54.479705123920176   216.62332142861788 
   207.53966686157423   80.052345592262085 
   189.43773326319862   98.154279190637695 
   197.68222621384771    106.3987721412868 
   215.78415981222335   88.296838542911203 
   171.33579966482299    116.2562127890133 
    153.2338660664474   134.35814638738893 
   161.47835901709649   142.60263933803805 
    179.5802926154721   124.50070573966242 
   135.13193246807177   152.46007998576454 
   117.02999886969614   170.56201358414017 
   125.27449182034526   178.80650653478929 
   143.37642541872091   160.70457293641365 
   98.928065271320548   188.66394718251578 
   80.826131672944939   206.76588078089137 
   89.070624623594057   215.01037373154051 
   107.17255822196965   196.90844013316487 
   62.724198074569308   224.86781437926703 
   225.64160045994987   61.950411993886433 
   233.88609341059899   70.194904944535551 
   70.968691025218419   233.11230732991612 
    224.0286527628725   96.541331493560335 
   205.92671916449686   114.64326509193593 
   214.17121211514598   122.88775804258506 
   232.27314571352161   104.78582444420947 
   187.82478556612125   132.74519869031155 
   169.72285196774564   150.84713228868719 
   177.96734491839476   159.09162523933631 
   196.06927851677037    140.9896916409607 
   151.62091836937003   168.94906588706277 
   133.51898477099442   187.05099948543841 
   141.76347772164354   195.29549243608756 
   159.86541132001918   177.19355883771192 
    115.4170511726188   205.15293308381402 
   97.315117574243189   223.25486668218963 
   105.55961052489232   231.49935963283878 
   123.66154412326793   213.39742603446314 
   79.213183975867551   241.35680028056527 
   242.13058636124811   78.439397895184683 
   250.37507931189725   86.683890845833815 
   87.457676926516683   249.60129323121438 
   240.51763866417073   113.03031739485857 
   222.41570506579512   131.13225099323421 
   230.66019801644424   139.37674394388333 
   248.76213161481985   121.27481034550772 
   204.31377146741949   149.23418459160982 
   186.21183786904388   167.33611818998543 
   194.45633081969299   175.58061114063455 
   212.55826441806863   157.47867754225896 
   168.10990427066827   185.43805178836101 
   150.00797067229266   203.53998538673665 
   158.25246362294178   211.78447833738579 
   176.35439722131741   193.68254473901015 
   131.90603707391705   221.64191898511228 
   113.80410347554144   239.74385258348789 
   122.04859642619057   247.98834553413704 
   140.15053002456617    229.8864119357614 
   238.90469096709339   147.62123689453244 
    247.1491839177425   155.86572984518156 
   220.80275736871775   165.72317049290805 
   202.70082377034214   183.82510409128366 
   210.94531672099126   192.06959704193278 
    229.0472503193669    173.9676634435572 
   184.59889017196653   201.92703768965927 
   166.49695657359092   220.02897128803491 
   174.74144952424004   228.27346423868406 
   192.84338312261565   210.17153064030842 
   148.39502297521528   238.13090488641055 
   130.29308937683967    256.2328384847861 
    156.6395159258644   246.37539783705967 
   255.39367686839159   164.11022279583068 
   98.748310806058228   7.4648567334973306 
   237.29174327001598   182.21215639420629 
    219.1898096716404   200.31408999258193 
   62.544443609307002   43.668723930248568 
   80.646377207682633   25.566790331872944 
   201.08787607326477   218.41602359095754 
   182.98594247488916   236.51795718933317 
   26.340576412555762   79.872591126999808 
   44.442510010931386   61.770657528624184 
   164.88400887651355   254.61989078770881 
   8.2386428141801638   97.974524725375417 
