   129.04297401862317   8.2996418851402218 
   134.87271089147188   18.397042343671856 
   157.04296122835351   5.5970423436718466 
   106.87272368174155   21.099641885140215 
   84.702473344859925   33.899641885140213 
   90.532210217708624   43.997042343671843 
   112.70246055459025    31.19704234367185 
   62.532223007978288   46.699641885140217 
   40.361972671096645   59.499641885140228 
    46.19170954394535   69.597042343671859 
   68.361959880826987   56.797042343671855 
   18.191722334215051   72.299641885140218 
   1.8512088701821139   95.197042343671853 
   24.021459207063753   82.397042343671842 
   162.87269810120219   15.694442802203451 
   140.70244776432054   28.494442802203459 
   146.53218463716922   38.591843260735089 
   168.70243497405087   25.791843260735085 
   118.53219742743893   41.294442802203456 
   96.361947090557294   54.094442802203446 
   102.19168396340599   64.191843260735098 
   124.36193430028761   51.391843260735087 
   74.191696753675672   66.894442802203457 
   52.021446416794028   79.694442802203483 
   57.851183289642719   89.791843260735106 
   80.021433626524356   76.991843260735095 
    29.85119607991243   92.494442802203466 
    7.680945743030791   105.29444280220346 
   13.510682615879482    115.3918432607351 
   35.680932952761125   102.59184326073509 
   185.04294843808384   2.8944428022034288 
   190.87268531093252   12.991843260735076 
   174.53217184689953   35.889243719266716 
   152.36192151001791   48.689243719266727 
   158.19165838286662   58.786644177798344 
   180.36190871974824    45.98664417779834 
   130.19167117313629   61.489243719266717 
   108.02142083625468   74.289243719266722 
   113.85115770910336   84.386644177798345 
   136.02140804598497   71.586644177798334 
    85.85117049937304   87.089243719266719 
   63.680920162491397    99.88924371926673 
   69.510657035340088   109.98664417779835 
   91.680907372221725   97.186644177798343 
   41.510669825609796   112.68924371926673 
   19.340419488728159   125.48924371926674 
   25.170156361576851   135.58664417779835 
   47.340406698458487   122.78664417779835 
   196.70242218378124   23.089243719266694 
   202.53215905662989   33.186644177798314 
   2.9999060246952092   148.38664417779836 
   186.19164559259693   56.084044636329956 
    164.0213952557153   68.884044636329961 
   169.85113212856399   78.981445094861598 
   192.02138246544561   66.181445094861587 
   141.85114491883368   81.684044636329958 
   119.68089458195205   94.484044636329969 
   125.51063145480073   104.58144509486159 
   147.68088179168237   91.781445094861581 
   97.510644245070424   107.28404463632998 
   75.340393908188759   120.08404463632998 
   81.170130781037457    130.1814450948616 
   103.34038111791909   117.38144509486159 
   53.170143571307179   132.88404463632997 
   30.999893234425542   145.68404463632999 
    36.82963010727422    155.7814450948616 
   58.999880444155856   142.98144509486158 
   8.8296428975438861   158.48404463632997 
   208.36189592947858   43.284044636329945 
   214.19163280232726   53.381445094861569 
   14.659379770392578   168.58144509486161 
   197.85111933829427   76.278845553393211 
   175.68086900141267   89.078845553393222 
   181.51060587426133   99.176246011924832 
   203.68085621114298    86.37624601192482 
   153.51061866453105   101.87884555339321 
   131.34036832764943    114.6788455533932 
   137.17010520049809   124.77624601192484 
   159.34035553737971   111.97624601192483 
   109.17011799076779   127.47884555339321 
   86.999867653886142   140.27884555339321 
   92.829604526734826   150.37624601192485 
   114.99985486361646   137.57624601192484 
   64.829617317004548   153.07884555339319 
   42.659366980122911   165.87884555339321 
   48.489103852971589   175.97624601192484 
   70.659354189853246   163.17624601192486 
   20.489116643241267   178.67884555339324 
   220.02136967517592   63.478845553393185 
   225.85110654802463   73.576246011924823 
   26.318853516089945   188.77624601192485 
   209.51059308399167   96.473646470456444 
   187.34034274711004   109.27364647045646 
   193.17007961995873   119.37104692898811 
   215.34032995684035    106.5710469289881 
   165.17009241022842   122.07364647045647 
   142.99984207334677   134.87364647045646 
   148.82957894619548    144.9710469289881 
    170.9998292830771   132.17104692898809 
   120.82959173646516   147.67364647045645 
   98.659341399583511   160.47364647045649 
   104.48907827243221    170.5710469289881 
   126.65932860931385   157.77104692898808 
   76.489091062701917   173.27364647045647 
   54.318840725820273   186.07364647045648 
   60.148577598668965   196.17104692898812 
   82.318827935550601   183.37104692898808 
   32.148590388938636   198.87364647045649 
   231.68084342087332   83.673646470456433 
     237.510580293722   93.771046928988071 
   37.978327261787328    208.9710469289881 
   221.17006682968903   116.66844738751972 
   198.99981649280741   129.46844738751972 
    204.8295533656561   139.56584784605135 
   226.99980370253772   126.76584784605136 
   176.82956615592579   142.26844738751973 
   154.65931581904417   155.06844738751974 
   160.48905269189285   165.16584784605138 
   182.65930302877447   152.36584784605137 
   132.48906548216254   167.86844738751975 
   110.31881514528089   180.66844738751976 
   116.14855201812959    190.7658478460514 
   138.31880235501123   177.96584784605136 
     88.1485648083993   193.46844738751975 
   65.978314471517663   206.26844738751973 
   71.808051344366348   216.36584784605137 
   93.978301681247984   203.56584784605138 
    43.80806413463602   219.06844738751974 
   243.34031716657069   103.86844738751971 
    249.1700540394194   113.96584784605135 
   49.637801007484711   229.16584784605141 
   232.82954057538643   136.86324830458298 
   210.65929023850478   149.66324830458299 
   216.48902711135347    159.7606487631146 
   238.65927744823512   146.96064876311459 
   188.48903990162316   162.46324830458298 
   166.31878956474154   175.26324830458299 
   172.14852643759025   185.36064876311463 
   194.31877677447187   172.56064876311461 
   144.14853922785991   188.06324830458297 
   121.97828889097826   200.86324830458298 
   127.80802576382696   210.96064876311465 
    149.9782761007086   198.16064876311461 
   99.808038554096669   213.66324830458299 
   77.637788217215046   226.46324830458298 
   83.467525090063731   236.56064876311461 
   105.63777542694535   223.76064876311463 
   55.467537880333389   239.26324830458302 
   254.99979091226808   124.06324830458296 
   61.297274753182073   249.36064876311463 
    244.4890143210838   157.05804922164623 
   222.31876398420215   169.85804922164621 
   228.14850085705083   179.95544968017788 
   250.31875119393248   167.15544968017787 
   200.14851364732056   182.65804922164622 
    177.9782633104389   195.45804922164623 
   183.80800018328759   205.55544968017787 
   205.97825052016924   192.75544968017789 
   155.80801297355728   208.25804922164622 
   133.63776263667566   221.05804922164626 
   139.46749950952434   231.15544968017787 
   161.63774984640597   218.35544968017786 
   111.46751229979405   233.85804922164624 
   89.297261962912387   246.65804922164625 
   95.126998835761086   256.75544968017789 
   117.29724917264274   243.95544968017785 
   256.14848806678117   177.25285013870948 
   233.97823772989955   190.05285013870946 
    211.8079873930179   202.85285013870947 
   189.63773705613627   215.65285013870948 
   78.872736472011255   23.802241426608607 
   101.04298680889289   11.002241426608611 
   167.46748671925465   228.45285013870946 
     145.297236382373    241.2528501387095 
   34.532235798247982   49.402241426608619 
   56.702486135129625   36.602241426608614 
   123.12698604549142   254.05285013870949 
   12.361985461366386   62.202241426608616 
