   194.61956887469401   5.6913323953746815 
   166.87417386043458   1.0549131380907941 
   142.14647270743444   7.6806806927153142 
   145.16416656869376   18.942867504623734 
   169.89186772169387   12.317099949999216 
   117.41877155443429   14.306448247339848 
   92.691070401434132   20.932215801964382 
   95.708764262693435   32.194402613872803 
   120.43646541569359   25.568635059248269 
   67.963369248433992   27.557983356588917 
   43.235668095433859   34.183750911213437 
   46.253361956693162   45.445937723121858 
   70.981063109693295   38.820170168497341 
   18.507966942433697   40.809518465837968 
      21.525660803693   52.071705277746396 
   222.36496388895347   10.327751652658597 
   197.63726273595336   16.953519207283129 
   200.65495659721265   28.215706019191554 
   225.38265775021281    21.58993846456702 
   172.90956158295319   23.579286761907667 
   148.18186042995305   30.205054316532188 
   151.19955429121237   41.467241128440605 
   175.92725544421248   34.841473573816089 
   123.45415927695289   36.830821871156722 
   98.726458123952739   43.456589425781253 
   101.74415198521204   54.718776237689674 
    126.4718531382122   48.093008683065143 
   73.998756970952613   50.082356980405791 
   49.271055817952465   56.708124535030308 
   52.288749679211769   67.970311346938729 
   77.016450832211916   61.344543792314212 
   24.543354664952304   63.333892089654846 
   2.8333473732114753   81.221846456187791 
   27.561048526211607    74.59607890156326 
   228.40035161147208   32.852125276475455 
   203.67265045847196   39.477892831099986 
   206.69034431973122   50.740079643008414 
   231.41804547273142   44.114312088383876 
   178.94494930547179   46.103660385724524 
   154.21724815247165   52.729427940349041 
   157.23494201373097   63.991614752257469 
   181.96264316673108   57.365847197632945 
   129.48954699947149   59.355195494973579 
   104.76184584647135   65.980963049598117 
   107.77953970773065   77.243149861506538 
    132.5072408607308   70.617382306881993 
    80.03414469347122   72.606730604222648 
   55.306443540471072   79.232498158847164 
   58.324137401730376   90.494684970755586 
   83.051838554730509   83.868917416131055 
   30.578742387470911   85.858265713471695 
   5.8510412344707792   92.484033268096226 
   8.8687350957300843   103.74622008000466 
   33.596436248730214   97.120452525380117 
   234.43573933399068   55.376498900292312 
   209.70803818099057   62.002266454916835 
   212.72573204224983   73.264453266825271 
   237.45343319525003    66.63868571220074 
    184.9803370279904   68.628034009541366 
   160.25263587499026   75.253801564165897 
   163.27032973624958   86.515988376074318 
   187.99803088924969   79.890220821449788 
   135.52493472199009   81.879569118790428 
   110.79723356898997   88.505336673414959 
   113.81492743024927   99.767523485323395 
   138.54262858324941   93.141755930698864 
   86.069532415989812    95.13110422803949 
   61.341831262989679   101.75687178266402 
   64.359525124248989   113.01905859457244 
   89.087226277249115   106.39329103994793 
   36.614130109989517   108.38263933728855 
   11.886428956989388   115.00840689191308 
   14.904122818248677   126.27059370382152 
   39.631823971248821   119.64482614919697 
   240.47112705650929   77.900872524109161 
   215.74342590350918   84.526640078733692 
   218.76111976476844   95.788826890642127 
   243.48882091776863   89.163059336017596 
   191.01572475050901   91.152407633358223 
   166.28802359750887   97.778175187982754 
   169.30571745876819   109.04036199989118 
    194.0334186117683   102.41459444526666 
   141.56032244450873    104.4039427426073 
   116.83262129150857   111.02971029723183 
   119.85031515276788   122.29189710914025 
   144.57801630576802   115.66612955451572 
   92.104920138508419   117.65547785185635 
   67.377218985508293   124.28124540648088 
   70.394912846767596   135.54343221838931 
   95.122613999767722   128.91766466376475 
   42.649517832508131   130.90701296110541 
    17.92181667950798   137.53278051572994 
   20.939510540767284   148.79496732763837 
   45.667211693767435   142.16919977301384 
    246.5065147790279   100.42524614792603 
   221.77881362602778   107.05101370255055 
   224.79650748728704   118.31320051445898 
   249.52420864028724   111.68743295983445 
   197.05111247302762   113.67678125717508 
   172.32341132002747   120.30254881179961 
   175.34110518128679   131.56473562370803 
   200.06880633428693   124.93896806908351 
   147.59571016702733   126.92831636642414 
   122.86800901402718   133.55408392104866 
   125.88570287528648   144.81627073295709 
   150.61340402828662   138.19050317833256 
   98.140307861027026   140.17985147567322 
     73.4126067080269   146.80561903029775 
   76.430300569286203   158.06780584220618 
   101.15800172228633   151.44203828758165 
   48.684905555026738   153.43138658492228 
   23.957204402026591   160.05715413954678 
   26.974898263285894   171.31934095145522 
   51.702599416286041   164.69357339683069 
   252.54190250154653   122.94961977174289 
   227.81420134854639   129.57538732636743 
   230.83189520980568   140.83757413827587 
   255.55959636280585   134.21180658365134 
   203.08650019554622   136.20115488099194 
   178.35879904254608   142.82692243561647 
    181.3764929038054    154.0891092475249 
   206.10419405680554    147.4633416929004 
   153.63109788954594     149.452689990241 
    128.9033967365458   156.07845754486553 
   131.92109059780509   167.34064435677399 
   156.64879175080523   160.71487680214943 
   104.17569558354565   162.70422509949009 
   79.447994430545506   169.32999265411462 
    82.46568829180481   180.59217946602305 
   107.19338944480495   173.96641191139852 
   54.720293277545345   175.95576020873915 
   29.992592124545212   182.58152776336365 
   33.010285985804515   193.84371457527212 
   57.737987138804648   187.21794702064759 
     233.849589071065   152.09976095018428 
   236.86728293232429   163.36194776209271 
   209.12188791806483   158.72552850480881 
   184.39418676506469   165.35129605943334 
   187.41188062632401   176.61348287134177 
   212.13958177932415   169.98771531671724 
   159.66648561206455   171.97706361405787 
   134.93878445906441    178.6028311686824 
    137.9564783203237   189.86501798059086 
   162.68417947332384    183.2392504259663 
   110.21108330606425   185.22859872330693 
   85.483382153064113   191.85436627793146 
   88.501076014323417   203.11655308983993 
   113.22877716732356   196.49078553521537 
   60.755681000063952   198.48013383255599 
   36.027979847063818   205.10590138718052 
   39.045673708323122   216.36808819908896 
   63.773374861323255   209.74232064446443 
    239.8849767935836   174.62413457400112 
   242.90267065484289   185.88632138590958 
   215.15727564058344   181.24990212862565 
    190.4295744875833   187.87566968325018 
   193.44726834884261   199.13785649515864 
   218.17496950184275   192.51208894053411 
   165.70187333458315   194.50143723787471 
   140.97417218158299   201.12720479249927 
    143.9918660428423   212.38939160440773 
   168.71956719584244   205.76362404978315 
   116.24647102858285    207.7529723471238 
    91.51876987558272   214.37873990174833 
   94.536463736842023   225.64092671365677 
   119.26416488984216   219.01515915903224 
   66.791068722582565   221.00450745637283 
   42.063367569582411   227.63027501099739 
   45.081061430841729   238.89246182290583 
   69.808762583841869    232.2666942682813 
   245.92036451610221   197.14850819781799 
    248.9380583773615   208.41069500972642 
   221.19266336310204   203.77427575244252 
    196.4649622101019   210.40004330706705 
   199.48265607136122   221.66223011897546 
   224.21035722436136   215.03646256435096 
   171.73726105710176   217.02581086169155 
   147.00955990410162   223.65157841631614 
   150.02725376536094   234.91376522822455 
   174.75495491836105   228.28799767360002 
   122.28185875110148   230.27734597094064 
   97.554157598101327   236.90311352556517 
   100.57185145936063   248.16530033747361 
   125.29955261236078   241.53953278284911 
   72.826456445101172   243.52888108018971 
   48.098755292101018   250.15464863481424 
   75.844150306360476   254.79106789209817 
