   214.02691100447618   16.678076332720849 
   188.42691100447618   16.678076332720849 
   188.42691100447618   28.337550078418218 
   214.02691100447618   28.337550078418218 
   162.82691100447616   16.678076332720849 
   137.22691100447616   16.678076332720849 
   137.22691100447616   28.337550078418218 
   162.82691100447616   28.337550078418218 
   111.62691100447618   16.678076332720849 
   86.026911004476162   16.678076332720849 
   86.026911004476162   28.337550078418218 
   111.62691100447618   28.337550078418218 
   60.426911004476175   16.678076332720849 
   34.826911004476187   16.678076332720849 
   34.826911004476187   28.337550078418218 
   60.426911004476175   28.337550078418218 
   9.2269110044761717   16.678076332720863 
   239.62691100447617   16.678076332720849 
   239.62691100447617   28.337550078418218 
   9.2269110044761717   28.337550078418232 
   214.02691100447618   39.997023824115587 
   188.42691100447618   39.997023824115587 
   188.42691100447618   51.656497569812956 
   214.02691100447618   51.656497569812956 
   162.82691100447616   39.997023824115587 
   137.22691100447616   39.997023824115587 
   137.22691100447616   51.656497569812956 
   162.82691100447616   51.656497569812956 
   111.62691100447618   39.997023824115587 
   86.026911004476162   39.997023824115587 
   86.026911004476162   51.656497569812956 
   111.62691100447618   51.656497569812956 
   60.426911004476175   39.997023824115587 
   34.826911004476187   39.997023824115587 
   34.826911004476187   51.656497569812956 
   60.426911004476175   51.656497569812956 
   9.2269110044761717   39.997023824115601 
   239.62691100447617   39.997023824115587 
   239.62691100447617   51.656497569812956 
   9.2269110044761717    51.65649756981297 
   214.02691100447618   63.315971315510339 
   188.42691100447618   63.315971315510339 
   188.42691100447618   74.975445061207694 
   214.02691100447618   74.975445061207694 
   162.82691100447616   63.315971315510339 
   137.22691100447616   63.315971315510339 
   137.22691100447616   74.975445061207694 
   162.82691100447619   74.975445061207694 
   111.62691100447618   63.315971315510339 
   86.026911004476162   63.315971315510339 
   86.026911004476162   74.975445061207694 
   111.62691100447618   74.975445061207694 
   60.426911004476175   63.315971315510339 
   34.826911004476187   63.315971315510339 
   34.826911004476187   74.975445061207708 
   60.426911004476175   74.975445061207708 
   9.2269110044761717   63.315971315510353 
   239.62691100447617   63.315971315510339 
   239.62691100447617   74.975445061207694 
   9.2269110044761717   74.975445061207708 
   214.02691100447618   86.634918806905077 
   188.42691100447618   86.634918806905077 
   188.42691100447618   98.294392552602446 
   214.02691100447618   98.294392552602446 
   162.82691100447619   86.634918806905077 
   137.22691100447616   86.634918806905077 
   137.22691100447616   98.294392552602446 
   162.82691100447619   98.294392552602446 
   111.62691100447618   86.634918806905077 
   86.026911004476162   86.634918806905077 
   86.026911004476162   98.294392552602446 
   111.62691100447618   98.294392552602446 
   60.426911004476175   86.634918806905077 
   34.826911004476187   86.634918806905077 
   34.826911004476187    98.29439255260246 
   60.426911004476175   98.294392552602446 
   9.2269110044761717   86.634918806905077 
   239.62691100447617   86.634918806905077 
   239.62691100447617   98.294392552602432 
   9.2269110044761717    98.29439255260246 
   214.02691100447618   109.95386629829981 
   188.42691100447618   109.95386629829981 
   188.42691100447618   121.61334004399717 
   214.02691100447618   121.61334004399717 
   162.82691100447619   109.95386629829981 
   137.22691100447616   109.95386629829981 
   137.22691100447616   121.61334004399717 
   162.82691100447619   121.61334004399717 
   111.62691100447618   109.95386629829981 
   86.026911004476162   109.95386629829981 
   86.026911004476162   121.61334004399717 
   111.62691100447618   121.61334004399717 
   60.426911004476175   109.95386629829981 
   34.826911004476187   109.95386629829981 
   34.826911004476187   121.61334004399717 
   60.426911004476175   121.61334004399717 
   9.2269110044761717   109.95386629829981 
   239.62691100447617   109.95386629829981 
   239.62691100447617   121.61334004399716 
   9.2269110044761717   121.61334004399718 
   214.02691100447618   133.27281378969454 
   188.42691100447618   133.27281378969454 
   188.42691100447618   144.93228753539191 
   214.02691100447618   144.93228753539191 
   162.82691100447619   133.27281378969454 
   137.22691100447616   133.27281378969454 
   137.22691100447616   144.93228753539194 
   162.82691100447619   144.93228753539191 
   111.62691100447618   133.27281378969454 
   86.026911004476162   133.27281378969454 
   86.026911004476162   144.93228753539194 
   111.62691100447618   144.93228753539194 
   60.426911004476175   133.27281378969454 
   34.826911004476187   133.27281378969454 
   34.826911004476187   144.93228753539194 
   60.426911004476175   144.93228753539194 
   9.2269110044761717   133.27281378969454 
   239.62691100447617   133.27281378969454 
   239.62691100447617   144.93228753539191 
   9.2269110044761717   144.93228753539194 
   214.02691100447618   156.59176128108928 
   188.42691100447618   156.59176128108928 
   188.42691100447618   168.25123502678667 
   214.02691100447618   168.25123502678667 
   162.82691100447619   156.59176128108928 
   137.22691100447616    156.5917612810893 
   137.22691100447616    168.2512350267867 
   162.82691100447619    168.2512350267867 
   111.62691100447618    156.5917612810893 
   86.026911004476162    156.5917612810893 
   86.026911004476162    168.2512350267867 
   111.62691100447618    168.2512350267867 
   60.426911004476175    156.5917612810893 
   34.826911004476187    156.5917612810893 
   34.826911004476187    168.2512350267867 
   60.426911004476175    168.2512350267867 
   9.2269110044761717    156.5917612810893 
   239.62691100447617   156.59176128108928 
   239.62691100447617   168.25123502678667 
   9.2269110044761717    168.2512350267867 
   214.02691100447618   179.91070877248401 
   188.42691100447618   179.91070877248401 
   188.42691100447618   191.57018251818138 
   214.02691100447618   191.57018251818138 
   162.82691100447619   179.91070877248401 
   137.22691100447616   179.91070877248401 
   137.22691100447616   191.57018251818138 
   162.82691100447619   191.57018251818138 
   111.62691100447618   179.91070877248401 
   86.026911004476162   179.91070877248401 
   86.026911004476162   191.57018251818138 
   111.62691100447618   191.57018251818138 
   60.426911004476175   179.91070877248404 
   34.826911004476187   179.91070877248404 
   34.826911004476187   191.57018251818141 
   60.426911004476175   191.57018251818141 
   9.2269110044761717   179.91070877248404 
   239.62691100447617   179.91070877248401 
   239.62691100447617   191.57018251818138 
   9.2269110044761717   191.57018251818141 
   214.02691100447618   203.22965626387878 
   188.42691100447618   203.22965626387878 
   188.42691100447618   214.88913000957615 
   214.02691100447618   214.88913000957615 
   162.82691100447619   203.22965626387878 
   137.22691100447616   203.22965626387878 
   137.22691100447616   214.88913000957615 
   162.82691100447619   214.88913000957615 
   111.62691100447618   203.22965626387878 
   86.026911004476162   203.22965626387878 
   86.026911004476162   214.88913000957615 
   111.62691100447618   214.88913000957615 
   60.426911004476175   203.22965626387878 
   34.826911004476187   203.22965626387878 
   34.826911004476187   214.88913000957615 
   60.426911004476175   214.88913000957615 
   9.2269110044761717   203.22965626387878 
   239.62691100447617   203.22965626387878 
   239.62691100447617   214.88913000957615 
   9.2269110044761717   214.88913000957615 
   214.02691100447618   226.54860375527349 
   188.42691100447618   226.54860375527349 
   188.42691100447618   238.20807750097086 
   214.02691100447618   238.20807750097086 
   162.82691100447619   226.54860375527349 
   137.22691100447616   226.54860375527349 
   137.22691100447616   238.20807750097086 
   162.82691100447619   238.20807750097086 
   111.62691100447618   226.54860375527349 
   86.026911004476162   226.54860375527349 
   86.026911004476162   238.20807750097086 
   111.62691100447618   238.20807750097086 
   60.426911004476175   226.54860375527349 
   34.826911004476187   226.54860375527349 
   34.826911004476187   238.20807750097086 
   60.426911004476175   238.20807750097086 
   9.2269110044761717   226.54860375527352 
   239.62691100447617   226.54860375527349 
   239.62691100447617   238.20807750097086 
   9.2269110044761717   238.20807750097089 
