   14.340104469799881   40.996143260211113 
   29.425049135112882   72.996143260211099 
   14.340104469799881   51.662809926877763 
   29.425049135112882   62.329476593544442 
   14.340104469799881   83.662809926877785 
   29.425049135112882   115.66280992687777 
   14.340104469799881   94.329476593544427 
   29.425049135112882   104.99614326021111 
   14.340104469799881   126.32947659354444 
   29.425049135112882   158.32947659354443 
   14.340104469799881   136.99614326021108 
   29.425049135112882   147.66280992687777 
   14.340104469799881   168.99614326021111 
   29.425049135112882   200.99614326021108 
   14.340104469799881    179.6628099268778 
   29.425049135112882   190.32947659354446 
   14.340104469799881   211.66280992687777 
   29.425049135112882   243.66280992687777 
   14.340104469799881   222.32947659354446 
   29.425049135112882   232.99614326021111 
   14.340104469799881   254.32947659354446 
   29.425049135112882   30.329476593544431 
   14.340104469799881   8.9961432602111238 
   29.425049135112882   19.662809926877749 
    44.50999380042591   40.996143260211113 
   59.594938465738906   72.996143260211099 
    44.50999380042591   51.662809926877763 
   59.594938465738906   62.329476593544442 
    44.50999380042591   83.662809926877785 
   59.594938465738906   115.66280992687777 
    44.50999380042591   94.329476593544427 
   59.594938465738906   104.99614326021111 
    44.50999380042591   126.32947659354444 
   59.594938465738906   158.32947659354443 
    44.50999380042591   136.99614326021108 
   59.594938465738906   147.66280992687777 
    44.50999380042591   168.99614326021111 
   59.594938465738906   200.99614326021108 
    44.50999380042591    179.6628099268778 
   59.594938465738906   190.32947659354446 
    44.50999380042591   211.66280992687777 
   59.594938465738906   243.66280992687777 
    44.50999380042591   222.32947659354446 
   59.594938465738906   232.99614326021111 
    44.50999380042591   254.32947659354446 
   59.594938465738906   30.329476593544431 
    44.50999380042591   8.9961432602111238 
   59.594938465738906   19.662809926877749 
   74.679883131051923   40.996143260211113 
   89.764827796364941   72.996143260211099 
   74.679883131051923   51.662809926877763 
   89.764827796364941   62.329476593544442 
   74.679883131051923   83.662809926877785 
   89.764827796364941   115.66280992687777 
   74.679883131051923   94.329476593544427 
   89.764827796364941   104.99614326021111 
   74.679883131051923   126.32947659354444 
   89.764827796364941   158.32947659354443 
   74.679883131051923   136.99614326021108 
   89.764827796364941   147.66280992687777 
   74.679883131051923   168.99614326021111 
   89.764827796364941   200.99614326021108 
   74.679883131051923    179.6628099268778 
   89.764827796364941   190.32947659354446 
   74.679883131051923   211.66280992687777 
   89.764827796364941   243.66280992687777 
   74.679883131051923   222.32947659354446 
   89.764827796364941   232.99614326021111 
   74.679883131051923   254.32947659354446 
   89.764827796364941   30.329476593544431 
   74.679883131051923   8.9961432602111238 
   89.764827796364941   19.662809926877749 
   104.84977246167796   40.996143260211113 
   119.93471712699096   72.996143260211099 
   104.84977246167796   51.662809926877763 
   119.93471712699096   62.329476593544442 
   104.84977246167796   83.662809926877785 
   119.93471712699096   115.66280992687777 
   104.84977246167796   94.329476593544427 
   119.93471712699096   104.99614326021111 
   104.84977246167796   126.32947659354444 
   119.93471712699096   158.32947659354443 
   104.84977246167796   136.99614326021108 
   119.93471712699096   147.66280992687777 
   104.84977246167796   168.99614326021111 
   119.93471712699096   200.99614326021108 
   104.84977246167796    179.6628099268778 
   119.93471712699096   190.32947659354446 
   104.84977246167796   211.66280992687777 
   119.93471712699096   243.66280992687777 
   104.84977246167796   222.32947659354446 
   119.93471712699096   232.99614326021111 
   104.84977246167796   254.32947659354446 
   119.93471712699096   30.329476593544431 
   104.84977246167796   8.9961432602111238 
   119.93471712699096   19.662809926877749 
   135.01966179230396   40.996143260211113 
   150.10460645761697   72.996143260211099 
   135.01966179230396   51.662809926877763 
   150.10460645761697   62.329476593544442 
   135.01966179230396   83.662809926877785 
   150.10460645761697   115.66280992687777 
   135.01966179230396   94.329476593544427 
   150.10460645761697   104.99614326021111 
   135.01966179230396   126.32947659354444 
   150.10460645761697   158.32947659354443 
   135.01966179230396   136.99614326021108 
   150.10460645761697   147.66280992687777 
   135.01966179230396   168.99614326021111 
   150.10460645761697   200.99614326021108 
   135.01966179230396    179.6628099268778 
   150.10460645761697   190.32947659354446 
   135.01966179230396   211.66280992687777 
   150.10460645761697   243.66280992687777 
   135.01966179230396   222.32947659354446 
   150.10460645761697   232.99614326021111 
   135.01966179230396   254.32947659354446 
   150.10460645761697   30.329476593544431 
   135.01966179230396   8.9961432602111238 
   150.10460645761697   19.662809926877749 
   165.18955112292997   40.996143260211113 
   180.27449578824297   72.996143260211099 
   165.18955112292997   51.662809926877763 
   180.27449578824297   62.329476593544442 
   165.18955112292997   83.662809926877785 
   180.27449578824297   115.66280992687777 
   165.18955112292997   94.329476593544427 
   180.27449578824297   104.99614326021111 
   165.18955112292997   126.32947659354444 
   180.27449578824297   158.32947659354443 
   165.18955112292997   136.99614326021108 
   180.27449578824297   147.66280992687777 
   165.18955112292997   168.99614326021111 
   180.27449578824297   200.99614326021108 
   165.18955112292997    179.6628099268778 
   180.27449578824297   190.32947659354446 
   165.18955112292997   211.66280992687777 
   180.27449578824297   243.66280992687777 
   165.18955112292997   222.32947659354446 
   180.27449578824297   232.99614326021111 
   165.18955112292997   254.32947659354446 
   180.27449578824297   30.329476593544431 
   165.18955112292997   8.9961432602111238 
   180.27449578824297   19.662809926877749 
   195.35944045355603   40.996143260211113 
   210.44438511886904   72.996143260211099 
   195.35944045355603   51.662809926877763 
   210.44438511886904   62.329476593544442 
   195.35944045355603   83.662809926877785 
   210.44438511886904   115.66280992687777 
   195.35944045355603   94.329476593544427 
   210.44438511886904   104.99614326021111 
   195.35944045355603   126.32947659354444 
   210.44438511886904   158.32947659354443 
   195.35944045355603   136.99614326021108 
   210.44438511886904   147.66280992687777 
   195.35944045355603   168.99614326021111 
   210.44438511886904   200.99614326021108 
   195.35944045355603    179.6628099268778 
   210.44438511886904   190.32947659354446 
   195.35944045355603   211.66280992687777 
   210.44438511886904   243.66280992687777 
   195.35944045355603   222.32947659354446 
   210.44438511886904   232.99614326021111 
   195.35944045355603   254.32947659354446 
   210.44438511886904   30.329476593544431 
   195.35944045355603   8.9961432602111238 
   210.44438511886904   19.662809926877749 
   225.52932978418201   40.996143260211113 
   240.61427444949501   72.996143260211099 
   225.52932978418201   51.662809926877763 
   240.61427444949501   62.329476593544442 
   225.52932978418201   83.662809926877785 
   240.61427444949501   115.66280992687777 
   225.52932978418201   94.329476593544427 
   240.61427444949501   104.99614326021111 
   225.52932978418201   126.32947659354444 
   240.61427444949501   158.32947659354443 
   225.52932978418201   136.99614326021108 
   240.61427444949501   147.66280992687777 
   225.52932978418201   168.99614326021111 
   240.61427444949501   200.99614326021108 
   225.52932978418201    179.6628099268778 
   240.61427444949501   190.32947659354446 
   225.52932978418201   211.66280992687777 
   240.61427444949501   243.66280992687777 
   225.52932978418201   222.32947659354446 
   240.61427444949501   232.99614326021111 
   225.52932978418201   254.32947659354446 
   240.61427444949501   30.329476593544431 
   225.52932978418201   8.9961432602111238 
   240.61427444949501   19.662809926877749 
