   58.998383689462443     10.3897950825825 
   65.287111886549098   45.203692497533368 
   56.237647208368877   20.693003896332563 
   68.047848367642658   34.900483683783307 
    47.95543776508822   51.602630337582745 
   54.244165962174883   86.416527752533597 
   45.194701283994661   61.905839151332813 
   57.004902443268442    76.11331893878355 
   36.912491840713997   92.815465592582996 
   43.201220037800674   127.62936300753385 
   34.151755359620438   103.11867440633307 
   45.961956518894219   117.32615419378381 
   25.869545916339781   134.02830084758324 
   32.158274113426458   168.84219826253411 
   23.108809435246219   144.33150966133331 
   34.919010594520003   158.53898944878404 
    14.82659999196556   175.24113610258348 
   21.115328189052232   210.05503351753435 
   12.065863510872012   185.54434491633359 
    23.87606467014578   199.75182470378431 
   3.7836540675913528   216.45397135758375 
   76.330057810923336    3.990857242533103 
   1.0229175864977769   226.75718017133383 
   88.140258970197124   18.198337029983858 
   94.428987167283807   53.012234444934727 
   85.379522489103579   28.501545843733922 
   97.189723648377353   42.709025631184659 
   77.097313045822915   59.411172284984104 
   83.386041242909585   94.225069699934963 
   74.336576564729356   69.714381098734151 
    86.14677772400313   83.921860886184916 
   66.054367121448692   100.62400753998436 
   72.343095318535362   135.43790495493522 
   63.293630640355133   110.92721635373444 
   75.103831799628921   125.13469614118515 
   55.011421197074469   141.83684279498462 
   61.300149394161146   176.65074020993546 
    52.25068471598091   152.14005160873469 
   64.060885875254684   166.34753139618542 
   43.968475272700253   183.04967804998486 
   50.257203469786923   217.86357546493568 
   41.207738791606701   193.35288686373494 
   53.017939950880475   207.56036665118563 
   32.925529348326044   224.26251330498508 
   105.47193309165803   11.799399189934462 
   30.164792867232482   234.56572211873518 
   108.23266957275156   1.4961903761844413 
   117.28213425093182   26.006878977385217 
   123.57086244801849   60.820776392336072 
   114.52139776983825   36.310087791135281 
   126.33159892911205   50.517567578586004 
    106.2391883265576   67.219714232385471 
   112.52791652364427   102.03361164733631 
   103.47845184546404   77.522923046135517 
   115.28865300473782   91.730402833586268 
   95.196242402183373   108.43254948738571 
   101.48497059927006   143.24644690233657 
   92.435505921089828   118.73575830113577 
    104.2457070803636   132.94323808858653 
    84.15329647780915   149.64538474238597 
   90.442024674895833   184.45928215733682 
   81.392559996715605   159.94859355613605 
   93.202761155989393   174.15607334358677 
   73.110350553434927   190.85821999738621 
    79.39907875052161   225.67211741233703 
   70.349614072341382   201.16142881113629 
    82.15981523161517   215.36890859858698 
   62.067404629060725   232.07105525238643 
   134.61380837239273   19.607941137335821 
   59.306668147967159   242.37426406613653 
   137.37454485348624   9.3047323235857853 
   146.42400953166651   33.815420924786565 
   152.71273772875315   68.629318339737424 
   143.66327305057297   44.118629738536626 
    155.4734742098467   58.326109525987363 
   135.38106360729228   75.028256179786823 
   141.66979180437895   109.84215359473768 
   132.62032712619873   85.331464993536869 
   144.43052828547249    99.53894478098762 
   124.33811768291807   116.24109143478707 
   130.62684588000471    151.0549888497379 
   121.57738120182449   126.54430024853714 
   133.38758236109828   140.75178003598785 
   113.29517175854384   157.45392668978732 
   119.58389995563051   192.26782410473814 
   110.53443527745029    167.7571355035374 
   122.34463643672406   181.96461529098809 
   102.25222583416962   198.66676194478754 
   108.54095403125629   233.48065935973838 
   99.491489353076076   208.96997075853764 
   111.30169051234985   223.17745054598834 
   91.209279909795399   239.87959719978778 
   163.75568365312739   27.416483084737166 
   88.448543428701853   250.18280601353788 
   166.51642013422094   17.113274270987144 
   175.56588481240121   41.623962872187917 
   181.85461300948785    76.43786028713879 
   172.80514833130761   51.927171685937985 
   184.61534949058142   66.134651473388729 
   164.52293888802697   82.836798127188189 
   170.81166708511364   117.65069554213903 
   161.76220240693343   93.140006940938235 
   173.57240356620719   107.34748672838897 
   153.47999296365276   124.04963338218842 
    159.7687211607394   158.86353079713925 
   150.71925648255922   134.35284219593851 
   162.52945764183298    148.5603219833892 
   142.43704703927853   165.26246863718865 
   148.72577523636522   200.07636605213952 
   139.67631055818498   175.56567745093875 
   151.48651171745877   189.77315723838944 
   131.39410111490432   206.47530389218889 
   137.68282931199101   241.28920130713976 
   128.63336463381077   216.77851270593899 
   140.44356579308456   230.98599249338972 
   120.35115519053009   247.68813914718916 
   192.89755893386209   35.225025032138525 
   195.65829541495563   24.921816218388503 
   204.70776009313585   49.432504819589276 
   210.99648829022252   84.246402234540142 
   201.94702361204227   59.735713633339344 
   213.75722477131609   73.943193420790067 
   193.66481416876164   90.645340074589512 
   199.95354236584831   125.45923748954039 
   190.90407768766809   100.94854888833959 
   202.71427884694185   115.15602867579032 
   182.62186824438743   131.85817532958976 
   188.91059644147407   166.67207274454063 
   179.86113176329388   142.16138414333983 
   191.67133292256764   156.36886393079055 
   171.57892232001319      173.07101058459 
   177.86765051709989   207.88490799954087 
   168.81818583891965    183.3742193983401 
   180.62838699819343   197.58169918579082 
   160.53597639563898   214.28384583959027 
   166.82470459272562   249.09774325454111 
   157.77523991454544   224.58705465334035 
   169.58544107381923   238.79453444079107 
   149.49303047126475   255.49668109459051 
   222.03943421459675    43.03356697953987 
    224.8001706956903   32.730358165789852 
   233.84963537387054   57.241046766990635 
   240.13836357095721   92.054944181941508 
     231.088898892777   67.544255580740696 
   242.89910005205076   81.751735368191433 
   222.80668944949633   98.453882021990879 
     229.095417646583   133.26777943694177 
   220.04595296840276   108.75709083574095 
   231.85615412767658   122.96457062319168 
   211.76374352512212   139.66671727699114 
   218.05247172220879   174.48061469194198 
   209.00300704402855   149.96992609074121 
   220.81320820330231   164.17740587819193 
   200.72079760074789   180.87955253199138 
   207.00952579783456   215.69344994694222 
   197.96006111965431   191.18276134574145 
   209.77026227892813   205.39024113319218 
   189.67785167637368   222.09238778699162 
   195.96657987346035   256.90628520194247 
   186.91711519528013    232.3955966007417 
   198.72731635455386   246.60307638819242 
   251.18130949533142   50.842108926941229 
   253.94204597642502   40.538900113191204 
   36.145236605814397   37.395150550132009 
   38.905973086907956   27.091941736381944 
   251.94856473023103   106.26242396939223 
   25.102290681440174   78.607985805132245 
   249.18782824913748   116.56563278314231 
   27.863027162533736   68.304776991382198 
   240.90561880585679   147.47525922439249 
   14.059344757065968   119.82082106013247 
   238.14488232476322   157.77846803814256 
   16.820081238159517   109.51761224638244 
   229.86267288148258   188.68809447939273 
   3.0163988326917619   161.03365631513273 
   227.10193640038904   198.99130329314281 
   5.7771353137852959   150.73044750138268 
   218.81972695710837   229.90092973439297 
   216.05899047601483   240.20413854814305 
