    81.58514451275731   15.942152434358782 
   86.918477846090639   6.7045481273247756 
   63.187865884580368   17.637284408736303 
   60.251811179423981   52.892569662494836 
    57.85453255124704   26.874888715770307 
    65.58514451275731   43.654965355460824 
   41.854532551247033   54.587701636872353 
   38.918477846090653   89.842986890630883 
   36.521199217913704   63.825305943906358 
   44.251811179423989   80.605382583596864 
   20.521199217913701   91.538118865008414 
   17.585144512757317   126.79340411876693 
    15.18786588458036   100.77572317204243 
   22.918477846090656   117.55579981173291 
   1.5851445127573389   154.50621703986897 
   107.71303510244455   31.027097099671796 
   105.31575647426762   5.0094161529472707 
   113.04636843577788   21.789492792637791 
   89.315756474267602   32.722229074049302 
   86.379701769111222   67.977514327807867 
   83.982423140934273   41.959833381083321 
   91.713035102444564   58.739910020773841 
   67.982423140934287   69.672646302185356 
   65.046368435777879   104.92793155594391 
   62.649089807600944   78.910250609219375 
   70.379701769111222   95.690327248909881 
   46.649089807600937   106.62306353032142 
    43.71303510244455   141.87834878407998 
   41.315756474267594   115.86066783735545 
   49.046368435777893   132.64074447704596 
   25.315756474267602   143.57348075845749 
   22.379701769111218   178.82876601221602 
   19.982423140934262   152.81108506549151 
   27.713035102444561     169.591161705182 
   3.9824231409342685   180.52389798659354 
   136.77698039728816   10.856756511226266 
   133.84092569213178   46.112041764984809 
   131.44364706395484   20.094360818260284 
   139.17425902546512   36.874437457950791 
   115.44364706395484   47.807173739362312 
   112.50759235879843   83.062458993120856 
    110.1103137306215   57.044778046396338 
   117.84092569213178   73.824854686086837 
   94.110313730621499   84.757590967498373 
   91.174259025465105   120.01287622125692 
   88.776980397288156   93.995195274532378 
   96.507592358798448   110.77527191422288 
    72.77698039728817   121.70800819563443 
   69.840925692131776   156.96329344939295 
   67.443647063954828   130.94561250266844 
   75.174259025465119   147.72568914235893 
   51.443647063954835    158.6584254237705 
   48.507592358798455   193.91371067752902 
   46.110313730621499   167.89602973080451 
   53.840925692131798   184.67610637049501 
   30.110313730621503   195.60884265190654 
   155.17425902546512    9.161624536848759 
   24.776980397288163   204.84644695894056 
   162.90487098697542   25.941701176539279 
   159.96881628181902   61.196986430297812 
   157.57153765364208   35.179305483573287 
   165.30214961515233   51.959382123263808 
   141.57153765364205    62.89211840467533 
    138.6354829484857   98.147403658433859 
   136.23820432030874   72.129722711709348 
   143.96881628181899   88.909799351399855 
   120.23820432030874   99.842535632811376 
   117.30214961515235   135.09782088656991 
   114.90487098697541    109.0801399398454 
   122.63548294848569   125.86021657953589 
   98.904870986975411   136.79295286094745 
   95.968816281819016   172.04823811470595 
   93.571537653642068   146.03055716798147 
   101.30214961515236   162.81063380767193 
   77.571537653642068   173.74337008908347 
   74.635482948485688   208.99865534284203 
   72.238204320308725   182.98097439611752 
   79.968816281819031   199.76105103580798 
   56.238204320308739   210.69378731721957 
   181.30214961515233   24.246569202161758 
   50.904870986975396   219.93139162425356 
   186.63548294848567    15.00896489512774 
   189.03276157666264   41.026645841852293 
   186.09670687150626    76.28193109561083 
   183.69942824332929   50.264250148886298 
   191.43004020483957   67.044326788576825 
   167.69942824332929   77.977063069988347 
   164.76337353817291   113.23234832374688 
   162.36609490999598   87.214667377022352 
   170.09670687150626   103.99474401671287 
   146.36609490999598   114.92748029812439 
   143.43004020483957   150.18276555188294 
   141.03276157666264    124.1650846051584 
   148.76337353817291   140.94516124484889 
   125.03276157666264   151.87789752626045 
   122.09670687150624   187.13318278001898 
   119.69942824332929   161.11550183329447 
   127.43004020483959   177.89557847298497 
   103.69942824332931    188.8283147543965 
   100.76337353817293   224.08360000815503 
   98.366094909995965   198.06591906143052 
   106.09670687150626   214.84599570112098 
   82.366094909995979   225.77873198253255 
   207.43004020483957   39.331513867474776 
   77.032761576662637   235.01633628956657 
   212.76337353817291   30.093909560440753 
   215.16065216634985   56.111590507165296 
   212.22459746119347   91.366875760923818 
   209.82731883301653   65.349194814199294 
   217.55793079452681   82.129271453889814 
   193.82731883301651   93.062007735301336 
   190.89126412786013   128.31729298905989 
   188.49398549968319   102.29961204233535 
   196.22459746119344   119.07968868202587 
   172.49398549968319   130.01242496343738 
   169.55793079452678   165.26771021719594 
   167.16065216634985    139.2500292704714 
   174.89126412786013   156.03010591016189 
   151.16065216634982   166.96284219157346 
   148.22459746119347   202.21812744533196 
   145.82731883301653   176.20044649860748 
   153.55793079452681   192.98052313829797 
   129.82731883301653    203.9132594197095 
   126.89126412786013   239.16854467346803 
   124.49398549968318   213.15086372674352 
   132.22459746119347   229.93094036643399 
   108.49398549968319   240.86367664784555 
   233.55793079452678   54.416458532787772 
   103.16065216634985   250.10128095487957 
    238.8912641278601   45.178854225753753 
   241.28854275603709   71.196535172478306 
   238.35248805088071   106.45182042623684 
   235.95520942270377   80.434139479512311 
   243.68582138421402   97.214216119202817 
   219.95520942270375   108.14695240061435 
   217.01915471754734    143.4022376543729 
    214.6218760893704   117.38455670764836 
   222.35248805088068   134.16463334733888 
    198.6218760893704   145.09736962875041 
   195.68582138421405   180.35265488250894 
   193.28854275603709   154.33497393578443 
   201.01915471754739   171.11505057547492 
   177.28854275603709   182.04778685688646 
   174.35248805088068   217.30307211064499 
   171.95520942270375   191.28539116392048 
   179.68582138421402   208.06546780361097 
   155.95520942270375   218.99820408502251 
   153.01915471754737   254.25348933878104 
    150.6218760893704   228.23580839205653 
   158.35248805088071   245.01588503174702 
    134.6218760893704   255.94862131315855 
   246.08310001239099   123.23189706592736 
   243.14704530723461   158.48718231968593 
   240.74976667905764   132.46950137296139 
   248.48037864056795   149.24957801265191 
   224.74976667905764   160.18231429406342 
   221.81371197390126   195.43759954782195 
   219.41643334572433   169.41991860109744 
   227.14704530723461   186.19999524078793 
   203.41643334572433   197.13273152219946 
   200.48037864056792   232.38801677595802 
   198.08310001239099   206.37033582923351 
   205.81371197390126   223.15041246892397 
   182.08310001239099   234.08314875033554 
   176.74976667905764   243.32075305736956 
