   125.36712332033606   13.562457717431222 
   132.90959565299258   6.0199853847747073 
   107.15798432101292    10.43826338342107 
   95.197233989710043    43.73234704805725 
   99.615511988356403   17.980735716077568 
   102.73970632236656   36.189874715400734 
   76.988094990386884   40.608152714047101 
   65.027344659084022   73.902236378683284 
   69.445622657730382   48.150625046703595 
   72.569816991740524   66.359764046026783 
   46.818205659760842   70.778042044673128 
   34.857455328457995    104.0721257093093 
   39.275733327104334   78.320514377329658 
   42.399927661114511   96.529653376652789 
   16.648316329134829   100.94793137529916 
   4.6875659978319693   134.24201503993532 
   9.1058439964783027   108.49040370795568 
   12.230038330488483   126.69954270727882 
   158.66120698497224   1.6017073861283742 
   146.70045665366939   34.895791050764558 
   151.11873465231574   9.1441797187848746 
   154.24292898632589   27.353318718108042 
   128.49131765434623   31.771596716754388 
   116.53056732304337   65.065680381390578 
   120.94884532168972   39.314069049410904 
   124.07303965569989    57.52320804873407 
   98.321428323720212   61.941486047380415 
   86.360677992417351   95.235569712016613 
   90.778955991063697   69.483958380036924 
   93.903150325073867   87.693097379360111 
   68.151538993094164   92.111375378006457 
   56.190788661791331   125.40545904264265 
   60.609066660437648   99.653847710662987 
   63.733260994447846   117.86298670998613 
   37.981649662468151   122.28126470863249 
   26.020899331165303   155.57534837326867 
   30.439177329811621   129.82373704128901 
   33.563371663821819   148.03287604061217 
   7.8117603318421223   152.45115403925851 
   176.87034598429543   4.7259017201385269 
   3.3934823331957884   178.20276537123817 
   179.99454031830558   22.935040719461693 
   168.03378998700273   56.229124384097872 
   172.45206798564908   30.477513052118208 
   175.57626231965924   48.686652051441378 
   149.82465098767955   53.104930050087724 
    137.8639006563767   86.399013714723907 
   142.28217865502305   60.647402382744239 
    145.4063729890332   78.856541382067391 
   119.65476165705354   83.274819380713765 
   107.69401132575068   116.56890304534993 
   112.11228932439704   90.817291713370267 
   115.23648365840718   109.02643071269343 
   89.484872326427492   113.44470871133979 
   77.524121995124645   146.73879237597598 
   81.942399993771005   120.98718104399632 
   85.066594327781175   139.19632004331945 
   59.314982995801486   143.61459804196582 
   47.354232664498639   176.90868170660201 
   51.772510663144971   151.15707037462235 
   54.896704997155148   169.36620937394548 
   29.145093665175455   173.78448737259185 
   198.20367931762877   26.059235053471845 
    21.60262133251894   181.32695970524838 
    24.72681566652912   199.53609870457151 
   201.32787365163892   44.268374052795025 
   189.36712332033608   77.562457717431201 
   193.78540131898242   51.810846385451541 
   196.90959565299258   70.019985384774699 
   171.15798432101292   74.438263383421059 
   159.19723398971004   107.73234704805724 
   163.61551198835639   81.980735716077575 
   166.73970632236654   100.18987471540072 
   140.98809499038688   104.60815271404708 
   129.02734465908401   137.90223637868328 
   133.44562265773035    112.1506250467036 
   136.56981699174051   130.35976404602675 
   110.81820565976085   134.77804204467313 
   98.857455328457988   168.07212570930932 
   103.27573332710433   142.32051437732966 
   106.39992766111452   160.52965337665279 
   80.648316329134815   164.94793137529916 
   68.687565997831953    198.2420150399353 
   73.105843996478299   172.49040370795569 
   76.230038330488483   190.69954270727879 
   50.478426998508787   195.11782070592517 
   219.53701265096208   47.392568386805181 
   42.935954665852272    202.6602930385817 
   46.060148999862456   220.86943203790483 
   222.66120698497227   65.601707386128354 
   210.70045665366939   98.895791050764544 
   215.11873465231574   73.144179718784869 
   218.24292898632589   91.353318718108028 
   192.49131765434623   95.771596716754388 
   180.53056732304339   129.06568038139056 
   184.94884532168973    103.3140690494109 
   188.07303965569989   121.52320804873406 
   162.32142832372023   125.94148604738042 
   150.36067799241735    159.2355697120166 
    154.7789559910637   133.48395838003694 
   157.90315032507385    151.6930973793601 
   132.15153899309416   156.11137537800647 
   120.19078866179132    189.4054590426426 
   124.60906666043766     163.653847710663 
   127.73326099444785    181.8629867099861 
   101.98164966246814   186.28126470863248 
   90.020899331165296   219.57534837326867 
   94.439177329811642   193.82373704128898 
   97.563371663821812   212.03287604061214 
   71.811760331842137   216.45115403925851 
   240.87034598429543   68.725901720138495 
   64.269287999185607   223.99362637191504 
   67.393482333195792   242.20276537123817 
   243.99454031830558   86.935040719461682 
   232.03378998700273   120.22912438409784 
   236.45206798564905   94.477513052118184 
   239.57626231965921   112.68665205144134 
   213.82465098767955    117.1049300500877 
   201.86390065637667   150.39901371472388 
   206.28217865502305    124.6474023827442 
    209.4063729890332   142.85654138206735 
   183.65476165705351   147.27481938071372 
   171.69401132575067   180.56890304534991 
   176.11228932439704   154.81729171337022 
   179.23648365840717   173.02643071269338 
   153.48487232642751   177.44470871133976 
   141.52412199512466   210.73879237597595 
   145.94239999377098   184.98718104399629 
   149.06659432778116   203.19632004331942 
   123.31498299580147   207.61459804196582 
   111.35423266449862   240.90868170660198 
   115.77251066314494   215.15707037462232 
   118.89670499715514   233.36620937394545 
   93.145093665175438   237.78448737259183 
   85.602621332518908   245.32695970524836 
   253.36712332033605   141.56245771743119 
   235.15798432101289   138.43826338342103 
   223.19723398971004   171.73234704805722 
   227.61551198835639   145.98073571607753 
   230.73970632236654   164.18987471540069 
   204.98809499038686   168.60815271404707 
   193.02734465908401   201.90223637868326 
   197.44562265773035   176.15062504670357 
   200.56981699174051   194.35976404602675 
   174.81820565976082    198.7780420446731 
   162.85745532845797   232.07212570930929 
   167.27573332710429    206.3205143773296 
    170.3999276611145   224.52965337665276 
   144.64831632913481   228.94793137529913 
   137.10584399647831   236.49040370795566 
    140.2300383304885   254.69954270727879 
   256.49131765434618   159.77159671675437 
   73.863900656376714   22.399013714723903 
   248.94884532168973   167.31406904941088 
   81.406372989033201   14.856541382067403 
    226.3214283237202   189.94148604738041 
   43.694011325750679   52.568903045349948 
   218.77895599106367   197.48395838003691 
   51.236483658407181   45.026430712693433 
   196.15153899309414   220.11137537800644 
    13.52412199512465   82.738792375975976 
   188.60906666043763   227.65384771066297 
   21.066594327781164   75.196320043319446 
   165.98164966246813   250.28126470863248 
