   168.40948704356947    8.763963693188165 
   177.64709135060349   3.4306303598548249 
   151.62941040387895   1.0333517316778948 
   131.45906981543339   30.097297026521499 
   142.39180609684493   6.3666850650112217 
   140.69667412246741    24.76396369318817 
   114.67899317574289   22.366685065011229 
   94.508652587297362   51.430630359854831 
   105.44138886870888   27.700018398344554 
   103.74625689433138   46.097297026521503 
   77.728575947606856   43.700018398344561 
   57.558235359161337   72.763963693188174 
   68.490971640572823   49.033351731677904 
    66.79583966619532   67.430630359854845 
   40.778158719470802   65.033351731677897 
   20.607818131025283   94.097297026521517 
    31.54055441243678   70.366685065011239 
   29.845422438059288   88.763963693188174 
   3.8277414913347494   86.366685065011225 
     203.664772297328   5.8279089880317825 
   183.49443170888247     34.8918542828754 
   194.42716799029401   11.161242321365123 
   192.73203601591649   29.558520949542061 
   166.71435506919195   27.161242321365116 
   146.54401448074643   56.225187616208736 
   157.47675076215793   32.494575654698451 
   155.78161878778045   50.891854282875407 
   129.76393784105591   48.494575654698465 
   109.59359725261038   77.558520949542071 
   120.52633353402192   53.827908988031787 
   118.83120155964438   72.225187616208743 
   92.813520612919859   69.827908988031794 
   72.643180024474347     98.8918542828754 
   83.575916305885841   75.161242321365137 
   81.880784331508352   93.558520949542071 
   55.863103384783827   91.161242321365137 
     35.6927627963383   120.22518761620874 
   46.625499077749794    96.49457565469848 
   44.930367103372305   114.89185428287541 
   18.912686156647776   112.49457565469848 
   9.6750818496137576   117.82790898803182 
   7.9799498752362519   136.22518761620876 
   218.74971696264103   31.955799577719002 
   198.57937637419548   61.019744872562619 
   209.51211265560698   37.289132911052342 
    207.8169806812295   55.686411539229297 
   181.79929973450496   53.289132911052334 
   161.62895914605943   82.353078205895955 
   172.56169542747097   58.622466244385677 
   170.86656345309345   77.019744872562626 
   144.84888250636891   74.622466244385663 
    124.6785419179234    103.6864115392293 
   135.61127819933492   79.955799577719006 
    133.9161462249574   98.353078205895955 
   107.89846527823288    95.95579957771902 
   87.728124689787364   125.01974487256264 
   98.660860971198858   101.28913291105236 
   96.965728996821355   119.68641153922931 
   70.948048050096844   117.28913291105235 
    50.77770746165131   146.35307820589594 
   61.710443743062811   122.62246624438569 
   60.015311768685315   141.01974487256265 
    33.99763082196079   138.62246624438569 
   13.827290233515274   167.68641153922931 
   24.760026514926757   143.95579957771903 
   23.064894540549265   162.35307820589597 
   233.83466162795403   58.083690167406239 
   213.66432103950848   87.147635462249838 
   224.59705732092002   63.417023500739582 
   222.90192534654253   81.814302128916495 
   196.88424439981799   79.417023500739589 
   176.71390381137246   108.48096879558318 
   187.64664009278397   84.750356834072917 
   185.95150811840645   103.14763546224985 
   159.93382717168194   100.75035683407292 
   139.76348658323641   129.81430212891649 
   150.69622286464792   106.08369016740625 
   149.00109089027043   124.48096879558318 
   122.98340994354589   122.08369016740625 
   102.81306935510038   151.14763546224984 
   113.74580563651188   127.41702350073959 
   112.05067366213439   145.81430212891652 
   86.032992715409847   143.41702350073959 
   65.862652126964321   172.48096879558321 
   76.795388408375828   148.75035683407293 
   75.100256433998325   167.14763546224987 
   49.082575487273807   164.75035683407293 
   28.912234898828288   193.81430212891649 
   39.844971180239789   170.08369016740625 
   38.149839205862278   188.48096879558321 
   248.91960629326704   84.211580757093472 
   228.74926570482151   113.27552605193708 
   239.68200198623305   89.544914090426815 
   237.98687001185553   107.94219271860375 
   211.96918906513102    105.5449140904268 
   191.79884847668546   134.60885938527042 
   202.73158475809697   110.87824742376014 
   201.03645278371948   129.27552605193708 
   175.01877183699494   126.87824742376014 
   154.84843124854945   155.94219271860376 
   165.78116752996095   132.21158075709349 
   164.08603555558344   150.60885938527042 
   138.06835460885893   148.21158075709349 
   117.89801402041338   177.27552605193708 
   128.83075030182491    153.5449140904268 
   127.13561832744739   171.94219271860376 
   101.11793738072286    169.5449140904268 
   80.947596792277338   198.60885938527042 
   91.880333073688846   174.87824742376014 
   90.185201099311342   193.27552605193711 
   64.167520152586818   190.87824742376017 
   43.997179564141305   219.94219271860376 
   54.929915845552799   196.21158075709351 
   53.234783871175296   214.60885938527042 
   243.83421037013454   139.40341664162429 
   254.76694665154605   115.67280468011403 
   253.07181467716853   134.07008330829095 
   227.05413373044402   131.67280468011404 
   206.88379314199847    160.7367499749576 
      217.81652942341   137.00613801344733 
   216.12139744903249   155.40341664162429 
   190.10371650230798   153.00613801344736 
   169.93337591386245   182.07008330829098 
   180.86611219527396    158.3394713467807 
   179.17098022089644   176.73674997495763 
   153.15329927417193    174.3394713467807 
    132.9829586857264   203.40341664162429 
   143.91569496713791   179.67280468011404 
   142.22056299276042   198.07008330829098 
   116.20288204603587   195.67280468011404 
   96.032541457590341   224.73674997495763 
   106.96527773900185   201.00613801344736 
   105.27014576462435   219.40341664162429 
   79.252464817899821   217.00613801344736 
   59.082124229454301   246.07008330829095 
   70.014860510865802    222.3394713467807 
   68.319728536488313   240.73674997495763 
   242.13907839575702   157.80069526980125 
    221.9687378073115   186.86464056464487 
   232.90147408872303    163.1340286031346 
   231.20634211434552   181.53130723131153 
   205.18866116762101   179.13402860313457 
   185.01832057917545   208.19797389797816 
   195.95105686058696   184.46736193646791 
   194.25592488620947   202.86464056464484 
   168.23824393948493   200.46736193646794 
    148.0679033510394   229.53130723131153 
   159.00063963245091   205.80069526980128 
   157.30550765807342   224.19797389797819 
   131.28782671134891   221.80069526980125 
   111.11748612290337   250.86464056464487 
   122.05022240431487    227.1340286031346 
   120.35509042993738   245.53130723131156 
   94.337409483212852    243.1340286031346 
   85.099805176178819   248.46736193646794 
   116.37412515012038   3.9694064368342494 
   247.98641875403604   189.26191919282181 
   220.27360583293401   205.26191919282184 
   79.423707921984331   25.302739770167584 
   211.03600152590002   210.59525252615518 
    88.66131222901835   19.969406436834255 
   183.32318860479796   226.59525252615515 
   42.473290693848305    46.63607310350092 
   174.08558429776394   231.92858585948849 
   51.710895000882296   41.302739770167591 
   146.37277137666189   247.92858585948849 
   5.5228734657122551   67.969406436834262 
   137.13516706962787   253.26191919282184 
    14.76047777274626   62.636073103500934 
