   189.25794975371488   7.7184368030353587 
   162.25259428616536   30.571583886683364 
   178.95474093996481   10.479173284128906 
   172.55580309991544   27.810847405589815 
   148.04511449871464   18.761382727409579 
   121.03975903116513   41.614529811057587 
   137.74190568496456   21.522119208503128 
   131.34296784491519   38.853793329964034 
    106.8322792437144   29.804328651783798 
   79.826923776164904   52.657475735431802 
   96.529070429964321   32.565065132877351 
    90.13013258991495   49.896739254338243 
   65.619443988714139   40.847274576158007 
   38.614088521164646   63.700421659806011 
   55.316235174964064   43.608011057251566 
     48.9172973349147   60.939685178712466 
   24.406608733713895    51.89022050053223 
   14.103399919963818   54.650956981625789 
   7.7044620799144488   71.982631103086689 
   203.46542954116561   19.528637962309144 
   213.76863835491571   16.767901481215581 
   197.06649170111623   36.860312083770047 
   170.06113623356671   59.713459167418044 
   186.76328288736616   39.621048564863599 
   180.36434504731679   56.952722686324492 
   155.85365644611599    47.90325800814427 
    128.8483009785665    70.75640509179226 
   145.55044763236592   50.663994489237822 
   139.15150979231655   67.995668610698701 
   114.64082119111573   58.946203932518493 
   87.635465723566242   81.799351016166469 
   104.33761237736567   61.706940413612038 
   97.938674537316288   79.038614535072924 
   73.427985936115505   69.989149856892709 
   46.422630468565991   92.842296940540692 
   63.124777122365423   72.749886337986254 
   56.725839282316045   90.081560459447147 
   32.215150681115254   81.032095781266918 
   5.2097952135657453   103.88524286491491 
   21.911941867365176   83.792832262360477 
   15.513004027315795   101.12450638382136 
   211.27397148856699   48.670513243043821 
   227.97611814236643   28.578102640489391 
   221.57718030231709   45.909776761950262 
   204.87503364851759   66.002187364504749 
   177.86967818096809   88.855334448152732 
   194.57182483476754   68.762923845598294 
   188.17288699471814   86.094597967059187 
   163.66219839351737   77.045133288878958 
   136.65684292596785   99.898280372526955 
   153.35898957976727   79.805869769972517 
    146.9600517397179   97.137543891433396 
    122.4493631385171   88.088079213253181 
   95.444007670967608   110.94122629690116 
   112.14615432476704   90.848815694346726 
   105.74721648471765   108.18048981580762 
   81.236527883516857    99.13102513762739 
    54.23117241596735   121.98417222127539 
   70.933319069766782   101.89176161872095 
   64.534381229717411   119.22343574018183 
   40.023692628516613   110.17397106200161 
   13.018337160967103   133.02711814564961 
   29.720483814766535   112.93470754309517 
   23.321545974717154   130.26638166455606 
   219.08251343596834   77.812388523778509 
   235.78466008976778   57.719977921224086 
   229.38572224971844    75.05165204268495 
   212.68357559591894   95.144062645239401 
   185.67822012836945   117.99720972888743 
   202.38036678216889   97.904799126332975 
   195.98142894211949   115.23647324779388 
    171.4707403409187   106.18700856961362 
    144.4653848733692   129.04015565326162 
   161.16753152716865   108.94774505070718 
   154.76859368711925   126.27941917216809 
   130.25790508591848   117.22995449398785 
   103.25254961836896   140.08310157763586 
   119.95469627216838   119.99069097508141 
   113.55575843211901   137.32236509654231 
   89.045069830918209   128.27290041836207 
   62.039714363368709   151.12604750201007 
   78.741861017168134   131.03363689945562 
   72.342923177118763   148.36531102091652 
   47.832234575917958   139.31584634273628 
   20.826879108368463    162.1689934263843 
   37.529025762167883   142.07658282382982 
   31.130087922118513   159.40825694529076 
   6.6193993209177071   150.35879226711052 
   226.89105538336969    106.9542638045132 
   243.59320203716914   86.861853201958766 
   237.19426419711979   104.19352732341964 
   220.49211754332029   124.28593792597412 
    193.4867620757708   147.13908500962214 
   210.18890872957024   127.04667440706767 
   203.78997088952084   144.37834852852856 
   179.27928228832005   135.32888385034835 
   152.27392682077055   158.18203093399632 
      168.97607347457   138.08962033144189 
    162.5771356345206   155.42129445290277 
   138.06644703331983   146.37182977472256 
   111.06109156577033   169.22497685837055 
   127.76323821956976   149.13256625581613 
   121.36430037952037   166.46424037727701 
   96.853611778319575   157.41477569909679 
   69.848256310770068   180.26792278274476 
     86.5504029645695   160.17551218019034 
   80.151465124520115   177.50718630165122 
   55.640776523319317     168.457721623471 
   28.635421055769822     191.310868707119 
   45.337567709569235   171.21845810456455 
   38.938629869519872   188.55013222602543 
   14.427941268319065   179.50066754784521 
   234.69959733077104    136.0961390852479 
   251.40174398457049   116.00372848269348 
   245.00280614452114   133.33540260415432 
   228.30065949072164   153.42781320670881 
   201.29530402317215    176.2809602903568 
    217.9974506769716   156.18854968780235 
    211.5985128369222   173.52022380926323 
    187.0878242357214   164.47075913108301 
   160.08246876817191   187.32390621473098 
   176.78461542197135   167.23149561217656 
   170.38567758192195   184.56316973363744 
   145.87498898072116   175.51370505545722 
   118.86963351317166   198.36685213910525 
   135.57178016697108   178.27444153655077 
   129.17284232692171   195.60611565801167 
   104.66215372572093   186.55665097983146 
    77.65679825817142   209.40979806347943 
   94.358944911970852     189.317387460925 
   87.960007071921467   206.64906158238588 
   63.449318470720677   197.59959690420567 
   36.443963003171177   220.45274398785364 
   53.146109656970594   200.36033338529921 
   46.747171816921231   217.69200750676009 
   22.236483215720426   208.64254282857988 
   242.50813927817242   165.23801436598254 
   252.81134809192253   162.47727788488899 
   236.10920143812302   182.56968848744347 
   209.10384597057353   205.42283557109147 
   225.80599262437298   185.33042496853705 
   219.40705478432358   202.66209908999795 
   194.89636618312275   193.61263441181771 
   167.89101071557326   216.46578149546571 
    184.5931573693727   196.37337089291125 
   178.19421952932333   213.70504501437213 
   153.68353092812251   204.65558033619192 
   126.67817546057303   227.50872741983991 
   143.38032211437243   207.41631681728546 
   136.98138427432306   224.74799093874634 
   112.47069567312226   215.69852626056615 
   85.465340205572772   238.55167334421412 
   102.16748685937219    218.4592627416597 
   95.768549019322819   235.79093686312058 
   71.257860418122021   226.74147218494033 
   44.252504950572522   249.59461926858833 
   60.954651604371954   229.50220866603391 
   54.555713764322576   246.83388278749479 
   30.045025163121782   237.78441810931457 
   250.31668122557377   194.37988964671726 
   243.91774338552437   211.71156376817817 
   154.44405233876401    1.429708605948671 
   233.61453457177433   214.47230024927171 
   202.70490813052413    222.7545096925524 
   113.23121708376377   12.472654530322878 
   192.40169931677408   225.51524617364595 
   123.53442589751383   9.7119180492293289 
   161.49207287552389   233.79745561692661 
   72.018381828763538   23.515600454697097 
   151.18886406177378   236.55819209802016 
   82.321590642513584   20.754863973603538 
   120.27923762052363   244.84040154130082 
   30.805546573763277   34.558546379071302 
   109.97602880677356   247.60113802239439 
   41.108755387513341   31.797809897977757 
   79.066402365523373   255.88334746567506 
