   227.71931470239048    23.88618408472265 
   195.71931470239048   38.971128750035668 
   217.05264803572385    23.88618408472265 
   206.38598136905716   38.971128750035668 
   185.05264803572382    23.88618408472265 
   153.05264803572382   38.971128750035668 
   174.38598136905713    23.88618408472265 
   163.71931470239048   38.971128750035668 
   142.38598136905716    23.88618408472265 
   110.38598136905716   38.971128750035668 
   131.71931470239048    23.88618408472265 
   121.05264803572382   38.971128750035668 
   99.719314702390491    23.88618408472265 
   67.719314702390506   38.971128750035668 
   89.052648035723806    23.88618408472265 
   78.385981369057149   38.971128750035668 
    57.05264803572382    23.88618408472265 
   25.052648035723834   38.971128750035668 
   46.385981369057141    23.88618408472265 
   35.719314702390484   38.971128750035668 
   14.385981369057154   23.886184084722665 
   238.38598136905719   38.971128750035668 
   3.7193147023905015   23.886184084722665 
   249.05264803572382   38.971128750035653 
   227.71931470239048   54.056073415348678 
   195.71931470239048   69.141018080661681 
   217.05264803572385   54.056073415348678 
   206.38598136905716   69.141018080661681 
   185.05264803572382   54.056073415348678 
   153.05264803572382   69.141018080661695 
   174.38598136905713   54.056073415348678 
   163.71931470239048   69.141018080661695 
   142.38598136905716   54.056073415348678 
   110.38598136905716   69.141018080661695 
   131.71931470239048   54.056073415348678 
   121.05264803572382   69.141018080661695 
   99.719314702390491   54.056073415348678 
   67.719314702390506   69.141018080661709 
   89.052648035723806   54.056073415348678 
   78.385981369057149   69.141018080661695 
    57.05264803572382   54.056073415348678 
   25.052648035723834   69.141018080661709 
   46.385981369057141   54.056073415348678 
   35.719314702390484   69.141018080661709 
   14.385981369057154   54.056073415348692 
   238.38598136905719   69.141018080661681 
   3.7193147023905015   54.056073415348692 
   249.05264803572382   69.141018080661681 
   227.71931470239048   84.225962745974712 
   195.71931470239048   99.310907411287715 
   217.05264803572385   84.225962745974712 
   206.38598136905716   99.310907411287715 
   185.05264803572382   84.225962745974712 
   153.05264803572382   99.310907411287715 
   174.38598136905716   84.225962745974712 
   163.71931470239048   99.310907411287715 
   142.38598136905716   84.225962745974712 
   110.38598136905716   99.310907411287715 
   131.71931470239048   84.225962745974712 
   121.05264803572382   99.310907411287715 
   99.719314702390491   84.225962745974712 
   67.719314702390506   99.310907411287715 
   89.052648035723806   84.225962745974712 
   78.385981369057149   99.310907411287715 
    57.05264803572382   84.225962745974712 
   25.052648035723834   99.310907411287715 
   46.385981369057141   84.225962745974712 
   35.719314702390484   99.310907411287715 
   14.385981369057154   84.225962745974712 
   238.38598136905719   99.310907411287715 
   3.7193147023905015   84.225962745974712 
   249.05264803572382   99.310907411287715 
   227.71931470239048   114.39585207660072 
   195.71931470239048   129.48079674191374 
   217.05264803572385   114.39585207660072 
   206.38598136905716   129.48079674191374 
   185.05264803572382   114.39585207660072 
   153.05264803572382   129.48079674191374 
   174.38598136905716   114.39585207660072 
   163.71931470239048   129.48079674191374 
   142.38598136905716   114.39585207660072 
   110.38598136905716   129.48079674191374 
   131.71931470239048   114.39585207660072 
   121.05264803572382   129.48079674191374 
   99.719314702390491   114.39585207660072 
   67.719314702390506   129.48079674191374 
   89.052648035723806   114.39585207660072 
   78.385981369057149   129.48079674191374 
    57.05264803572382   114.39585207660072 
   25.052648035723834   129.48079674191374 
   46.385981369057141   114.39585207660072 
   35.719314702390484   129.48079674191374 
   14.385981369057154   114.39585207660073 
   238.38598136905719   129.48079674191374 
   3.7193147023905015   114.39585207660073 
   249.05264803572382   129.48079674191374 
   227.71931470239048   144.56574140722674 
   195.71931470239048   159.65068607253977 
   217.05264803572385   144.56574140722674 
   206.38598136905716   159.65068607253977 
   185.05264803572382   144.56574140722674 
   153.05264803572385   159.65068607253977 
   174.38598136905716   144.56574140722674 
   163.71931470239048   159.65068607253977 
   142.38598136905716   144.56574140722677 
   110.38598136905716   159.65068607253977 
   131.71931470239051   144.56574140722677 
   121.05264803572382   159.65068607253977 
   99.719314702390491   144.56574140722677 
   67.719314702390506    159.6506860725398 
   89.052648035723806   144.56574140722677 
   78.385981369057149    159.6506860725398 
    57.05264803572382   144.56574140722677 
   25.052648035723834    159.6506860725398 
   46.385981369057141   144.56574140722677 
   35.719314702390484    159.6506860725398 
   14.385981369057154   144.56574140722677 
   238.38598136905719   159.65068607253977 
   3.7193147023905015   144.56574140722677 
   249.05264803572382   159.65068607253977 
   227.71931470239048   174.73563073785277 
   195.71931470239048   189.82057540316578 
   217.05264803572385   174.73563073785277 
   206.38598136905716   189.82057540316578 
   185.05264803572382   174.73563073785277 
   153.05264803572385   189.82057540316578 
   174.38598136905716   174.73563073785277 
   163.71931470239048   189.82057540316578 
   142.38598136905716   174.73563073785277 
   110.38598136905716   189.82057540316578 
   131.71931470239051   174.73563073785277 
   121.05264803572382   189.82057540316578 
   99.719314702390491   174.73563073785277 
   67.719314702390506    189.8205754031658 
   89.052648035723806   174.73563073785277 
   78.385981369057149   189.82057540316578 
    57.05264803572382    174.7356307378528 
   25.052648035723834    189.8205754031658 
   46.385981369057141    174.7356307378528 
   35.719314702390484    189.8205754031658 
   14.385981369057154    174.7356307378528 
   238.38598136905719   189.82057540316578 
   3.7193147023905015    174.7356307378528 
   249.05264803572382   189.82057540316578 
   227.71931470239048   204.90552006847881 
   195.71931470239048   219.99046473379181 
   217.05264803572385   204.90552006847881 
   206.38598136905716   219.99046473379181 
   185.05264803572382   204.90552006847881 
   153.05264803572385   219.99046473379181 
   174.38598136905716   204.90552006847881 
   163.71931470239048   219.99046473379181 
   142.38598136905716   204.90552006847881 
   110.38598136905716   219.99046473379181 
   131.71931470239051   204.90552006847881 
   121.05264803572382   219.99046473379181 
   99.719314702390491   204.90552006847881 
   67.719314702390506   219.99046473379181 
   89.052648035723806   204.90552006847881 
   78.385981369057149   219.99046473379181 
    57.05264803572382   204.90552006847881 
   25.052648035723834   219.99046473379181 
   46.385981369057141   204.90552006847881 
   35.719314702390484   219.99046473379181 
   14.385981369057154   204.90552006847881 
   238.38598136905719   219.99046473379181 
   3.7193147023905015   204.90552006847881 
   249.05264803572382   219.99046473379178 
   227.71931470239048   235.07540939910481 
   195.71931470239048   8.8012394194096366 
   217.05264803572385   235.07540939910481 
   206.38598136905716   8.8012394194096366 
   185.05264803572382   235.07540939910481 
   153.05264803572382   8.8012394194096366 
   174.38598136905716   235.07540939910481 
   163.71931470239048   8.8012394194096366 
   142.38598136905716   235.07540939910481 
   110.38598136905716   8.8012394194096366 
   131.71931470239051   235.07540939910481 
   121.05264803572382   8.8012394194096366 
   99.719314702390491   235.07540939910481 
   67.719314702390506   8.8012394194096366 
   89.052648035723806   235.07540939910481 
   78.385981369057149   8.8012394194096366 
    57.05264803572382   235.07540939910481 
    25.05264803572382   8.8012394194096366 
   46.385981369057141   235.07540939910481 
   35.719314702390477   8.8012394194096366 
   14.385981369057154   235.07540939910484 
   238.38598136905719   8.8012394194096366 
   3.7193147023905015   235.07540939910484 
   249.05264803572382   8.8012394194096224 
