    23.41824379109579   2.1393520149683285 
   39.418243791095797   18.139352014968335 
    23.41824379109579   34.139352014968338 
   39.418243791095797   50.139352014968331 
    23.41824379109579   66.139352014968324 
   39.418243791095797   82.139352014968324 
    23.41824379109579   98.139352014968338 
   39.418243791095797   114.13935201496834 
    23.41824379109579   130.13935201496832 
   39.418243791095797   146.13935201496832 
    23.41824379109579   162.13935201496835 
   39.418243791095797   178.13935201496835 
    23.41824379109579   194.13935201496835 
   39.418243791095797   210.13935201496835 
    23.41824379109579   226.13935201496832 
   39.418243791095797   242.13935201496832 
   55.418243791095804   2.1393520149683285 
    71.41824379109579   18.139352014968335 
   55.418243791095804   34.139352014968338 
    71.41824379109579   50.139352014968331 
   55.418243791095804   66.139352014968324 
    71.41824379109579   82.139352014968324 
   55.418243791095804   98.139352014968338 
    71.41824379109579   114.13935201496834 
   55.418243791095804   130.13935201496832 
    71.41824379109579   146.13935201496832 
   55.418243791095804   162.13935201496835 
    71.41824379109579   178.13935201496835 
   55.418243791095804   194.13935201496835 
    71.41824379109579   210.13935201496835 
   55.418243791095804   226.13935201496832 
    71.41824379109579   242.13935201496832 
   87.418243791095804   2.1393520149683285 
   103.41824379109579   18.139352014968335 
   87.418243791095804   34.139352014968338 
   103.41824379109579   50.139352014968331 
   87.418243791095804   66.139352014968324 
   103.41824379109579   82.139352014968324 
   87.418243791095804   98.139352014968338 
   103.41824379109579   114.13935201496834 
   87.418243791095804   130.13935201496832 
   103.41824379109579   146.13935201496832 
   87.418243791095804   162.13935201496835 
   103.41824379109579   178.13935201496835 
   87.418243791095804   194.13935201496835 
   103.41824379109579   210.13935201496835 
   87.418243791095804   226.13935201496832 
   103.41824379109579   242.13935201496832 
   119.41824379109579   2.1393520149683285 
   135.41824379109582   18.139352014968335 
   119.41824379109579   34.139352014968338 
   135.41824379109582   50.139352014968331 
   119.41824379109579   66.139352014968324 
   135.41824379109582   82.139352014968324 
   119.41824379109579   98.139352014968338 
   135.41824379109582   114.13935201496834 
   119.41824379109579   130.13935201496832 
   135.41824379109582   146.13935201496832 
   119.41824379109579   162.13935201496835 
   135.41824379109582   178.13935201496835 
   119.41824379109579   194.13935201496835 
   135.41824379109582   210.13935201496835 
   119.41824379109579   226.13935201496832 
   135.41824379109582   242.13935201496832 
   151.41824379109579   2.1393520149683285 
   167.41824379109579   18.139352014968335 
   151.41824379109579   34.139352014968338 
   167.41824379109579   50.139352014968331 
   151.41824379109579   66.139352014968324 
   167.41824379109579   82.139352014968324 
   151.41824379109579   98.139352014968338 
   167.41824379109579   114.13935201496834 
   151.41824379109579   130.13935201496832 
   167.41824379109579   146.13935201496832 
   151.41824379109579   162.13935201496835 
   167.41824379109579   178.13935201496835 
   151.41824379109579   194.13935201496835 
   167.41824379109579   210.13935201496835 
   151.41824379109579   226.13935201496832 
   167.41824379109579   242.13935201496832 
   183.41824379109579   2.1393520149683285 
   199.41824379109582   18.139352014968335 
   183.41824379109579   34.139352014968338 
   199.41824379109582   50.139352014968331 
   183.41824379109579   66.139352014968324 
   199.41824379109582   82.139352014968324 
   183.41824379109579   98.139352014968338 
   199.41824379109582   114.13935201496834 
   183.41824379109579   130.13935201496832 
   199.41824379109582   146.13935201496832 
   183.41824379109579   162.13935201496835 
   199.41824379109582   178.13935201496835 
   183.41824379109579   194.13935201496835 
   199.41824379109582   210.13935201496835 
   183.41824379109579   226.13935201496832 
   199.41824379109582   242.13935201496832 
   215.41824379109582   2.1393520149683285 
   231.41824379109582   18.139352014968335 
   215.41824379109582   34.139352014968338 
   231.41824379109582   50.139352014968331 
   215.41824379109582   66.139352014968324 
   231.41824379109582   82.139352014968324 
   215.41824379109582   98.139352014968338 
   231.41824379109582   114.13935201496834 
   215.41824379109582   130.13935201496832 
   231.41824379109582   146.13935201496832 
   215.41824379109582   162.13935201496835 
   231.41824379109582   178.13935201496835 
   215.41824379109582   194.13935201496835 
   231.41824379109582   210.13935201496835 
   215.41824379109582   226.13935201496832 
   231.41824379109582   242.13935201496832 
   247.41824379109579   2.1393520149683285 
   7.4182437910957706   18.139352014968335 
   247.41824379109579   34.139352014968338 
   7.4182437910957706   50.139352014968331 
   247.41824379109579   66.139352014968324 
   7.4182437910957706   82.139352014968324 
   247.41824379109579   98.139352014968338 
   7.4182437910957706   114.13935201496834 
   247.41824379109579   130.13935201496832 
   7.4182437910957706   146.13935201496832 
   247.41824379109579   162.13935201496835 
   7.4182437910957706   178.13935201496835 
   247.41824379109579   194.13935201496835 
   7.4182437910957706   210.13935201496835 
   247.41824379109579   226.13935201496832 
   7.4182437910957706   242.13935201496832 
