   70.204168307021035   14.726915298243261 
   50.608250364755627   26.040623797228026 
   61.921958863740372   45.636541739493445 
   42.326040921474956   56.950250238478212 
   53.639749420459708   76.546168180743635 
   34.043831478194292   87.859876679728416 
   45.357539977179044   107.45579462199383 
   25.761622034913639   118.76950312097858 
   37.075330533898388   138.36542106324399 
   17.479412591632972   149.67912956222878 
   28.793121090617721   169.27504750449418 
   9.1972031483523047   180.58875600347898 
   20.510911647337057   200.18467394574438 
    89.80008624928648   3.4132067992584965 
   101.11379474827125    23.00912474152393 
   81.517876806005802   34.322833240508693 
   92.831585304990568   53.918751182774109 
   73.235667362725138   65.232459681758868 
   84.549375861709905   84.828377624024299 
   64.953457919444475   96.142086123009079 
   76.267166418429241   115.73800406527451 
   56.671248476163818   127.05171256425925 
   67.984956975148577   146.64763050652465 
   48.389039032883154   157.96133900550944 
   59.702747531867907   177.55725694777487 
   40.106829589602491   188.87096544675964 
   51.420538088587236   208.46688338902507 
    31.82462014632182   219.78059188800981 
   120.70971269053665   11.695416242539164 
   132.02342118952143   31.291334184804594 
   112.42750324725598    42.60504268378935 
   123.74121174624075    62.20096062605478 
   104.14529380397532   73.514669125039546 
   115.45900230296009   93.110587067304962 
   95.863084360694657   104.42429556628973 
   107.17679285967942   124.02021350855516 
   87.580874917413993   135.33392200753991 
   98.894583416398774   154.92983994980534 
    79.29866547413333   166.24354844879011 
    90.61237397311811   185.83946639105554 
   71.016456030852652    197.1531748900403 
   82.330164529837432   216.74909283230573 
   62.734246587572002   228.06280133129044 
   151.61933913178686   19.977625685819831 
    162.9330476307716   39.573543628085247 
    143.3371296885062   50.887252127070013 
   154.65083818749093   70.483170069335443 
   135.05492024522553    81.79687856832021 
   146.36862874421027   101.39279651058563 
   126.77271080194485   112.70650500957039 
   138.08641930092961   132.30242295183584 
   118.49050135866419   143.61613145082057 
   129.80420985764894   163.21204939308601 
   110.20829191538353   174.52575789207074 
   121.52200041436829    194.1216758343362 
   101.92608247210285   205.43538433332094 
   113.23979097108761    225.0313022755864 
   93.643873028822199   236.34501077457114 
   171.21525707405226   8.6639171868350786 
   182.52896557303703   28.259835129100484 
   193.84267407202177   47.855753071365918 
   174.24675612975636   59.169461570350677 
    185.5604646287411   78.765379512616093 
    165.9645466864757   90.079088011600859 
   177.27825518546044   109.67500595386629 
   157.68233724319504   120.98871445285106 
   168.99604574217977    140.5846323951165 
   149.40012779991434   151.89834089410121 
   160.71383629889914   171.49425883636667 
   141.11791835663368   182.80796733535141 
   152.43162685561848   202.40388527761687 
   132.83570891335302   213.71759377660163 
   144.14941741233781   233.31351171886706 
   124.55349947007237   244.62722021785177 
   202.12488351530243   16.946126630115732 
   213.43859201428722   36.542044572381151 
   224.75230051327196   56.137962514646581 
   205.15638257100653   67.451671013631341 
    216.4700910699913   87.047588955896771 
    196.8741731277259   98.361297454881537 
   208.18788162671063   117.95721539714697 
   188.59196368444523   129.27092389613173 
   199.90567218342997   148.86684183839716 
   180.30975424116457   160.18055033738187 
   191.62346274014934   179.77646827964733 
   172.02754479788388   191.09017677863207 
   183.34125329686864    210.6860947208975 
   163.74533535460321   221.99980321988227 
   175.05904385358801    241.5957211621477 
   155.46312591132255   252.90942966113246 
   233.03450995655265   25.228336073396399 
   244.34821845553742   44.824254015661815 
   255.66192695452216   64.420171957927238 
   236.06600901225673   75.733880456912019 
   247.37971751124149   95.329798399177434 
   227.78379956897609    106.6435068981622 
   239.09750806796083   126.23942484042763 
    219.5015901256954   137.55313333941237 
   230.81529862468017   157.14905128167783 
   211.21938068241477   168.46275978066254 
   222.53308918139953     188.058677722928 
   202.93717123913407   199.37238622191276 
   214.25087973811884   218.96830416417819 
   194.65496179585341   230.28201266316296 
    205.9686702948382   249.87793060542839 
   39.294541865770832   6.4447058549625948 
   31.012332422490161   37.354332296212782 
   22.730122979209497   68.263958737462957 
    250.4112165669456   145.83534278269306 
   14.447913535928828   99.173585178713154 
   242.12900712366493   176.74496922394323 
   6.1657040926481761   130.08321161996332 
   233.84679768038424   207.65459566519343 
   225.56458823710358   238.56422210644362 
