   78.199764450021746   4.6035086256223625 
   56.343357989470739   10.459915086173387 
   62.199764450021746   32.316321546724396 
   40.343357989470746   38.172728007275424 
   46.199764450021753   60.029134467826438 
   24.343357989470739   65.885540928377466 
   30.199764450021764    87.74194738892848 
   8.3433579894707499   93.598353849479508 
   14.199764450021773   115.45476031003051 
   105.91257737112379   20.603508625622368 
   84.056170910572774   26.459915086173378 
   89.912577371123803    48.31632154672441 
   68.056170910572789   54.172728007275417 
   73.912577371123788   76.029134467826452 
   52.056170910572781   81.885540928377466 
   57.912577371123803   103.74194738892848 
   36.056170910572789   109.59835384947951 
    41.91257737112381   131.45476031003051 
   20.056170910572799   137.31116677058154 
   25.912577371123806   159.16757323113254 
   4.0561709105727921   165.02397969168359 
   9.9125773711238008   186.88038615223459 
    127.7689838316748   14.747102165071343 
   133.62539029222583   36.603508625622375 
   111.76898383167482   42.459915086173382 
   117.62539029222583   64.316321546724396 
   95.768983831674802    70.17272800727541 
   101.62539029222583   92.029134467826452 
   79.768983831674802   97.885540928377466 
   85.625390292225845   119.74194738892848 
   63.768983831674809   125.59835384947949 
   69.625390292225831   147.45476031003051 
   47.768983831674824   153.31116677058151 
   53.625390292225845   175.16757323113256 
   31.768983831674817   181.02397969168356 
   37.625390292225838   202.88038615223459 
   15.768983831674825   208.73679261278559 
   149.62539029222583   8.8906957045203043 
   155.48179675277683    30.74710216507135 
   161.33820321332789   52.603508625622382 
   139.48179675277686   58.459915086173389 
   145.33820321332789   80.316321546724396 
   123.48179675277686    86.17272800727541 
   129.33820321332789   108.02913446782644 
   107.48179675277686   113.88554092837747 
   113.33820321332789   135.74194738892848 
   91.481796752776845   141.59835384947948 
   97.338203213327887   163.45476031003051 
   75.481796752776873   169.31116677058151 
   81.338203213327887   191.16757323113256 
   59.481796752776866   197.02397969168356 
   65.338203213327887   218.88038615223462 
    43.48179675277688   224.73679261278559 
   177.33820321332789   24.890695704520311 
   183.19460967387886    46.74710216507134 
   189.05101613442991   68.603508625622354 
   167.19460967387886   74.459915086173368 
   173.05101613442991   96.316321546724396 
   151.19460967387889   102.17272800727541 
   157.05101613442989   124.02913446782644 
   135.19460967387889   129.88554092837745 
   141.05101613442991   151.74194738892845 
   119.19460967387887   157.59835384947951 
   125.05101613442991   179.45476031003048 
    103.1946096738789   185.31116677058151 
   109.05101613442991   207.16757323113254 
   87.194609673878887   213.02397969168354 
   93.051016134429901   234.88038615223459 
   71.194609673878901   240.73679261278556 
   205.05101613442991   40.890695704520304 
   210.90742259498091   62.747102165071333 
   216.76382905553197   84.603508625622354 
   194.90742259498094   90.459915086173368 
   200.76382905553194    112.3163215467244 
   178.90742259498094   118.17272800727541 
   184.76382905553194   140.02913446782642 
   162.90742259498094   145.88554092837745 
   168.76382905553194   167.74194738892845 
   146.90742259498091   173.59835384947951 
   152.76382905553197   195.45476031003048 
   130.90742259498094   201.31116677058154 
   136.76382905553197   223.16757323113254 
   114.90742259498093   229.02397969168354 
   120.76382905553196   250.88038615223459 
   98.907422594980943   256.73679261278556 
   232.76382905553197   56.890695704520304 
   238.62023551608297    78.74710216507134 
   244.47664197663397   100.60350862562237 
   222.62023551608297   106.45991508617338 
   228.47664197663397    128.3163215467244 
   206.62023551608297    134.1727280072754 
     212.476641976634   156.02913446782645 
     190.620235516083   161.88554092837745 
   196.47664197663403   183.74194738892848 
   174.62023551608297   189.59835384947951 
   180.47664197663403   211.45476031003048 
     158.620235516083   217.31116677058154 
   164.47664197663403   239.16757323113254 
     142.620235516083   245.02397969168356 
     250.333048437185   122.45991508617337 
   256.18945489773603    144.3163215467244 
     234.333048437185    150.1727280072754 
   240.18945489773603   172.02913446782642 
   218.33304843718497   177.88554092837745 
   224.18945489773606   199.74194738892845 
     202.333048437185   205.59835384947948 
   208.18945489773606   227.45476031003048 
     186.333048437185   233.31116677058151 
   192.18945489773603   255.16757323113254 
