     116.270588897023   7.8425076878297304 
   94.414182436472004   1.9861012272787213 
   88.557775975920975   23.842507687829723 
   66.701369515369962   17.986101227278727 
   60.844963054818933   39.842507687829745 
   38.988556594267948   33.986101227278731 
   33.132150133716927    55.84250768782973 
   11.275743673165895   49.986101227278738 
   5.4193372126148702   71.842507687829738 
   159.98340181812509   19.555320608931765 
   138.12699535757403   13.698914148380755 
   132.27058889702303   35.555320608931787 
   110.41418243647202   29.698914148380744 
   104.55777597592099   51.555320608931773 
   82.701369515369962   45.698914148380751 
   76.844963054818948   67.555320608931794 
   54.988556594267955   61.698914148380759 
   49.132150133716927    83.55532060893178 
   27.275743673165898   77.698914148380766 
   21.419337212614892   99.555320608931794 
   187.69621473922712    3.555320608931773 
   181.83980827867606   25.411727069482787 
   175.98340181812506   47.268133530033801 
   154.12699535757403   41.411727069482794 
   148.27058889702303   63.268133530033808 
   126.41418243647202   57.411727069482787 
     120.557775975921   79.268133530033808 
   98.701369515369962   73.411727069482808 
   92.844963054818962   95.268133530033822 
   70.988556594267948   89.411727069482779 
   65.132150133716934   111.26813353003381 
   43.275743673165906   105.41172706948279 
   37.419337212614884   127.26813353003384 
   15.562930752063867   121.41172706948281 
   9.7065242915128422   143.26813353003382 
   203.69621473922709   31.268133530033797 
   197.83980827867609   53.124539990584829 
   191.98340181812506   74.980946451135836 
   170.12699535757406   69.124539990584822 
   164.27058889702303   90.980946451135864 
   142.41418243647203   85.124539990584822 
     136.557775975921   106.98094645113585 
   114.70136951536998   101.12453999058482 
   108.84496305481896   122.98094645113586 
   86.988556594267948   117.12453999058484 
   81.132150133716934   138.98094645113585 
   59.275743673165913   133.12453999058485 
   53.419337212614899   154.98094645113585 
    31.56293075206387   149.12453999058485 
   25.706524291512849   170.98094645113585 
   3.8501178309618482   165.12453999058485 
   219.69621473922712   58.980946451135836 
   213.83980827867609   80.837352911686864 
   207.98340181812506   102.69375937223786 
   186.12699535757406    96.83735291168685 
   180.27058889702306   118.69375937223788 
   158.41418243647203   112.83735291168686 
     152.557775975921   134.69375937223785 
   130.70136951536998   128.83735291168688 
   124.84496305481896   150.69375937223788 
   102.98855659426796   144.83735291168685 
   97.132150133716934   166.69375937223788 
    75.27574367316592   160.83735291168685 
   69.419337212614892   182.69375937223788 
   47.562930752063878   176.83735291168688 
   41.706524291512842   198.69375937223788 
   19.850117830961853   192.83735291168688 
   235.69621473922709   86.693759372237864 
   229.83980827867609   108.55016583278889 
   223.98340181812509   130.40657229333991 
   202.12699535757406   124.55016583278889 
   196.27058889702306   146.40657229333991 
   174.41418243647203   140.55016583278891 
     168.557775975921   162.40657229333991 
   146.70136951536998   156.55016583278891 
   140.84496305481895   178.40657229333993 
   118.98855659426796   172.55016583278888 
   113.13215013371693   194.40657229333993 
   91.275743673165906   188.55016583278888 
   85.419337212614892   210.40657229333993 
   63.562930752063878   204.55016583278891 
   57.706524291512856   226.40657229333993 
   35.850117830961857   220.55016583278891 
   251.69621473922709   114.40657229333992 
   245.83980827867609   136.26297875389093 
   239.98340181812509   158.11938521444196 
   218.12699535757406   152.26297875389093 
   212.27058889702306   174.11938521444196 
   190.41418243647203   168.26297875389093 
     184.557775975921   190.11938521444196 
   162.70136951536998   184.26297875389096 
   156.84496305481898   206.11938521444196 
   134.98855659426798   200.26297875389093 
   129.13215013371695   222.11938521444199 
   107.27574367316593   216.26297875389093 
   101.41933721261491   238.11938521444199 
   79.562930752063892   232.26297875389096 
   73.706524291512864   254.11938521444199 
   51.850117830961864   248.26297875389096 
   255.98340181812509   185.83219813554399 
   234.12699535757406   179.97579167499293 
   228.27058889702306   201.83219813554399 
   206.41418243647203   195.97579167499296 
     200.557775975921   217.83219813554399 
   178.70136951536998   211.97579167499296 
   172.84496305481895   233.83219813554399 
   150.98855659426798   227.97579167499296 
   145.13215013371695   249.83219813554399 
   123.27574367316592   243.97579167499296 
