   77.933014676436201   23.442550502522856 
   55.305597678466675   23.442550502522856 
   55.305597678466675   46.069967500492389 
   32.678180680497142   46.069967500492389 
   32.678180680497171   68.697384498461901 
    10.05076368252764   68.697384498461901 
    10.05076368252764   91.324801496431434 
   123.18784867237524   23.442550502522856 
   100.56043167440572   23.442550502522856 
   100.56043167440572   46.069967500492375 
   77.933014676436201   46.069967500492375 
   77.933014676436201   68.697384498461901 
   55.305597678466675   68.697384498461901 
    55.30559767846669   91.324801496431405 
   32.678180680497171   91.324801496431405 
   32.678180680497171   113.95221849440094 
    10.05076368252764   113.95221849440094 
    10.05076368252764   136.57963549237047 
   168.44268266831426   23.442550502522842 
   145.81526567034476   23.442550502522856 
   145.81526567034476   46.069967500492375 
   123.18784867237524   46.069967500492389 
   123.18784867237524   68.697384498461886 
   100.56043167440573   68.697384498461901 
   100.56043167440572   91.324801496431419 
   77.933014676436201   91.324801496431434 
   77.933014676436201   113.95221849440092 
   55.305597678466704   113.95221849440094 
    55.30559767846669   136.57963549237047 
   32.678180680497171   136.57963549237047 
   32.678180680497157      159.20705249034 
    10.05076368252767   159.20705249033998 
   10.050763682527656   181.83446948830951 
    191.0700996662838   23.442550502522856 
    191.0700996662838   46.069967500492375 
   168.44268266831426   46.069967500492375 
   168.44268266831429   68.697384498461901 
   145.81526567034476   68.697384498461901 
   145.81526567034476   91.324801496431405 
   123.18784867237525   91.324801496431419 
   123.18784867237525   113.95221849440095 
   100.56043167440572   113.95221849440095 
   100.56043167440573   136.57963549237047 
   77.933014676436215   136.57963549237047 
   77.933014676436215      159.20705249034 
    55.30559767846669      159.20705249034 
    55.30559767846669   181.83446948830951 
   32.678180680497185   181.83446948830951 
   32.678180680497185   204.46188648627901 
   213.69751666425333   46.069967500492375 
   213.69751666425333   68.697384498461872 
    191.0700996662838   68.697384498461901 
    191.0700996662838   91.324801496431405 
   168.44268266831426   91.324801496431405 
   168.44268266831426   113.95221849440092 
   145.81526567034476   113.95221849440094 
   145.81526567034476   136.57963549237044 
   123.18784867237524   136.57963549237047 
   123.18784867237525   159.20705249033998 
   100.56043167440573   159.20705249033998 
   100.56043167440572   181.83446948830951 
   77.933014676436201   181.83446948830951 
   77.933014676436201   204.46188648627901 
   55.305597678466704   204.46188648627901 
    55.30559767846669   227.08930348424855 
   236.32493366222283   68.697384498461886 
   236.32493366222283   91.324801496431405 
   213.69751666425333   91.324801496431405 
   213.69751666425333   113.95221849440092 
    191.0700996662838   113.95221849440092 
   191.07009966628382   136.57963549237044 
   168.44268266831426   136.57963549237044 
   168.44268266831426   159.20705249033998 
   145.81526567034476   159.20705249033998 
   145.81526567034476   181.83446948830951 
   123.18784867237525   181.83446948830951 
   123.18784867237525   204.46188648627901 
   100.56043167440572   204.46188648627901 
   100.56043167440573   227.08930348424857 
   77.933014676436215   227.08930348424852 
   77.933014676436215   249.71672048221808 
   236.32493366222283   113.95221849440094 
   236.32493366222286   136.57963549237047 
   213.69751666425333   136.57963549237047 
   213.69751666425333   159.20705249033998 
   191.07009966628382   159.20705249033998 
   191.07009966628382   181.83446948830951 
   168.44268266831429   181.83446948830951 
   168.44268266831432   204.46188648627901 
   145.81526567034476   204.46188648627901 
   145.81526567034479   227.08930348424857 
   123.18784867237525   227.08930348424857 
   123.18784867237527   249.71672048221808 
   100.56043167440575   249.71672048221808 
   236.32493366222283   159.20705249033998 
   236.32493366222286   181.83446948830951 
   213.69751666425333   181.83446948830951 
   213.69751666425333   204.46188648627901 
    191.0700996662838   204.46188648627901 
   191.07009966628382   227.08930348424852 
   168.44268266831429   227.08930348424852 
   168.44268266831429   249.71672048221808 
   145.81526567034476   249.71672048221808 
