   173.40209878957199   3.6106956928846228 
   142.49247234832183   11.892905136165275 
   111.58284590707161   20.175114579445943 
   91.986927964806213   8.8614060804611903 
   80.673219465821461    28.45732402272661 
   61.077301523556052   17.143615523741857 
   49.763593024571271   36.739533466007273 
   30.167675082305852   25.425824967022525 
   18.853966583321071   45.021742909287944 
   223.90764317308762   6.6421947485887216 
   212.59393467410283   26.238112690854155 
   192.99801673183742   14.924404191869389 
   181.68430823285266   34.520322134134823 
   162.08839029058726   23.206613635150042 
   150.77468179160249   42.802531577415472 
   131.17876384933706   31.488823078430709 
   119.86505535035229   51.084741020696143 
   100.26913740808688   39.771032521711376 
   88.955428909102139   59.366950463976806 
   69.359510966836723    48.05324196499204 
   58.045802467851935   67.649159907257456 
   38.449884525586505   56.335451408272711 
   27.136176026601738    75.93136935053812 
   7.5402580843363349   64.617660851553353 
   232.18985261636828   37.551821189838904 
   220.87614411738355   57.147739132104334 
   201.28022617511812   45.834030633119561 
   189.96651767613335   65.429948575384998 
   170.37059973386792   54.116240076400224 
   159.05689123488312   73.712158018665662 
   139.46097329261772   62.398449519680888 
   128.14726479363296   81.994367461946325 
   108.55134685136754   70.680658962961544 
   97.237638352382803   90.276576905226975 
   77.641720410117372   78.962868406242208 
   66.328011911132606   98.558786348507638 
   46.732093968867169   87.245077849522872 
   35.418385469882402    106.8409957917883 
   15.822467527617002    95.52728729280355 
   4.5087590286322357   115.12320523506898 
   240.47206205964895   68.461447631089101 
   229.15835356066418   88.057365573354517 
   209.56243561839875   76.743657074369764 
   198.24872711941401   96.339575016635195 
   178.65280917714858   85.025866517650428 
   167.33910067816382   104.62178445991586 
   147.74318273589839   93.308075960931092 
   136.42947423691362   112.90399390319652 
    116.8335562946482   101.59028540421176 
   105.51984779566347   121.18620334647717 
   85.923929853398036    109.8724948474924 
    74.61022135441327   129.46841278975785 
   55.014303412147839   118.15470429077307 
   43.700594913163073   137.75062223303851 
   24.104676970897668   126.43691373405375 
   12.790968471912903   146.03283167631915 
   248.75427150292958   99.371074072339269 
   237.44056300394485   118.96699201460468 
   217.84464506167942   107.65328351561993 
   206.53093656269468   127.24920145788536 
   186.93501862042925   115.93549295890061 
   175.62131012144448   135.53141090116603 
   156.02539217917905   124.21770240218127 
   144.71168368019428   143.81362034444669 
   125.11576573792887   132.49991184546195 
   113.80205723894412   152.09582978772735 
   94.206139296678685   140.78212128874262 
   82.892430797693933   160.37803923100802 
   63.296512855428503   149.06433073202328 
   51.982804356443722   168.66024867428868 
   32.386886414178335   157.34654017530391 
   21.073177915193554   176.94245811756932 
   245.72277244722551    149.8766184558549 
   226.12685450496008   138.56290995687013 
   214.81314600597531   158.15882789913556 
   195.21722806370988   146.84511940015079 
   183.90351956472514   166.44103734241622 
   164.30760162245969   155.12732884343143 
   152.99389312347495   174.72324678569689 
   133.39797518120952   163.40953828671212 
   122.08426668222479   183.00545622897755 
   102.48834873995935   171.69174772999278 
   91.174640240974597   191.28766567225819 
   71.578722298709152   179.97395717327345 
   60.265013799724393   199.56987511553888 
   40.669095857458984   188.25616661655411 
   29.355387358474221   207.85208455881951 
   254.00498189050617   180.78624489710509 
   234.40906394824074   169.47253639812033 
     223.095355449256   189.06845434038576 
   203.49943750699057   177.75474584140099 
   192.18572900800581   197.35066378366642 
   172.58981106574038   186.03695528468162 
   161.27610256675561   205.63287322694705 
   141.68018462449018   194.31916472796232 
   130.36647612550544   213.91508267022775 
   110.77055818324003   202.60137417124298 
   99.456849684255261   222.19729211350838 
    79.86093174198983   210.88358361452364 
   68.547223243005078   230.47950155678907 
   48.951305300739655   219.16579305780431 
   37.637596801754889   238.76171100006974 
   242.69127339152143   200.38216283937049 
   231.37756489253664   219.97808078163592 
   211.78164695027121   208.66437228265113 
   200.46793845128647   228.26029022491656 
   180.87202050902101   216.94658172593182 
   169.55831201003627   236.54249966819725 
   149.96239406777084   225.22879116921249 
   138.64868556878611   244.82470911147789 
   119.05276762652069   233.51100061249315 
   107.73905912753592   253.10691855475858 
   88.143141185270494   241.79321005577381 
   57.233514744020319   250.07541949905445 
