   38.284088622355547   34.531038314205198 
   60.911505620325066    18.53103831420519 
   60.911505620325066   34.531038314205198 
   38.284088622355547    18.53103831420519 
   38.284088622355547   66.531038314205205 
   60.911505620325066   50.531038314205198 
   60.911505620325066   66.531038314205205 
   38.284088622355547   50.531038314205198 
   38.284088622355547   98.531038314205205 
   60.911505620325066    82.53103831420519 
   60.911505620325066   98.531038314205205 
   38.284088622355547    82.53103831420519 
   38.284088622355547    130.5310383142052 
   60.911505620325066    114.5310383142052 
   60.911505620325066    130.5310383142052 
   38.284088622355547    114.5310383142052 
   38.284088622355547    162.5310383142052 
   60.911505620325066   146.53103831420518 
   60.911505620325066    162.5310383142052 
   38.284088622355547   146.53103831420518 
   38.284088622355547    194.5310383142052 
   60.911505620325066    178.5310383142052 
   60.911505620325066    194.5310383142052 
   38.284088622355547    178.5310383142052 
   38.284088622355547    226.5310383142052 
   60.911505620325066    210.5310383142052 
   60.911505620325066    226.5310383142052 
   38.284088622355547    210.5310383142052 
   38.284088622355547   2.5310383142051984 
   60.911505620325066    242.5310383142052 
   60.911505620325066   2.5310383142051984 
   38.284088622355547    242.5310383142052 
   83.538922618294592   34.531038314205198 
   106.16633961626411    18.53103831420519 
   106.16633961626411   34.531038314205198 
   83.538922618294592    18.53103831420519 
   83.538922618294592   66.531038314205205 
   106.16633961626411   50.531038314205198 
   106.16633961626411   66.531038314205205 
   83.538922618294592   50.531038314205198 
   83.538922618294592   98.531038314205205 
   106.16633961626411    82.53103831420519 
   106.16633961626411   98.531038314205205 
   83.538922618294592    82.53103831420519 
   83.538922618294592    130.5310383142052 
   106.16633961626411    114.5310383142052 
   106.16633961626411    130.5310383142052 
   83.538922618294592    114.5310383142052 
   83.538922618294592    162.5310383142052 
   106.16633961626411   146.53103831420518 
   106.16633961626411    162.5310383142052 
   83.538922618294592   146.53103831420518 
   83.538922618294592    194.5310383142052 
   106.16633961626411    178.5310383142052 
   106.16633961626411    194.5310383142052 
   83.538922618294592    178.5310383142052 
   83.538922618294592    226.5310383142052 
   106.16633961626411    210.5310383142052 
   106.16633961626411    226.5310383142052 
   83.538922618294592    210.5310383142052 
   83.538922618294592   2.5310383142051984 
   106.16633961626411    242.5310383142052 
   106.16633961626411   2.5310383142051984 
   83.538922618294592    242.5310383142052 
   128.79375661423364   34.531038314205198 
   151.42117361220315    18.53103831420519 
   151.42117361220315   34.531038314205198 
   128.79375661423364    18.53103831420519 
   128.79375661423364   66.531038314205205 
   151.42117361220315   50.531038314205198 
   151.42117361220315   66.531038314205205 
   128.79375661423364   50.531038314205198 
   128.79375661423364   98.531038314205205 
   151.42117361220315    82.53103831420519 
   151.42117361220315   98.531038314205205 
   128.79375661423364    82.53103831420519 
   128.79375661423364    130.5310383142052 
   151.42117361220315    114.5310383142052 
   151.42117361220315    130.5310383142052 
   128.79375661423364    114.5310383142052 
   128.79375661423364    162.5310383142052 
   151.42117361220315   146.53103831420518 
   151.42117361220315    162.5310383142052 
   128.79375661423364   146.53103831420518 
   128.79375661423364    194.5310383142052 
   151.42117361220315    178.5310383142052 
   151.42117361220315    194.5310383142052 
   128.79375661423364    178.5310383142052 
   128.79375661423364    226.5310383142052 
   151.42117361220315    210.5310383142052 
   151.42117361220315    226.5310383142052 
   128.79375661423364    210.5310383142052 
   128.79375661423364   2.5310383142051984 
   151.42117361220315    242.5310383142052 
   151.42117361220315   2.5310383142051984 
   128.79375661423364    242.5310383142052 
   174.04859061017265   34.531038314205198 
   196.67600760814221    18.53103831420519 
   196.67600760814221   34.531038314205198 
   174.04859061017265    18.53103831420519 
   174.04859061017265   66.531038314205205 
   196.67600760814221   50.531038314205198 
   196.67600760814221   66.531038314205205 
   174.04859061017265   50.531038314205198 
   174.04859061017265   98.531038314205205 
   196.67600760814221    82.53103831420519 
   196.67600760814221   98.531038314205205 
   174.04859061017265    82.53103831420519 
   174.04859061017265    130.5310383142052 
   196.67600760814221    114.5310383142052 
   196.67600760814221    130.5310383142052 
   174.04859061017265    114.5310383142052 
   174.04859061017265    162.5310383142052 
   196.67600760814221   146.53103831420518 
   196.67600760814221    162.5310383142052 
   174.04859061017265   146.53103831420518 
   174.04859061017265    194.5310383142052 
   196.67600760814221    178.5310383142052 
   196.67600760814221    194.5310383142052 
   174.04859061017265    178.5310383142052 
   174.04859061017265    226.5310383142052 
   196.67600760814221    210.5310383142052 
   196.67600760814221    226.5310383142052 
   174.04859061017265    210.5310383142052 
   174.04859061017265   2.5310383142051984 
   196.67600760814221    242.5310383142052 
   196.67600760814221   2.5310383142051984 
   174.04859061017265    242.5310383142052 
   219.30342460611172   34.531038314205198 
   241.93084160408128    18.53103831420519 
   241.93084160408128   34.531038314205198 
   219.30342460611172    18.53103831420519 
   219.30342460611172   66.531038314205205 
   241.93084160408128   50.531038314205198 
   241.93084160408128   66.531038314205205 
   219.30342460611172   50.531038314205198 
   219.30342460611172   98.531038314205205 
   241.93084160408128    82.53103831420519 
   241.93084160408128   98.531038314205205 
   219.30342460611172    82.53103831420519 
   219.30342460611172    130.5310383142052 
   241.93084160408128    114.5310383142052 
   241.93084160408128    130.5310383142052 
   219.30342460611172    114.5310383142052 
   219.30342460611172    162.5310383142052 
   241.93084160408128   146.53103831420518 
   241.93084160408128    162.5310383142052 
   219.30342460611172   146.53103831420518 
   219.30342460611172    194.5310383142052 
   241.93084160408128    178.5310383142052 
   241.93084160408128    194.5310383142052 
   219.30342460611172    178.5310383142052 
   219.30342460611172    226.5310383142052 
   241.93084160408128    210.5310383142052 
   241.93084160408128    226.5310383142052 
   219.30342460611172    210.5310383142052 
   219.30342460611172   2.5310383142051984 
   241.93084160408128    242.5310383142052 
   241.93084160408128   2.5310383142051984 
   219.30342460611172    242.5310383142052 
