   226.54092683749485   24.656724028303582 
   210.54092683749482   40.656724028303572 
   194.54092683749482   24.656724028303582 
   178.54092683749485   40.656724028303572 
   162.54092683749485   24.656724028303582 
   146.54092683749485   40.656724028303572 
   130.54092683749485   24.656724028303582 
   114.54092683749484   40.656724028303572 
   98.540926837494851   24.656724028303582 
   82.540926837494851   40.656724028303572 
   66.540926837494837   24.656724028303582 
   50.540926837494837   40.656724028303572 
   34.540926837494837   24.656724028303582 
    18.54092683749483   40.656724028303572 
   2.5409268374948524   24.656724028303596 
   242.54092683749485   40.656724028303572 
   226.54092683749485   56.656724028303579 
   210.54092683749482   72.656724028303572 
   194.54092683749482   56.656724028303579 
   178.54092683749485   72.656724028303586 
   162.54092683749485   56.656724028303579 
   146.54092683749485   72.656724028303586 
   130.54092683749485   56.656724028303579 
   114.54092683749484   72.656724028303586 
   98.540926837494851   56.656724028303579 
   82.540926837494851   72.656724028303586 
   66.540926837494837   56.656724028303579 
   50.540926837494837     72.6567240283036 
   34.540926837494837   56.656724028303579 
    18.54092683749483     72.6567240283036 
   2.5409268374948524   56.656724028303593 
   242.54092683749485   72.656724028303572 
   226.54092683749485   88.656724028303572 
   210.54092683749482   104.65672402830359 
   194.54092683749485   88.656724028303572 
   178.54092683749485   104.65672402830359 
   162.54092683749485   88.656724028303572 
   146.54092683749488   104.65672402830359 
   130.54092683749485   88.656724028303572 
   114.54092683749484   104.65672402830359 
   98.540926837494851   88.656724028303572 
   82.540926837494851   104.65672402830359 
   66.540926837494851   88.656724028303572 
   50.540926837494837   104.65672402830359 
   34.540926837494837   88.656724028303572 
    18.54092683749483   104.65672402830359 
   2.5409268374948524   88.656724028303572 
   242.54092683749485   104.65672402830359 
   226.54092683749485   120.65672402830359 
   210.54092683749482   136.65672402830359 
   194.54092683749485   120.65672402830359 
   178.54092683749485   136.65672402830359 
   162.54092683749485   120.65672402830359 
   146.54092683749488   136.65672402830359 
   130.54092683749485   120.65672402830359 
   114.54092683749484   136.65672402830359 
   98.540926837494851   120.65672402830359 
   82.540926837494851   136.65672402830359 
   66.540926837494851   120.65672402830359 
   50.540926837494837   136.65672402830359 
   34.540926837494837   120.65672402830359 
    18.54092683749483   136.65672402830359 
   2.5409268374948524   120.65672402830359 
   242.54092683749485   136.65672402830359 
   226.54092683749485   152.65672402830356 
   210.54092683749482   168.65672402830359 
   194.54092683749485   152.65672402830356 
   178.54092683749485   168.65672402830359 
   162.54092683749485   152.65672402830356 
   146.54092683749488   168.65672402830359 
   130.54092683749485   152.65672402830356 
   114.54092683749484   168.65672402830359 
   98.540926837494851   152.65672402830356 
   82.540926837494851   168.65672402830359 
   66.540926837494851   152.65672402830356 
   50.540926837494837   168.65672402830359 
   34.540926837494837   152.65672402830356 
    18.54092683749483   168.65672402830359 
   2.5409268374948524   152.65672402830356 
   242.54092683749485   168.65672402830359 
   226.54092683749485   184.65672402830359 
   210.54092683749482   200.65672402830359 
   194.54092683749485   184.65672402830359 
   178.54092683749485   200.65672402830359 
   162.54092683749485   184.65672402830359 
   146.54092683749488   200.65672402830359 
   130.54092683749485   184.65672402830359 
   114.54092683749484   200.65672402830359 
   98.540926837494851   184.65672402830359 
   82.540926837494851   200.65672402830359 
   66.540926837494851   184.65672402830359 
   50.540926837494837   200.65672402830359 
   34.540926837494837   184.65672402830359 
    18.54092683749483   200.65672402830359 
   2.5409268374948524   184.65672402830359 
   242.54092683749485   200.65672402830359 
   226.54092683749485   216.65672402830359 
   210.54092683749482   232.65672402830359 
   194.54092683749485   216.65672402830359 
   178.54092683749485   232.65672402830359 
   162.54092683749485   216.65672402830359 
   146.54092683749488   232.65672402830359 
   130.54092683749485   216.65672402830359 
   114.54092683749484   232.65672402830359 
   98.540926837494851   216.65672402830359 
   82.540926837494851   232.65672402830359 
   66.540926837494851   216.65672402830359 
   50.540926837494837   232.65672402830359 
   34.540926837494837   216.65672402830359 
    18.54092683749483   232.65672402830359 
   2.5409268374948524   216.65672402830359 
   242.54092683749485   232.65672402830359 
   226.54092683749488   248.65672402830356 
   210.54092683749482   8.6567240283035467 
   194.54092683749485   248.65672402830356 
   178.54092683749485   8.6567240283035467 
   162.54092683749485   248.65672402830356 
   146.54092683749485   8.6567240283035467 
   130.54092683749488   248.65672402830356 
   114.54092683749484   8.6567240283035467 
   98.540926837494851   248.65672402830356 
   82.540926837494851   8.6567240283035467 
   66.540926837494851   248.65672402830356 
   50.540926837494823   8.6567240283035467 
   34.540926837494851   248.65672402830356 
   18.540926837494816   8.6567240283035467 
    2.540926837494867   248.65672402830361 
   242.54092683749485   8.6567240283035467 
