   64.054046398305516   26.282201667712489 
   90.051557580496862   16.683794907638426 
   85.910452858856544   32.138608128263513 
   68.195151119945848   10.827388447087403 
   55.771836955024853   57.191828108962682 
   81.769348137216198   47.593421348888612 
   77.628243415575881    63.04823456951371 
   59.912941676665184   41.737014888337583 
   47.489627511744182   88.101454550212864 
   73.487138693935549   78.503047790138794 
   69.346033972295217   93.957861010763892 
   51.630732233384514   72.646641329587766 
   39.207418068463518   119.01108099146306 
   65.204929250654885   109.41267423138899 
   61.063824529014546   124.86748745201409 
    43.34852279010385   103.55626777083796 
   30.925208625182865   149.92070743271321 
   56.922719807374229   140.32230067263916 
    52.78161508573389   155.77711389326427 
   35.066313346823193   134.46589421208813 
   22.642999181902198   180.83033387396341 
   48.640510364093558   171.23192711388936 
   44.499405642453226   186.68674033451447 
    26.78410390354253   165.37552065333833 
   14.360789738621531   211.73996031521361 
   40.358300920812894   202.14155355513952 
   36.217196199172562   217.59636677576464 
   18.501894460261862   196.28514709458852 
   32.076091477532231   233.05117999638972 
   94.192662302137208   1.2289816870133272 
   10.219685016981211   227.19477353583872 
   107.76685931940757    37.99501458881452 
   133.76437050159893   28.396607828740461 
   129.62326577995859   43.851421049365541 
    111.9079640410479   22.540201368189436 
   99.484649876126909   68.904641030064738 
   125.48216105831824    59.30623426999064 
   121.34105633667791   74.761047490615738 
   103.62575459776724   53.449827809439618 
   91.202440432846245   99.814267471314906 
   117.19995161503759   90.215860711240822 
   113.05884689339726   105.67067393186592 
   95.343545154486577   84.359454250689808 
   82.920230989565567    130.7238939125651 
   108.91774217175693   121.12548715249102 
    104.7766374501166    136.5803003731161 
   87.061335711205913      115.26908069194 
   74.638021546284918   161.63352035381527 
   100.63553272847625   152.03511359374119 
   96.494428006835918    167.4899268143663 
   78.779126267925236   146.17870713319016 
   66.355812103004254   192.54314679506547 
   92.353323285195586   182.94474003499138 
   88.212218563555268    198.3995532556165 
   70.496916824644572   177.08833357444036 
   58.073602659723591   223.45277323631566 
   84.071113841914922   213.85436647624161 
   79.930009120274605   229.30917969686669 
   62.214707381363922   207.99796001569055 
   116.04906876268822    7.085388147564351 
   75.788904398634273   244.76399291749175 
   137.90547522323925   12.941794608115361 
   53.932497938083252   238.90758645694072 
   151.47967224050961   49.707827509916569 
   177.47718342270099   40.109420749842506 
   173.33607870106064    55.56423397046759 
   155.62077696214993   34.253014289291485 
   143.19746279722895   80.617453951166752 
   169.19497397942033   71.019047191092696 
   165.05386925777998   86.473860411717794 
   147.33856751886927   65.162640730541668 
   134.91525335394829   111.52708039241695 
   160.91276453613966   101.92867363234286 
   156.77165981449929   117.38348685296796 
   139.05635807558861    96.07226717179185 
   126.63304391066762   142.43670683366716 
   152.63055509285897   132.83830007359305 
   148.48945037121862   148.29311329421816 
   130.77414863230794   126.98189361304205 
   118.35083446738695   173.34633327491733 
   144.34834564957831   163.74792651484321 
   140.20724092793799   179.20273973546833 
   122.49193918902729   157.89152005429222 
   110.06862502410628   204.25595971616752 
   136.06613620629764   194.65755295609341 
   131.92503148465732   210.11236617671852 
   114.20972974574661   188.80114649554241 
   101.78641558082562   235.16558615741772 
   127.78392676301698   225.56717939734361 
   123.64282204137665   241.02199261796872 
   105.92752030246596   219.71077293679261 
   159.76188168379028   18.798201068666383 
   119.50171731973633    256.4768058385938 
   181.61828814434131   24.654607529217408 
   97.645310859185301   250.62039937804275 
   195.19248516161164   61.420640431018604 
   221.18999634380302   51.822233670944527 
   217.04889162216267   67.277046891569611 
   199.33358988325196   45.965827210393513 
   186.91027571833098   92.330266872268794 
   212.90778690052232    82.73186011219471 
   208.76668217888201   98.186673332819808 
    191.0513804399713   76.875453651643696 
   178.62806627505032   123.23989331351898 
   204.62557745724169   113.64148655344489 
   200.48447273560134   129.09629977406999 
   182.76917099669066   107.78508009289388 
   170.34585683176965   154.14951975476916 
   196.34336801396097    144.5511129946951 
   192.20226329232065   160.00592621532022 
   174.48696155340997   138.69470653414407 
   162.06364738848899   185.05914619601933 
   188.06115857068033   175.46073943594524 
   183.92005384904002   190.91555265657036 
   166.20475211012933   169.60433297539424 
   153.78143794520832   215.96877263726952 
   179.77894912739967   206.37036587719544 
   175.63784440575932   221.82517909782055 
   157.92254266684867   200.51395941664444 
   145.49922850192766   246.87839907851972 
   171.49673968411901   237.27999231844564 
   167.35563496247869   252.73480553907075 
   149.64033322356801   231.42358585789464 
   203.47469460489231   30.511013989768418 
   225.33110106544333   36.367420450319443 
    238.9052980827137    73.13345335212064 
    46.33874465939482    4.970981986536378 
   42.197639937754488   20.425795207161464 
   243.04640280435402   57.678640131495548 
   230.62308863943301   104.04307979337084 
   38.056535216114156   35.880608427786562 
   33.915430494473817   51.335421648411661 
   234.76419336107335   88.588266572745738 
   222.34087919615237   134.95270623462102 
   29.774325772833485   66.790234869036752 
   25.633221051193154    82.24504808966185 
   226.48198391779269   119.49789301399592 
   214.05866975287168   165.86233267587122 
   21.492116329552818   97.699861310286948 
   17.351011607912486   113.15467453091205 
   218.19977447451203    150.4075194552461 
   205.77646030959104   196.77195911712138 
   13.209906886272167   128.60948775153713 
   9.0688021646318333   144.06430097216221 
   209.91756503123136   181.31714589649627 
   197.49425086631038   227.68158555837158 
   4.9276974429915006    159.5191141927873 
   201.63535558795073   212.22677233774647 
   193.35314614467003   243.13639877899669 
   247.18750752599433    42.22382691087045 
