   142.32386940884336   9.7830993356280782 
   106.72795146657793   26.182203757745366 
   134.32386940884336    23.63950579617909 
   126.32386940884336   37.495912256730115 
   114.72795146657793   12.325797297194338 
   90.727951466577935   53.895016678847391 
   118.32386940884336   51.352318717281143 
   110.32386940884335    65.20872517783215 
    98.72795146657792   40.038610218296377 
   74.727951466577935    81.60782959994944 
   102.32386940884336   79.065131638383164 
   94.323869408843365   92.921538098934207 
   82.727951466577935   67.751423139398412 
   58.727951466577942   109.32064252105147 
   86.323869408843365   106.77794455948522 
   78.323869408843365   120.63435102003623 
   66.727951466577949   95.464236060500454 
   42.727951466577935    137.0334554421535 
   70.323869408843365   134.49075748058723 
   62.323869408843372   148.34716394113829 
   50.727951466577942    123.1770489816025 
   26.727951466577931   164.74626836325555 
   54.323869408843365   162.20357040168929 
   46.323869408843365   176.05997686224032 
   34.727951466577935   150.88986190270455 
   10.727951466577942   192.45908128435758 
   38.323869408843379   189.91638332279132 
   30.323869408843372   203.77278978334235 
   18.727951466577945   178.60267482380658 
   161.91978735110879   21.096807834612843 
   189.51570529337422   18.554109873046581 
   181.51570529337422   32.410516333597599 
   169.91978735110879   7.2404013740618165 
   145.91978735110879   48.809620755714882 
   173.51570529337422   46.266922794148606 
   165.51570529337422   60.123329254699634 
   153.91978735110879   34.953214295163853 
   129.91978735110879   76.522433676816902 
    157.5157052933742   73.979735715250655 
    149.5157052933742   87.836142175801669 
   137.91978735110879    62.66602721626591 
   113.91978735110878   104.23524659791896 
    141.5157052933742    101.6925486363527 
    133.5157052933742   115.54895509690373 
   121.91978735110878   90.378840137367945 
   97.919787351108795   131.94805951902097 
   125.51570529337421   129.40536155745474 
   117.51570529337422   143.26176801800574 
   105.91978735110879   118.09165305846997 
   81.919787351108809   159.66087244012303 
   109.51570529337422   157.11817447855677 
   101.51570529337422    170.9745809391078 
   89.919787351108809     145.804465979572 
   65.919787351108795   187.37368536122509 
   93.515705293374211    184.8309873996588 
   85.515705293374211   198.68739386020985 
   73.919787351108795   173.51727890067406 
   49.919787351108809   215.08649828232711 
   77.515705293374225   212.54380032076082 
   69.515705293374225   226.40020678131185 
   57.919787351108809   201.23009182177611 
   201.11162323563963   43.724224832582372 
   228.70754117790506   41.181526871016096 
   220.70754117790506   55.037933331567125 
   209.11162323563963   29.867818372031348 
   185.11162323563966   71.437037753684407 
   212.70754117790506   68.894339792118117 
   204.70754117790506    82.75074625266916 
   193.11162323563966   57.580631293133386 
   169.11162323563966   99.149850674786435 
   196.70754117790506   96.607152713220174 
   188.70754117790509   110.46355917377119 
   177.11162323563966   85.293444214235421 
   153.11162323563966   126.86266359588849 
   180.70754117790506   124.31996563432222 
   172.70754117790506   138.17637209487324 
   161.11162323563966   113.00625713533746 
   137.11162323563968   154.57547651699051 
   164.70754117790506   152.03277855542424 
   156.70754117790509   165.88918501597527 
   145.11162323563968   140.71907005643951 
   121.11162323563967   182.28828943809256 
   148.70754117790509   179.74559147652627 
   140.70754117790509   193.60199793707733 
   129.11162323563968   168.43188297754153 
   105.11162323563966   210.00110235919459 
   132.70754117790509   207.45840439762833 
   124.70754117790507   221.31481085817938 
   113.11162323563967   196.14469589864359 
   89.111623235639669   237.71391528029662 
   116.70754117790507   235.17121731873036 
   108.70754117790507   249.02762377928138 
   97.111623235639669   223.85750881974559 
   240.30345912017046    66.35164183055187 
   248.30345912017049   52.495235370000849 
   224.30345912017046   94.064454751653912 
   251.89937706243595    91.52175679008765 
   243.89937706243595   105.37816325063868 
   232.30345912017046    80.20804829110287 
   208.30345912017046   121.77726767275594 
   235.89937706243595   119.23456971118971 
   227.89937706243595   133.09097617174072 
   216.30345912017046   107.92086121220493 
   192.30345912017049   149.49008059385798 
   219.89937706243595   146.94738263229172 
   211.89937706243592   160.80378909284278 
   200.30345912017046   135.63367413330695 
   176.30345912017049   177.20289351496001 
   203.89937706243592   174.66019555339378 
   195.89937706243595   188.51660201394481 
   184.30345912017049   163.34648705440901 
   160.30345912017049   204.91570643606207 
   187.89937706243595    202.3730084744958 
   179.89937706243595   216.22941493504686 
   168.30345912017049   191.05929997551104 
   144.30345912017046   232.62851935716409 
   171.89937706243595   230.08582139559786 
   163.89937706243595   243.94222785614886 
   152.30345912017046   218.77211289661309 
   136.30345912017049   246.48492581771509 
   95.132033524312519    1.012088798209573 
   87.132033524312519     14.8684952587606 
   247.49529500470135   144.40468467072546 
   79.132033524312504   28.724901719311625 
   71.132033524312504   42.581308179862638 
   255.49529500470135   130.54827821017446 
   231.49529500470135   172.11749759182752 
   63.132033524312504   56.437714640413667 
   55.132033524312504   70.294121100964674 
   239.49529500470135   158.26109113127649 
   215.49529500470135   199.83031051292954 
   47.132033524312511   84.150527561515688 
   39.132033524312526   98.006934022066702 
   223.49529500470135   185.97390405237854 
   199.49529500470135   227.54312343403157 
   31.132033524312522   111.86334048261773 
   23.132033524312519   125.71974694316876 
   207.49529500470135   213.68671697348057 
   183.49529500470132   255.25593635513366 
   15.132033524312517   139.57615340371979 
   7.1320335243125141   153.43255986427081 
   191.49529500470135    241.3995298945826 
