   124.97263251025787   5.6590996757280605 
   113.65892401127311   16.972808174712824 
   75.031507013303582   23.600225172682336 
   102.34521551228836   28.286516673697577 
   91.031507013303582   39.600225172682343 
   86.345215512288348   12.286516673697571 
   52.404090015334049   46.227642170651855 
   79.717798514318844    50.91393367166711 
   68.404090015334077   62.227642170651876 
   63.717798514318822   34.913933671667102 
   29.776673017364551   68.855059168621366 
   57.090381516349304   73.541350669636643 
   45.776673017364573   84.855059168621395 
   41.090381516349304   57.541350669636621 
   7.1492560193950334   91.482476166590899 
   34.462964518379806   96.168767667606147 
    23.14925601939504   107.48247616659093 
   18.462964518379785   80.168767667606133 
   11.835547520410273   118.79618466557567 
   152.28634100924265     10.3453911767433 
   179.60004950822739   15.031682677758527 
   168.28634100924262   26.345391176743277 
   129.65892401127311   32.972808174712831 
   156.97263251025788   37.659099675728044 
   145.65892401127311    48.97280817471281 
   140.97263251025791   21.659099675728065 
   107.03150701330361    55.60022517268235 
   134.34521551228835   60.286516673697577 
    123.0315070133036   71.600225172682343 
   118.34521551228838   44.286516673697584 
   84.404090015334091   78.227642170651876 
   111.71779851431883   82.913933671667095 
   100.40409001533406   94.227642170651876 
   95.717798514318844    66.91393367166711 
   61.776673017364573   100.85505916862139 
   89.090381516349296   105.54135066963663 
   77.776673017364573   116.85505916862137 
   73.090381516349311   89.541350669636643 
   39.149256019395061   123.48247616659091 
   66.462964518379806   128.16876766760612 
   55.149256019395033   139.48247616659091 
   50.462964518379813   112.16876766760615 
   16.521839021425528   146.10989316456045 
   43.835547520410266   150.79618466557565 
   32.521839021425507   162.10989316456045 
   27.835547520410294   134.79618466557568 
   21.208130522440769   173.42360166354518 
   9.8944220234560021   184.73731016252992 
   5.2081305224407766   157.42360166354521 
   184.28634100924265   42.345391176743284 
   211.60004950822741   47.031682677758539 
   200.28634100924265   58.345391176743291 
   195.60004950822741   31.031682677758532 
   161.65892401127314   64.972808174712824 
   188.97263251025788   69.659099675728072 
   177.65892401127314   80.972808174712824 
   172.97263251025788   53.659099675728051 
   139.03150701330361   87.600225172682343 
   166.34521551228835   92.286516673697577 
   155.03150701330361   103.60022517268236 
   150.34521551228835   76.286516673697562 
   116.40409001533408   110.22764217065188 
   143.71779851431887    114.9139336716671 
   132.40409001533408   126.22764217065188 
   127.71779851431884   98.913933671667095 
   93.776673017364573   132.85505916862138 
   121.09038151634932   137.54135066963664 
   109.77667301736457   148.85505916862138 
   105.09038151634932   121.54135066963663 
    71.14925601939504   155.48247616659091 
    98.46296451837982   160.16876766760618 
    87.14925601939504   171.48247616659091 
   82.462964518379806   144.16876766760615 
   48.521839021425521   178.10989316456045 
   75.835547520410302   182.79618466557565 
   64.521839021425535   194.10989316456045 
   59.835547520410273   166.79618466557565 
   25.894422023456006   200.73731016252995 
   53.208130522440776   205.42360166354516 
   41.894422023456031   216.73731016252995 
   37.208130522440776   189.42360166354518 
   216.28634100924265   74.345391176743277 
   243.60004950822741   79.031682677758539 
   232.28634100924265   90.345391176743291 
   227.60004950822739   63.031682677758525 
   193.65892401127311    96.97280817471281 
   220.97263251025788   101.65909967572804 
   209.65892401127311   112.97280817471281 
   204.97263251025788   85.659099675728044 
   171.03150701330358   119.60022517268233 
   198.34521551228838   124.28651667369756 
   187.03150701330358   135.60022517268234 
   182.34521551228838   108.28651667369756 
   148.40409001533408   142.22764217065185 
   175.71779851431884   146.91393367166711 
   164.40409001533408   158.22764217065188 
   159.71779851431884   130.91393367166708 
   125.77667301736457   164.85505916862135 
   153.09038151634931   169.54135066963661 
    141.7766730173646   180.85505916862135 
   137.09038151634931   153.54135066963661 
   103.14925601939504   187.48247616659089 
   130.46296451837981   192.16876766760615 
   119.14925601939505   203.48247616659089 
   114.46296451837981   176.16876766760615 
   80.521839021425521   210.10989316456042 
   107.83554752041029   214.79618466557568 
   96.521839021425521   226.10989316456045 
   91.835547520410273   198.79618466557568 
   57.894422023456002   232.73731016252995 
   85.208130522440769   237.42360166354518 
   73.894422023456031   248.73731016252995 
   69.208130522440769   221.42360166354518 
   248.28634100924265   106.34539117674329 
   225.65892401127311   128.97280817471284 
   252.97263251025788   133.65909967572807 
   241.65892401127317   144.97280817471281 
   236.97263251025788   117.65909967572806 
   203.03150701330361   151.60022517268234 
   230.34521551228838   156.28651667369758 
   219.03150701330364   167.60022517268234 
   214.34521551228838   140.28651667369758 
   180.40409001533411   174.22764217065188 
   207.71779851431887   178.91393367166711 
   196.40409001533411   190.22764217065188 
   191.71779851431884   162.91393367166711 
    157.7766730173646   196.85505916862138 
   185.09038151634931   201.54135066963661 
    173.7766730173646   212.85505916862138 
   169.09038151634931   185.54135066963661 
   135.14925601939507   219.48247616659091 
   162.46296451837981   224.16876766760612 
   151.14925601939507   235.48247616659091 
   146.46296451837981   208.16876766760612 
   112.52183902142554   242.10989316456045 
   139.83554752041033   246.79618466557568 
    123.8355475204103   230.79618466557568 
   101.20813052244078   253.42360166354518 
