    190.9834965640708   8.6111922531816418 
   177.12709010351978   16.611192253181645 
   138.10056868343298   13.015274310916203 
   163.27068364296878   24.611192253181649 
   149.41427718241778   32.611192253181635 
   151.95697514398401   5.0152743109162152 
   110.38775576233097   29.015274310916222 
   135.55787072186675   40.611192253181656 
   121.70146426131571   48.611192253181656 
   124.24416222288197   21.015274310916219 
   82.674942841228912   45.015274310916226 
   107.84505780076471   56.611192253181656 
   93.988651340213679   64.611192253181656 
    96.53134930177994   37.015274310916226 
   54.962129920126898   61.015274310916219 
   80.132244879662665   72.611192253181656 
   66.275838419111665   80.611192253181656 
   68.818536380677898   53.015274310916233 
    27.24931699902486   77.015274310916226 
   52.419431958560651   88.611192253181656 
   38.563025498009623   96.611192253181656 
   41.105723459575884   69.015274310916226 
   24.706619037458598   104.61119225318166 
   10.850212576907573   112.61119225318166 
   13.392910538473833   85.015274310916226 
   188.44079860250457   36.207110195447065 
   213.61091356204034   47.803028137712495 
   199.75450710148931   55.803028137712481 
   202.29720506305557   28.207110195447076 
   160.72798568140252   52.207110195447065 
   185.89810064093828   63.803028137712488 
   172.04169418038728   71.803028137712488 
   174.58439214195351   44.207110195447065 
   133.01517276030049   68.207110195447072 
   158.18528771983625   79.803028137712488 
   144.32888125928525   87.803028137712488 
   146.87157922085152   60.207110195447072 
   105.30235983919845     84.2071101954471 
   130.47247479873423   95.803028137712502 
    116.6160683381832   103.80302813771252 
   119.15876629974944   76.207110195447086 
   77.589546918096431   100.20711019544707 
   102.75966187763218    111.8030281377125 
   88.903255417081198   119.80302813771249 
   91.445953378647431   92.207110195447086 
   49.876733996994389   116.20711019544707 
    75.04684895653017   127.80302813771249 
   61.190442495979141   135.80302813771249 
    63.73314045754541   108.20711019544707 
    22.16392107589234   132.20711019544709 
   47.334036035428113   143.80302813771249 
   33.477629574877106   151.80302813771249 
   36.020327536443368   124.20711019544709 
   19.621223114326106   159.80302813771249 
   5.7648166537750791   167.80302813771252 
   8.3075146153413399   140.20711019544709 
   211.06821560047408   75.398946079977918 
   236.23833056000987   86.994864022243362 
   222.38192409945884   94.994864022243348 
   224.92462206102508   67.398946079977904 
   183.35540267937205   91.398946079977918 
   208.52551763890784   102.99486402224335 
   194.66911117835681   110.99486402224335 
   197.21180913992305   83.398946079977918 
   155.64258975827002   107.39894607997792 
   180.81270471780581   118.99486402224335 
   166.95629825725479   126.99486402224336 
   169.49899621882105   99.398946079977918 
   127.92977683716796   123.39894607997793 
   153.09989179670376   134.99486402224338 
   139.24348533615273   142.99486402224338 
   141.78618329771899   115.39894607997793 
   100.21696391606596   139.39894607997795 
   125.38707887560173   150.99486402224335 
   111.53067241505073   158.99486402224335 
   114.07337037661696   131.39894607997792 
   72.504150994963922   155.39894607997795 
   97.674265954499703   166.99486402224335 
   83.817859493948674   174.99486402224335 
   86.360557455514936   147.39894607997795 
   44.791338073861873   171.39894607997795 
    69.96145303339766   182.99486402224335 
   56.105046572846632   190.99486402224338 
   58.647744534412894   163.39894607997795 
   17.078525152759845   187.39894607997795 
   42.248640112295639   198.99486402224338 
   28.392233651744611   206.99486402224338 
   30.934931613310873   179.39894607997795 
   233.69563259844361   114.59078196450875 
   245.00934109742835   134.18669990677421 
   247.55203905899461   106.59078196450876 
   205.98281967734158   130.59078196450875 
   231.15293463687735   142.18669990677421 
   217.29652817632632   150.18669990677418 
   219.83922613789255   122.59078196450875 
   178.27000675623952   146.59078196450875 
   203.44012171577532   158.18669990677418 
   189.58371525522432   166.18669990677418 
   192.12641321679052   138.59078196450875 
   150.55719383513747   162.59078196450878 
   175.72730879467329   174.18669990677421 
   161.87090233412226   182.18669990677421 
   164.41360029568852   154.59078196450875 
   122.84438091403548   178.59078196450878 
   148.01449587357124   190.18669990677418 
   134.15808941302026   198.18669990677418 
    136.7007873745865   170.59078196450878 
   95.131567992933427   194.59078196450878 
   120.30168295246924   206.18669990677418 
   106.44527649191821   214.18669990677418 
   108.98797445348445   186.59078196450878 
   67.418755071831384   210.59078196450878 
   92.588870031367179   222.18669990677421 
   78.732463570816151   230.18669990677421 
   81.275161532382413   202.59078196450878 
   39.705942150729378   226.59078196450878 
   64.876057110265151   238.18669990677421 
   51.019650649714144   246.18669990677421 
   53.562348611280392   218.59078196450878 
   256.32304959641317   153.78261784903961 
   228.61023667531111   169.78261784903961 
   253.78035163484691   181.37853579130507 
   239.92394517429588   189.37853579130507 
   242.46664313586211   161.78261784903964 
   200.89742375420906   185.78261784903961 
   226.06753871374488   197.37853579130507 
   212.21113225319382   205.37853579130507 
   214.75383021476009   177.78261784903961 
     173.184610833107   201.78261784903967 
    198.3547257926428   213.37853579130507 
    184.4983193320918   221.37853579130507 
   187.04101729365806   193.78261784903967 
     145.471797912005   217.78261784903964 
   170.64191287154077   229.37853579130507 
    156.7855064109898   237.37853579130507 
   159.32820437255603   209.78261784903967 
   117.75898499090297   233.78261784903964 
   142.92909995043877    245.3785357913051 
   129.07269348988774    253.3785357913051 
     131.615391451454   225.78261784903964 
   90.046172069800932   249.78261784903964 
   103.90257853035195   241.78261784903964 
