   183.07105606343052   8.4405555529967344 
   204.38227574460663   26.155857291907445 
   188.92746252398152   30.296962013547763 
    198.5258692840556    4.299450831356415 
   152.16142962218032   16.722764996277402 
   173.47264930335641   34.438066735188094 
   158.01783608273135   38.579171456828433 
   167.61624284280541   12.581660274637068 
   121.25180318093014   25.004974439558069 
   142.56302286210624   42.720276178468765 
   127.10820964148115   46.861380900109097 
   136.70661640155524   20.863869717917733 
   90.342176739679942   33.287183882838733 
   111.65339642085605   51.002485621749429 
   96.198583200230956   55.143590343389761 
   105.79698996030504   29.146079161198401 
   59.432550298429774   41.569393326119389 
   80.743769979605887   59.284695065030085 
   65.288956758980788   63.425799786670417 
   74.887363519054873    37.42828860447905 
   28.522923857179578   49.851602769400053 
   49.834143538355683    67.56690450831077 
   34.379330317730584   71.708009229951088 
   43.977737077804676   45.710498047759721 
   18.924517097105504   75.849113951591434 
   3.4697038764804033   79.990218673231752 
   13.068110636554477   53.992707491040385 
   219.83708896523169    22.01475257026711 
   194.78386898453255   52.153368474098777 
   216.09508866570863   69.868670213009466 
   200.64027544508357   74.009774934649798 
   210.23868220515763   48.012263752458459 
   163.87424254328235   60.435577917379447 
   185.18546222445846    78.15087965629013 
   169.73064900383338   82.291984377930461 
   179.32905576390746   56.294473195739108 
   132.96461610203215   68.717787360660111 
   154.27583578320829   86.433089099570793 
   138.82102256258321   90.574193821211125 
   148.41942932265727   64.576682639019779 
   102.05498966078197   76.999996803940775 
   123.36620934195808   94.715298542851457 
   107.91139612133298   98.856403264491789 
   117.50980288140708   72.858892082300443 
   71.145363219531802   85.282206247221424 
   92.456582900707929   102.99750798613212 
    77.00176968008283   107.13861270777245 
   86.600176440156901   81.141101525581107 
   40.235736778281613   93.564415690502102 
   61.546956459457718   111.27971742941278 
    46.09214323883262   115.42082215105312 
   55.690549998906711   89.423310968861784 
   9.3261103370314125   101.84662513378277 
   30.637330018207535   119.56192687269345 
   15.182516797582437   123.70303159433378 
   24.780923557656511   97.705520412142434 
   225.69349542578271   43.871159030818127 
   231.54990188633374   65.727565491369134 
    206.4966819056346   95.866181395200826 
   227.80790158681071   113.58148313411152 
    212.3530883661856   117.72258785575185 
   221.95149512625969   91.725076673560508 
   175.58705546438441   104.14839083848149 
   196.89827514556052   121.86369257739219 
   181.44346192493541   126.00479729903252 
   191.04186868500952   100.00728611684116 
   144.67742902313421   112.43060028176215 
   165.98864870431032   130.14590202067285 
   150.53383548368521   134.28700674231317 
   160.13224224375929   108.28949556012182 
   113.76780258188401   120.71280972504282 
   135.07902226306012   138.42811146395351 
   119.62420904243504   142.56921618559383 
    129.2226158025091   116.57170500340249 
   82.858176140633844   128.99501916832349 
   104.16939582180997   146.71032090723418 
   88.714582601184858   150.85142562887449 
   98.312989361258943   124.85391444668315 
   51.948549699383641   137.27722861160416 
    73.25976938055976   154.99253035051481 
   57.804956159934669   159.13363507215516 
   67.403362920008746   133.13612388996381 
   21.038923258133444   145.55943805488482 
   42.350142939309571   163.27473979379553 
   26.895329718684469   167.41584451543585 
   36.493736478758542   141.41833333324448 
   237.40630834688474   87.583971951920176 
   11.440516498059401   171.55694923707617 
   243.26271480743574    109.4403784124712 
   5.5841100375083759   149.70054277652514 
   218.20949482673663   139.57899431630284 
   239.52071450791274   157.29429605521355 
   224.06590128728763    161.4354007768539 
   233.66430804736171   135.43788959466252 
   187.29986838548643   147.86120375958353 
   208.61108806666255   165.57650549849421 
   193.15627484603743   169.71761022013456 
   202.75468160611152   143.72009903794316 
   156.39024194423624    156.1434132028642 
   177.70146162541238   173.85871494177488 
   162.24664840478727    177.9998196634152 
   171.84505516486132   152.00230848122385 
   125.48061550298604   164.42562264614486 
   146.79183518416215   182.14092438505554 
   131.33702196353707   186.28202910669589 
   140.93542872361112   160.28451792450451 
   94.570989061735872   172.70783208942552 
     115.882208742912    190.4231338283362 
    100.4273955222869   194.56423854997652 
   110.02580228236097   168.56672736778518 
   63.661362620485676   180.99004153270616 
   84.972582301661802   198.70534327161684 
   69.517769081036704   202.84644799325721 
   79.116175841110774   176.84893681106584 
   32.751736179235479   189.27225097598685 
   54.062955860411599   206.98755271489756 
     38.6081426397865   211.12865743653788 
   48.206549399860577    185.1311462543465 
   249.11912126798677    131.2967848730222 
   23.153329419161434    215.2697621581782 
    254.9755277285378   153.15319133357323 
   17.296922958610409   193.41335569762717 
   229.92230774783863   183.29180723740492 
   251.23352742901474   201.00710897631564 
   235.77871420838969   205.14821369795595 
   245.37712096846374   179.15070251576458 
   199.01268130658843   191.57401668068559 
   220.32390098776457   209.28931841959627 
   204.86908776713949   213.43042314123659 
   214.46749452721355   187.43291195904527 
   168.10305486533827   199.85622612396625 
   189.41427454651441   217.57152786287693 
   173.95946132588932   221.71263258451728 
   183.55786808596338   195.71512140232591 
   137.19342842408807   208.13843556724692 
   158.50464810526421    225.8537373061576 
   143.04983488463913   229.99484202779792 
   152.64824164471318    203.9973308456066 
   106.28380198283791   216.42064501052755 
   127.59502166401403   234.13594674943823 
   112.14020844338893   238.27705147107858 
   121.73861520346303   212.27954028888723 
   75.374175541587704   224.70285445380824 
   96.685395222763844   242.41815619271895 
   81.230582002138746   246.55926091435927 
   90.828988762212802    220.5617497321679 
   44.464549100337528   232.98506389708888 
   65.775768781513648   250.70036563599959 
   50.320955560888549   254.84147035763993 
   59.919362320962627   228.84395917544856 
   29.009735879712458   237.12616861872922 
