   227.01594921491403   45.751448990132438 
     243.015949214914    68.37886598810195 
   227.01594921491403    68.37886598810195 
     243.015949214914   45.751448990132438 
     195.015949214914   45.751448990132438 
     211.015949214914    68.37886598810195 
     195.015949214914    68.37886598810195 
     211.015949214914   45.751448990132438 
     163.015949214914   45.751448990132438 
     179.015949214914    68.37886598810195 
     163.015949214914    68.37886598810195 
     179.015949214914   45.751448990132438 
   131.01594921491397   45.751448990132438 
     147.015949214914    68.37886598810195 
   131.01594921491397    68.37886598810195 
     147.015949214914   45.751448990132438 
   99.015949214914002   45.751448990132438 
     115.015949214914    68.37886598810195 
   99.015949214914002    68.37886598810195 
     115.015949214914   45.751448990132438 
   67.015949214913988   45.751448990132438 
   83.015949214914002    68.37886598810195 
   67.015949214913988    68.37886598810195 
   83.015949214914002   45.751448990132438 
   35.015949214913981   45.751448990132438 
   51.015949214913988    68.37886598810195 
   35.015949214913981    68.37886598810195 
   51.015949214913988   45.751448990132438 
   3.0159492149139999   45.751448990132452 
   19.015949214914006    68.37886598810195 
   3.0159492149139999    68.37886598810195 
   19.015949214914006   45.751448990132438 
   227.01594921491403   91.006282986071483 
     243.015949214914   113.63369998404099 
   227.01594921491403     113.633699984041 
     243.015949214914   91.006282986071483 
     195.015949214914   91.006282986071483 
     211.015949214914     113.633699984041 
     195.015949214914     113.633699984041 
     211.015949214914   91.006282986071483 
     163.015949214914   91.006282986071483 
     179.015949214914     113.633699984041 
     163.015949214914     113.633699984041 
     179.015949214914   91.006282986071483 
   131.01594921491397   91.006282986071483 
     147.015949214914     113.633699984041 
   131.01594921491397     113.633699984041 
     147.015949214914   91.006282986071483 
   99.015949214914002   91.006282986071483 
     115.015949214914     113.633699984041 
   99.015949214914002     113.633699984041 
     115.015949214914   91.006282986071483 
   67.015949214913988   91.006282986071483 
   83.015949214914002     113.633699984041 
   67.015949214913988     113.633699984041 
   83.015949214914002   91.006282986071483 
   35.015949214913981   91.006282986071483 
   51.015949214913988     113.633699984041 
   35.015949214913981     113.633699984041 
   51.015949214913988   91.006282986071483 
   3.0159492149139999   91.006282986071483 
   19.015949214914006   113.63369998404102 
   3.0159492149139999   113.63369998404102 
   19.015949214914006   91.006282986071483 
   227.01594921491403   136.26111698201052 
     243.015949214914   158.88853397998005 
   227.01594921491403   158.88853397998005 
     243.015949214914   136.26111698201052 
     195.015949214914   136.26111698201052 
     211.015949214914   158.88853397998005 
     195.015949214914   158.88853397998005 
     211.015949214914   136.26111698201052 
     163.015949214914   136.26111698201052 
     179.015949214914   158.88853397998005 
     163.015949214914   158.88853397998005 
     179.015949214914   136.26111698201052 
   131.01594921491397   136.26111698201052 
     147.015949214914   158.88853397998008 
   131.01594921491397   158.88853397998008 
     147.015949214914   136.26111698201052 
   99.015949214914002   136.26111698201055 
     115.015949214914   158.88853397998008 
   99.015949214914002   158.88853397998008 
     115.015949214914   136.26111698201055 
   67.015949214913988   136.26111698201055 
   83.015949214914002   158.88853397998008 
   67.015949214913988   158.88853397998008 
   83.015949214914002   136.26111698201055 
   35.015949214913981   136.26111698201055 
   51.015949214913988   158.88853397998008 
   35.015949214913981   158.88853397998008 
   51.015949214913988   136.26111698201055 
   3.0159492149139999   136.26111698201055 
   19.015949214914006   158.88853397998008 
   3.0159492149139999   158.88853397998008 
   19.015949214914006   136.26111698201055 
   227.01594921491403   181.51595097794956 
     243.015949214914   204.14336797591909 
   227.01594921491403   204.14336797591909 
     243.015949214914   181.51595097794956 
     195.015949214914   181.51595097794956 
     211.015949214914   204.14336797591909 
     195.015949214914   204.14336797591909 
     211.015949214914   181.51595097794956 
     163.015949214914   181.51595097794959 
     179.015949214914   204.14336797591909 
     163.015949214914   204.14336797591909 
     179.015949214914   181.51595097794959 
   131.01594921491397   181.51595097794959 
     147.015949214914   204.14336797591909 
   131.01594921491397   204.14336797591909 
     147.015949214914   181.51595097794959 
   99.015949214914002   181.51595097794959 
     115.015949214914   204.14336797591909 
   99.015949214914002   204.14336797591909 
     115.015949214914   181.51595097794959 
   67.015949214913988   181.51595097794959 
   83.015949214914002   204.14336797591909 
   67.015949214913988   204.14336797591909 
   83.015949214914002   181.51595097794959 
   35.015949214913981   181.51595097794959 
   51.015949214913988   204.14336797591909 
   35.015949214913981   204.14336797591909 
   51.015949214913988   181.51595097794959 
   3.0159492149139999   181.51595097794959 
   19.015949214914006   204.14336797591909 
   3.0159492149139999   204.14336797591912 
   19.015949214914006   181.51595097794959 
   227.01594921491403   226.77078497388865 
     243.015949214914   23.124031992162905 
   227.01594921491403   23.124031992162905 
     243.015949214914   226.77078497388865 
     195.015949214914   226.77078497388865 
     211.015949214914   23.124031992162905 
     195.015949214914   23.124031992162905 
     211.015949214914   226.77078497388865 
     163.015949214914   226.77078497388865 
     179.015949214914   23.124031992162905 
     163.015949214914   23.124031992162905 
     179.015949214914   226.77078497388865 
   131.01594921491397   226.77078497388865 
     147.015949214914   23.124031992162905 
   131.01594921491397   23.124031992162905 
     147.015949214914   226.77078497388865 
   99.015949214914002   226.77078497388865 
     115.015949214914   23.124031992162905 
   99.015949214914002   23.124031992162905 
     115.015949214914   226.77078497388865 
   67.015949214913988   226.77078497388865 
   83.015949214914002   23.124031992162905 
   67.015949214913988   23.124031992162905 
   83.015949214914002   226.77078497388865 
   35.015949214913981   226.77078497388865 
   51.015949214913988   23.124031992162905 
   35.015949214913981   23.124031992162905 
   51.015949214913988   226.77078497388865 
   3.0159492149139999   226.77078497388865 
   19.015949214914006   23.124031992162905 
   3.0159492149139999   23.124031992162919 
   19.015949214914006   226.77078497388865 
