   51.434776255911913   133.39244660559939 
   83.434776255911942   101.39244660559939 
   83.434776255911942   117.39244660559939 
   67.434776255911927   117.39244660559939 
   67.434776255911927   133.39244660559939 
   83.434776255911942   133.39244660559939 
   83.434776255911942   149.39244660559939 
   67.434776255911927   149.39244660559939 
   83.434776255911942   165.39244660559939 
   115.43477625591193   69.392446605599389 
   115.43477625591193   85.392446605599403 
   99.434776255911927   85.392446605599403 
   99.434776255911927   101.39244660559939 
   115.43477625591193   101.39244660559939 
   115.43477625591193   117.39244660559939 
   99.434776255911927   117.39244660559939 
   99.434776255911927   133.39244660559939 
   115.43477625591193   133.39244660559939 
   115.43477625591193   149.39244660559939 
   99.434776255911927   149.39244660559939 
   99.434776255911927   165.39244660559939 
   115.43477625591193   165.39244660559939 
   115.43477625591193   181.39244660559939 
   99.434776255911927   181.39244660559939 
   115.43477625591193   197.39244660559939 
   131.43477625591194   53.392446605599375 
   131.43477625591194   69.392446605599389 
   147.43477625591191   69.392446605599389 
   147.43477625591191   85.392446605599403 
   131.43477625591194   85.392446605599403 
   131.43477625591194   101.39244660559939 
   147.43477625591191   101.39244660559939 
   147.43477625591191   117.39244660559939 
   131.43477625591194   117.39244660559939 
   131.43477625591194   133.39244660559939 
   147.43477625591191   133.39244660559939 
   147.43477625591191   149.39244660559939 
   131.43477625591194   149.39244660559939 
   131.43477625591194   165.39244660559939 
   147.43477625591191   165.39244660559939 
   147.43477625591191   181.39244660559939 
   131.43477625591194   181.39244660559939 
   131.43477625591194   197.39244660559939 
   147.43477625591191   197.39244660559939 
   131.43477625591194   213.39244660559939 
   163.43477625591194   85.392446605599403 
   163.43477625591194   101.39244660559939 
   179.43477625591194   101.39244660559939 
   179.43477625591194   117.39244660559939 
   163.43477625591194   117.39244660559939 
   163.43477625591194   133.39244660559939 
   179.43477625591194   133.39244660559939 
   179.43477625591194   149.39244660559939 
   163.43477625591194   149.39244660559939 
   163.43477625591194   165.39244660559939 
   179.43477625591194   165.39244660559939 
   163.43477625591194   181.39244660559939 
   195.43477625591191   117.39244660559939 
   195.43477625591191   133.39244660559939 
   211.43477625591191   133.39244660559939 
   195.43477625591191   149.39244660559939 
   51.434776255911913   101.39244660559939 
   51.434776255911913   117.39244660559939 
   35.434776255911935   117.39244660559939 
   35.434776255911935   133.39244660559939 
   51.434776255911913   149.39244660559939 
   35.434776255911935   149.39244660559939 
   51.434776255911913   165.39244660559939 
   83.434776255911942   69.392446605599389 
   83.434776255911942   85.392446605599403 
   67.434776255911927   85.392446605599403 
   67.434776255911927   101.39244660559939 
   67.434776255911927   165.39244660559939 
   83.434776255911942   181.39244660559939 
   67.434776255911927   181.39244660559939 
   83.434776255911942   197.39244660559939 
   115.43477625591193   37.392446605599396 
   115.43477625591193   53.392446605599375 
   99.434776255911927   53.392446605599375 
   99.434776255911927   69.392446605599389 
   99.434776255911927   197.39244660559939 
   115.43477625591193   213.39244660559939 
   99.434776255911927   213.39244660559939 
   115.43477625591193   229.39244660559936 
   131.43477625591194   37.392446605599396 
   147.43477625591191   37.392446605599396 
   147.43477625591191   53.392446605599375 
   147.43477625591191   213.39244660559939 
   131.43477625591194   229.39244660559936 
   147.43477625591191   229.39244660559936 
   163.43477625591194   53.392446605599375 
   163.43477625591194   69.392446605599389 
   179.43477625591194   69.392446605599389 
   179.43477625591194   85.392446605599403 
   179.43477625591194   181.39244660559939 
   163.43477625591194   197.39244660559939 
   179.43477625591194   197.39244660559939 
   163.43477625591194   213.39244660559939 
   195.43477625591191   85.392446605599403 
   195.43477625591191   101.39244660559939 
   211.43477625591191   101.39244660559939 
   211.43477625591191   117.39244660559939 
   211.43477625591191   149.39244660559939 
   195.43477625591191   165.39244660559939 
   211.43477625591191   165.39244660559939 
   195.43477625591191   181.39244660559939 
   227.43477625591191   117.39244660559939 
   227.43477625591191   133.39244660559939 
   227.43477625591191   149.39244660559939 
   51.434776255911913   69.392446605599389 
   51.434776255911913   85.392446605599403 
   35.434776255911935   85.392446605599403 
   35.434776255911935   101.39244660559939 
   35.434776255911935   165.39244660559939 
   51.434776255911913   181.39244660559939 
   35.434776255911935   181.39244660559939 
   51.434776255911913   197.39244660559939 
   83.434776255911942   37.392446605599396 
   83.434776255911942   53.392446605599375 
   67.434776255911927   53.392446605599375 
   67.434776255911927   69.392446605599389 
   67.434776255911927   197.39244660559939 
   83.434776255911942   213.39244660559939 
   67.434776255911927   213.39244660559939 
   83.434776255911942   229.39244660559936 
   99.434776255911927   37.392446605599396 
   99.434776255911927   229.39244660559936 
   163.43477625591194   37.392446605599396 
   179.43477625591194   37.392446605599396 
   179.43477625591194   53.392446605599375 
   179.43477625591194   213.39244660559939 
   163.43477625591194   229.39244660559936 
   179.43477625591194   229.39244660559936 
   195.43477625591191   53.392446605599375 
   195.43477625591191   69.392446605599389 
   211.43477625591191   69.392446605599389 
   211.43477625591191   85.392446605599403 
   211.43477625591191   181.39244660559939 
   195.43477625591191   197.39244660559939 
   211.43477625591191   197.39244660559939 
   195.43477625591191   213.39244660559939 
   227.43477625591191   85.392446605599403 
   227.43477625591191   101.39244660559939 
   227.43477625591191   165.39244660559939 
   227.43477625591191   181.39244660559939 
   51.434776255911913   53.392446605599375 
   35.434776255911935   69.392446605599389 
   35.434776255911935   197.39244660559939 
   51.434776255911913   213.39244660559939 
   67.434776255911927   37.392446605599396 
   67.434776255911927   229.39244660559936 
   195.43477625591191   37.392446605599396 
   211.43477625591191   53.392446605599375 
   211.43477625591191   213.39244660559939 
   195.43477625591191   229.39244660559936 
   227.43477625591191   69.392446605599389 
   227.43477625591191   197.39244660559939 
