     50.6240352709844   118.29663039175102 
   89.815871155515268    95.66921339378149 
   85.674766433874936   111.12402661440657 
   70.219953213249838   106.98292189276623 
   66.078848491609492   122.43773511339135 
   81.533661712234576   126.57883983503169 
   77.392556990594258   142.03365305565677 
    61.93774376996916   137.89254833401645 
    73.25145226895394   157.48846627628188 
   129.00770704004609   73.041796395811957 
   124.86660231840577    88.49660961643707 
   109.41178909778068   84.355504894796738 
   105.27068437614034   99.810318115421808 
   120.72549759676542   103.95142283706214 
    116.5843928751251   119.40623605768724 
   101.12957965450002   115.26513133604689 
   96.988474932859674   130.71994455667203 
   112.44328815348476   134.86104927831232 
   108.30218343184443   150.31586249893746 
   92.847370211219342   146.17475777729712 
   88.706265489578996    161.6295709979222 
   104.16107871020409   165.77067571956255 
   100.01997398856376   181.22548894018766 
   84.565160767938679   177.08438421854734 
   95.878869266923431   196.68030216081272 
   148.60362498231152   61.728087896827198 
    144.4625202606712   77.182901117452303 
   159.91733348129631   81.324005839092621 
   155.77622875965596   96.778819059717733 
   140.32141553903085   92.637714338077402 
   136.18031081739053   108.09252755870247 
   151.63512403801562   112.23363228034282 
    147.4940193163753    127.6884455009679 
   132.03920609575019   123.54734077932756 
   127.89810137410986    139.0021539999527 
   143.35291459473498   143.14325872159301 
   139.21180987309461    158.5980719422181 
   123.75699665246952   154.45696722057778 
   119.61589193082919   169.91178044120289 
   135.07070515145429   174.05288516284321 
   130.92960042981395   189.50769838346829 
   115.47478720918886   185.36659366182798 
   111.33368248754853   200.82140688245306 
   126.78849570817363   204.96251160409341 
    107.1925777659082   216.27622010307815 
   171.23104198028108   100.91992378135807 
   167.08993725864073   116.37473700198314 
   182.54475047926584   120.51584172362348 
    178.4036457576255   135.97065494424857 
   162.94883253700038   131.82955022260825 
   158.80772781536007   147.28436344323333 
   174.26254103598518   151.42546816487368 
   170.12143631434481   166.88028138549879 
   154.66662309371972   162.73917666385844 
    150.5255183720794   178.19398988448353 
   165.98033159270449   182.33509460612387 
   146.38441365043906   193.64880310510864 
   193.85845897825055   140.11175966588888 
   189.71735425661024   155.56657288651402 
   205.17216747723535   159.70767760815434 
   185.57624953496992   171.02138610713911 
   58.906244714265064   87.387003950500812 
   54.765139992624725   102.84181717112591 
   39.310326771999627   98.700712449485579 
   35.169222050359302   114.15552567011069 
   46.482930549344061   133.75144361237611 
   31.028117328718963   129.61033889073579 
   42.341825827703722   149.20625683300122 
   98.098080598795931   64.759586952531293 
   93.956975877155585   80.214400173156392 
   78.502162656530487   76.073295451516074 
   74.361057934890169   91.528108672141158 
   57.796639048328821   153.34736155464157 
    69.11034754731358   172.94327949690697 
   53.655534326688496   168.80217477526665 
   64.969242825673263   188.39809271753205 
   137.28991648332675   42.132169954561775 
   133.14881176168643   57.586983175186859 
   117.69399854106135   53.445878453546534 
     113.552893819421    68.90069167417164 
   80.424056046298347   192.53919743917237 
   91.737764545283099   212.13511538143783 
   76.282951324658015   207.99401065979748 
   87.596659823642767   227.58992860206288 
   152.74472970395186   46.273274676202114 
   168.19954292457695   50.414379397842438 
   164.05843820293663   65.869192618467537 
   122.64739098653331   220.41732482471849 
   103.05147304426787   231.73103332370323 
   118.50628626489298   235.87213804534355 
   179.51325142356171   70.010297340107869 
   175.37214670192139   85.465110560732967 
   190.82695992254651   89.606215282373299 
   186.68585520090616    105.0610285029984 
   161.83922687106417   197.78990782674899 
   142.24330892879874   209.10361632573373 
   157.69812214942385   213.24472104737404 
   138.10220420715839   224.55842954635884 
   202.14066842153122   109.20213322463873 
    197.9995636998909    124.6569464452638 
   213.45437692051598   128.79805116690414 
   209.31327219887567    144.2528643875292 
     201.031062755595   175.16249082877943 
   181.43514481332957   186.47619932776422 
   196.88995803395466   190.61730404940454 
   177.29404009168923    201.9310125483893 
   224.76808541950075   148.39396910916957 
   220.62698069786043   163.84878232979466 
   216.48587597622009   179.30359555041977 
   67.188454157545735    56.47737750925063 
   63.047349435905389   71.932190729875742 
    47.59253621528029   67.791086008235396 
   43.451431493639966    83.24589922886048 
   26.887012607078624   145.06515211136087 
   38.200721106063398   164.66107005362633 
   22.745907885438299   160.51996533198599 
   34.059616384423073   180.11588327425139 
    106.3802900420766   33.849960511281111 
   102.23918532043626   49.304773731906195 
   86.784372099811165    45.16366901026587 
   82.643267378170833   60.618482230890969 
   49.514429605048171   184.25698799589173 
   60.828138104032931   203.85290593815714 
   45.373324883407832   199.71180121651682 
   56.687033382392606   219.30771915878225 
   121.83510326270167    37.99106523292145 
   72.141846603017683   223.44882388042257 
   183.65435614520206   54.555484119482777 
   199.10916936582714   58.696588841123102 
   194.96806464418682     74.1514020617482 
   153.55701742778351   228.69953426799916 
   133.96109948551808   240.01324276698389 
   149.41591270614319   244.15434748862421 
   210.42287786481188   78.292506783388532 
   206.28177314317156   93.747320004013631 
   221.73658636379668   97.888424725653948 
    217.5954816421563   113.34323794627906 
   192.74885331231434   206.07211727002965 
   173.15293537004891   217.38582576901439 
   188.60774859067402   221.52693049065471 
   169.01183064840856   232.84063898963947 
   233.05029486278141   117.48434266791939 
    228.9091901411411   132.93915588854446 
   212.34477125457974   194.75840877104488 
   208.20366653293939      210.21322199167 
   71.329558879186067   41.022564288625532 
   51.733640936920629   52.336272787610305 
   18.604803163797975   175.97477855261107 
   29.918511662782734    195.5706964948765 
   90.925476821451497    29.70885578964079 
   41.232220161767508   215.16661443714193 
   214.56398258645225   62.837693562763441 
   225.87769108543699    82.43361150502885 
   184.46664386903365   236.98174371127979 
   164.87072592676824   248.29545221026459 
   237.19139958442173   102.02952944729429 
   204.06256181129908   225.66803521229502 
