   63.690090314294061   103.58049482735656 
   107.40290323539612   91.867681906254518 
    99.40290323539611   105.72408836680552 
   85.546496774845082   97.724088366805518 
   77.546496774845068   111.58049482735656 
    91.40290323539611   119.58049482735656 
    83.40290323539611    133.4369012879076 
   69.546496774845068   125.43690128790759 
    75.40290323539611   147.29330774845863 
   151.11571615649811   80.154868985152461 
   143.11571615649811   94.011275445703504 
   129.25930969594711   86.011275445703504 
   121.25930969594712   99.867681906254518 
   135.11571615649814    107.8676819062545 
   127.11571615649814   121.72408836680552 
   113.25930969594712   113.72408836680553 
   105.25930969594712   127.58049482735657 
   119.11571615649814   135.58049482735657 
   111.11571615649814   149.43690128790757 
   97.259309695947124   141.43690128790757 
   89.259309695947124   155.29330774845863 
   103.11571615649812   163.29330774845863 
   95.115716156498124   177.14971420900963 
    81.25930969594711   169.14971420900963 
   87.115716156498124   191.00612066956066 
   172.97212261704917   74.298462524601462 
   164.97212261704917   88.154868985152461 
   178.82852907760017   96.154868985152476 
   170.82852907760017    110.0112754457035 
   156.97212261704917   102.01127544570349 
   148.97212261704917    115.8676819062545 
   162.82852907760017   123.86768190625452 
   154.82852907760019   137.72408836680555 
   140.97212261704917   129.72408836680552 
   132.97212261704914   143.58049482735657 
   146.82852907760019   151.58049482735655 
   138.82852907760019    165.4369012879076 
   124.97212261704915    157.4369012879076 
   116.97212261704914    171.2933077484586 
   130.82852907760017    179.2933077484586 
   122.82852907760018   193.14971420900966 
   108.97212261704914   185.14971420900963 
   100.97212261704917   199.00612066956063 
   114.82852907760018   207.00612066956066 
   92.972122617049166   212.86252713011166 
   184.68493553815122    118.0112754457035 
   176.68493553815122   131.86768190625449 
   190.54134199870225   139.86768190625455 
   182.54134199870225   153.72408836680555 
   168.68493553815122   145.72408836680552 
   160.68493553815119   159.58049482735655 
   174.54134199870225   167.58049482735655 
   166.54134199870222    181.4369012879076 
   152.68493553815119    173.4369012879076 
   144.68493553815119    187.2933077484586 
   158.54134199870225   195.29330774845863 
   136.68493553815119   201.14971420900963 
   196.39774845925322   161.72408836680552 
   188.39774845925322   175.58049482735657 
   202.25415491980428   183.58049482735657 
   180.39774845925322   189.43690128790757 
   79.690090314294068   75.867681906254518 
   71.690090314294068   89.724088366805532 
   57.833683853743032   81.724088366805532 
   49.833683853743032    95.58049482735656 
   55.690090314294054   117.43690128790759 
   41.833683853743025    109.4369012879076 
   47.690090314294054    131.2933077484586 
   123.40290323539611   64.154868985152476 
   115.40290323539611   78.011275445703504 
   101.54649677484508    70.01127544570349 
   93.546496774845082   83.867681906254504 
   61.546496774845075   139.29330774845863 
   67.402903235396096   161.14971420900963 
   53.546496774845075   153.14971420900966 
    59.40290323539611   175.00612066956066 
   167.11571615649814   52.442056064050426 
   159.11571615649814   66.298462524601447 
   145.25930969594711   58.298462524601447 
   137.25930969594711   72.154868985152476 
   73.259309695947124   183.00612066956066 
   79.115716156498138   204.86252713011166 
   65.259309695947124   196.86252713011166 
   71.115716156498138   218.71893359066269 
   180.97212261704917   60.442056064050426 
   194.82852907760019   68.442056064050448 
   186.82852907760019   82.298462524601462 
   106.82852907760018   220.86252713011169 
   84.972122617049166   226.71893359066266 
   98.828529077600194   234.71893359066269 
   200.68493553815122   90.298462524601447 
   192.68493553815122   104.15486898515248 
   206.54134199870222   112.15486898515248 
   198.54134199870222    126.0112754457035 
   150.54134199870222   209.14971420900966 
   128.68493553815119   215.00612066956063 
   142.54134199870222   223.00612066956066 
   120.68493553815121   228.86252713011166 
   212.39774845925325   134.01127544570349 
   204.39774845925325   147.86768190625452 
   218.25415491980428   155.86768190625452 
   210.25415491980425   169.72408836680552 
   194.25415491980425   197.43690128790757 
   172.39774845925322   203.29330774845863 
   186.25415491980428    211.2933077484586 
   164.39774845925322   217.14971420900963 
   224.11056138035525   177.72408836680552 
   216.11056138035525   191.58049482735655 
   208.11056138035525   205.43690128790755 
   95.690090314294054   48.154868985152476 
   87.690090314294054   62.011275445703504 
   73.833683853743025   54.011275445703504 
    65.83368385374304   67.867681906254518 
   33.833683853743025   123.29330774845862 
   39.690090314294046   145.14971420900966 
   25.833683853743018   137.14971420900966 
   31.690090314294057   159.00612066956063 
   139.40290323539611   36.442056064050448 
   131.40290323539611   50.298462524601462 
   117.54649677484508   42.298462524601455 
   109.54649677484508   56.154868985152483 
   45.546496774845082   167.00612066956063 
    51.40290323539611   188.86252713011166 
   37.546496774845082   180.86252713011169 
   43.402903235396117   202.71893359066266 
   153.25930969594711   44.442056064050433 
   57.259309695947131   210.71893359066266 
   208.68493553815119   76.442056064050433 
   222.54134199870225   84.442056064050433 
   214.54134199870222   98.298462524601447 
   134.54134199870222   236.86252713011169 
   112.68493553815121   242.71893359066266 
   126.54134199870224   250.71893359066269 
   228.39774845925325   106.29846252460145 
   220.39774845925322   120.15486898515246 
   234.25415491980425   128.15486898515246 
   226.25415491980425   142.01127544570349 
   178.25415491980422   225.14971420900963 
   156.39774845925325   231.00612066956063 
   170.25415491980425   239.00612066956063 
   148.39774845925325   244.86252713011166 
   240.11056138035528   150.01127544570346 
   232.11056138035525   163.86768190625452 
   200.11056138035525    219.2933077484586 
   192.11056138035525   233.14971420900963 
   103.69009031429407   34.298462524601455 
   81.833683853743025   40.154868985152476 
   17.833683853743029   151.00612066956063 
   23.690090314294054   172.86252713011166 
   125.54649677484508   28.442056064050441 
   29.546496774845092   194.71893359066266 
   236.39774845925322   92.442056064050433 
   242.25415491980425   114.29846252460145 
   162.25415491980425   252.86252713011166 
   248.11056138035525   136.15486898515246 
   184.11056138035528   247.00612066956063 
