   77.124893848919086    71.59422001317202 
   120.83770677002113   83.307032934274076 
   106.98130030947011   91.307032934274076 
   98.981300309470114   77.450626473723034 
     85.1248938489191   85.450626473723048 
     93.1248938489191   99.307032934274076 
   79.268487388368072   107.30703293427408 
   71.268487388368072   93.450626473723048 
   65.412080927817058   115.30703293427408 
   164.55051969112316    95.01984585537609 
   150.69411323057213    103.0198458553761 
   142.69411323057213    89.16343939482509 
    128.8377067700211    97.16343939482509 
   136.83770677002113    111.0198458553761 
    122.9813003094701   119.01984585537609 
    114.9813003094701   105.16343939482508 
   101.12489384891909   113.16343939482508 
   109.12489384891909   127.01984585537609 
   95.268487388368072   135.01984585537608 
   87.268487388368072   121.16343939482509 
   73.412080927817044   129.16343939482508 
   81.412080927817044    143.0198458553761 
    67.55567446726603    151.0198458553761 
   59.555674467266023    137.1634393948251 
   53.699268006715023    159.0198458553761 
   186.40692615167418    100.8762523159271 
   172.55051969112316    108.8762523159271 
   180.55051969112318   122.73265877647813 
   166.69411323057213   130.73265877647816 
   158.69411323057213   116.87625231592713 
   144.83770677002113   124.87625231592712 
   152.83770677002113   138.73265877647816 
    138.9813003094701   146.73265877647813 
    130.9813003094701   132.87625231592713 
    117.1248938489191   140.87625231592713 
    125.1248938489191   154.73265877647813 
   111.26848738836809   162.73265877647813 
   103.26848738836809   148.87625231592713 
   89.412080927817058   156.87625231592713 
   97.412080927817058   170.73265877647813 
    83.55567446726603   178.73265877647816 
    75.55567446726603   164.87625231592713 
    61.69926800671503   172.87625231592713 
    69.69926800671503   186.73265877647816 
   47.842861546164002    180.8762523159271 
   174.69411323057213   144.58906523702916 
   160.83770677002113   152.58906523702916 
   168.83770677002113   166.44547169758019 
   154.98130030947013   174.44547169758019 
   146.98130030947013   160.58906523702916 
    133.1248938489191   168.58906523702916 
    141.1248938489191   182.44547169758019 
    127.2684873883681   190.44547169758019 
   119.26848738836809   176.58906523702919 
   105.41208092781706   184.58906523702919 
   113.41208092781707   198.44547169758019 
    91.55567446726603   192.58906523702919 
   162.98130030947013   188.30187815813119 
    149.1248938489191   196.30187815813116 
    157.1248938489191   210.15828461868219 
    135.2684873883681   204.30187815813122 
    104.8377067700211    55.59422001317202 
   90.981300309470086   63.594220013172027 
   82.981300309470086   49.737813552621013 
   69.124893848919086   57.737813552621006 
   63.268487388368065    79.59422001317202 
   55.268487388368058   65.737813552621006 
   49.412080927817037   87.594220013172034 
   148.55051969112316   67.307032934274076 
   134.69411323057213   75.307032934274076 
   126.69411323057211   61.450626473723048 
   112.83770677002111   69.450626473723048 
   57.412080927817044   101.45062647372305 
    51.55567446726603   123.30703293427409 
    43.55567446726603   109.45062647372305 
    37.69926800671503   131.30703293427408 
   192.26333261222518    79.01984585537609 
   178.40692615167418    87.01984585537609 
   170.40692615167418   73.163439394825076 
   156.55051969112313   81.163439394825076 
   45.699268006715023   145.16343939482508 
   39.842861546164002    167.0198458553761 
   31.842861546163995   153.16343939482508 
   25.986455085613002    175.0198458553761 
   200.26333261222518   92.876252315927118 
   208.26333261222521   106.73265877647815 
   194.40692615167418   114.73265877647813 
   55.842861546164009   194.73265877647816 
   33.986455085613002    188.8762523159271 
   41.986455085613009   202.73265877647816 
   202.40692615167418   128.58906523702916 
   188.55051969112316   136.58906523702916 
   196.55051969112318   150.44547169758019 
   182.69411323057216   158.44547169758019 
   99.555674467266044   206.44547169758019 
    77.69926800671503   200.58906523702916 
   85.699268006715059   214.44547169758019 
   63.842861546164016   208.58906523702919 
   190.69411323057216   172.30187815813119 
   176.83770677002113   180.30187815813119 
   184.83770677002113   194.15828461868222 
   170.98130030947013   202.15828461868222 
   143.26848738836807   218.15828461868222 
   121.41208092781706   212.30187815813119 
   129.41208092781707   226.15828461868219 
   107.55567446726604   220.30187815813122 
   178.98130030947013   216.01469107923322 
   165.12489384891913   224.01469107923319 
   151.26848738836807   232.01469107923322 
   132.55051969112316   39.594220013172013 
   118.69411323057211    47.59422001317202 
   110.69411323057211   33.737813552621006 
     96.8377067700211   41.737813552621013 
   41.412080927817037    73.73781355262102 
   35.555674467266023   95.594220013172034 
   27.555674467266019   81.737813552621034 
   21.699268006715013   103.59422001317202 
   176.26333261222518   51.307032934274062 
   162.40692615167418   59.307032934274069 
   154.40692615167418   45.450626473723041 
   140.55051969112316   53.450626473723041 
   29.699268006715016   117.45062647372306 
   23.842861546164006   139.30703293427408 
   15.842861546164002   125.45062647372306 
   9.9864550856130077   147.30703293427408 
   184.26333261222518   65.163439394825076 
   17.986455085612999   161.16343939482508 
   216.26333261222521   120.58906523702916 
   224.26333261222521   134.44547169758016 
   210.40692615167421   142.44547169758016 
   71.842861546164016   222.44547169758022 
   49.986455085613009   216.58906523702916 
   57.986455085613031   230.44547169758019 
   218.40692615167418   156.30187815813119 
   204.55051969112316   164.30187815813119 
   212.55051969112316   178.15828461868219 
   198.69411323057213   186.15828461868222 
   115.55567446726604   234.15828461868222 
    93.69926800671503   228.30187815813119 
   101.69926800671503   242.15828461868219 
   79.842861546164016   236.30187815813119 
   206.69411323057216   200.01469107923322 
   192.83770677002116   208.01469107923319 
   137.41208092781707   240.01469107923322 
   123.55567446726603   248.01469107923322 
   146.40692615167418   31.594220013172013 
   124.55051969112314   25.737813552621002 
   13.699268006715009   89.737813552621006 
   7.8428615461639994   111.59422001317203 
   168.26333261222518   37.450626473723034 
   1.9864550856130043   133.45062647372305 
   232.26333261222518   148.30187815813119 
   226.40692615167421   170.15828461868219 
   87.842861546164016   250.15828461868225 
   65.986455085613017   244.30187815813119 
   220.55051969112316   192.01469107923319 
   109.69926800671503   256.01469107923322 
