   70.142293913991509   85.651634839507579 
   115.39712790993056   85.651634839507579 
   104.08341941094581   96.965343338492332 
   92.769710911961027   85.651634839507565 
   81.456002412976275   96.965343338492332 
   92.769710911961042   108.27905183747711 
   81.456002412976275   119.59276033646186 
   70.142293913991509   108.27905183747711 
   70.142293913991509   130.90646883544665 
    160.6519619058696   85.651634839507565 
   149.33825340688483   96.965343338492332 
   138.02454490790009   85.651634839507579 
   126.71083640891531   96.965343338492332 
   138.02454490790009   108.27905183747708 
   126.71083640891531   119.59276033646184 
   115.39712790993056    108.2790518374771 
   104.08341941094579   119.59276033646185 
   115.39712790993055   130.90646883544662 
   104.08341941094579   142.22017733443138 
   92.769710911961013   130.90646883544662 
   81.456002412976275   142.22017733443141 
   92.769710911961013   153.53388583341615 
   81.456002412976261   164.84759433240092 
   70.142293913991509   153.53388583341615 
   70.142293913991523   176.16130283138565 
   183.27937890383913   85.651634839507579 
   171.96567040485436   96.965343338492332 
   183.27937890383913   108.27905183747711 
   171.96567040485436   119.59276033646186 
    160.6519619058696   108.27905183747711 
   149.33825340688486   119.59276033646186 
   160.65196190586963   130.90646883544662 
   149.33825340688486   142.22017733443138 
   138.02454490790009   130.90646883544662 
   126.71083640891533   142.22017733443141 
   138.02454490790009   153.53388583341615 
   126.71083640891533   164.84759433240092 
   115.39712790993056   153.53388583341615 
   104.08341941094579   164.84759433240092 
   115.39712790993056   176.16130283138568 
   104.08341941094581   187.47501133037042 
   92.769710911961027   176.16130283138568 
   81.456002412976289   187.47501133037042 
   92.769710911961042   198.78871982935522 
   70.142293913991537   198.78871982935522 
   183.27937890383913   130.90646883544665 
   171.96567040485436   142.22017733443141 
   183.27937890383916   153.53388583341618 
   171.96567040485439   164.84759433240092 
   160.65196190586963   153.53388583341615 
   149.33825340688486   164.84759433240092 
   160.65196190586963   176.16130283138568 
   149.33825340688486   187.47501133037042 
   138.02454490790009   176.16130283138568 
   126.71083640891534   187.47501133037042 
   138.02454490790012   198.78871982935522 
   115.39712790993056   198.78871982935522 
   183.27937890383916   176.16130283138565 
   171.96567040485436   187.47501133037042 
   183.27937890383916   198.78871982935519 
    160.6519619058696   198.78871982935522 
   92.769710911961013   63.024217841538061 
   81.456002412976275   74.337926340522813 
   70.142293913991523   63.024217841538047 
   58.828585415006756   74.337926340522813 
   58.828585415006742   96.965343338492332 
   47.514876916021983   85.651634839507594 
   47.514876916021969   108.27905183747711 
   138.02454490790009   63.024217841538061 
   126.71083640891531   74.337926340522813 
   115.39712790993053   63.024217841538061 
   104.08341941094579   74.337926340522813 
   58.828585415006742   119.59276033646186 
   58.828585415006742   142.22017733443141 
   47.514876916021969   130.90646883544665 
   47.514876916021997   153.53388583341615 
   183.27937890383913   63.024217841538047 
   171.96567040485434   74.337926340522785 
    160.6519619058696   63.024217841538047 
   149.33825340688483   74.337926340522813 
   58.828585415006756   164.84759433240089 
   58.828585415006742   187.47501133037042 
   47.514876916021983   176.16130283138565 
   47.514876916021997   198.78871982935516 
    194.5930874028239   74.337926340522813 
   205.90679590180866   85.651634839507594 
    194.5930874028239   96.965343338492332 
   81.456002412976289   210.10242832833998 
   58.828585415006785   210.10242832833993 
   70.142293913991551   221.41613682732469 
   205.90679590180866   108.27905183747711 
    194.5930874028239   119.59276033646186 
   205.90679590180866   130.90646883544665 
    194.5930874028239   142.22017733443141 
   126.71083640891534   210.10242832833998 
   104.08341941094582   210.10242832833998 
   115.39712790993059   221.41613682732472 
   92.769710911961042   221.41613682732472 
   205.90679590180866   153.53388583341615 
    194.5930874028239   164.84759433240089 
   205.90679590180866   176.16130283138565 
    194.5930874028239   187.47501133037042 
   171.96567040485436   210.10242832833995 
   149.33825340688486   210.10242832833998 
    160.6519619058696   221.41613682732472 
   138.02454490790009   221.41613682732472 
   205.90679590180866   198.78871982935516 
    194.5930874028239   210.10242832833993 
   183.27937890383913   221.41613682732469 
   115.39712790993053   40.396800843568528 
   104.08341941094578   51.710509342553301 
   92.769710911961013   40.396800843568542 
   81.456002412976275   51.710509342553301 
   36.201168417037223   96.965343338492346 
   36.201168417037209   119.59276033646188 
   24.887459918052453   108.27905183747711 
   24.887459918052468   130.90646883544662 
    160.6519619058696   40.396800843568528 
   149.33825340688486   51.710509342553287 
   138.02454490790009   40.396800843568528 
   126.71083640891531   51.710509342553287 
   36.201168417037223   142.22017733443138 
   36.201168417037238   164.84759433240092 
   24.887459918052468   153.53388583341615 
   24.887459918052496   176.16130283138565 
   171.96567040485434   51.710509342553287 
   36.201168417037238   187.47501133037039 
   217.22050440079343   96.965343338492346 
   228.53421289977817   108.27905183747711 
   217.22050440079343   119.59276033646186 
   104.08341941094582   232.72984532630949 
   81.456002412976304   232.72984532630946 
   92.769710911961084   244.04355382529425 
   228.53421289977817   130.90646883544662 
    217.2205044007934   142.22017733443138 
   228.53421289977817   153.53388583341615 
    217.2205044007934   164.84759433240092 
   149.33825340688486   232.72984532630946 
   126.71083640891534   232.72984532630946 
   138.02454490790012   244.04355382529425 
   115.39712790993056   244.04355382529425 
   228.53421289977814   176.16130283138565 
    217.2205044007934   187.47501133037039 
   171.96567040485436   232.72984532630946 
    160.6519619058696   244.04355382529425 
   126.71083640891531   29.083092344583772 
   104.08341941094579   29.083092344583772 
    13.57375141906771   119.59276033646186 
   13.573751419067694   142.22017733443141 
   149.33825340688483   29.083092344583772 
   13.573751419067724   164.84759433240089 
   239.84792139876294   119.59276033646185 
   239.84792139876294   142.22017733443138 
   126.71083640891534   255.35726232427902 
   104.08341941094582   255.35726232427899 
   239.84792139876294   164.84759433240089 
   149.33825340688486   255.35726232427899 
