   101.64470027415518    69.45116402727642 
   140.83653615868604   92.078581025245953 
   125.38172293806096    96.21968574688627 
   121.24061821642063   80.764872526261172 
   105.78580499579553   84.905977247901518 
   109.92690971743586   100.36079046852662 
   94.472096496810764   104.50189519016693 
   90.330991775170432   89.047081969541836 
   79.017283276185665   108.64299991180728 
    180.0283720432169   114.70599802321544 
   164.57355882259179   118.84710274485579 
   160.43245410095145    103.3922895242307 
   144.97764088032639   107.53339424587104 
   149.11874560196671   122.98820746649611 
   133.66393238134162   127.12931218813645 
   129.52282765970128   111.67449896751135 
   114.06801443907619    115.8156036891517 
   118.20911916071651   131.27041690977677 
   102.75430594009141   135.41152163141709 
   98.613201218451096   119.95670841079203 
   83.158387997825997   124.09781313243236 
   87.299492719466315   139.55262635305746 
   71.844679498841217   143.69373107469778 
   67.703574777200899    128.2389178540727 
   56.389866278216154    147.8348357963381 
   199.62428998548233   126.01970652220021 
   184.16947676485722   130.16081124384053 
   188.31058148649754   145.61562446446564 
   172.85576826587246   149.75672918610596 
   168.71466354423214   134.30191596548087 
   153.25985032360703   138.44302068712119 
   157.40095504524734    153.8978339077463 
   141.94614182462229   158.03893862938662 
   137.80503710298194   142.58412540876151 
   122.35022388235686   146.72523013040188 
   126.49132860399719   162.18004335102697 
   111.03651538337208   166.32114807266728 
   106.89541066173176    150.8663348520422 
   91.440597441106647   155.00743957368252 
   95.581702162746979   170.46225279430766 
    80.12688894212188   174.60335751594798 
   75.985784220481548   159.14854429532286 
   60.530970999856478   163.28964901696321 
    64.67207572149681   178.74446223758829 
    45.07615777923138   167.43075373860353 
   176.99687298751277   165.21154240673107 
   161.54205976688772   169.35264712837139 
   165.68316448852804    184.8074603489965 
   150.22835126790298   188.94856507063682 
   146.08724654626261   173.49375185001171 
   130.63243332563752   177.63485657165208 
   134.77353804727784   193.08966979227716 
   119.31872482665275   197.23077451391748 
   115.17762010501242    181.7759612932924 
   99.722806884387325   185.91706601493274 
   103.86391160602764   201.37187923555786 
   84.267993663762226   190.05817073657306 
    154.3694559895433    204.4033782912619 
   138.91464276891816   208.54448301290225 
   143.05574749055853   223.99929623352733 
   123.45982954829309   212.68558773454257 
   132.55432671540538   61.168954583995735 
    117.0995134947803   65.310059305636074 
   112.95840877313996    49.85524608501099 
   97.503595552514867   53.996350806651336 
   86.189887053530086   73.592268748916737 
   82.048782331889768    58.13745552829166 
   70.735073832904988   77.733373470557069 
   171.74616259993621   83.796371581965289 
   156.29134937931113   87.937476303605607 
   152.15024465767081   72.482663082980508 
    136.6954314370457   76.623767804620854 
   74.876178554545334   93.188186691182182 
   63.562470055560553   112.78410463344761 
   59.421365333920228   97.329291412822514 
    48.10765683493549   116.92520935508794 
    210.9379984844671   106.42378857993478 
   195.48318526384199   110.56489330157513 
   191.34208054220167   95.110080080950027 
   175.88726732157659   99.251184802590373 
   52.248761556575815   132.38002257571301 
   40.935053057591055   151.97594051797844 
   36.793948335950716   136.52112729735336 
   25.480239836965971   156.11704523961876 
   215.07910320610742   121.87860180055986 
   219.22020792774774   137.33341502118498 
   203.76539470712265   141.47451974282529 
   49.217262500871719   182.88556695922861 
    29.62134455860631   171.57185846024385 
   33.762449280246635   187.02667168086896 
   207.90649942876297   156.92933296345041 
   192.45168620813789   161.07043768509075 
    196.5927909297782   176.52525090571584 
   181.13797770915312   180.66635562735615 
   88.409098385402544   205.51298395719817 
   68.813180443137156   194.19927545821341 
   72.954285164777474   209.65408867883849 
   53.358367222512044   198.34038017985372 
   185.27908243079347   196.12116884798124 
   169.82426921016835   200.26227356962158 
   173.96537393180873    215.7170867902467 
   158.51056071118362   219.85819151188701 
    127.6009342699334   228.14040095516765 
   108.00501632766797   216.82669245618288 
   112.14612104930831     232.281505676808 
   92.550203107042876   220.96779717782323 
   162.65166543282393   235.31300473251207 
   147.19685221219885   239.45410945415244 
   131.74203899157374   243.59521417579276 
   163.46395315665555   52.886745140715071 
   148.00913993603044    57.02784986235541 
   143.86803521439012   41.573036641730326 
   128.41322199376503   45.714141363370672 
    66.59396911126467   62.278560249931999 
   55.280260612279889   81.874478192197401 
   51.139155890639564   66.419664971572317 
   39.825447391654826   86.015582913837747 
   202.65578904118641   75.514162138684625 
   187.20097582056133   79.655266860324943 
   183.05987109892101   64.200453639699845 
    167.6050578782959   68.341558361340191 
   43.966552113295144   101.47039613446285 
   32.652843614310385   121.06631407672826 
   28.511738892670049   105.61150085610316 
   17.198030393685322   125.20741879836859 
   206.79689376282676   90.968975359309709 
   21.339135115325647   140.66223201899368 
   223.36131264938808   152.78822824181006 
    227.5024173710284    168.2430414624352 
   212.04760415040332   172.38414618407552 
   57.499471944152383   213.79519340047881 
   37.903554001886974   202.48148490149404 
   42.044658723527313   217.93629812211915 
   216.18870887204366   187.83895940470055 
   200.73389565141852   191.98006412634092 
   204.87500037305887     207.434877346966 
   189.42018715243378   211.57598206860632 
   96.691307828683208   236.42261039844834 
   77.095389886417806   225.10890189946358 
   81.236494608058138   240.56371512008866 
   61.640576665792707   229.25000662110389 
    193.5612918740741   227.03079528923141 
   178.10647865344905   231.17190001087175 
   116.28722577094864   247.73631889743308 
   100.83241255032354    251.8774236190734 
   178.91876637728066   48.745640419074746 
   159.32284843501523   37.431931920090001 
   35.684342670014502   70.560769693212663 
   24.370634171029725   90.156687635478065 
   198.51468431954606    60.05934891805952 
   13.056925672044981   109.75260557774349 
   231.64352209266872   183.69785468306023 
   220.32981359368398   203.29377262532566 
   65.781681387433039   244.70481984172898 
   46.185763445167638   233.39111134274421 
   209.01610509469921   222.88969056759109 
   85.377599329698469   256.01852834071371 
