   122.93445861330103   49.141468498194421 
   154.93445861330102   81.141468498194428 
   138.93445861330105   81.141468498194428 
   138.93445861330105   65.141468498194428 
   122.93445861330103   65.141468498194428 
   122.93445861330103   81.141468498194428 
   106.93445861330102   81.141468498194428 
   106.93445861330102   65.141468498194428 
   90.934458613301018   81.141468498194428 
   186.93445861330102   113.14146849819441 
   170.93445861330102   113.14146849819441 
   170.93445861330102   97.141468498194428 
   154.93445861330102   97.141468498194428 
   154.93445861330105   113.14146849819441 
   138.93445861330105   113.14146849819441 
   138.93445861330105   97.141468498194428 
   122.93445861330103   97.141468498194428 
   122.93445861330103   113.14146849819441 
   106.93445861330102   113.14146849819441 
   106.93445861330102   97.141468498194428 
   90.934458613301018   97.141468498194428 
   90.934458613301018   113.14146849819441 
   74.934458613301004   113.14146849819441 
   74.934458613301004   97.141468498194428 
   58.934458613301032   113.14146849819441 
   202.93445861330105   129.14146849819443 
   186.93445861330102   129.14146849819443 
   186.93445861330102   145.14146849819443 
   170.93445861330102   145.14146849819443 
   170.93445861330102   129.14146849819443 
   154.93445861330105   129.14146849819443 
   154.93445861330105   145.14146849819443 
   138.93445861330105   145.14146849819443 
   138.93445861330105   129.14146849819443 
   122.93445861330103   129.14146849819443 
   122.93445861330103   145.14146849819443 
   106.93445861330102   145.14146849819443 
   106.93445861330102   129.14146849819443 
   90.934458613301018   129.14146849819443 
   90.934458613301018   145.14146849819443 
   74.934458613301004   145.14146849819443 
   74.934458613301004   129.14146849819443 
   58.934458613301032   129.14146849819443 
   58.934458613301032   145.14146849819443 
   42.934458613301025   129.14146849819443 
   170.93445861330102   161.14146849819443 
   154.93445861330105   161.14146849819443 
   154.93445861330105   177.14146849819443 
   138.93445861330105   177.14146849819443 
   138.93445861330105   161.14146849819443 
   122.93445861330103   161.14146849819443 
   122.93445861330103   177.14146849819443 
   106.93445861330102   177.14146849819443 
   106.93445861330102   161.14146849819443 
   90.934458613301018   161.14146849819443 
   90.934458613301018   177.14146849819443 
   74.934458613301004   161.14146849819443 
   138.93445861330105    193.1414684981944 
   122.93445861330103    193.1414684981944 
   122.93445861330103   209.14146849819443 
   106.93445861330102    193.1414684981944 
   154.93445861330102   49.141468498194421 
   138.93445861330105   49.141468498194421 
   138.93445861330105   33.141468498194428 
   122.93445861330103   33.141468498194428 
   106.93445861330102   49.141468498194421 
   106.93445861330102   33.141468498194428 
   90.934458613301018   49.141468498194421 
   186.93445861330102   81.141468498194428 
   170.93445861330102   81.141468498194428 
   170.93445861330102   65.141468498194428 
   154.93445861330102   65.141468498194428 
   90.934458613301018   65.141468498194428 
   74.934458613301004   81.141468498194428 
   74.934458613301004   65.141468498194428 
   58.934458613301032   81.141468498194442 
   218.93445861330102   113.14146849819441 
   202.93445861330105   113.14146849819441 
   202.93445861330105   97.141468498194428 
   186.93445861330102   97.141468498194428 
   58.934458613301032   97.141468498194428 
   42.934458613301025   113.14146849819441 
   42.934458613301025   97.141468498194428 
   26.934458613301047   113.14146849819441 
   218.93445861330102   129.14146849819443 
   218.93445861330102   145.14146849819443 
   202.93445861330105   145.14146849819443 
   42.934458613301025   145.14146849819443 
   26.934458613301047   129.14146849819443 
   26.934458613301047   145.14146849819443 
   202.93445861330105   161.14146849819443 
   186.93445861330102   161.14146849819443 
   186.93445861330102   177.14146849819443 
   170.93445861330102   177.14146849819443 
   74.934458613301004   177.14146849819443 
   58.934458613301032   161.14146849819443 
   58.934458613301032   177.14146849819443 
   42.934458613301025   161.14146849819443 
   170.93445861330102    193.1414684981944 
   154.93445861330105    193.1414684981944 
   154.93445861330105   209.14146849819443 
   138.93445861330105   209.14146849819443 
   106.93445861330102   209.14146849819443 
   90.934458613301018    193.1414684981944 
   90.934458613301018   209.14146849819443 
   74.934458613301004    193.1414684981944 
   138.93445861330105    225.1414684981944 
   122.93445861330103    225.1414684981944 
   106.93445861330102    225.1414684981944 
   186.93445861330102   49.141468498194421 
   170.93445861330102   49.141468498194421 
   170.93445861330102   33.141468498194428 
   154.93445861330102   33.141468498194428 
   90.934458613301018   33.141468498194428 
   74.934458613301004   49.141468498194421 
   74.934458613301004   33.141468498194428 
   58.934458613301032   49.141468498194421 
   218.93445861330102   81.141468498194413 
   202.93445861330105   81.141468498194413 
   202.93445861330105   65.141468498194413 
   186.93445861330102   65.141468498194428 
   58.934458613301032   65.141468498194428 
   42.934458613301025   81.141468498194442 
   42.934458613301025   65.141468498194428 
   26.934458613301047   81.141468498194442 
   218.93445861330102   97.141468498194428 
   26.934458613301047   97.141468498194428 
   218.93445861330102   161.14146849819443 
   218.93445861330102   177.14146849819443 
   202.93445861330105   177.14146849819443 
   42.934458613301025   177.14146849819443 
   26.934458613301047   161.14146849819443 
   26.934458613301047   177.14146849819443 
   202.93445861330105    193.1414684981944 
   186.93445861330102    193.1414684981944 
   186.93445861330102   209.14146849819443 
   170.93445861330102   209.14146849819443 
   74.934458613301004   209.14146849819443 
   58.934458613301032    193.1414684981944 
   58.934458613301032   209.14146849819443 
   42.934458613301025    193.1414684981944 
   170.93445861330102    225.1414684981944 
   154.93445861330105    225.1414684981944 
   90.934458613301018    225.1414684981944 
   74.934458613301004    225.1414684981944 
   202.93445861330105   49.141468498194421 
   186.93445861330102   33.141468498194428 
   58.934458613301032   33.141468498194428 
   42.934458613301025   49.141468498194421 
   218.93445861330102   65.141468498194413 
   26.934458613301047   65.141468498194428 
   218.93445861330102    193.1414684981944 
   202.93445861330105   209.14146849819443 
   42.934458613301025   209.14146849819443 
   26.934458613301047    193.1414684981944 
   186.93445861330102    225.1414684981944 
   58.934458613301032    225.1414684981944 
