   22.711703975036926   64.120780810603179 
   22.711703975036926   87.277228265488674 
   54.711703975036912   64.120780810603179 
   54.711703975036912   87.277228265488674 
   38.711703975036919   43.775526076740761 
   70.711703975036912   61.309588089580075 
   70.711703975036912   84.466035544465583 
   38.711703975036919   66.931973531626284 
   22.711703975036926   110.43367572037418 
   22.711703975036926   133.59012317525969 
   54.711703975036912   110.43367572037418 
   54.711703975036912   133.59012317525969 
   38.711703975036919   90.088420986511778 
   70.711703975036912   107.62248299935109 
   70.711703975036912   130.77893045423659 
   38.711703975036919    113.2448684413973 
   22.711703975036926   156.74657063014521 
   22.711703975036926   179.90301808503071 
   54.711703975036912   156.74657063014521 
   54.711703975036912   179.90301808503071 
   38.711703975036919   136.40131589628282 
   70.711703975036912   153.93537790912211 
   70.711703975036912    177.0918253640076 
   38.711703975036919   159.55776335116829 
   22.711703975036926    203.0594655399162 
   22.711703975036926   226.21591299480173 
   54.711703975036912    203.0594655399162 
   54.711703975036912   226.21591299480173 
   38.711703975036919   182.71421080605381 
   70.711703975036912    200.2482728188931 
   70.711703975036912   223.40472027377862 
   38.711703975036919   205.87065826093931 
   22.711703975036926   17.807885900832144 
   22.711703975036926   40.964333355717663 
   54.711703975036912   17.807885900832144 
   54.711703975036912   40.964333355717663 
   38.711703975036919   229.02710571582486 
   70.711703975036912    14.99669317980903 
   70.711703975036912   38.153140634694545 
   38.711703975036919    20.61907862185523 
   86.711703975036926   64.120780810603179 
   86.711703975036926   87.277228265488674 
   118.71170397503691   64.120780810603179 
   118.71170397503691   87.277228265488674 
   102.71170397503693   43.775526076740761 
   134.71170397503693   61.309588089580075 
   134.71170397503693   84.466035544465583 
   102.71170397503693   66.931973531626284 
   86.711703975036926   110.43367572037418 
   86.711703975036926   133.59012317525969 
   118.71170397503691   110.43367572037418 
   118.71170397503691   133.59012317525969 
   102.71170397503693   90.088420986511778 
   134.71170397503693   107.62248299935109 
   134.71170397503693   130.77893045423659 
   102.71170397503693    113.2448684413973 
   86.711703975036926   156.74657063014521 
   86.711703975036926   179.90301808503071 
   118.71170397503691   156.74657063014521 
   118.71170397503691   179.90301808503071 
   102.71170397503693   136.40131589628282 
   134.71170397503693   153.93537790912211 
   134.71170397503693    177.0918253640076 
   102.71170397503693   159.55776335116829 
   86.711703975036926    203.0594655399162 
   86.711703975036926   226.21591299480173 
   118.71170397503691    203.0594655399162 
   118.71170397503691   226.21591299480173 
   102.71170397503693   182.71421080605381 
   134.71170397503693    200.2482728188931 
   134.71170397503693   223.40472027377862 
   102.71170397503693   205.87065826093931 
   86.711703975036926   17.807885900832144 
   86.711703975036926   40.964333355717663 
   118.71170397503691   17.807885900832144 
   118.71170397503691   40.964333355717663 
   102.71170397503693   229.02710571582486 
   134.71170397503693    14.99669317980903 
   134.71170397503693   38.153140634694545 
   102.71170397503693    20.61907862185523 
   150.71170397503693   64.120780810603179 
   150.71170397503693   87.277228265488674 
   182.71170397503693   64.120780810603179 
   182.71170397503693   87.277228265488674 
   166.71170397503693   43.775526076740761 
   198.71170397503693   61.309588089580075 
   198.71170397503693   84.466035544465583 
   166.71170397503693   66.931973531626284 
   150.71170397503693   110.43367572037418 
   150.71170397503693   133.59012317525969 
   182.71170397503693   110.43367572037418 
   182.71170397503693   133.59012317525969 
   166.71170397503693   90.088420986511778 
   198.71170397503693   107.62248299935109 
   198.71170397503693   130.77893045423659 
   166.71170397503693    113.2448684413973 
   150.71170397503693   156.74657063014521 
   150.71170397503693   179.90301808503071 
   182.71170397503693   156.74657063014521 
   182.71170397503693   179.90301808503071 
   166.71170397503693   136.40131589628282 
   198.71170397503693   153.93537790912211 
   198.71170397503693    177.0918253640076 
   166.71170397503693   159.55776335116829 
   150.71170397503693    203.0594655399162 
   150.71170397503693   226.21591299480173 
   182.71170397503693    203.0594655399162 
   182.71170397503693   226.21591299480173 
   166.71170397503693   182.71421080605381 
   198.71170397503693    200.2482728188931 
   198.71170397503693   223.40472027377862 
   166.71170397503693   205.87065826093931 
   150.71170397503693   17.807885900832144 
   150.71170397503693   40.964333355717663 
   182.71170397503693   17.807885900832144 
   182.71170397503693   40.964333355717663 
   166.71170397503693   229.02710571582486 
   198.71170397503693    14.99669317980903 
   198.71170397503693   38.153140634694545 
   166.71170397503693    20.61907862185523 
   214.71170397503693   64.120780810603179 
   214.71170397503693   87.277228265488674 
    246.7117039750369   64.120780810603179 
    246.7117039750369   87.277228265488674 
   230.71170397503693   43.775526076740761 
   6.7117039750368894   61.309588089580075 
   6.7117039750368894   84.466035544465583 
   230.71170397503693   66.931973531626284 
   214.71170397503693   110.43367572037418 
   214.71170397503693   133.59012317525969 
    246.7117039750369   110.43367572037418 
    246.7117039750369   133.59012317525969 
   230.71170397503693   90.088420986511778 
   6.7117039750368894   107.62248299935109 
   6.7117039750368894   130.77893045423659 
   230.71170397503693    113.2448684413973 
   214.71170397503693   156.74657063014521 
   214.71170397503693   179.90301808503071 
    246.7117039750369   156.74657063014521 
    246.7117039750369   179.90301808503071 
   230.71170397503693   136.40131589628282 
   6.7117039750368894   153.93537790912211 
   6.7117039750368894    177.0918253640076 
   230.71170397503693   159.55776335116829 
   214.71170397503693    203.0594655399162 
   214.71170397503693   226.21591299480173 
    246.7117039750369    203.0594655399162 
    246.7117039750369   226.21591299480173 
   230.71170397503693   182.71421080605381 
   6.7117039750368894    200.2482728188931 
   6.7117039750368894   223.40472027377862 
   230.71170397503693   205.87065826093931 
   214.71170397503693   17.807885900832144 
   214.71170397503693   40.964333355717663 
    246.7117039750369   17.807885900832144 
    246.7117039750369   40.964333355717663 
   230.71170397503693   229.02710571582486 
   6.7117039750368894    14.99669317980903 
   6.7117039750368894   38.153140634694545 
   230.71170397503693    20.61907862185523 
