   60.133325792421964   3.2939255965190584 
   48.555102064979216   23.347997353849411 
   87.846138713523985   19.293925596519053 
   76.267914986081252   39.347997353849401 
   103.10814153458658   24.859361285179144 
   91.529917807143832    44.91343304250951 
   72.584135892461433   13.728489907858959 
   36.976878337536462   43.402069111179763 
   25.398654610093701   63.456140868510126 
   64.689691258638504   59.402069111179756 
   53.111467531195728   79.456140868510133 
   61.005912165018678   33.782561665189313 
   79.951694079701056   64.967504799839872 
   68.373470352258323   85.021576557170235 
   49.427688437575917   53.836633422519675 
   13.820430882650943   83.510212625840509 
   2.2422071552081992   103.56428438317084 
   41.533243803752974   99.510212625840509 
    29.95502007631023   119.56428438317086 
   37.849464710133176   73.890705179850031 
   56.795246624815562    105.0756483145006 
     45.2170228973728   125.12972007183096 
   26.271240982690415   93.944776937180393 
   18.376796348867472   139.61835614050122 
   6.7985726214247135   159.67242789783157 
   14.693017255247657   113.99884869451077 
    33.63879916993006   145.18379182916132 
   22.060575442487298   165.23786358649167 
   3.1147935278049137   134.05292045184109 
   10.482351715044542   185.29193534382205 
   114.68636526202934   4.8052895278487764 
   115.55895163462604   35.293925596519045 
   103.98072790718329   55.347997353849394 
   143.27176455572805   51.293925596519053 
   131.69354082828534   71.347997353849408 
   139.58798546210826   25.674418150528592 
   158.53376737679065   56.859361285179141 
    146.9555436493479   76.913433042509496 
   128.00976173466552   45.728489907858958 
   92.402504179740546   75.402069111179742 
   80.824280452297771   95.456140868510118 
   120.11531710084257   91.402069111179756 
   108.53709337339983   111.45614086851012 
   116.43153800722277   65.782561665189306 
   135.37731992190513   96.967504799839858 
   123.79909619446238   117.02157655717022 
   104.85331427978001   85.836633422519682 
   69.246056724855023   115.51021262584051 
   57.667832997412276   135.56428438317084 
   96.958869645957066   131.51021262584052 
   85.380645918514318   151.56428438317084 
   93.275090552337261   105.89070517985003 
   112.22087246701962    137.0756483145006 
   100.64264873957686   157.12972007183095 
   81.696866824894485   125.94477693718039 
   46.089609269969515   155.61835614050122 
    34.51138554252676   175.67242789783157 
   73.802422191071543   171.61835614050122 
   62.224198463628802    191.6724278978316 
   70.118643097451752   145.99884869451077 
   89.064425012134123   177.18379182916129 
   77.486201284691376   197.23786358649167 
   58.540419370009005   166.05292045184112 
   22.933161815083999   195.72649965516194 
   127.13717536206879   15.239853839188692 
   50.645974736186048   211.72649965516192 
   154.84998828317083   31.239853839188683 
   46.962195642566229   186.10699220917152 
     65.9079775572486   217.29193534382199 
    170.1119911042334   36.805289527848764 
   35.383971915123489   206.16106396650184 
   170.98457747683014    67.29392559651906 
   159.40635374938739   87.347997353849394 
    198.6973903979322    83.29392559651906 
   187.11916667048945   103.34799735384941 
   195.01361130431235   57.674418150528595 
   213.95939321899473   88.859361285179148 
   202.38116949155199    108.9134330425095 
   183.43538757686957   77.728489907858958 
   147.82813002194465   107.40206911117976 
   136.24990629450187   127.45614086851013 
    175.5409429430467   123.40206911117977 
   163.96271921560393   143.45614086851015 
   171.85716384942688   97.782561665189306 
   190.80294576410924   128.96750479983984 
   179.22472203666646   149.02157655717022 
   160.27894012198411   117.83663342251968 
   124.67168256705911    147.5102126258405 
   113.09345883961636   167.56428438317084 
   152.38449548816115    163.5102126258405 
    140.8062717607184   183.56428438317087 
   148.70071639454136   137.89070517985002 
   167.64649830922372   169.07564831450057 
   156.06827458178094   189.12972007183095 
   137.12249266709858   157.94477693718039 
    101.5152351121736   187.61835614050122 
   89.937011384730852   207.67242789783157 
   129.22804803327566   203.61835614050122 
   117.64982430583291    223.6724278978316 
   125.54426893965584   177.99884869451077 
   144.49005085433822   209.18379182916129 
   132.91182712689547   229.23786358649167 
   113.96604521221309   198.05292045184112 
    78.35878765728809   227.72649965516197 
   182.56280120427286    47.23985383918869 
   106.07160057839015   243.72649965516194 
   210.27561412537491   63.239853839188697 
   102.38782148477031   218.10699220917152 
   121.33360339945271   249.29193534382202 
   225.53761694643751   68.805289527848771 
    90.80959775732758   238.16106396650187 
    226.4102033190342   99.293925596519045 
   214.83197959159148   119.34799735384939 
   254.12301624013625   115.29392559651903 
   242.54479251269348   135.34799735384939 
   250.43923714651643   89.674418150528581 
   238.86101341907371   109.72848990785896 
    203.2537558641487   139.40206911117974 
   191.67553213670595   159.45614086851012 
   230.96656878525073   155.40206911117974 
   219.38834505780798   175.45614086851012 
   227.28278969163094   129.78256166518932 
    246.2285716063133   160.96750479983987 
   234.65034787887052   181.02157655717022 
   215.70456596418816   149.83663342251967 
   180.09730840926318   179.51021262584052 
   168.51908468182043   199.56428438317084 
   207.81012133036521    195.5102126258405 
   196.23189760292246   215.56428438317081 
   204.12634223674544   169.89070517985002 
   223.07212415142777   201.07564831450057 
   211.49390042398505   221.12972007183097 
   192.54811850930267   189.94477693718042 
   156.94086095437768   219.61835614050122 
   145.36263722693494   239.67242789783157 
   184.65367387547974   235.61835614050122 
   173.07545014803696   255.67242789783157 
   180.96989478185989   209.99884869451074 
   199.91567669654228   241.18379182916129 
   169.39167105441717   230.05292045184109 
   237.98842704647697   79.239853839188697 
    157.8134473269744   250.10699220917149 
