    29.30152238879101   46.981189868345417 
   23.308192770550839   69.348600510125081 
   60.211148830041203   55.263399311626081 
   54.217819211801029   77.630809953405759 
   50.022075012001913   31.470287600118102 
   76.393552266320654   56.689100381354358 
   70.400222648080458   79.056511023134036 
   44.028745393761753   53.837698241897797 
   17.314863152310682   91.716011151904766 
   11.321533534070511   114.08342179368445 
   48.224489593560875    99.99822059518543 
   42.231159975320708   122.36563123696513 
   38.035415775521585   76.205108883677468 
   64.406893029840305   101.42392166491373 
   58.413563411600151   123.79133230669338 
   32.042086157281418   98.572519525457167 
   5.3282039158303416   136.45083243546415 
   36.237830357080533   144.73304187874481 
   30.244500738840379   167.10045252052447 
   26.048756539041257   120.93993016723682 
   52.420233793359984   146.15874294847305 
   46.426904175119809   168.52615359025276 
   20.055426920801089   143.30734080901652 
   24.251171120600223   189.46786316230413 
   18.257841502360051   211.83527380408384 
   14.062097302560932   165.67475145079618 
   40.433574556879655   190.89356423203242 
   34.440244938639495   213.26097487381207 
   8.0687676843207612   188.04216209257584 
   41.288181625271335   2.2463685847860644 
   35.294852007031167   24.613779226565743 
   72.197808066521532   10.528578028066722 
   66.204478448281378   32.895988669846417 
   2.0754380660805904   210.40957273435558 
   88.380211502800961    11.95427909779499 
   82.386881884560808   34.321689739574637 
   56.015404630242081   9.1028769583384239 
   91.120775271291379   63.545608754906738 
   85.127445653051225   85.913019396686408 
   122.03040171254158   71.827818198187401 
   116.03707209430141   94.195228839967072 
    111.8413278945023   48.034706486679447 
   138.21280514882102   73.253519267915692 
   132.21947553058084   95.620929909695363 
   105.84799827626213   70.402117128459125 
   79.134116034811072   108.28043003846611 
    73.14078641657089   130.64784068024576 
   110.04374247606124   116.56263948174676 
   104.05041285782107   138.93005012352646 
   99.854668658021964    92.76952777023881 
   126.22614591234068   117.98834055147505 
   120.23281629410053   140.35575119325472 
   93.861339039781797   115.13693841201849 
   67.147456798330722   153.01525132202545 
   61.154127180090569   175.38266196380513 
   98.057083239580905   161.29746076530611 
   92.063753621340751   183.66487140708577 
   87.868009421541643   137.50434905379814 
   114.23948667586035    162.7231618350344 
    108.2461570576202   185.09057247681406 
   81.874679803301476   159.87175969557782 
   55.160797561850401   197.75007260558482 
   49.167467943610234    220.1174832473645 
   86.070424003100584   206.03228204886548 
    80.07709438486043   228.39969269064517 
   75.881350185061308   182.23917033735754 
   102.25282743938003   207.45798311859372 
    96.25949782113986   229.82539376037343 
   69.888020566821154   204.60658097913716 
   103.10743450777173   18.810787471347378 
   97.114104889531546   41.178198113127074 
    134.0170609490219   27.092996914628049 
   128.02373133078174   49.460407556407731 
    63.89469094858098   226.97399162091688 
   150.19946438530135   28.518697984356319 
    144.2061347670612   50.886108626135965 
   117.83465751274245   25.667295844899755 
   152.94002815379176   80.110027641468065 
   146.94669853555158   102.47743828324774 
   183.84965459504195   88.392237084748729 
   177.85632497680177   110.75964772652841 
   173.66058077700265   64.599125373240767 
   200.03205803132138   89.817938154477005 
    194.0387284130812   112.18534879625669 
    167.6672511587625   86.966536015020452 
   140.95336891731142   124.84484892502742 
   134.96003929907127   147.21225956680712 
   171.86299535856162    133.1270583683081 
   165.86966574032147   155.49446901008778 
   161.67392154052234   109.33394665680014 
   188.04539879484105   134.55275943803639 
    182.0520691766009   156.92017007981605 
   155.68059192228216   131.70135729857984 
   128.96670968083112    169.5796702085868 
   122.97338006259095   191.94708085036643 
   159.87633612208128   177.86187965186747 
   153.88300650384113   200.22929029364713 
   149.68726230404201   154.06876794035949 
   176.05873955836071    179.2875807215957 
   170.06540994012056   201.65499136337542 
   143.69393268580185   176.43617858213915 
   116.98005044435077   214.31449149214612 
    110.9867208261106   236.68190213392583 
   147.88967688560098   222.59670093542681 
   141.89634726736082   244.96411157720649 
    137.7006030675617   198.80358922391886 
   164.07208032188041   224.02240200515507 
   158.07875070364025   246.38981264693476 
   131.70727344932152   221.17099986569852 
   164.92668739027209   35.375206357908709 
   158.93335777203191   57.742616999688401 
   195.83631383152226    43.65741580118938 
   189.84298421328211   66.024826442969058 
   125.71394383108135   243.53841050747823 
   212.01871726780172   45.083116870917635 
   206.02538764956154   67.450527512697292 
   179.65391039524283   42.231714731461082 
   214.75928103629212   96.674446528029392 
   208.76595141805194   119.04185716980908 
   245.66890747754229   104.95665597131006 
   239.67557785930214   127.32406661308973 
   235.47983365950304   81.163544259802094 
    255.8579812955816   128.74976768281803 
   229.48650404126286   103.53095490158178 
   202.77262179981182   141.40926781158876 
   196.77929218157163   163.77667845336842 
   233.68224824106198   149.69147725486943 
    227.6889186228218   172.05888789664908 
   223.49317442302271   125.89836554336146 
   249.86465167734141   151.11717832459772 
   243.87132205910129   173.48458896637737 
   217.49984480478255   148.26577618514114 
   190.78596256333148   186.14408909514813 
   184.79263294509133   208.51149973692779 
   221.69558900458165   194.42629853842877 
   215.70225938634147   216.79370918020845 
   211.50651518654237   170.63318682692079 
   237.87799244086111   195.85199960815703 
   231.88466282262092   218.21941024993674 
   205.51318556830219   193.00059746870051 
   178.79930332685112   230.87891037870747 
   172.80597370861096   253.24632102048713 
   209.70892976810131   239.16111982198814 
   199.51985595006204   215.36800811048019 
    225.8913332043808   240.58682089171643 
   193.52652633182188   237.73541875225985 
   226.74594027277243   51.939625244470037 
   220.75261065453228   74.307035886249736 
   251.66223709578247   82.589245329530385 
    241.4731632777432   58.796133618022409 
