   111.64271553018817   6.1000954689006353 
   91.588643772857807   17.678319196343395 
   127.64271553018817   33.812908390002669 
   107.58864377285781   45.391132117445423 
   137.26222297617861   9.7838745625204346 
   138.07727984152805   46.263718490042137 
   118.02320808419771   57.841942217484885 
   117.20815121884824   21.362098289963207 
   71.534572015527431   29.256542923786139 
   51.480500258197068   40.834766651228911 
   87.534572015527445    56.96935584488817 
   67.480500258197068   68.547579572330946 
   97.154079461517895   32.940322017405947 
   97.969136326867343   69.420165944927646 
   77.915064569536995   80.998389672370394 
   77.100007704187533   44.518545744848723 
   31.426428500866731   52.412990378671651 
   11.372356743536391   63.991214106114413 
   47.426428500866734   80.125803299773693 
     27.3723567435364   91.704027027216441 
   57.045935946857178    56.09676947229147 
   57.860992812206625   92.576613399813155 
   37.806921054876284    104.1548371272559 
   36.991864189526837   67.674993199734217 
   7.3182849862060033   103.28225075465922 
   16.937792432196439   79.253216927176979 
   17.752849297545946   115.73306085469866 
   167.75085904484888   10.656460935117149 
   147.69678728751853   22.234684662559893 
   178.18542335618881   23.107271035156593 
    158.1313515988584   34.685494762599369 
   143.64271553018816   61.525721311104697 
   123.58864377285781   73.103945038547465 
   159.64271553018818   89.238534232206732 
   139.58864377285781   100.81675795964949 
   169.26222297617863   65.209500404724523 
   170.07727984152805   101.68934433224619 
   150.02320808419773   113.26756805968895 
   149.20815121884826    76.78772413216727 
   103.53457201552744   84.682168765990212 
   83.480500258197083   96.260392493432988 
   119.53457201552746   112.39498168709224 
   99.480500258197068   123.97320541453502 
   129.15407946151791   88.365947859610046 
   129.96913632686733   124.84579178713172 
   109.91506456953699   136.42401551457448 
   109.10000770418755   99.944171587052779 
   63.426428500866727   107.83861622087574 
   43.372356743536393   119.41683994831847 
   79.426428500866734   135.55142914197776 
     59.3723567435364   147.12965286942051 
   89.045935946857185   111.52239531449554 
   89.860992812206618   148.00223924201723 
   69.806921054876284   159.58046296945997 
   68.991864189526851   123.10061904193829 
    23.31828498620601   130.99506367576126 
   3.2642132288756587   142.57328740320398 
   39.318284986206002   158.70787659686329 
   19.264213228875665   170.28610032430601 
   48.937792432196453   134.67884276938108 
    49.75284929754595   171.15868669690272 
   29.698777540215566    182.7369104243455 
   28.883720674866119   146.25706649682382 
   183.75085904484888   38.369273856219195 
   163.69678728751856   49.947497583661935 
   199.75085904484885   66.082086777321223 
   179.69678728751853    77.66031050476397 
   209.37036649083933   42.053052949839007 
   210.18542335618883    78.53289687736067 
   190.13135159885843   90.111120604803446 
   189.31629473350898   53.631276677281754 
   175.64271553018816   116.95134715330877 
   155.58864377285781   128.52957088075152 
   191.64271553018821   144.66416007441083 
   171.58864377285781   156.24238380185355 
   201.26222297617863   120.63512624692859 
   202.07727984152808   157.11497017445026 
   182.02320808419771   168.69319390189301 
   181.20815121884829   132.21334997437137 
   135.53457201552746   140.10779460819427 
   115.48050025819708   151.68601833563704 
   151.53457201552746   167.82060752929632 
   131.48050025819711   179.39883125673907 
   161.15407946151791   143.79157370181412 
   161.96913632686736   180.27141762933579 
   141.91506456953701   191.84964135677853 
   141.10000770418753   155.36979742925683 
   95.426428500866749   163.26424206307979 
     75.3723567435364   174.84246579052254 
   111.42642850086675   190.97705498418185 
   91.372356743536415    202.5552787116246 
    121.0459359468572   166.94802115669961 
   121.86099281220663   203.42786508422131 
    101.8069210548763   215.00608881166406 
   100.99186418952685   178.52624488414236 
    55.31828498620601   186.42068951796531 
   35.264213228875676   197.99891324540806 
   71.318284986206038   214.13350243906737 
   51.264213228875683   225.71172616651012 
   80.937792432196474   190.10446861158513 
   81.752849297545964    226.5843125391068 
   61.698777540215566   238.16253626654958 
   60.883720674866133   201.68269233902788 
   215.75085904484891   93.794899698423265 
   195.69678728751856   105.37312342586601 
   231.75085904484888   121.50771261952531 
   211.69678728751853   133.08593634696805 
    241.3703664908393   97.478678792043084 
   242.18542335618883   133.95852271956474 
   222.13135159885843   145.53674644700749 
   221.31629473350898   109.05690251948583 
   207.64271553018818   172.37697299551286 
   187.58864377285781   183.95519672295558 
   223.64271553018818   200.08978591661489 
   203.58864377285784   211.66800964405763 
   233.26222297617863   176.06075208913265 
   234.07727984152805   212.54059601665435 
   214.02320808419773    224.1188197440971 
   213.20815121884826   187.63897581657542 
   167.53457201552746   195.53342045039835 
   147.48050025819708   207.11164417784113 
   183.53457201552746   223.24623337150035 
   163.48050025819708   234.82445709894313 
   193.15407946151791   199.21719954401817 
   193.96913632686736   235.69704347153984 
   173.91506456953701   247.27526719898259 
   173.10000770418756   210.79542327146095 
   127.42642850086675   218.68986790528385 
    107.3723567435364   230.26809163272662 
   143.42642850086676   246.40268082638588 
   153.04593594685718   222.37364699890367 
   132.99186418952686   233.95187072634641 
    87.31828498620601    241.8463153601694 
   67.264213228875676   253.42453908761215 
   112.93779243219647   245.53009445378922 
   247.75085904484888   149.22052554062734 
   227.69678728751856   160.79874926807008 
   243.69678728751856   188.51156218917211 
   254.13135159885846   200.96237228921157 
   253.31629473350898    164.4825283616899 
