   100.58113601516759    20.33653722271379 
   84.207054991628056   36.710618246253311 
   123.20855301313711   42.963954220683313 
    106.8344719895976   59.338035244222837 
   126.28111210143416   17.263978134416746 
   136.51007494837955   52.289849283410369 
   120.13599392484007   68.663930306949879 
   109.90703107789466   33.638059157956256 
   67.832973968088581   53.084699269792821 
   51.458892944549063   69.458780293332325 
   90.460390966058085   75.712116267762326 
   74.086309942518582   92.086197291301843 
   93.532950054355155   50.012140181495759 
   103.76191290130053   85.038011330489397 
    87.38783187776103   101.41209235402891 
   77.158869030815623    66.38622120503527 
   35.084811921009539   85.832861316871842 
   18.710730897470047   102.20694234041135 
   57.712228918979058   108.46027831484137 
   41.338147895439569   124.83435933838086 
    60.78478800727612   82.760302228574801 
   71.013750854221527   117.78617337756842 
   54.639669830682017   134.16025440110795 
    44.41070698373661   99.134383252114304 
   2.3366498739305244   118.58102336395086 
   24.964066871900044    141.2084403619204 
   8.5899858483605378    157.5825213854599 
   28.036625960197103   115.50846427565382 
   38.265588807142507   150.53433542464745 
   21.891507783603004   166.90841644818695 
   11.662544936657596   131.88254529919334 
   116.95521703870708   3.9624561991742975 
   155.95671506021614   10.215792173604269 
   139.58263403667661   26.589873197143806 
   169.25823699545859   19.541687236331327 
   152.88415597191909   35.915768259870845 
   145.83597001110664   65.591371218652839 
   129.46188898756711   81.965452242192356 
   168.46338700907614   88.218788216622343 
   152.08930598553664   104.59286924016186 
    171.5359460973732   62.518812130355791 
   181.76490894431859   97.544683279349414 
   165.39082792077912   113.91876430288892 
    155.1618650738337   78.892893153895301 
   113.08780796402763   98.339533265731845 
   96.713726940488101   114.71361428927138 
   135.71522496199714   120.96695026370135 
   119.34114393845762   137.34103128724087 
   138.78778405029419   95.266974177434804 
   149.01674689723959   130.29284532642845 
   132.64266587370008   146.66692634996795 
   122.41370302675469   111.64105520097432 
   80.339645916948584   131.08769531281087 
   63.965564893409088    147.4617763363504 
    102.9670629149181    153.7151123107804 
   86.592981891378614    170.0891933343199 
   106.03962200321517   128.01513622451387 
   116.26858485016058   163.04100737350745 
   99.894503826621062   179.41508839704699 
   89.665540979675669   144.38921724805334 
   47.591483869869585    163.8358573598899 
    31.21740284633006   180.20993838342943 
   70.218900867839096   186.46327435785943 
   53.844819844299579   202.83735538139894 
   73.291459956136165   160.76329827159287 
   83.520422803081559   195.78916942058646 
   67.146341779542041   212.16325044412599 
   56.917378932596655   177.13737929513238 
   178.58413205818565    32.84320917157379 
   162.21005103464611   49.217290195113343 
   201.21154905615515   55.470626169543308 
   184.83746803261565   71.844707193082854 
   40.543297909057117   193.51146031867191 
   214.51307099139768   64.796521232270365 
   198.13898996785812   81.170602255809882 
   187.91002712091276   46.144731106816252 
   191.09080400704568   110.84620521459188 
   174.71672298350617   127.22028623813139 
   213.71822100501521   133.47362221256139 
   197.34413998147568    149.8477032361009 
   216.79078009331224   107.77364612629482 
   227.01974294025766   142.79951727528845 
   210.64566191671813   159.17359829882795 
   200.41669906977276   124.14772714983432 
   158.34264195996667   143.59436726167087 
   141.96856093642717    159.9684482852104 
    180.9700589579362    166.2217842596404 
    164.5959779343967   182.59586528317996 
   184.04261804623323   140.52180817337384 
   194.27158089317865   175.54767932236746 
   177.89749986963912   191.92176034590702 
   167.66853702269373   156.89588919691334 
   125.59447991288764   176.34252930874993 
   109.22039888934815   192.71661033228943 
   148.22189691085717   198.96994630671946 
   131.84781588731769   215.34402733025897 
   151.29445599915422   173.26997022045288 
   161.52341884609964   208.29584136944652 
   145.14933782256011   224.66992239298602 
   134.92037497561472   189.64405124399238 
   92.846317865808629   209.09069135582897 
   76.472236842269098   225.46477237936847 
   115.47373486377816   231.71810835379847 
   99.099653840238645     248.092189377338 
    118.5462939520752   206.01813226753188 
   128.77525679902061   241.04400341652553 
    102.1722129285357   222.39221329107141 
   223.83896605412474   78.098043167512827 
   207.46488503058518   94.472124191052387 
   246.46638305209424   100.72546016548237 
   230.09230202855471   117.09954118902191 
   85.798131904996154   238.76629431461095 
   243.39382396379722   126.42543625174892 
    233.1648611168518    91.39956510275529 
   236.34563800298471    156.1010392105309 
   219.97155697944521    172.4751202340704 
   242.59897397741472   195.10253723203991 
   91.255240952440516   7.0350152874713121 
   74.881159928900999   23.409096311010821 
    245.6715330657118   169.40256114577338 
   203.59747595590571   188.84920125760993 
    187.2233949323662   205.22328228114944 
   226.22489295387521   211.47661825557947 
   209.85081193033571   227.85069927911894 
    229.2974520421723   185.77664216931288 
   58.507078905361482   39.783177334550338 
   42.132997881821957   56.157258358089862 
   212.92337101863276   202.15072319285241 
    170.8493139088267   221.59736330468897 
    154.4752328852872   237.97144432822847 
   193.47673090679621   244.22478030265847 
   196.54928999509326   218.52480421639194 
   25.758916858282468   72.531339381629351 
   9.3848358347429457   88.905420405168883 
   180.17520897155376   234.89888523993142 
    138.1011518617477   254.34552535176798 
   163.80112794801425   251.27296626347095 
   252.71971902652425    139.7269581869914 
