    161.1763862889803   38.626891704038819 
   138.80897564720064   44.620221322278994 
   169.45859573226099   69.536518145289023 
    147.0911850904813   75.529847763529204 
   184.96949800048827   48.815965522078109 
   176.31510410581336   84.263741150259747 
   153.94769346403368   90.257070768499915 
   162.60208735870859   54.809295140318284 
   116.44156500542096   50.613550940519147 
    94.07415436364127   56.606880558759322 
   124.72377444870162   81.523177381769358 
   102.35636380692195   87.516507000009511 
   140.23467671692893   60.802624758558437 
   131.58028282225399   96.250400386740083 
   109.21287218047432   102.24373000498025 
   117.86726607514923   66.795954376798605 
   71.706743721861599   62.600210176999489 
   49.339333080081936    68.59353979523965 
   79.988953165142249   93.509836618249679 
   57.621542523362606   99.503166236489832 
   95.499855433369547   72.789283995038787 
   86.845461538694664    108.2370596232204 
   64.478050896914965   114.23038924146057 
   73.132444791589876    78.78261361327894 
    26.97192243830224   74.586869413479818 
    4.604511796522563   80.580199031719971 
   35.254131881582914   105.49649585473001 
   12.886721239803235   111.48982547297018 
   50.765034149810205   84.775943231519094 
   42.110640255135316   120.22371885970072 
   19.743229613355624   126.21704847794089 
   28.397623508030552   90.769272849759247 
   205.91120757253967   26.640232467558494 
   183.54379693076001   32.633562085798665 
   214.19341701582033   57.549858908808702 
   191.82600637404065   63.543188527048855 
   6.0302128662508316   96.762602467999429 
   221.04992538937276   72.277081913779426 
    198.6825147475931    78.27041153201958 
   207.33690864226799   42.822635903837941 
   177.74080517554165   100.44614458653919 
   155.37339453376197   106.43947420477936 
   186.02301461882232   131.35577102778939 
   163.65560397704263   137.34910064602957 
    201.5339168870496   110.63521840457848 
   192.87952299237469    146.0829940327601 
   170.51211235059503   152.07632365100025 
   179.16650624526994   116.62854802281865 
   133.00598389198228   112.43280382301953 
    110.6385732502026   118.42613344125969 
   141.28819333526295   143.34243026426972 
   118.92078269348328    149.3357598825099 
   156.79909560349023   122.62187764105882 
   148.14470170881532   158.06965326924043 
   125.77729106703565   164.06298288748062 
   134.43168496171054   128.61520725929898 
   88.271162608422912   124.41946305949985 
   65.903751966643256   130.41279267774001 
    96.55337205170359   155.32908950075006 
   74.185961409923934   161.32241911899021 
   112.06427431993087   134.60853687753914 
   103.40988042525598   170.05631250572077 
   81.042469783476292   176.04964212396095 
   89.696863678151217   140.60186649577929 
   43.536341324863571   136.40612229598017 
   21.168930683083893   142.39945191422032 
   51.818550768144242   167.31574873723036 
   29.451140126364564   173.30907835547055 
   67.329453036371532   146.59519611401947 
   58.675059141696629    182.0429717422011 
   36.307648499916951   188.03630136044126 
   44.962042394591869   152.58852573225963 
   222.47562645910102    88.45948535005887 
   200.10821581732131   94.452814968299023 
   230.75783590238166   119.36911179130907 
   208.39042526060197   125.36244140954923 
   22.594631752812159   158.58185535049978 
   237.61434427593406   134.09633479627976 
    215.2469336341544   140.08966441451994 
   223.90132752882928   104.64188878633831 
   194.30522406210298   162.26539746903956 
   171.93781342032329   168.25872708727974 
   202.58743350538361   193.17502391028975 
   180.22002286360396   199.16835352852991 
   218.09833577361093   172.45447128707886 
   209.44394187893599   207.90224691526049 
   187.07653123715633   213.89557653350064 
   195.73092513183124   178.44780090531901 
   149.57040277854361   174.25205670551992 
   127.20299213676394   180.24538632376007 
    157.8526122218243   205.16168314677009 
   135.48520158004462   211.15501276501027 
   173.36351449005159    184.4411305235592 
   164.70912059537665   219.88890615174083 
   142.34170995359699   225.88223576998098 
    150.9961038482719   190.43446014179938 
   104.83558149498424   186.23871594200023 
   82.468170853204597   192.23204556024038 
   113.11779093826492   217.14834238325042 
   90.750380296485247    223.1416720014906 
   128.62869320649219   196.42778976003953 
    119.9742993118173   231.87556538822113 
    97.60688867003762   237.86889500646134 
   106.26128256471254   202.42111937827968 
   60.100760211424898   198.22537517848056 
    37.73334956964522   204.21870479672071 
   68.382969654705576   229.13500161973073 
   46.015559012925877   235.12833123797091 
    83.89387192293286   208.41444899651984 
   75.239478028257963   243.86222462470147 
   52.872067386478285   249.85555424294165 
   61.526461281153196   214.40777861475999 
   239.04004534566232   150.27873823255925 
   216.67263470388264    156.2720678507994 
   247.32225478894301   181.18836467380942 
   224.95484414716333    187.1816942920496 
    39.15905063937349   220.40110823300017 
   254.17876316249539   195.91558767878016 
   231.81135252071573   201.90891729702034 
   240.46574641539064   166.46114166883868 
   210.86964294866428   224.08465035153995 
   188.50223230688462    230.0779799697801 
   152.89417684569966   7.7172652627886427 
   130.52676620391995   13.710594881028813 
   159.75068521925203   22.444488267759375 
   137.38327457747235   28.437817885999532 
   166.13482166510497   236.07130958802026 
   143.76741102332525   242.06463920626044 
   108.15935556214029   19.703924499268968 
   85.791944920360621   25.697254117509139 
   115.01586393569266   34.431147504239703 
   92.648453293912993   40.424477122479871 
    101.3028471885879   4.9767014942982373 
   121.40000038154557   248.05796882450062 
   99.032589739765925   254.05129844274077 
   63.424534278580929   31.690583735749311 
   41.057123636801279   37.683913353989468 
   78.935436546808219   10.970031112538408 
   70.281042652133308   46.417806740720032 
   47.913632010353638   52.411136358960199 
   56.568025905028563   16.963360730778565 
   18.689712995021583   43.677242972229621 
   34.200615263248871   22.956690349018722 
   25.546221368573988   58.404465977200353 
   3.1788107267942949   64.397795595440527 
   11.833204621469223   28.950019967258889 
   255.60446423222368   212.09799111505961 
   233.23705359044396   218.09132073329977 
   175.26158748747935   1.7239356445484861 
    204.4855065028114   10.457829031279033 
   182.11809586103175   16.451158649519204 
