   182.32413148718675   8.2399805097695413 
   159.16768403230122   8.2399805097695413 
   182.32413148718675   40.239980509769538 
   159.16768403230122   40.239980509769538 
   202.66938622104914   24.239980509769548 
   185.13532420820982   56.239980509769545 
   161.97887675332436   56.239980509769545 
   179.51293876616364   24.239980509769548 
   136.01123657741573   8.2399805097695413 
   112.85478912253022   8.2399805097695413 
   136.01123657741573   40.239980509769538 
   112.85478912253022   40.239980509769538 
   156.35649131127815   24.239980509769548 
   138.82242929843883   56.239980509769545 
   115.66598184355331   56.239980509769545 
   133.20004385639263   24.239980509769548 
   89.698341667644712   8.2399805097695413 
   66.541894212759217   8.2399805097695413 
   89.698341667644712   40.239980509769538 
   66.541894212759217   40.239980509769538 
   110.04359640150712   24.239980509769548 
   92.509534388667831   56.239980509769545 
   69.353086933782308   56.239980509769545 
   86.887148946621622   24.239980509769548 
   43.385446757873694   8.2399805097695413 
   20.228999302988175   8.2399805097695413 
   43.385446757873709   40.239980509769538 
   20.228999302988193   40.239980509769538 
   63.730701491736106   24.239980509769548 
    46.19663947889682   56.239980509769545 
   23.040192024011304   56.239980509769545 
   40.574254036850618   24.239980509769548 
   228.63702639695779   8.2399805097695413 
   205.48057894207224   8.2399805097695413 
   228.63702639695779   40.239980509769538 
   205.48057894207224   40.239980509769538 
   17.417806581965078   24.239980509769548 
    231.4482191179809   56.239980509769545 
   208.29177166309537   56.239980509769545 
   225.82583367593469   24.239980509769548 
   182.32413148718675   72.239980509769538 
   159.16768403230122   72.239980509769538 
   182.32413148718675   104.23998050976954 
   159.16768403230122   104.23998050976954 
   202.66938622104914   88.239980509769552 
   185.13532420820982   120.23998050976954 
   161.97887675332436   120.23998050976954 
   179.51293876616367   88.239980509769552 
   136.01123657741573   72.239980509769538 
   112.85478912253022   72.239980509769538 
   136.01123657741573   104.23998050976954 
   112.85478912253022   104.23998050976954 
   156.35649131127815   88.239980509769552 
   138.82242929843883   120.23998050976954 
   115.66598184355331   120.23998050976954 
   133.20004385639263   88.239980509769552 
   89.698341667644712   72.239980509769538 
   66.541894212759217   72.239980509769538 
   89.698341667644712   104.23998050976954 
   66.541894212759217   104.23998050976954 
   110.04359640150712   88.239980509769552 
   92.509534388667831   120.23998050976954 
   69.353086933782308   120.23998050976954 
   86.887148946621622   88.239980509769552 
   43.385446757873709   72.239980509769538 
   20.228999302988193   72.239980509769538 
   43.385446757873709   104.23998050976954 
   20.228999302988193   104.23998050976955 
   63.730701491736106   88.239980509769552 
    46.19663947889682   120.23998050976954 
   23.040192024011304   120.23998050976954 
   40.574254036850618   88.239980509769552 
   228.63702639695779   72.239980509769538 
   205.48057894207224   72.239980509769538 
   228.63702639695779   104.23998050976952 
   205.48057894207224   104.23998050976954 
   17.417806581965078   88.239980509769552 
    231.4482191179809   120.23998050976954 
   208.29177166309537   120.23998050976954 
   225.82583367593469   88.239980509769552 
   182.32413148718675   136.23998050976954 
   159.16768403230122   136.23998050976954 
   182.32413148718675   168.23998050976957 
   159.16768403230122   168.23998050976957 
   202.66938622104914   152.23998050976954 
   185.13532420820982   184.23998050976954 
   161.97887675332436   184.23998050976954 
   179.51293876616367   152.23998050976954 
   136.01123657741573   136.23998050976954 
   112.85478912253022   136.23998050976954 
   136.01123657741573   168.23998050976957 
   112.85478912253022   168.23998050976957 
   156.35649131127815   152.23998050976954 
   138.82242929843883   184.23998050976954 
   115.66598184355331   184.23998050976954 
   133.20004385639263   152.23998050976954 
   89.698341667644712   136.23998050976954 
   66.541894212759217   136.23998050976954 
   89.698341667644712   168.23998050976957 
   66.541894212759217   168.23998050976957 
   110.04359640150712   152.23998050976954 
   92.509534388667831   184.23998050976954 
   69.353086933782308   184.23998050976954 
   86.887148946621622   152.23998050976954 
   43.385446757873709   136.23998050976954 
   20.228999302988193   136.23998050976954 
   43.385446757873709   168.23998050976957 
   20.228999302988193   168.23998050976957 
   63.730701491736106   152.23998050976954 
    46.19663947889682   184.23998050976954 
   23.040192024011304   184.23998050976954 
   40.574254036850618   152.23998050976954 
   228.63702639695779   136.23998050976954 
   205.48057894207224   136.23998050976954 
   228.63702639695779   168.23998050976957 
   205.48057894207224   168.23998050976957 
   17.417806581965078   152.23998050976954 
    231.4482191179809   184.23998050976954 
   208.29177166309537   184.23998050976954 
   225.82583367593469   152.23998050976954 
   182.32413148718675   200.23998050976954 
   159.16768403230122   200.23998050976954 
   182.32413148718675   232.23998050976954 
   159.16768403230122   232.23998050976954 
   202.66938622104914   216.23998050976954 
   185.13532420820985   248.23998050976954 
   161.97887675332436   248.23998050976954 
   179.51293876616367   216.23998050976954 
   136.01123657741573   200.23998050976954 
   112.85478912253022   200.23998050976954 
   136.01123657741573   232.23998050976954 
   112.85478912253022   232.23998050976954 
   156.35649131127815   216.23998050976954 
   138.82242929843883   248.23998050976954 
   115.66598184355331   248.23998050976954 
   133.20004385639263   216.23998050976954 
   89.698341667644712   200.23998050976954 
   66.541894212759217   200.23998050976954 
   89.698341667644712   232.23998050976954 
   66.541894212759217   232.23998050976954 
   110.04359640150712   216.23998050976954 
   92.509534388667831   248.23998050976954 
   69.353086933782308   248.23998050976954 
   86.887148946621622   216.23998050976954 
   43.385446757873709   200.23998050976954 
   20.228999302988193   200.23998050976954 
   43.385446757873709   232.23998050976954 
   20.228999302988193   232.23998050976954 
   63.730701491736106   216.23998050976954 
   46.196639478896834   248.23998050976954 
   23.040192024011318   248.23998050976954 
   40.574254036850618   216.23998050976954 
   228.63702639695779   200.23998050976954 
   205.48057894207224   200.23998050976954 
   228.63702639695779   232.23998050976954 
   205.48057894207224   232.23998050976954 
   17.417806581965078   216.23998050976954 
   231.44821911798093   248.23998050976954 
   208.29177166309537   248.23998050976954 
   225.82583367593469   216.23998050976954 
