   26.498543292046524   39.366621613308851 
   26.498543292046524   67.811066057753294 
   38.815349034758547   46.477732724419951 
   38.815349034758547   60.699954946642173 
   26.498543292046524   82.033288279975508 
   26.498543292046524   110.47773272441997 
   38.815349034758547   89.144399391086608 
   38.815349034758547   103.36662161330885 
   26.498543292046524   124.69995494664217 
   26.498543292046524   153.14439939108661 
   38.815349034758547   131.81106605775329 
   38.815349034758547   146.03328827997552 
   26.498543292046524   167.36662161330884 
   26.498543292046524   195.81106605775329 
   38.815349034758547   174.47773272441998 
   38.815349034758547   188.69995494664218 
   26.498543292046524   210.03328827997552 
   26.498543292046524   238.47773272441998 
   38.815349034758547   217.14439939108664 
   38.815349034758547   231.36662161330884 
   26.498543292046524   252.69995494664221 
   26.498543292046524   25.144399391086612 
   38.815349034758547   3.8110660577533175 
   38.815349034758547   18.033288279975498 
   51.132154777470554   39.366621613308851 
   51.132154777470554   67.811066057753294 
   63.448960520182574   46.477732724419951 
   63.448960520182574   60.699954946642173 
   51.132154777470554   82.033288279975508 
   51.132154777470554   110.47773272441997 
   63.448960520182574   89.144399391086608 
   63.448960520182574   103.36662161330885 
   51.132154777470554   124.69995494664217 
   51.132154777470554   153.14439939108661 
   63.448960520182574   131.81106605775329 
   63.448960520182574   146.03328827997552 
   51.132154777470554   167.36662161330884 
   51.132154777470554   195.81106605775329 
   63.448960520182574   174.47773272441998 
   63.448960520182574   188.69995494664218 
   51.132154777470554   210.03328827997552 
   51.132154777470554   238.47773272441998 
   63.448960520182574   217.14439939108664 
   63.448960520182574   231.36662161330884 
   51.132154777470554   252.69995494664221 
   51.132154777470554   25.144399391086612 
   63.448960520182574   3.8110660577533175 
   63.448960520182574   18.033288279975498 
   75.765766262894587   39.366621613308851 
   75.765766262894587   67.811066057753294 
   88.082572005606607   46.477732724419951 
   88.082572005606607   60.699954946642173 
   75.765766262894587   82.033288279975508 
   75.765766262894587   110.47773272441997 
   88.082572005606607   89.144399391086608 
   88.082572005606607   103.36662161330885 
   75.765766262894587   124.69995494664217 
   75.765766262894587   153.14439939108661 
   88.082572005606607   131.81106605775329 
   88.082572005606607   146.03328827997552 
   75.765766262894587   167.36662161330884 
   75.765766262894587   195.81106605775329 
   88.082572005606607   174.47773272441998 
   88.082572005606607   188.69995494664218 
   75.765766262894587   210.03328827997552 
   75.765766262894587   238.47773272441998 
   88.082572005606607   217.14439939108664 
   88.082572005606607   231.36662161330884 
   75.765766262894587   252.69995494664221 
   75.765766262894587   25.144399391086612 
   88.082572005606607   3.8110660577533175 
   88.082572005606607   18.033288279975498 
   100.39937774831861   39.366621613308851 
   100.39937774831861   67.811066057753294 
   112.71618349103063   46.477732724419951 
   112.71618349103063   60.699954946642173 
   100.39937774831861   82.033288279975508 
   100.39937774831861   110.47773272441997 
   112.71618349103063   89.144399391086608 
   112.71618349103063   103.36662161330885 
   100.39937774831861   124.69995494664217 
   100.39937774831861   153.14439939108661 
   112.71618349103063   131.81106605775329 
   112.71618349103063   146.03328827997552 
   100.39937774831861   167.36662161330884 
   100.39937774831861   195.81106605775329 
   112.71618349103063   174.47773272441998 
   112.71618349103063   188.69995494664218 
   100.39937774831861   210.03328827997552 
   100.39937774831861   238.47773272441998 
   112.71618349103063   217.14439939108664 
   112.71618349103063   231.36662161330884 
   100.39937774831861   252.69995494664221 
   100.39937774831861   25.144399391086612 
   112.71618349103063   3.8110660577533175 
   112.71618349103063   18.033288279975498 
   125.03298923374265   39.366621613308851 
   125.03298923374265   67.811066057753294 
   137.34979497645469   46.477732724419951 
   137.34979497645469   60.699954946642173 
   125.03298923374265   82.033288279975508 
   125.03298923374265   110.47773272441997 
   137.34979497645469   89.144399391086608 
   137.34979497645469   103.36662161330885 
   125.03298923374265   124.69995494664217 
   125.03298923374265   153.14439939108661 
   137.34979497645469   131.81106605775329 
   137.34979497645469   146.03328827997552 
   125.03298923374265   167.36662161330884 
   125.03298923374265   195.81106605775329 
   137.34979497645469   174.47773272441998 
   137.34979497645469   188.69995494664218 
   125.03298923374265   210.03328827997552 
   125.03298923374265   238.47773272441998 
   137.34979497645469   217.14439939108664 
   137.34979497645469   231.36662161330884 
   125.03298923374265   252.69995494664221 
   125.03298923374265   25.144399391086612 
   137.34979497645469   3.8110660577533175 
   137.34979497645469   18.033288279975498 
   149.66660071916669   39.366621613308851 
   149.66660071916669   67.811066057753294 
    161.9834064618787   46.477732724419951 
    161.9834064618787   60.699954946642173 
   149.66660071916669   82.033288279975508 
   149.66660071916669   110.47773272441997 
    161.9834064618787   89.144399391086608 
    161.9834064618787   103.36662161330885 
   149.66660071916669   124.69995494664217 
   149.66660071916669   153.14439939108661 
    161.9834064618787   131.81106605775329 
    161.9834064618787   146.03328827997552 
   149.66660071916669   167.36662161330884 
   149.66660071916669   195.81106605775329 
    161.9834064618787   174.47773272441998 
    161.9834064618787   188.69995494664218 
   149.66660071916669   210.03328827997552 
   149.66660071916669   238.47773272441998 
    161.9834064618787   217.14439939108664 
    161.9834064618787   231.36662161330884 
   149.66660071916669   252.69995494664221 
   149.66660071916669   25.144399391086612 
    161.9834064618787   3.8110660577533175 
    161.9834064618787   18.033288279975498 
   174.30021220459071   39.366621613308851 
   174.30021220459071   67.811066057753294 
   186.61701794730271   46.477732724419951 
   186.61701794730271   60.699954946642173 
   174.30021220459071   82.033288279975508 
   174.30021220459071   110.47773272441997 
   186.61701794730271   89.144399391086608 
   186.61701794730271   103.36662161330885 
   174.30021220459071   124.69995494664217 
   174.30021220459071   153.14439939108661 
   186.61701794730271   131.81106605775329 
   186.61701794730271   146.03328827997552 
   174.30021220459071   167.36662161330884 
   174.30021220459071   195.81106605775329 
   186.61701794730271   174.47773272441998 
   186.61701794730271   188.69995494664218 
   174.30021220459071   210.03328827997552 
   174.30021220459071   238.47773272441998 
   186.61701794730271   217.14439939108664 
   186.61701794730271   231.36662161330884 
   174.30021220459071   252.69995494664221 
   174.30021220459071   25.144399391086612 
   186.61701794730271   3.8110660577533175 
   186.61701794730271   18.033288279975498 
   198.93382369001475   39.366621613308851 
   198.93382369001475   67.811066057753294 
   211.25062943272675   46.477732724419951 
   211.25062943272675   60.699954946642173 
   198.93382369001475   82.033288279975508 
   198.93382369001475   110.47773272441997 
   211.25062943272675   89.144399391086608 
   211.25062943272675   103.36662161330885 
   198.93382369001475   124.69995494664217 
   198.93382369001475   153.14439939108661 
   211.25062943272675   131.81106605775329 
   211.25062943272675   146.03328827997552 
   198.93382369001475   167.36662161330884 
   198.93382369001475   195.81106605775329 
   211.25062943272675   174.47773272441998 
   211.25062943272675   188.69995494664218 
   198.93382369001475   210.03328827997552 
   198.93382369001475   238.47773272441998 
   211.25062943272675   217.14439939108664 
   211.25062943272675   231.36662161330884 
   198.93382369001475   252.69995494664221 
   198.93382369001475   25.144399391086612 
   211.25062943272675   3.8110660577533175 
   211.25062943272675   18.033288279975498 
   223.56743517543879   39.366621613308851 
   223.56743517543879   67.811066057753294 
   235.88424091815079   46.477732724419951 
   235.88424091815079   60.699954946642173 
   223.56743517543879   82.033288279975508 
   223.56743517543879   110.47773272441997 
   235.88424091815079   89.144399391086608 
   235.88424091815079   103.36662161330885 
   223.56743517543879   124.69995494664217 
   223.56743517543879   153.14439939108661 
   235.88424091815079   131.81106605775329 
   235.88424091815079   146.03328827997552 
   223.56743517543879   167.36662161330884 
   223.56743517543879   195.81106605775329 
   235.88424091815079   174.47773272441998 
   235.88424091815079   188.69995494664218 
   223.56743517543879   210.03328827997552 
   223.56743517543879   238.47773272441998 
   235.88424091815079   217.14439939108664 
   235.88424091815079   231.36662161330884 
   223.56743517543879   252.69995494664221 
   223.56743517543879   25.144399391086612 
   235.88424091815079   3.8110660577533175 
   235.88424091815079   18.033288279975498 
   248.20104666086283   39.366621613308851 
   248.20104666086283   67.811066057753294 
   14.181737549334477   46.477732724419951 
   14.181737549334477   60.699954946642173 
   248.20104666086283   82.033288279975508 
   248.20104666086283   110.47773272441997 
   14.181737549334477   89.144399391086608 
   14.181737549334477   103.36662161330885 
   248.20104666086283   124.69995494664217 
   248.20104666086283   153.14439939108661 
   14.181737549334477   131.81106605775329 
   14.181737549334477   146.03328827997552 
   248.20104666086283   167.36662161330884 
   248.20104666086283   195.81106605775329 
   14.181737549334477   174.47773272441998 
   14.181737549334477   188.69995494664218 
   248.20104666086283   210.03328827997552 
   248.20104666086283   238.47773272441998 
   14.181737549334477   217.14439939108664 
   14.181737549334477   231.36662161330884 
   248.20104666086283   252.69995494664221 
   248.20104666086283   25.144399391086612 
   14.181737549334477   3.8110660577533175 
   14.181737549334477   18.033288279975498 
