    40.17929182344227    14.81722055681338 
   32.817327873859469   42.292444060146877 
    50.23592160031761   24.873850333688718 
    46.55493962552621   38.611462085355477 
   29.136345899068061   56.030055811813625 
   21.774381949485242   83.505279315147135 
   39.192975675943401   66.086685588688979 
   35.511993701151987   79.824297340355713 
   18.093399974693838   97.242891066813883 
    10.73143602511103   124.71811457014738 
   28.150029751569178   107.29952084368924 
   24.469047776777774   121.03713259535596 
   7.0504540503196136   138.45572632181415 
   17.107083827194952   148.51235609868948 
   13.426101852403564    162.2499678503562 
   6.0641379028207414   189.72519135368972 
   2.3831559280293382   203.46280310535647 
   43.860273798233678   1.0796088051466373 
   63.973533351984372   21.192868358897314 
   56.611569402401564   48.668091862230817 
   74.030163128859726    31.24949813577264 
   70.349181154068305   44.987109887439409 
   52.930587427610156   62.405703613897558 
   45.568623478027341   89.880927117231067 
   62.987217204485496   72.462333390772912 
   59.306235229694082    86.19994514243966 
   41.887641503235933   103.61853886889782 
   34.525677553653125   131.09376237223131 
   51.944271280111273   113.67516864577316 
   48.263289305319873   127.41278039743989 
    30.84469557886171   144.83137412389806 
   23.482731629278916   172.30659762723155 
    40.90132535573705   154.88800390077341 
   37.220343380945657   168.62561565244013 
   19.801749654487498    186.0442093788983 
   12.439785704904677   213.51943288223183 
   29.858379431362838   196.10083915577363 
   26.177397456571434    209.8384509074404 
   8.7588037301132751   227.25704463389857 
    67.65451532677578   7.4552566072305728 
   81.392127078442527   3.7742746324391554 
    87.76777488052646    27.56851616098125 
   80.405810930943659   55.043739664314749 
     97.8244046574018   37.625145937856594 
   94.143422682610407   51.362757689523349 
   76.724828956152251   68.781351415981504 
   69.362865006569436   96.256574919315014 
   86.781458733027591   78.837981192856844 
   83.100476758236184   92.575592944523592 
   65.681883031778028   109.99418667098175 
    58.31991908219522   137.46941017431527 
   75.738512808653368    120.0508164478571 
   72.057530833861961   133.78842819952382 
   54.638937107403805   151.20702192598202 
   47.276973157821011   178.68224542931549 
   64.695566884279145   161.26365170285737 
   61.014584909487752   175.00126345452406 
   43.595991183029597   192.41985718098226 
   36.234027233446774   219.89508068431579 
   53.652620959904937   202.47648695785759 
   49.971638985113529   216.21409870952434 
   32.553045258655374   233.63269243598253 
   91.448756855317882   13.830904409314508 
   105.18636860698462   10.149922434523091 
   111.56201640906855   33.944163963065186 
   104.20005245948573   61.419387466398689 
   121.61864618594389   44.000793739940526 
   117.93766421115248   57.738405491607281 
   100.51907048469432   75.156999218065422 
    93.15710653511151   102.63222272139895 
   110.57570026156968   85.213628994940777 
   106.89471828677827   98.951240746607525 
   89.476124560320116   116.36983447306568 
   82.114160610737301   143.84505797639918 
   99.532754337195456   126.42646424994103 
   95.851772362404049   140.16407600160778 
   78.433178635945893   157.58266972806595 
   71.071214686363078   185.05789323139939 
   88.489808412821233   167.63929950494131 
    84.80882643802984     181.376911256608 
   67.390232711571656   198.79550498306617 
   60.028268761988855   226.27072848639969 
    77.44686248844701   208.85213475994155 
   73.765880513655617    222.5897465116083 
    56.34728678719744   240.00834023806647 
   115.24299838385996   20.206552211398446 
   132.66159211031811   2.7879584849403121 
   128.98061013552669   16.525570236607027 
   135.35625793761065   40.319811765149126 
   127.99429398802783   67.795035268482621 
     145.412887714486   50.376441542024459 
   141.73190573969458   64.114053293691228 
   124.31331201323643   81.532647020149369 
   116.95134806365361   109.00787052348288 
    134.3699417901118   91.589276797024723 
   130.68895981532037   105.32688854869146 
    113.2703660888622   122.74548227514963 
    105.9084021392794   150.22070577848311 
   123.32699586573754   132.80211205202497 
   119.64601389094616   146.53972380369171 
   102.22742016448798   163.95831753014988 
    94.86545621490518   191.43354103348335 
   112.28404994136334   174.01494730702521 
   108.60306796657193   187.75255905869196 
   91.184474240113772    205.1711527851501 
   83.822510290530971   232.64637628848362 
   101.24110401698913   215.22778256202545 
   97.560122042197705   228.96539431369223 
   80.141528315739549   246.38398804015037 
   139.03723991240204   26.582200013482382 
   156.45583363886021   9.1636062870242618 
   152.77485166406879   22.901218038690963 
   159.15049946615275   46.695459567233058 
   151.78853551656994   74.170683070566554 
   169.20712924302808   56.752089344108398 
   165.52614726823668    70.48970109577516 
   148.10755354177854   87.908294822233302 
    140.7455895921957   115.38351832556681 
   158.16418331865387   97.964924599108656 
   154.48320134386248    111.7025363507754 
   137.06460761740431   129.12113007723357 
   129.70264366782149   156.59635358056707 
   147.12123739427963    139.1777598541089 
   143.44025541948827   152.91537160577565 
    126.0216616930301   170.33396533223382 
   118.65969774344728   197.80918883556731 
   136.07829146990542   180.39059510910917 
     132.397309495114   194.12820686077586 
   114.97871576865587   211.54680058723406 
   107.61675181907304   239.02202409056758 
   125.03534554553121   221.60343036410939 
   121.35436357073981   235.34104211577613 
   103.93576984428164   252.75963584223433 
   162.83148144094415   32.957847815566311 
   180.25007516740229   15.539254089108184 
   176.56909319261089   29.276865840774899 
    182.9447409946948   53.071107369316991 
   175.58277704511201   80.546330872650501 
   193.00137077157015   63.127737146192317 
   189.32038879677876   76.865348897859093 
   171.90179507032059   94.283942624317234 
    164.5398311207378   121.75916612765073 
   181.95842484719594   104.34057240119257 
   178.27744287240452   118.07818415285934 
   160.85884914594638   135.49677787931751 
   153.49688519636359   162.97200138265097 
   170.91547892282171   145.55340765619286 
   167.23449694803031   159.29101940785958 
   149.81590322157214   176.70961313431775 
   142.45393927198936   204.18483663765122 
    159.8725329984475   186.76624291119307 
    156.1915510236561   200.50385466285982 
   138.77295729719793   217.92244838931796 
   131.41099334761512   245.39767189265152 
   148.82958707407329   227.97907816619332 
   145.14860509928187   241.71668991786009 
   186.62572296948625   39.333495617650236 
   204.04431669594436    21.91490189119212 
   200.36333472115297   35.652513642858835 
   206.73898252323693    59.44675517140093 
   199.37701857365411   86.921978674734419 
   216.79561230011228   69.503384948276249 
   213.11463032532083   83.240996699943025 
   195.69603659886272   100.65959042640117 
    188.3340726492799   128.13481392973469 
   205.75266637573804   110.71622020327652 
   202.07168440094662   124.45383195494327 
   184.65309067448848   141.87242568140141 
   177.29112672490567   169.34764918473493 
   194.70972045136381   151.92905545827676 
   191.02873847657241   165.66666720994348 
   173.61014475011424   183.08526093640168 
   166.24818080053146   210.56048443973515 
    183.6667745269896   193.14189071327704 
   179.98579255219821   206.87950246494373 
   162.56719882574004    224.2980961914019 
   155.20523487615725   251.77331969473545 
   172.62382860261536   234.35472596827728 
   168.94284662782397   248.09233771994403 
   210.41996449802832    45.70914341973419 
   227.83855822448646   28.290549693276056 
   224.15757624969507   42.028161444942768 
   230.53322405177903    65.82240297348487 
   223.17126010219621   93.297626476818365 
   240.58985382865436    75.87903275036021 
   236.90887185386296   89.616644502026958 
   219.49027812740479   107.03523822848511 
   212.12831417782198   134.51046173181859 
   229.54690790428015   117.09186800536045 
   225.86592592948872    130.8294797570272 
   208.44733220303058   148.24807348348537 
   201.08536825344777   175.72329698681887 
   218.50396197990594   158.30470326036072 
   214.82298000511449   172.04231501202744 
   197.40438627865637   189.46090873848564 
   190.04242232907356   216.93613224181908 
    207.4610160555317   199.51753851536097 
   203.78003408074031   213.25515026702766 
   186.36144035428214   230.67374399348586 
   196.41807013115749   240.73037377036121 
   192.73708815636607   254.46798552202799 
   234.21420602657039   52.084791221818122 
   251.63279975302856   34.666197495359988 
   247.95181777823717   48.403809247026707 
    254.3274655803211   72.198050775568802 
   246.96550163073832   99.673274278902298 
   243.28451965594689   113.41088603056905 
   235.92255570636405   140.88610953390256 
   253.34114943282225    123.4675158074444 
   249.66016745803083   137.20512755911116 
   232.24157373157269    154.6237212855693 
   224.87960978198987    182.0989447889028 
   242.29820350844801   164.68035106244463 
   238.61722153365662   178.41796281411141 
   221.19862780719845   195.83655654056955 
   213.83666385761563   223.31178004390304 
   231.25525758407377    205.8931863174449 
   227.57427560928241   219.63079806911162 
   210.15568188282424   237.04939179556979 
   220.21231165969959   247.10602157244512 
