   78.397868635365839   17.113443088621032 
   99.731201968699182   4.7966373459090121 
   92.620090857588082   17.113443088621018 
   71.286757524254753   29.430248831333053 
   57.064535302032517   54.063860316757093 
   78.397868635365839   41.747054574045059 
   71.286757524254739   54.063860316757079 
   49.953424190921403   66.380666059469107 
   35.731201968699196   91.014277544893133 
   57.064535302032503   78.697471802181127 
   49.953424190921403   91.014277544893147 
   28.620090857588078   103.33108328760515 
   14.397868635365857   127.96469477302919 
   35.731201968699182   115.64788903031717 
   28.620090857588078   127.96469477302919 
   7.2867575242547389   140.28150051574121 
   14.397868635365842   152.59830625845322 
   7.2867575242547389   164.91511200116523 
   113.95342419092141   4.7966373459090121 
   99.731201968699196   29.430248831333039 
   121.06453530203252   17.113443088621032 
   113.95342419092141   29.430248831333039 
   92.620090857588082   41.747054574045059 
   78.397868635365853   66.380666059469107 
   99.731201968699182   54.063860316757079 
   92.620090857588082   66.380666059469107 
   71.286757524254753   78.697471802181127 
   57.064535302032532   103.33108328760515 
   78.397868635365839   91.014277544893147 
   71.286757524254739   103.33108328760515 
   49.953424190921417   115.64788903031717 
   35.731201968699196   140.28150051574119 
   57.064535302032517   127.96469477302919 
   49.953424190921417   140.28150051574119 
   28.620090857588078   152.59830625845322 
   14.397868635365857   177.23191774387723 
   35.731201968699182   164.91511200116523 
   28.620090857588078   177.23191774387723 
   7.2867575242547389   189.54872348658927 
   14.397868635365842    201.8655292293013 
   135.28675752425471   17.113443088621018 
   121.06453530203252   41.747054574045059 
   142.39786863536588   29.430248831333053 
   135.28675752425474   41.747054574045059 
    113.9534241909214   54.063860316757065 
   99.731201968699182   78.697471802181113 
   121.06453530203254   66.380666059469107 
   113.95342419092141   78.697471802181113 
   92.620090857588082   91.014277544893133 
   78.397868635365853   115.64788903031716 
   99.731201968699196   103.33108328760517 
   92.620090857588082   115.64788903031719 
   71.286757524254739   127.96469477302919 
   57.064535302032517   152.59830625845319 
   78.397868635365867   140.28150051574119 
   71.286757524254753   152.59830625845319 
   49.953424190921403   164.91511200116523 
   35.731201968699182   189.54872348658927 
   57.064535302032532   177.23191774387726 
   49.953424190921432   189.54872348658927 
   28.620090857588064    201.8655292293013 
   142.39786863536585   4.7966373459090121 
   35.731201968699196   214.18233497201334 
   156.62009085758808   4.7966373459090264 
   156.62009085758808   29.430248831333039 
   142.39786863536588   54.063860316757065 
    163.7312019686992   41.747054574045059 
   156.62009085758808   54.063860316757065 
   135.28675752425474   66.380666059469092 
   121.06453530203252   91.014277544893147 
   142.39786863536585   78.697471802181113 
   135.28675752425474   91.014277544893119 
   113.95342419092141   103.33108328760515 
   99.731201968699196   127.96469477302917 
   121.06453530203252   115.64788903031717 
    113.9534241909214   127.96469477302919 
   92.620090857588082   140.28150051574119 
   78.397868635365867   164.91511200116523 
   99.731201968699196   152.59830625845319 
   92.620090857588082    164.9151120011652 
   71.286757524254753   177.23191774387723 
   57.064535302032532   201.86552922930127 
   78.397868635365839   189.54872348658927 
   71.286757524254753   201.86552922930127 
   49.953424190921417   214.18233497201331 
    163.7312019686992   17.113443088621032 
   57.064535302032517   226.49914071472531 
    177.9534241909214   17.113443088621018 
   177.95342419092142   41.747054574045059 
    163.7312019686992   66.380666059469107 
   185.06453530203251   54.063860316757079 
   177.95342419092142   66.380666059469078 
   156.62009085758808   78.697471802181113 
   142.39786863536588   103.33108328760515 
    163.7312019686992   91.014277544893119 
   156.62009085758808   103.33108328760515 
   135.28675752425474   115.64788903031717 
   121.06453530203255   140.28150051574119 
   142.39786863536585   127.96469477302919 
   135.28675752425474   140.28150051574119 
   113.95342419092142   152.59830625845322 
    99.73120196869921   177.23191774387723 
   121.06453530203254   164.91511200116523 
   113.95342419092142   177.23191774387723 
   92.620090857588096   189.54872348658927 
   78.397868635365867   214.18233497201328 
   99.731201968699196    201.8655292293013 
   92.620090857588096   214.18233497201328 
   71.286757524254753   226.49914071472531 
   185.06453530203251   29.430248831333053 
   78.397868635365853   238.81594645743735 
   199.28675752425471   29.430248831333039 
   199.28675752425477   54.063860316757079 
   185.06453530203254   78.697471802181113 
   206.39786863536585   66.380666059469107 
   199.28675752425474   78.697471802181113 
   177.95342419092142   91.014277544893133 
    163.7312019686992   115.64788903031717 
   185.06453530203254   103.33108328760515 
   177.95342419092142   115.64788903031716 
   156.62009085758811   127.96469477302919 
   142.39786863536591   152.59830625845319 
    163.7312019686992   140.28150051574119 
   156.62009085758808   152.59830625845322 
   135.28675752425477   164.91511200116523 
   121.06453530203255   189.54872348658927 
   142.39786863536588   177.23191774387723 
   135.28675752425474   189.54872348658924 
   113.95342419092142    201.8655292293013 
   99.731201968699224   226.49914071472531 
   121.06453530203254   214.18233497201328 
   113.95342419092142   226.49914071472531 
    92.62009085758811   238.81594645743735 
   206.39786863536588   41.747054574045073 
   99.731201968699196   251.13275220014935 
   220.62009085758808   41.747054574045059 
   220.62009085758808   66.380666059469078 
   206.39786863536585   91.014277544893119 
    227.7312019686992   78.697471802181113 
   220.62009085758808   91.014277544893119 
   199.28675752425474   103.33108328760514 
   185.06453530203251   127.96469477302917 
   206.39786863536585   115.64788903031716 
   199.28675752425471   127.96469477302917 
   177.95342419092142   140.28150051574119 
    163.7312019686992    164.9151120011652 
   185.06453530203251   152.59830625845319 
    177.9534241909214    164.9151120011652 
   156.62009085758808   177.23191774387723 
   142.39786863536588   201.86552922930125 
    163.7312019686992   189.54872348658924 
   156.62009085758808   201.86552922930125 
   135.28675752425474   214.18233497201328 
   121.06453530203254   238.81594645743732 
   142.39786863536585   226.49914071472531 
   135.28675752425474   238.81594645743729 
   113.95342419092141   251.13275220014935 
    227.7312019686992   54.063860316757079 
    241.9534241909214   54.063860316757065 
   241.95342419092142   78.697471802181113 
    227.7312019686992   103.33108328760514 
   249.06453530203254   91.014277544893119 
   241.95342419092142   103.33108328760513 
   220.62009085758808   115.64788903031716 
   206.39786863536588   140.28150051574119 
    227.7312019686992   127.96469477302917 
   220.62009085758808   140.28150051574119 
   199.28675752425474   152.59830625845319 
   185.06453530203254   177.23191774387723 
   206.39786863536585    164.9151120011652 
   199.28675752425474   177.23191774387723 
   177.95342419092142   189.54872348658924 
    163.7312019686992   214.18233497201328 
   185.06453530203254   201.86552922930125 
   177.95342419092142   214.18233497201328 
   156.62009085758811   226.49914071472531 
   142.39786863536588   251.13275220014933 
    163.7312019686992   238.81594645743732 
   156.62009085758811   251.13275220014933 
   249.06453530203254   66.380666059469107 
   249.06453530203254   115.64788903031716 
   241.95342419092142   127.96469477302917 
    227.7312019686992   152.59830625845319 
   249.06453530203254   140.28150051574119 
   241.95342419092142   152.59830625845319 
   220.62009085758808   164.91511200116523 
   206.39786863536591   189.54872348658924 
    227.7312019686992   177.23191774387723 
   220.62009085758808   189.54872348658927 
   199.28675752425477   201.86552922930125 
   185.06453530203254   226.49914071472531 
   206.39786863536588   214.18233497201328 
   199.28675752425477   226.49914071472529 
   177.95342419092142   238.81594645743732 
   185.06453530203254   251.13275220014933 
   71.286757524254696   4.7966373459089837 
   249.06453530203254   164.91511200116523 
   57.064535302032475   29.430248831333024 
   49.953424190921375   41.747054574045045 
   241.95342419092142   177.23191774387723 
   227.73120196869922   201.86552922930125 
   35.731201968699139   66.380666059469092 
   28.620090857588036   78.697471802181113 
   220.62009085758811   214.18233497201328 
   206.39786863536591   238.81594645743732 
   14.397868635365814   103.33108328760514 
   7.2867575242547105   115.64788903031715 
   199.28675752425477   251.13275220014933 
