   105.05804528208678   8.6180101938776907 
   128.85228681062887   2.2423623917937689 
   118.79565703375353   12.298992168669095 
    95.00141550521144   18.674639970753031 
   74.888155951460746   38.787899524503736 
   98.682397480002834   32.412251722419782 
   88.625767703127494   42.468881499295136 
   64.831526174585406   48.844529301379076 
    44.71826662083474   68.957788855129749 
   68.512508149376828   62.582141053045831 
   58.455878372501466   72.638770829921171 
   34.661636843959386   79.014418632005103 
   14.548377290208709   99.127678185755784 
   38.342618818750793   92.752030383671865 
   28.285989041875464   102.80866016054719 
   4.4917475133333546   109.18430796263114 
   8.1727294881247587    122.9219197142979 
   142.58989856229562   5.9233443665851722 
   122.47663900854495    26.03660392033585 
   146.27088053708701   19.660956118251914 
   136.21425076021168   29.717585895127254 
   112.42000923166961    36.09323369721119 
   92.306749677918916   56.206493250961898 
     116.100991206461   49.830845448877945 
   106.04436142958566   59.887475225753285 
   82.250119901043576   66.263123027837239 
   62.136860347292902   86.376382581587919 
   85.931101875834969   80.000734779503972 
   75.874472098959629   90.057364556379312 
   52.080230570417548   96.433012358463273 
   31.966971016666868   116.54627191221394 
   55.761212545208934   110.17062411013001 
   45.704582768333609   120.22725388700533 
   21.910341239791517   126.60290168908929 
    1.797081686040837   146.71616124283997 
   25.591323214582903   140.34051344075607 
   15.534693437707579    150.3971432176314 
   160.00849228875379   23.341938093043318 
   139.89523273500311   43.455197646793998 
   163.68947426354518   37.079549844710073 
   153.63284448666985   47.136179621585399 
   129.83860295812778   53.511827423669338 
   109.72534340437707    73.62508697742004 
   133.51958493291914   67.249439175336093 
   123.46295515604382   77.306068952211447 
   99.668713627501731   83.681716754295365 
   79.555454073751065   103.79497630804605 
   103.34969560229312   97.419328505962142 
   93.293065825417784   107.47595828283748 
   69.498824296875711    113.8516060849214 
    49.38556474312503   133.96486563867208 
   73.179806271667104   127.58921783658816 
   63.123176494791771    137.6458476134635 
   39.328934966249676   144.02149541554743 
   19.215675412498996   164.13475496929814 
   43.009916941041077   157.75910716721418 
   32.953287164165744   167.81573694408954 
   9.1590456356236434   174.19138474617347 
   170.06512206562914   13.285308316167965 
   12.840027610415047   187.92899649784022 
   183.80273381729589   16.966290290959371 
   177.42708601521193   40.760531819501466 
   157.31382646146125    60.87379137325216 
   181.10806799000335   54.498143571168221 
   171.05143821312802   64.554773348043568 
   147.25719668458589   70.930421150127501 
   127.14393713083523   91.043680703878195 
   150.93817865937731   84.668032901794248 
   140.88154888250199   94.724662678669588 
   117.08730735395987   101.10031048075354 
   96.974047800209206    121.2135700345042 
   120.76828932875128   114.83792223242028 
   110.71165955187595   124.89455200929562 
   86.917418023333852   131.27019981137957 
   66.804158469583172   151.38345936513025 
   90.598399998125259   145.00781156304632 
   80.541770221249934   155.06444133992164 
   56.747528692707824    161.4400891420056 
   36.634269138957144   181.55334869575628 
   60.428510667499225   175.17770089367235 
   50.371880890623899   185.23433067054768 
    26.57763936208179   191.60997847263161 
   187.48371579208728   30.703902042626112 
   30.258621336873194   205.34759022429839 
   201.22132754375403   34.384884017417512 
    194.8456797416701   58.179125545959629 
   174.73242018791942   78.292385099710302 
   198.52666171646149   71.916737297626383 
   188.47003193958616   81.973367074501709 
   164.67579041104406   88.349014876585656 
   144.56253085729338   108.46227443033635 
   168.35677238583546    102.0866266282524 
    158.3001426089601   112.14325640512774 
   134.50590108041803   118.51890420721169 
   114.39264152666736   138.63216376096236 
   138.18688305520945   132.25651595887845 
   128.13025327833407   142.31314573575378 
   104.33601174979201   148.68879353783771 
   84.222752196041341   168.80205309158839 
   108.01699372458341   162.42640528950449 
   97.960363947708075   172.48303506637981 
   74.166122419165987   178.85868286846375 
   54.052862865415307   198.97194242221443 
   77.847104393957366   192.59629462013052 
    67.79047461708204   202.65292439700585 
   43.996233088539952   209.02857219908978 
   204.90230951854545   48.122495769084274 
   47.677215063331353   222.76618395075653 
    218.6399212702122   51.803477743875675 
   212.26427346812827   75.597719272417791 
   192.15101391437759   95.710978826168471 
   215.94525544291963   89.335331024084525 
   205.88862566604431   99.391960800959865 
   182.09438413750223   105.76760860304381 
   161.98112458375155   125.88086815679451 
   185.77536611229363   119.50522035471056 
   175.71873633541827   129.56185013158591 
    151.9244948068762   135.93749793366985 
   131.81123525312555   156.05075748742053 
   155.60547678166759   149.67510968533659 
   145.54884700479224   159.73173946221192 
   121.75460547625018   166.10738726429588 
    101.6413459224995   186.22064681804656 
   125.43558745104158    179.8449990159626 
   115.37895767416624   189.90162879283795 
   91.584716145624157   196.27727659492191 
   71.471456591873462    216.3905361486726 
   95.265698120415536   210.01488834658863 
    85.20906834354021   220.07151812346399 
   61.414826814998108   226.44716592554795 
   222.32090324500362   65.541089495542437 
   65.095808789789515   240.18477767721467 
   236.05851499667034    69.22207147033383 
   229.68286719458638   93.016312998875932 
    209.5696076408357   113.12957255262661 
    233.3638491693778   106.75392475054268 
   223.30721939250247   116.81055452741801 
   199.51297786396034   123.18620232950195 
   179.39971831020966   143.29946188325266 
   203.19395983875179    136.9238140811687 
   193.13733006187644   146.98044385804403 
   169.34308853333434   153.35609166012799 
   149.22982897958369   173.46935121387867 
   173.02407050812576   167.09370341179473 
   162.96744073125041   177.15033318867009 
   139.17319920270833   183.52598099075402 
   119.05993964895764    203.6392405445047 
   142.85418117749973   197.26359274242074 
    132.7975514006244    207.3202225192961 
   109.00330987208228   213.69587032138008 
   88.890050318331618   233.80912987513074 
   112.68429184687369    227.4334820730468 
   102.62766206999835   237.49011184992213 
   78.833420541456263   243.86575965200612 
   239.73949697146173   82.959683222000578 
   253.47710872312851   86.640665196791971 
   247.10146092104458   110.43490672533409 
   226.98820136729387    130.5481662790848 
   250.78244289583594   124.17251847700084 
   240.72581311896062   134.22914825387616 
   216.93157159041854   140.60479605596012 
   196.81831203666783   160.71805560971083 
   220.61255356520991   154.34240780762687 
   210.55592378833458    164.3990375845022 
   186.76168225979251   170.77468538658613 
   166.64842270604183   190.88794494033681 
    190.4426642345839    184.5122971382529 
   180.38603445770858   194.56892691512823 
   156.59179292916647   200.94457471721216 
   136.47853337541579   221.05783427096287 
    160.2727749039579   214.68218646887894 
   150.21614512708254   224.73881624575426 
   126.42190359854045    231.1144640478382 
   106.30864404478977   251.22772360158891 
   130.10288557333186   244.85207579950497 
   120.04625579645652    254.9087055763803 
   244.40679509375204   147.96676000554294 
   234.35016531687668   158.02338978241826 
     214.236905763126   178.13664933616897 
   238.03114729166811   171.76100153408504 
   227.97451751479275   181.81763131096037 
   204.18027598625065    188.1932791130443 
       184.0670164325   208.30653866679498 
   207.86125796104207   201.93089086471105 
   197.80462818416672    211.9875206415864 
   174.01038665562464   218.36316844367033 
   153.89712710187396   238.47642799742101 
   177.69136863041604   232.10078019533705 
   167.63473885354071   242.15740997221241 
   143.84049732499861    248.5330577742964 
   251.76875904333485   175.44198350887643 
   231.65549948958417   195.55524306262714 
   81.263803753544664   14.993657995961613 
   71.207173976669324   25.050287772836967 
   221.59886971270885   205.61187283950247 
    201.4856101589582   225.72513239325315 
   51.093914422918637   45.163547326587661 
   41.037284646043297   55.220177103462994 
   191.42898038208281    235.7817621701285 
   171.31572082833213   255.89502172387915 
   20.924025092292617   75.333436657213682 
   10.867395315417291   85.390066434089022 
