   102.47925604563598   8.5464310350309241 
   127.11286753106002   8.5464310350309098 
     114.796061788348   15.657542146142026 
   90.162450302923958   15.657542146142026 
   65.528838817499945   29.879764368364246 
   90.162450302923958   29.879764368364246 
   77.845644560211952   36.990875479475363 
   53.212033074787925   36.990875479475363 
   28.578421589363899   51.213097701697585 
   53.212033074787925   51.213097701697585 
   40.895227332075919   58.324208812808692 
   16.261615846651864   58.324208812808699 
   16.261615846651864    72.54643103503092 
   3.9448101039398584   79.657542146142035 
   151.74647901648405   8.5464310350308956 
   176.38009050190809   8.5464310350308956 
   164.06328475919605   15.657542146142012 
   139.42967327377204   15.657542146142012 
     114.796061788348   29.879764368364246 
   139.42967327377204   29.879764368364231 
   127.11286753106002   36.990875479475349 
   102.47925604563599   36.990875479475349 
    77.84564456021198   51.213097701697571 
   102.47925604563598   51.213097701697571 
   90.162450302923972   58.324208812808692 
   65.528838817499945   58.324208812808692 
   40.895227332075919    72.54643103503092 
   65.528838817499945   72.546431035030906 
   53.212033074787939   79.657542146142006 
   28.578421589363884   79.657542146142035 
   3.9448101039398584   93.879764368364249 
   28.578421589363884   93.879764368364249 
   16.261615846651878   100.99087547947536 
   188.69689624462012   15.657542146142012 
   164.06328475919608   29.879764368364231 
   188.69689624462009   29.879764368364246 
   176.38009050190809   36.990875479475349 
   151.74647901648405   36.990875479475349 
   127.11286753106002   51.213097701697585 
   151.74647901648407   51.213097701697585 
   139.42967327377204   58.324208812808692 
     114.796061788348   58.324208812808692 
   90.162450302923986   72.546431035030906 
     114.796061788348    72.54643103503092 
   102.47925604563599   79.657542146142035 
   77.845644560211966   79.657542146142021 
   53.212033074787939   93.879764368364249 
   77.845644560211952   93.879764368364249 
    65.52883881749996   100.99087547947536 
   40.895227332075905   100.99087547947536 
   16.261615846651878   115.21309770169761 
   40.895227332075905   115.21309770169761 
   28.578421589363899   122.32420881280871 
   3.9448101039398584   122.32420881280872 
    201.0137019873321   8.5464310350309241 
   3.9448101039398584   136.54643103503096 
   201.01370198733213   36.990875479475335 
   176.38009050190809   51.213097701697556 
    201.0137019873321   51.213097701697571 
   188.69689624462012   58.324208812808692 
   164.06328475919605   58.324208812808678 
   139.42967327377204   72.546431035030892 
   164.06328475919608   72.546431035030906 
   151.74647901648407   79.657542146142006 
   127.11286753106002   79.657542146142006 
   102.47925604563601   93.879764368364235 
   127.11286753106002   93.879764368364249 
     114.796061788348   100.99087547947536 
   90.162450302923986   100.99087547947535 
   65.528838817499945   115.21309770169758 
   90.162450302923986   115.21309770169759 
    77.84564456021198   122.32420881280869 
   53.212033074787925   122.32420881280869 
   28.578421589363899   136.54643103503093 
   53.212033074787925   136.54643103503093 
   40.895227332075919   143.65754214614205 
   16.261615846651864   143.65754214614205 
    213.3305077300441   29.879764368364246 
   16.261615846651864   157.87976436836428 
   3.9448101039398442   164.99087547947539 
   213.33050773004413   58.324208812808678 
   188.69689624462012   72.546431035030892 
   213.33050773004413   72.546431035030906 
   201.01370198733213   79.657542146142006 
   176.38009050190809   79.657542146142006 
   151.74647901648407   93.879764368364249 
   176.38009050190809   93.879764368364249 
   164.06328475919608   100.99087547947536 
   139.42967327377204   100.99087547947536 
   114.79606178834803   115.21309770169758 
   139.42967327377204   115.21309770169759 
   127.11286753106003   122.32420881280871 
   102.47925604563601   122.32420881280869 
    77.84564456021198   136.54643103503093 
   102.47925604563599   136.54643103503093 
      90.162450302924   143.65754214614205 
   65.528838817499945   143.65754214614205 
   40.895227332075919   157.87976436836428 
   65.528838817499945   157.87976436836428 
   53.212033074787939   164.99087547947536 
   28.578421589363899   164.99087547947539 
   225.64731347275611   51.213097701697585 
   28.578421589363884   179.21309770169759 
   16.261615846651864   186.32420881280871 
   225.64731347275617   79.657542146142006 
   201.01370198733213   93.879764368364235 
   225.64731347275617   93.879764368364221 
   213.33050773004413   100.99087547947533 
   188.69689624462012   100.99087547947535 
   164.06328475919608   115.21309770169758 
   188.69689624462012   115.21309770169756 
   176.38009050190809   122.32420881280868 
   151.74647901648407   122.32420881280869 
   127.11286753106005   136.54643103503091 
   151.74647901648405   136.54643103503091 
   139.42967327377204   143.65754214614202 
   114.79606178834801   143.65754214614202 
   90.162450302923986   157.87976436836425 
   114.79606178834801   157.87976436836425 
   102.47925604563601   164.99087547947533 
   77.845644560211966   164.99087547947536 
   53.212033074787939   179.21309770169756 
   77.845644560211952   179.21309770169756 
    65.52883881749996   186.32420881280868 
   40.895227332075905   186.32420881280871 
   237.96411921546814    72.54643103503092 
   40.895227332075905   200.54643103503093 
    28.57842158936387   207.65754214614205 
   237.96411921546817   100.99087547947532 
   213.33050773004413   115.21309770169755 
   237.96411921546814   115.21309770169755 
   225.64731347275614   122.32420881280865 
    201.0137019873321   122.32420881280866 
   176.38009050190809   136.54643103503091 
    201.0137019873321   136.54643103503088 
   188.69689624462009   143.65754214614199 
   164.06328475919608   143.65754214614202 
   139.42967327377204   157.87976436836422 
   164.06328475919605   157.87976436836422 
   151.74647901648405   164.99087547947533 
   127.11286753106003   164.99087547947533 
   102.47925604563599   179.21309770169756 
   127.11286753106002   179.21309770169754 
   114.79606178834801   186.32420881280865 
   90.162450302923972   186.32420881280868 
   65.528838817499945   200.54643103503091 
   90.162450302923958   200.54643103503091 
   77.845644560211952   207.65754214614199 
   53.212033074787911   207.65754214614205 
   250.28092495818015   93.879764368364235 
   53.212033074787911   221.87976436836422 
   40.895227332075876   228.99087547947533 
   250.28092495818018   122.32420881280866 
   225.64731347275617   136.54643103503091 
   250.28092495818018   136.54643103503088 
   237.96411921546817   143.65754214614199 
   213.33050773004413   143.65754214614202 
   188.69689624462012   157.87976436836422 
   213.33050773004413   157.87976436836422 
   201.01370198733213   164.99087547947533 
   176.38009050190809   164.99087547947533 
   151.74647901648407   179.21309770169756 
   176.38009050190809   179.21309770169756 
   164.06328475919608   186.32420881280865 
   139.42967327377204   186.32420881280868 
   114.79606178834803   200.54643103503091 
   139.42967327377204   200.54643103503091 
   127.11286753106003   207.65754214614199 
   102.47925604563599   207.65754214614202 
   77.845644560211966   221.87976436836425 
   102.47925604563599   221.87976436836422 
   90.162450302923986   228.99087547947533 
   65.528838817499945   228.99087547947536 
   65.528838817499931   243.21309770169756 
   53.212033074787911   250.32420881280868 
    237.9641192154682   157.87976436836422 
   250.28092495818018   164.99087547947533 
   225.64731347275617   164.99087547947533 
   201.01370198733213   179.21309770169756 
   225.64731347275617   179.21309770169756 
   213.33050773004413   186.32420881280865 
   188.69689624462012   186.32420881280868 
   164.06328475919611   200.54643103503091 
   188.69689624462012   200.54643103503091 
   176.38009050190809   207.65754214614202 
   151.74647901648407   207.65754214614202 
   127.11286753106005   221.87976436836422 
   151.74647901648407   221.87976436836422 
   139.42967327377207   228.99087547947533 
   114.79606178834801   228.99087547947533 
   90.162450302923986   243.21309770169756 
   114.79606178834801   243.21309770169756 
   102.47925604563601   250.32420881280868 
   77.845644560211952   250.32420881280868 
   250.28092495818021   179.21309770169756 
    237.9641192154682   186.32420881280868 
   213.33050773004416   200.54643103503093 
    237.9641192154682   200.54643103503091 
   225.64731347275617   207.65754214614202 
   201.01370198733215   207.65754214614202 
   176.38009050190814   221.87976436836422 
   201.01370198733213   221.87976436836422 
   188.69689624462012   228.99087547947533 
   164.06328475919611   228.99087547947533 
   139.42967327377207   243.21309770169756 
   164.06328475919608   243.21309770169756 
   151.74647901648407   250.32420881280868 
   127.11286753106005   250.32420881280868 
