   212.84084029789017   2.0537562825805349 
    185.3656167945567   9.4157202321633431 
   209.15985832309877   15.791368034247292 
   195.42224657143205   19.472350009038681 
   171.62800504288992   13.096702206954745 
   144.15278153955646   20.458666156537554 
   167.94702306809853   26.834313958621504 
   154.20941131643178   30.515295933412908 
   130.41516978788968   24.139648131328972 
    102.9399462845562   31.501612080911777 
   126.73418781309827    37.87725988299573 
   112.99657606143153   41.558241857787131 
   89.202334532889452   35.182594055703184 
    61.72711102955595   42.544558005285985 
    85.52135255809803   48.920205807369939 
   71.783740806431283    52.60118778216134 
   47.989499277889188   46.225539980077407 
   20.514275774555692   53.587503929660215 
   44.308517303097773   59.963151731744162 
   30.570905551431043    63.64413370653557 
   6.7766640228889337   57.268485904451616 
   3.0956820480975162   71.006097656118371 
   219.21648809997413   25.847997811122632 
    191.7412645966406   33.209961760705454 
   215.53550612518268   39.585609562789372 
   201.79789437351599   43.266591537580766 
   178.00365284497386   36.890943735496855 
   150.52842934164036   44.252907685079663 
   174.32267087018246   50.628555487163588 
   160.58505911851572   54.309537461954989 
   136.79081758997361   47.933889659871078 
   109.31559408664013   55.295853609453886 
   133.10983561518222   61.671501411537811 
   119.37222386351544   65.352483386329212 
   95.577982334973385   58.976835584245293 
   68.102758831639889   66.338799533828109 
   91.897000360181963   72.714447335912027 
   78.159388608515229    76.39542931070342 
   54.365147079973127   70.019781508619516 
   26.889923576639625   77.381745458202317 
   50.684165105181705    83.75739326028625 
   36.946553353514965   87.438375235077643 
    13.15231182497287   81.062727432993725 
   9.4713298501814513   94.800339184660459 
   225.59213590205806   49.642239339664712 
   198.11691239872457   57.004203289247535 
   221.91115392726664   63.379851091331467 
   208.17354217559992   67.060833066122868 
   184.37930064705779   60.685185264038935 
   156.90407714372432   68.047149213621751 
    180.6983186722664   74.422797015705697 
   166.96070692059968   78.103778990497105 
   143.16646539205757   71.728131188413144 
   115.69124188872408   79.090095137995959 
   139.48548341726615   85.465742940079906 
    125.7478716655994   89.146724914871314 
   101.95363013705732   82.771077112787367 
   74.478406633723822   90.133041062370197 
   98.272648162265895   96.508688864454115 
   84.535036410599162   100.18967083924552 
    60.74079488205706   93.814023037161604 
   33.265571378723564   101.17598698674441 
   57.059812907265645   107.55163478882835 
   43.322201155598918   111.23261676361975 
   19.527959627056806   104.85696896153581 
   15.846977652265387   118.59458071320256 
   2.1093659005986445   122.27556268799397 
   231.96778370414199   73.436480868206814 
    204.4925602008085   80.798444817789616 
    228.2868017293506   87.174092619873562 
   214.54918997768382   90.855074594664956 
   190.75494844914172   84.479426792581023 
   163.27972494580823   91.841390742163824 
   187.07396647435033   98.217038544247771 
   173.33635472268358   101.89802051903918 
   149.54211319414148   95.522372716955246 
   122.06688969080801   102.88433666653805 
   145.86113121935009   109.25998446862199 
   132.12351946768331    112.9409664434134 
   108.32927793914124   106.56531864132945 
   80.854054435807754   113.92728259091227 
   104.64829596434984   120.30293039299622 
   90.910684212683108   123.98391236778761 
   67.116442684140992   117.60826456570368 
   39.641219180807497   124.97022851528649 
   63.435460709349577   131.34587631737043 
   49.697848957682851   135.02685829216185 
   25.903607429140727   128.65121049007789 
   22.222625454349323   142.38882224174463 
   8.4850137026825934   146.06980421653606 
   238.34343150622593   97.230722396748902 
   210.86820800289243   104.59268634633172 
    234.6624495314345   110.96833414841565 
   220.92483777976778   114.64931612320706 
   197.13059625122568   108.27366832112313 
   169.65537274789219   115.63563227070594 
   193.44961427643426   122.01128007278986 
   179.71200252476751   125.69226204758127 
   155.91776099622544   119.31661424549733 
   128.44253749289194   126.67857819508015 
   152.23677902143399   133.05422599716408 
   138.49916726976727    136.7352079719555 
    114.7049257412252   130.35956016987154 
   87.229702237891686   137.72152411945436 
   111.02394376643377   144.09717192153832 
   97.286332014767027   147.77815389632971 
   73.492090486224924   141.40250609424578 
   46.016866982891436    148.7644700438286 
   69.811108511433517   155.14011784591253 
   56.073496759766769   158.82109982070392 
   32.279255231224681   152.44545201861999 
   4.8040317278912053    159.8074159682028 
   28.598273256433259   166.18306377028674 
   14.860661504766515   169.86404574507813 
   244.71907930830986     121.024963925291 
   217.24385580497636   128.38692787487381 
   241.03809733351844   134.76257567695777 
   227.30048558185175   138.44355765174913 
   203.50624405330959    132.0679098496652 
   176.03102054997612   139.42987379924804 
   199.82526207851822   145.80552160133198 
   186.08765032685147   149.48650357612337 
   162.29340879830937   143.11085577403946 
    134.8181852949759   150.47281972362225 
   158.61242682351795   156.84846752570618 
    144.8748150718512   160.52944950049758 
   121.08057354330913   154.15380169841367 
   93.605350039975619   161.51576564799646 
   117.39959156851771   167.89141345008039 
   103.66197981685097   171.57239542487179 
   79.867738288308871   165.19674762278788 
   52.392514784975369    172.5587115723707 
   76.186756313517449   178.93435937445463 
   62.449144561850723   182.61534134924602 
   38.654903033308614   176.23969354716209 
   11.179679529975139   183.60165749674488 
   34.973921058517192   189.97730529882884 
   21.236309306850451   193.65828727362023 
   251.09472711039382   144.81920545383309 
    223.6195036070603   152.18116940341588 
    247.4137451356024   158.55681720549981 
   233.67613338393565    162.2377991802912 
   209.88189185539355    155.8621513782073 
   182.40666835206002   163.22411532779009 
   206.20090988060215   169.59976312987402 
   192.46329812893538   173.28074510466541 
    168.6690566003933   166.90509730258151 
   141.19383309705981   174.26706125216432 
   164.98807462560191   180.64270905424826 
   151.25046287393513   184.32369102903968 
   127.45622134539306   177.94804322695575 
   99.980997842059566   185.31000717653856 
   123.77523937060164   191.68565497862247 
   110.03762761893491   195.36663695341389 
   86.243386090392789   188.99098915132996 
   58.768162587059301   196.35295310091277 
   82.562404115601382   202.72860090299667 
   68.824792363934662    206.4095828777881 
   45.030550835392532   200.03393507570416 
   17.555327332059075   207.39589902528698 
   41.349568860601131   213.77154682737091 
   27.611957108934387   217.45252880216231 
   229.99515140914426   175.97541093195798 
   253.78939293768633   182.35105873404191 
   240.05178118601958   186.03204070883334 
   216.25753965747751    179.6563929067494 
   188.78231615414398   187.01835685633222 
   212.57655768268606   193.39400465841612 
   198.83894593101934   197.07498663320754 
   175.04470440247724   190.69933883112361 
   147.56948089914377   198.06130278070643 
   171.36372242768581   204.43695058279033 
   157.62611067601907   208.11793255758178 
   133.83186914747699   201.74228475549782 
    106.3566456441435   209.10424870508064 
   130.15088717268557    215.4798965071646 
   116.41327542101885   219.16087848195596 
   92.619033892476736   212.78523067987206 
   65.143810389143241   220.14719462945487 
   88.938051917685328   226.52284243153881 
   75.200440166018581    230.2038244063302 
   51.406198637476486   223.82817660424624 
   23.930975134143011   231.19014055382905 
   47.725216662685064   237.56578835591301 
   33.987604911018323   241.24677033070444 
   236.37079921122816   199.76965246050011 
   246.42742898810351   209.82628223737541 
   222.63318745956141   203.45063443529148 
   195.15796395622792   210.81259838487429 
   218.95220548477002   217.18824618695825 
   205.21459373310324   220.86922816174962 
   181.42035220456117   214.49358035966571 
    153.9451287012277   221.85554430924853 
   177.73937022976975   228.23119211133246 
   164.00175847810303   231.91217408612385 
   140.20751694956093   225.53652628403992 
   112.73229344622743   232.89849023362274 
    136.5265349747695   239.27413803570667 
   122.78892322310277   242.95512001049806 
   98.994681694560668   236.57947220841416 
   71.519458191227173   243.94143615799695 
   95.313699719769261   250.31708396008091 
   81.576087968102527   253.99806593487227 
   57.781846439560418    247.6224181327884 
   30.306622936226947   254.98438208237118 
   242.74644701331209   223.56389398904219 
   229.00883526164534   227.24487596383361 
   201.53361175831185   234.60683991341639 
   161.57137526601457   3.0400724300793929 
   147.83376351434785   6.7210544048707961 
   187.79600000664513   238.28782188820782 
   160.32077650331163    245.6497858377906 
   120.35854001101434   14.083018354453618 
   106.62092825934758   17.764000329245022 
   146.58316475164486   249.33076781258205 
   119.10794124831136   256.69273176216484 
   79.145704756014098    25.12596427882783 
    65.40809300434735    28.80694625361923 
    37.93286950101384   36.168910203202053 
   24.195257749347093   39.849892177993453 
