   235.82084979035292   7.0039568984982523 
   207.37640534590852   7.0039568984982523 
   228.70973867924187   19.320762641210273 
   214.48751645701964   19.320762641210273 
   193.15418312368629   7.0039568984982523 
   164.70973867924184   7.0039568984982523 
   186.04307201257518   19.320762641210273 
   171.82084979035295   19.320762641210273 
   150.48751645701961   7.0039568984982523 
   122.04307201257518   7.0039568984982523 
   143.37640534590849   19.320762641210273 
   129.15418312368629   19.320762641210273 
   107.82084979035297   7.0039568984982523 
   79.376405345908523   7.0039568984982523 
   100.70973867924184   19.320762641210273 
   86.487516457019638   19.320762641210273 
   65.154183123686266   7.0039568984982523 
   36.709738679241831   7.0039568984982523 
   58.043072012575166   19.320762641210273 
   43.820849790352959   19.320762641210273 
   22.487516457019595   7.0039568984982523 
   250.04307201257518   7.0039568984982381 
   15.376405345908491   19.320762641210273 
    1.154183123686285   19.320762641210287 
   235.82084979035295   31.637568383922293 
   207.37640534590852   31.637568383922293 
   228.70973867924187   43.954374126634299 
   214.48751645701964   43.954374126634299 
   193.15418312368629   31.637568383922293 
   164.70973867924184   31.637568383922293 
   186.04307201257518   43.954374126634299 
   171.82084979035295   43.954374126634299 
   150.48751645701961   31.637568383922293 
   122.04307201257519   31.637568383922293 
   143.37640534590849   43.954374126634299 
   129.15418312368629   43.954374126634299 
   107.82084979035297   31.637568383922293 
   79.376405345908523   31.637568383922293 
   100.70973867924184   43.954374126634299 
   86.487516457019638   43.954374126634299 
   65.154183123686281   31.637568383922293 
   36.709738679241845   31.637568383922293 
   58.043072012575166   43.954374126634299 
   43.820849790352959   43.954374126634299 
   22.487516457019609   31.637568383922293 
   250.04307201257518   31.637568383922279 
   15.376405345908491   43.954374126634299 
    1.154183123686285   43.954374126634313 
   235.82084979035295   56.271179869346334 
   207.37640534590852   56.271179869346334 
   228.70973867924187   68.587985612058347 
   214.48751645701964   68.587985612058347 
   193.15418312368629   56.271179869346334 
   164.70973867924184   56.271179869346334 
   186.04307201257518   68.587985612058347 
   171.82084979035295   68.587985612058347 
   150.48751645701961   56.271179869346334 
   122.04307201257519   56.271179869346334 
   143.37640534590849   68.587985612058347 
   129.15418312368629   68.587985612058347 
   107.82084979035297   56.271179869346334 
   79.376405345908523   56.271179869346334 
   100.70973867924184   68.587985612058347 
   86.487516457019638   68.587985612058347 
   65.154183123686281   56.271179869346334 
   36.709738679241845   56.271179869346334 
   58.043072012575166   68.587985612058361 
   43.820849790352959   68.587985612058361 
   22.487516457019609   56.271179869346334 
   250.04307201257518   56.271179869346319 
   15.376405345908491   68.587985612058361 
    1.154183123686285   68.587985612058361 
   235.82084979035295   80.904791354770353 
   207.37640534590852   80.904791354770353 
   228.70973867924187   93.221597097482359 
   214.48751645701964   93.221597097482359 
   193.15418312368629   80.904791354770353 
   164.70973867924184   80.904791354770353 
   186.04307201257518   93.221597097482373 
   171.82084979035295   93.221597097482373 
   150.48751645701961   80.904791354770353 
   122.04307201257519   80.904791354770353 
   143.37640534590849   93.221597097482373 
   129.15418312368629   93.221597097482373 
   107.82084979035297   80.904791354770353 
   79.376405345908523   80.904791354770353 
   100.70973867924184   93.221597097482373 
   86.487516457019638   93.221597097482373 
   65.154183123686281   80.904791354770353 
   36.709738679241845   80.904791354770353 
   58.043072012575166   93.221597097482388 
   43.820849790352959   93.221597097482388 
   22.487516457019609   80.904791354770353 
   250.04307201257518   80.904791354770353 
   15.376405345908491   93.221597097482388 
    1.154183123686285   93.221597097482388 
   235.82084979035295   105.53840284019439 
   207.37640534590852   105.53840284019439 
   228.70973867924187   117.85520858290641 
   214.48751645701964   117.85520858290641 
   193.15418312368629   105.53840284019439 
   164.70973867924184   105.53840284019439 
   186.04307201257518   117.85520858290641 
   171.82084979035295   117.85520858290641 
   150.48751645701964   105.53840284019439 
   122.04307201257519   105.53840284019439 
   143.37640534590852   117.85520858290641 
   129.15418312368629   117.85520858290641 
   107.82084979035297   105.53840284019439 
   79.376405345908523   105.53840284019439 
   100.70973867924184   117.85520858290641 
   86.487516457019638   117.85520858290641 
   65.154183123686281   105.53840284019439 
   36.709738679241845   105.53840284019439 
   58.043072012575166   117.85520858290641 
   43.820849790352959   117.85520858290641 
   22.487516457019609   105.53840284019439 
   250.04307201257518   105.53840284019439 
   15.376405345908491   117.85520858290643 
    1.154183123686285   117.85520858290643 
   235.82084979035295   130.17201432561842 
   207.37640534590852   130.17201432561842 
   228.70973867924187   142.48882006833043 
   214.48751645701964   142.48882006833043 
   193.15418312368629   130.17201432561842 
   164.70973867924184   130.17201432561842 
   186.04307201257518   142.48882006833043 
   171.82084979035295   142.48882006833043 
   150.48751645701964   130.17201432561842 
   122.04307201257519   130.17201432561842 
   143.37640534590852   142.48882006833043 
   129.15418312368629   142.48882006833043 
   107.82084979035297   130.17201432561842 
   79.376405345908523   130.17201432561842 
   100.70973867924184   142.48882006833043 
   86.487516457019638   142.48882006833043 
   65.154183123686281   130.17201432561842 
   36.709738679241845   130.17201432561842 
   58.043072012575166   142.48882006833043 
   43.820849790352959   142.48882006833043 
   22.487516457019609   130.17201432561842 
   250.04307201257518   130.17201432561842 
   15.376405345908491   142.48882006833043 
    1.154183123686285   142.48882006833043 
   235.82084979035295   154.80562581104243 
   207.37640534590852   154.80562581104243 
   228.70973867924187   167.12243155375444 
   214.48751645701964   167.12243155375444 
   193.15418312368629   154.80562581104243 
   164.70973867924184   154.80562581104243 
   186.04307201257518   167.12243155375444 
   171.82084979035295   167.12243155375444 
   150.48751645701964   154.80562581104243 
   122.04307201257519   154.80562581104243 
   143.37640534590852   167.12243155375444 
   129.15418312368629   167.12243155375444 
   107.82084979035297   154.80562581104243 
   79.376405345908523   154.80562581104243 
   100.70973867924184   167.12243155375444 
   86.487516457019638   167.12243155375444 
   65.154183123686281   154.80562581104243 
   36.709738679241845   154.80562581104243 
   58.043072012575166   167.12243155375444 
   43.820849790352959   167.12243155375444 
   22.487516457019609   154.80562581104243 
   250.04307201257518   154.80562581104243 
   15.376405345908491   167.12243155375444 
    1.154183123686285   167.12243155375444 
   235.82084979035295   179.43923729646647 
   207.37640534590852   179.43923729646647 
   228.70973867924187   191.75604303917848 
   214.48751645701964   191.75604303917848 
   193.15418312368629   179.43923729646647 
   164.70973867924184   179.43923729646647 
   186.04307201257521   191.75604303917848 
   171.82084979035295   191.75604303917848 
   150.48751645701964   179.43923729646647 
   122.04307201257519   179.43923729646647 
   143.37640534590852   191.75604303917848 
   129.15418312368629   191.75604303917848 
   107.82084979035297   179.43923729646647 
   79.376405345908523   179.43923729646647 
   100.70973867924184   191.75604303917848 
   86.487516457019638   191.75604303917848 
   65.154183123686281   179.43923729646647 
   36.709738679241845   179.43923729646647 
   58.043072012575166   191.75604303917848 
   43.820849790352959   191.75604303917848 
   22.487516457019609   179.43923729646647 
   250.04307201257518   179.43923729646647 
   15.376405345908491   191.75604303917848 
    1.154183123686285   191.75604303917848 
   235.82084979035295   204.07284878189051 
   207.37640534590852   204.07284878189051 
   228.70973867924187   216.38965452460252 
   214.48751645701964   216.38965452460252 
   193.15418312368629   204.07284878189051 
   164.70973867924184   204.07284878189051 
   186.04307201257521   216.38965452460252 
   171.82084979035295   216.38965452460252 
   150.48751645701964   204.07284878189051 
   122.04307201257519   204.07284878189051 
   143.37640534590852   216.38965452460252 
   129.15418312368629   216.38965452460252 
   107.82084979035297   204.07284878189051 
   79.376405345908523   204.07284878189051 
   100.70973867924184   216.38965452460252 
   86.487516457019638   216.38965452460252 
   65.154183123686281   204.07284878189051 
   36.709738679241845   204.07284878189051 
   58.043072012575166   216.38965452460252 
   43.820849790352959   216.38965452460252 
   22.487516457019609   204.07284878189051 
   250.04307201257518   204.07284878189049 
   15.376405345908491   216.38965452460252 
    1.154183123686285   216.38965452460252 
   235.82084979035295   228.70646026731455 
   207.37640534590852   228.70646026731455 
   228.70973867924187   241.02326601002656 
   214.48751645701964   241.02326601002656 
   193.15418312368629   228.70646026731455 
   164.70973867924184   228.70646026731455 
   186.04307201257521   241.02326601002656 
   171.82084979035295   241.02326601002656 
   150.48751645701964   228.70646026731455 
   122.04307201257519   228.70646026731455 
   143.37640534590852   241.02326601002656 
   129.15418312368629   241.02326601002656 
   107.82084979035297   228.70646026731455 
   79.376405345908523   228.70646026731455 
   100.70973867924184   241.02326601002656 
   86.487516457019638   241.02326601002656 
   65.154183123686281   228.70646026731455 
   36.709738679241845   228.70646026731455 
   58.043072012575166   241.02326601002656 
   43.820849790352959   241.02326601002656 
   22.487516457019609   228.70646026731455 
   250.04307201257518   228.70646026731455 
   15.376405345908491   241.02326601002656 
    1.154183123686285   241.02326601002659 
