   49.943014748480735   23.926536696105334 
   56.865681415147407   43.804633188065665 
   21.122108081814066   63.682729680025993 
   34.968294748480744   103.44011532588294 
   28.045201415147407   83.562018833922608 
   41.891388081814071   123.31821181784328 
   49.943014748480735   143.19273032399479 
   56.865681415147407   163.07082681595512 
   21.122108081814066   182.94892330791544 
   34.968294748480744   222.70630895377238 
   28.045201415147407   202.82821246181203 
   41.891388081814071    242.5844054457327 
   92.609681415147421   23.926536696105334 
   99.532348081814078   43.804633188065665 
   63.788774748480741   63.682729680025993 
   77.634961415147416   103.44011532588294 
   70.711868081814075   83.562018833922608 
   84.558054748480743   123.31821181784328 
   92.609681415147421   143.19273032399479 
   99.532348081814078   163.07082681595512 
   63.788774748480741   182.94892330791544 
   77.634961415147416   222.70630895377238 
   70.711868081814075   202.82821246181203 
   84.558054748480743    242.5844054457327 
   135.27634808181406   23.926536696105334 
   142.19901474848075   43.804633188065665 
   106.45544141514742   63.682729680025993 
   120.30162808181407   103.44011532588294 
   113.37853474848076   83.562018833922608 
   127.22472141514741   123.31821181784328 
   135.27634808181406   143.19273032399479 
   142.19901474848075   163.07082681595512 
   106.45544141514742   182.94892330791544 
   120.30162808181407   222.70630895377238 
   113.37853474848076   202.82821246181203 
   127.22472141514741    242.5844054457327 
   177.94301474848072   23.926536696105334 
   184.86568141514741   43.804633188065665 
   149.12210808181408   63.682729680025993 
   162.96829474848076   103.44011532588294 
    156.0452014151474   83.562018833922608 
   169.89138808181406   123.31821181784328 
   177.94301474848072   143.19273032399479 
   184.86568141514741   163.07082681595512 
   149.12210808181408   182.94892330791544 
   162.96829474848076   222.70630895377238 
    156.0452014151474   202.82821246181203 
   169.89138808181406    242.5844054457327 
   220.60968141514741   23.926536696105334 
   227.53234808181406   43.804633188065665 
   191.78877474848073   63.682729680025993 
   205.63496141514739   103.44011532588294 
   198.71186808181406   83.562018833922608 
   212.55805474848074   123.31821181784328 
   220.60968141514741   143.19273032399479 
   227.53234808181406   163.07082681595512 
   191.78877474848073   182.94892330791544 
   205.63496141514739   222.70630895377238 
   198.71186808181406   202.82821246181203 
   212.55805474848074    242.5844054457327 
   7.2763480818140867   23.926536696105334 
   14.199014748480739   43.804633188065665 
   234.45544141514742   63.682729680025993 
   248.30162808181407   103.44011532588294 
   241.37853474848075   83.562018833922608 
   255.22472141514743   123.31821181784328 
   7.2763480818140867   143.19273032399479 
   14.199014748480739   163.07082681595512 
   234.45544141514742   182.94892330791544 
   248.30162808181407   222.70630895377238 
   241.37853474848075   202.82821246181203 
   255.22472141514743    242.5844054457327 
