   57.401002142228229   58.658963593508219 
   58.942954709847086   79.651448348788534 
   19.272484150818222   89.601097609153882 
   22.356904859137554    131.5874400015993 
   20.814540163166164   110.59484481685975 
   23.899269555108969   152.58003518633888 
   26.532639794445558   173.86126022187932 
   28.074592362064397   194.85374497715964 
   53.225267206920236    16.38514337322821 
   54.767631902891637   37.377738557967781 
    98.61383739722848   69.701909517882441 
   100.15578996484733   90.694394273162757 
   60.485319405818473   100.64404353352811 
   63.569740114137801   142.63038592597351 
     62.0273754181664   121.63779074123396 
   65.112104810109201   163.62298111071311 
   67.745475049445801    184.9042061462535 
   69.287427617064651   205.89669090153384 
   29.616957058035787   215.84634016189921 
   94.438102461920494   27.428089297602423 
   92.895737765949079   6.4354941128628509 
   95.980467157891894   48.420684482342004 
   139.82667265222872    80.74485544225665 
   141.36862521984759   101.73734019753697 
   101.69815466081872   111.68698945790233 
   104.78257536913804   153.67333185034775 
   103.24021067316664   132.68073666560818 
   106.32494006510946   174.66592703508732 
   108.95831030444604   195.94715207062774 
   110.50026287206489   216.93963682590805 
   70.829792313036037   226.88928608627344 
   135.65093771692074   38.471035221976649 
   134.10857302094934   17.478440037237078 
   137.19330241289217    59.46363040671622 
   181.03950790722897   91.787801366630873 
   182.58146047484783   112.78028612191119 
   142.91098991581899   122.72993538227654 
   145.99541062413832   164.71627777472196 
   144.45304592816692   143.72368258998242 
   147.53777532010972   185.70887295946156 
   150.17114555944627   206.99009799500197 
   151.71309812706517   227.98258275028232 
   112.04262756803629   237.93223201064762 
   176.86377297192101   49.513981146350879 
   175.32140827594961   28.521385961611291 
   178.40613766789241   70.506576331090429 
   222.25234316222924    102.8307472910051 
   223.79429572984805   123.82323204628541 
   184.12382517081926   133.77288130665076 
   187.20824587913856   175.75922369909617 
   185.66588118316713   154.76662851435663 
   188.75061057510996   196.75181888383574 
   191.38398081444655   218.03304391937615 
   192.92593338206538    239.0255286746565 
   153.25546282303657   248.97517793502186 
   218.07660822692122   60.556927070725088 
   216.53424353094982   39.564331885985503 
   219.61897292289265   81.549522255464666 
    17.73011945484685   68.608502424414311 
   225.33666042581953     144.815827231025 
   228.42108113413883   186.80216962347041 
    226.8787164381674   165.80957443873083 
    229.9634458301102   207.79476480820998 
   232.59681606944685   229.07598984375042 
