     87.3926337875793   31.281908991325498 
   83.448790736864197   51.958178865574816 
   42.554899962185331   51.301328739824122 
   34.667356538131564   92.655328030524373 
    38.61083008467439    71.97884482294171 
   30.723882991588766   113.33181123810702 
   27.759536973634571    134.5694624857515 
    23.81569392291949    155.2457323600008 
   90.356979805533484   10.044257743681012 
   124.34305101571533   52.615242324658823 
   120.39920796500026   73.291512198908137 
   79.505317190321392   72.634662073157443 
   71.617773766267618    113.9886613638577 
   75.561247312810423   93.312178156275053 
   67.674300219724827   134.66514457144035 
   64.709954201770628   155.90279581908482 
   60.766111151055547   176.57906569333414 
   19.872220376376664   175.92221556758346 
   131.25087058021234   10.701107869431706 
   15.928150498865721   196.59973165070102 
   127.30739703366955   31.377591077014337 
   161.29346824385141   73.948575657992151 
   157.34962519313629   94.624845532241466 
   116.45573441845744   93.967995406490772 
   108.56819099440366   135.32199469719103 
   112.51166454094648   114.64551148960838 
   104.62471744786087   155.99847790477369 
   101.66037142990668   177.23612915241816 
   97.716528379191587   197.91239902666749 
   56.822637604512721   197.25554890091678 
   168.20128780834838   32.034441202765052 
   52.878567727001794   217.93306498403436 
   164.25781426180561   52.710924410347666 
   198.24388547198745   95.281908991325494 
   194.30004242127237   115.95817886557481 
   153.40615164659351   115.30132873982411 
   145.51860822253977   156.65532803052437 
   149.46208176908257   135.97884482294171 
   141.57513467599691   177.33181123810698 
   138.61078865804271   198.56946248575147 
   134.66694560732765   219.24573236000083 
   93.773054832648782   218.58888223425012 
   205.15170503648443   53.367774536098388 
   89.828984955137855    239.2663983173677 
   201.20823148994162   74.044257743681001 
    235.1943027001235   116.61524232465884 
   231.25045964940841   137.29151219890812 
   190.35656887472956   136.63466207315744 
   182.46902545067579   177.98866136385766 
   186.41249899721859   157.31217815627505 
   178.52555190413301   198.66514457144032 
   175.56120588617878   219.90279581908482 
   171.61736283546369   240.57906569333412 
   130.72347206078484   239.92221556758346 
   242.10212226462048   74.701107869431709 
    238.1586487180777   95.377591077014344 
   50.442216559443253   9.9485756579921727 
   46.498373508728143   30.624845532241487 
   227.30698610286561   157.96799540649079 
   219.41944267881186     199.321994697191 
   223.36291622535467    178.6455114896084 
   215.47596913226906   219.99847790477367 
