   99.605834995751394   19.726140992075905 
   90.444962713099812   38.677142362515674 
   51.114502798715506    27.45855610122268 
   32.792518291856091   65.362005579231578 
   41.953088875614398    46.41070250989852 
   23.631947708097815   84.313308648564643 
   15.271900715163005   104.06007527266432 
   6.1110284325114073   123.01107664310408 
   129.77572432637743   49.896030322701925 
   120.61485204372583   68.847031693141673 
   81.284392129341512   57.628445431848704 
   62.962407622482147   95.531894909857613 
   72.122978206240433   76.580591840524548 
   53.801837038723853   114.48319797919066 
   45.441790045789041   134.22996460329034 
   36.280917763137431   153.18096597373011 
   147.29634190307056   11.197960629269193 
   138.13577131931223   30.149263698602265 
   159.94561365700346   80.065919653327953 
   150.78474137435188   99.016921023767694 
   111.45428145996755   87.798334762474738 
   93.132296953108167   125.70178424048362 
   102.29286753686645   106.75048117115058 
   83.971726369349867   144.65308730981667 
   75.611679376415069   164.39985393391635 
   66.450807093763459   183.35085530435612 
   27.120347179379138   172.13226904306313 
   177.46623123369656   41.367849959895217 
   186.62680181745486   22.416546890562156 
   168.30566064993826   60.319153029228289 
    190.1155029876295   110.23580898395399 
   180.95463070497789   129.18681035439374 
   141.62417079059358   117.96822409310076 
   123.30218628373422   155.87167357110965 
   132.46275686749252    136.9203705017766 
   114.14161569997592    174.8229766404427 
    105.7815687070411   194.56974326454241 
   96.620696424389507   213.52074463498218 
   57.290236510005172   202.30215837368917 
   207.63612056432262   71.537739290521245 
   216.79669114808092   52.586436221188194 
   198.47554998056427   90.489042359854324 
    220.2853923182555   140.40569831458001 
   211.12452003560395   159.35669968501975 
   171.79406012121964   148.13811342372682 
   153.47207561436025   186.04156290173569 
   162.63264619811852   167.09025983240264 
   144.31150503060195   204.99286597106877 
   135.95145803766712   224.73963259516842 
   126.79058575501553   243.69063396560816 
   87.460125840631221   232.47204770431523 
   237.80600989494866   101.70762862114726 
    246.9665804787069   82.756325551814214 
   228.64543931119033   120.65893169048036 
   250.45528164888157   170.57558764520607 
   241.29440936622996   189.52658901564578 
   201.96394945184565   178.30800275435283 
   183.64196494498628   216.21145223236172 
   192.80253552874458   197.26014916302867 
   174.48139436122798   235.16275530169477 
   166.12134736829316   254.90952192579448 
