   111.26120924627982   38.610066344505185 
   97.507606038697205   54.544319785750439 
   62.420882831114533   33.528525503031901 
   34.913070207080978   65.398367724835069 
   48.666460081330293   49.463744779417553 
    21.15968033283167   81.332990670252613 
   7.9736557518538618   98.243163158449903 
   138.20062370150694   5.7652709108903366 
   124.44723382725765   21.699893856307888 
   132.59454257961318   75.560483572641246 
   118.84093937203053   91.494737013886478 
   83.754216164447868   70.478942731167947 
   56.246403540414327   102.34878495297113 
   69.999793414663628     86.4141620075536 
   42.493013666165012   118.28340789838865 
   29.306989085187201   135.19358038658595 
   15.553385877604569   151.12783382783121 
   187.04176965887385   10.845845917223219 
   159.53395703484028   42.715688139026405 
   173.28734690908962   26.781065193608871 
   145.78056716059098   58.650311084443928 
   153.92787591294649   112.51090080077729 
   140.17427270536385   128.44515424202251 
   105.08754949778121   107.42935995930399 
   77.579736873747677   139.29920218110718 
   91.333126747996971   123.36457923568966 
   63.826346999498355   155.23382512652472 
    50.64032241852054   172.14399761472202 
   36.886719210937898   188.07825105596723 
   208.37510299220719   47.796263145359269 
   180.86729036817363   79.666105367162459 
   194.62068024242294   63.731482421744943 
   167.11390049392432   95.600728312579974 
   175.26120924627983   149.46131802891333 
   161.50760603869719   165.39557147015859 
   126.42088283111455   144.37977718744006 
   98.913070207081006   176.24961940924325 
   112.66646008133031   160.31499646382571 
   85.159680332831698   192.18424235466074 
   71.973655751853869   209.09441484285804 
   58.220052544271233    225.0286682841033 
   229.70843632554053   84.746680373495309 
   202.20062370150697   116.61652259529852 
   215.95401357575628   100.68189964988098 
   188.44723382725766   132.55114554071602 
   196.59454257961318   186.41173525704937 
   182.84093937203053    202.3459886982946 
   147.75421616444791    181.3301944155761 
   120.24640354041433   213.20003663737924 
   133.99979341466363   197.26541369196173 
   106.49301366616503   229.13465958279679 
   93.306989085187212   246.04483207099409 
   251.04176965887387   121.69709760163138 
   223.53395703484031   153.56693982343455 
   237.28734690908962   137.63231687801701 
     209.780567160591    169.5015627688521 
   217.92787591294652   223.36215248518545 
   76.174272705363862   17.593902557614381 
   169.08754949778125   218.28061164371215 
   141.57973687374769   250.15045386551532 
   155.33312674799697   234.21583092009777 
   244.86729036817366   190.51735705157063 
   231.11390049392435   206.45197999698814 
