   166.16575194185026   25.146174117938791 
   148.75670313902936   36.977786590567526 
   120.30481884129351   7.5969759365485539 
   85.485790071603901   31.261333822134585 
   102.89472844496557   19.429309221153307 
   68.076851698242251   43.093358423115852 
   50.963455313479166   56.014536465721463 
   33.554406510658268   67.846148938350197 
   5.1025222129223824   38.465338284331239 
   183.27914832661338   12.224996075333181 
    177.2086978662245   66.359009372939042 
   159.79964906340359   78.190621845567776 
    131.3477647656677   48.809811191548803 
   96.528735995978138   72.474169077134832 
   113.93767436933977    60.64214447615354 
   79.119797622616474   84.306193678116131 
   62.006401237853375    97.22737172072172 
   44.597352435032477   109.05898419335044 
   16.145468137296611   79.678173539331482 
   211.73103262434924   41.605806729352153 
   194.32209425098756   53.437831330333445 
   188.25164379059868   107.57184462793929 
    170.8425949877778   119.40345710056802 
   142.39071069004194   90.022646446549032 
   107.57168192035235   113.68700433213509 
     124.980620293714    101.8549797311538 
   90.162743546990711   125.51902893311636 
   73.049347162227591   138.44020697572196 
   55.640298359406692    150.2718194483507 
   27.188414061670823   120.89100879433173 
   222.77397854872345   82.818641984352396 
     9.77832366534291    132.7233420789365 
    205.3650401753618   94.650666585333695 
   199.29458971497291   148.78467988293951 
   181.88554091215201   160.61629235556825 
   153.43365661441615   131.23548170154928 
   118.61462784472657   154.89983958713535 
   136.02356621808821   143.06781498615405 
   101.20568947136491   166.73186418811659 
   84.092293086601813   179.65304223072221 
   66.683244283780923   191.48465470335094 
   38.231359986045049     162.103844049332 
   233.81692447309766   124.03147723935267 
   20.821269589717122   173.93617733393671 
   216.40798609973604   135.86350184033392 
   210.33753563934712   189.99751513793979 
   192.92848683652625   201.82912761056849 
   164.47660253879039   172.44831695654955 
   129.65757376910079   196.11267484213559 
   147.06651214246244   184.28065024115429 
   112.24863539573913   207.94469944311689 
   95.135239010976022   220.86587748572248 
   77.726190208155131   232.69748995835118 
   49.274305910419265   203.31667930433224 
   244.85987039747187    165.2443124943529 
   31.864215514091335   215.14901258893698 
   227.45093202411022    177.0763370953342 
   221.38048156372133   231.21035039294003 
    175.5195484631646   213.66115221154979 
     140.700519693475   237.32551009713583 
   158.10945806683668   225.49348549615453 
   123.29158132011335   249.15753469811713 
   22.511460586284038   26.633313683349961 
   60.317251834793488   244.52951455933248 
    255.9028163218461   206.45714774935314 
   42.907161438465565    256.3618478439372 
   238.49387794848445   218.28917235033444 
