    235.9671556484987    40.95498375832257 
   216.08905915653835   47.877650424989234 
   196.21096266457803   12.134077091655895 
   156.45357701872106   25.980263758322561 
   176.33167351068141    19.05717042498922 
   136.57548052676074   32.903357091655892 
   116.70096202060927    40.95498375832257 
   96.822865528648933   47.877650424989234 
   76.944769036688584   12.134077091655895 
    37.18738339083167   25.980263758322561 
   57.065479882792005    19.05717042498922 
   17.309286898871338   32.903357091655892 
    235.9671556484987   83.621650424989241 
   216.08905915653835   90.544317091655884 
   196.21096266457803   54.800743758322561 
   156.45357701872106   68.646930424989222 
   176.33167351068141   61.723837091655888 
   136.57548052676074   75.570023758322549 
   116.70096202060927   83.621650424989241 
   96.822865528648933   90.544317091655898 
   76.944769036688584   54.800743758322561 
    37.18738339083167   68.646930424989236 
   57.065479882792005   61.723837091655895 
   17.309286898871338   75.570023758322577 
    235.9671556484987    126.2883170916559 
   216.08905915653835   133.21098375832256 
   196.21096266457803   97.467410424989225 
   156.45357701872109   111.31359709165589 
   176.33167351068144   104.39050375832257 
   136.57548052676074   118.23669042498923 
   116.70096202060927    126.2883170916559 
   96.822865528648933   133.21098375832256 
   76.944769036688598   97.467410424989225 
    37.18738339083167   111.31359709165589 
   57.065479882792005   104.39050375832257 
   17.309286898871338   118.23669042498925 
    235.9671556484987   168.95498375832253 
   216.08905915653835   175.87765042498921 
   196.21096266457803   140.13407709165588 
   156.45357701872109   153.98026375832256 
   176.33167351068144   147.05717042498921 
   136.57548052676074   160.90335709165586 
   116.70096202060927   168.95498375832253 
   96.822865528648933   175.87765042498921 
   76.944769036688598   140.13407709165588 
    37.18738339083167   153.98026375832256 
   57.065479882792005   147.05717042498921 
   17.309286898871338   160.90335709165586 
    235.9671556484987   211.62165042498921 
   216.08905915653835   218.54431709165587 
   196.21096266457803   182.80074375832257 
   156.45357701872109   196.64693042498922 
   176.33167351068144   189.72383709165587 
   136.57548052676074   203.57002375832255 
   116.70096202060927   211.62165042498921 
   96.822865528648933   218.54431709165587 
   76.944769036688598   182.80074375832257 
    37.18738339083167   196.64693042498922 
   57.065479882792005   189.72383709165587 
   17.309286898871338   203.57002375832255 
    235.9671556484987    254.2883170916559 
   216.08905915653833   5.2109837583225529 
   196.21096266457803   225.46741042498925 
   156.45357701872109   239.31359709165591 
   176.33167351068144   232.39050375832255 
   136.57548052676077   246.23669042498923 
   116.70096202060928    254.2883170916559 
   96.822865528648919   5.2109837583225529 
   76.944769036688612   225.46741042498925 
    37.18738339083167   239.31359709165591 
   57.065479882792005   232.39050375832255 
   17.309286898871338   246.23669042498923 
