   12.346514743595424   29.212401501049282 
   28.346514743595431   45.212401501049271 
   28.346514743595431   29.212401501049282 
   12.346514743595424   45.212401501049271 
   12.346514743595424   61.212401501049278 
   28.346514743595431   77.212401501049285 
   28.346514743595431   61.212401501049278 
   12.346514743595424   77.212401501049285 
   12.346514743595424   93.212401501049285 
   28.346514743595431   109.21240150104929 
   28.346514743595431   93.212401501049285 
   12.346514743595424   109.21240150104929 
   12.346514743595424   125.21240150104929 
   28.346514743595431    141.2124015010493 
   28.346514743595431   125.21240150104929 
   12.346514743595424    141.2124015010493 
   12.346514743595424    157.2124015010493 
   28.346514743595431    173.2124015010493 
   28.346514743595431    157.2124015010493 
   12.346514743595424    173.2124015010493 
   12.346514743595424    189.2124015010493 
   28.346514743595431   205.21240150104933 
   28.346514743595431    189.2124015010493 
   12.346514743595424   205.21240150104933 
   12.346514743595424   221.21240150104927 
   28.346514743595431   237.21240150104927 
   28.346514743595431   221.21240150104927 
   12.346514743595424   237.21240150104927 
   12.346514743595424   253.21240150104927 
   28.346514743595431   13.212401501049287 
   28.346514743595431   253.21240150104927 
   12.346514743595424   13.212401501049287 
   44.346514743595435   29.212401501049282 
   60.346514743595428   45.212401501049271 
   60.346514743595428   29.212401501049282 
   44.346514743595435   45.212401501049271 
   44.346514743595435   61.212401501049278 
   60.346514743595428   77.212401501049285 
   60.346514743595428   61.212401501049278 
   44.346514743595435   77.212401501049285 
   44.346514743595435   93.212401501049285 
   60.346514743595428   109.21240150104929 
   60.346514743595428   93.212401501049285 
   44.346514743595435   109.21240150104929 
   44.346514743595435   125.21240150104929 
   60.346514743595428    141.2124015010493 
   60.346514743595428   125.21240150104929 
   44.346514743595435    141.2124015010493 
   44.346514743595435    157.2124015010493 
   60.346514743595428    173.2124015010493 
   60.346514743595428    157.2124015010493 
   44.346514743595435    173.2124015010493 
   44.346514743595435    189.2124015010493 
   60.346514743595428   205.21240150104933 
   60.346514743595428    189.2124015010493 
   44.346514743595435   205.21240150104933 
   44.346514743595435   221.21240150104927 
   60.346514743595428   237.21240150104927 
   60.346514743595428   221.21240150104927 
   44.346514743595435   237.21240150104927 
   44.346514743595435   253.21240150104927 
   60.346514743595428   13.212401501049287 
   60.346514743595428   253.21240150104927 
   44.346514743595435   13.212401501049287 
   76.346514743595421   29.212401501049282 
   92.346514743595435   45.212401501049271 
   92.346514743595435   29.212401501049282 
   76.346514743595421   45.212401501049271 
   76.346514743595421   61.212401501049278 
   92.346514743595435   77.212401501049285 
   92.346514743595435   61.212401501049278 
   76.346514743595421   77.212401501049285 
   76.346514743595421   93.212401501049285 
   92.346514743595435   109.21240150104929 
   92.346514743595435   93.212401501049285 
   76.346514743595421   109.21240150104929 
   76.346514743595421   125.21240150104929 
   92.346514743595435    141.2124015010493 
   92.346514743595435   125.21240150104929 
   76.346514743595421    141.2124015010493 
   76.346514743595421    157.2124015010493 
   92.346514743595435    173.2124015010493 
   92.346514743595435    157.2124015010493 
   76.346514743595421    173.2124015010493 
   76.346514743595421    189.2124015010493 
   92.346514743595435   205.21240150104933 
   92.346514743595435    189.2124015010493 
   76.346514743595421   205.21240150104933 
   76.346514743595421   221.21240150104927 
   92.346514743595435   237.21240150104927 
   92.346514743595435   221.21240150104927 
   76.346514743595421   237.21240150104927 
   76.346514743595421   253.21240150104927 
   92.346514743595435   13.212401501049287 
   92.346514743595435   253.21240150104927 
   76.346514743595421   13.212401501049287 
   108.34651474359543   29.212401501049282 
   124.34651474359542   45.212401501049271 
   124.34651474359542   29.212401501049282 
   108.34651474359543   45.212401501049271 
   108.34651474359543   61.212401501049278 
   124.34651474359542   77.212401501049285 
   124.34651474359542   61.212401501049278 
   108.34651474359543   77.212401501049285 
   108.34651474359543   93.212401501049285 
   124.34651474359542   109.21240150104929 
   124.34651474359542   93.212401501049285 
   108.34651474359543   109.21240150104929 
   108.34651474359543   125.21240150104929 
   124.34651474359542    141.2124015010493 
   124.34651474359542   125.21240150104929 
   108.34651474359543    141.2124015010493 
   108.34651474359543    157.2124015010493 
   124.34651474359542    173.2124015010493 
   124.34651474359542    157.2124015010493 
   108.34651474359543    173.2124015010493 
   108.34651474359543    189.2124015010493 
   124.34651474359542   205.21240150104933 
   124.34651474359542    189.2124015010493 
   108.34651474359543   205.21240150104933 
   108.34651474359543   221.21240150104927 
   124.34651474359542   237.21240150104927 
   124.34651474359542   221.21240150104927 
   108.34651474359543   237.21240150104927 
   108.34651474359543   253.21240150104927 
   124.34651474359542   13.212401501049287 
   124.34651474359542   253.21240150104927 
   108.34651474359543   13.212401501049287 
   140.34651474359543   29.212401501049282 
   156.34651474359543   45.212401501049271 
   156.34651474359543   29.212401501049282 
   140.34651474359543   45.212401501049271 
   140.34651474359543   61.212401501049278 
   156.34651474359543   77.212401501049285 
   156.34651474359543   61.212401501049278 
   140.34651474359543   77.212401501049285 
   140.34651474359543   93.212401501049285 
   156.34651474359543   109.21240150104929 
   156.34651474359543   93.212401501049285 
   140.34651474359543   109.21240150104929 
   140.34651474359543   125.21240150104929 
   156.34651474359543    141.2124015010493 
   156.34651474359543   125.21240150104929 
   140.34651474359543    141.2124015010493 
   140.34651474359543    157.2124015010493 
   156.34651474359543    173.2124015010493 
   156.34651474359543    157.2124015010493 
   140.34651474359543    173.2124015010493 
   140.34651474359543    189.2124015010493 
   156.34651474359543   205.21240150104933 
   156.34651474359543    189.2124015010493 
   140.34651474359543   205.21240150104933 
   140.34651474359543   221.21240150104927 
   156.34651474359543   237.21240150104927 
   156.34651474359543   221.21240150104927 
   140.34651474359543   237.21240150104927 
   140.34651474359543   253.21240150104927 
   156.34651474359543   13.212401501049287 
   156.34651474359543   253.21240150104927 
   140.34651474359543   13.212401501049287 
   172.34651474359543   29.212401501049282 
   188.34651474359543   45.212401501049271 
   188.34651474359543   29.212401501049282 
   172.34651474359543   45.212401501049271 
   172.34651474359543   61.212401501049278 
   188.34651474359543   77.212401501049285 
   188.34651474359543   61.212401501049278 
   172.34651474359543   77.212401501049285 
   172.34651474359543   93.212401501049285 
   188.34651474359543   109.21240150104929 
   188.34651474359543   93.212401501049285 
   172.34651474359543   109.21240150104929 
   172.34651474359543   125.21240150104929 
   188.34651474359543    141.2124015010493 
   188.34651474359543   125.21240150104929 
   172.34651474359543    141.2124015010493 
   172.34651474359543    157.2124015010493 
   188.34651474359543    173.2124015010493 
   188.34651474359543    157.2124015010493 
   172.34651474359543    173.2124015010493 
   172.34651474359543    189.2124015010493 
   188.34651474359543   205.21240150104933 
   188.34651474359543    189.2124015010493 
   172.34651474359543   205.21240150104933 
   172.34651474359543   221.21240150104927 
   188.34651474359543   237.21240150104927 
   188.34651474359543   221.21240150104927 
   172.34651474359543   237.21240150104927 
   172.34651474359543   253.21240150104927 
   188.34651474359543   13.212401501049287 
   188.34651474359543   253.21240150104927 
   172.34651474359543   13.212401501049287 
   204.34651474359543   29.212401501049282 
   220.34651474359543   45.212401501049271 
   220.34651474359543   29.212401501049282 
   204.34651474359543   45.212401501049271 
   204.34651474359543   61.212401501049278 
   220.34651474359543   77.212401501049285 
   220.34651474359543   61.212401501049278 
   204.34651474359543   77.212401501049285 
   204.34651474359543   93.212401501049285 
   220.34651474359543   109.21240150104929 
   220.34651474359543   93.212401501049285 
   204.34651474359543   109.21240150104929 
   204.34651474359543   125.21240150104929 
   220.34651474359543    141.2124015010493 
   220.34651474359543   125.21240150104929 
   204.34651474359543    141.2124015010493 
   204.34651474359543    157.2124015010493 
   220.34651474359543    173.2124015010493 
   220.34651474359543    157.2124015010493 
   204.34651474359543    173.2124015010493 
   204.34651474359543    189.2124015010493 
   220.34651474359543   205.21240150104933 
   220.34651474359543    189.2124015010493 
   204.34651474359543   205.21240150104933 
   204.34651474359543   221.21240150104927 
   220.34651474359543   237.21240150104927 
   220.34651474359543   221.21240150104927 
   204.34651474359543   237.21240150104927 
   204.34651474359543   253.21240150104927 
   220.34651474359543   13.212401501049287 
   220.34651474359543   253.21240150104927 
   204.34651474359543   13.212401501049287 
   236.34651474359541   29.212401501049282 
   252.34651474359541   45.212401501049271 
   252.34651474359541   29.212401501049282 
   236.34651474359541   45.212401501049271 
   236.34651474359541   61.212401501049278 
   252.34651474359541   77.212401501049285 
   252.34651474359541   61.212401501049278 
   236.34651474359541   77.212401501049285 
   236.34651474359541   93.212401501049285 
   252.34651474359541   109.21240150104929 
   252.34651474359541   93.212401501049285 
   236.34651474359541   109.21240150104929 
   236.34651474359541   125.21240150104929 
   252.34651474359541    141.2124015010493 
   252.34651474359541   125.21240150104929 
   236.34651474359541    141.2124015010493 
   236.34651474359541    157.2124015010493 
   252.34651474359541    173.2124015010493 
   252.34651474359541    157.2124015010493 
   236.34651474359541    173.2124015010493 
   236.34651474359541    189.2124015010493 
   252.34651474359541   205.21240150104933 
   252.34651474359541    189.2124015010493 
   236.34651474359541   205.21240150104933 
   236.34651474359541   221.21240150104927 
   252.34651474359541   237.21240150104927 
   252.34651474359541   221.21240150104927 
   236.34651474359541   237.21240150104927 
   236.34651474359541   253.21240150104927 
   252.34651474359541   13.212401501049287 
   252.34651474359541   253.21240150104927 
   236.34651474359541   13.212401501049287 
