    72.31134998908189   3.2088732448419304 
    52.71543204681646    14.52258174382669 
   64.029140545801226   34.118499686092129 
   68.170245267441558   18.663686465467027 
   48.574327325176135   29.977394964451801 
   44.433222603535796   45.432208185076881 
    55.74693110252057   65.028126127342318 
   59.888035824160895    49.57331290671722 
   40.292117881895471   60.887021405701979 
   36.151013160255133   76.341834626327071 
   47.464721659239906   95.937752568592487 
   51.605826380880231   80.482939347967402 
   32.009908438614808   91.796647846952155 
   27.868803716974483   107.25146106757725 
   39.182512215959242   126.84737900984267 
   43.323616937599581   111.39256578921757 
   23.727698995334144   122.70627428820234 
   19.586594273693805   138.16108750882745 
   30.900302772678575   157.75700545109285 
   35.041407494318904   142.30219223046777 
   15.445489552053479   153.61590072945253 
   11.304384830413154   169.07071395007762 
   22.618093329397912   188.66663189234302 
   26.759198051038251   173.21181867171794 
   7.1632801087728151    184.5255271707027 
   3.0221753871324908   199.98034039132781 
    14.33588388611725   219.57625833359322 
   18.476988607757587   204.12144511296813 
   103.22097643033207   11.491082688122594 
   87.766163209706974   7.3499779664822551 
   83.625058488066642   22.804791187107352 
   94.938766987051395   42.400709129372792 
   99.079871708691741   26.945895908747691 
   79.483953766426296   38.259604407732468 
   75.342849044785979   53.714417628357545 
   86.656557543770745   73.310335570622982 
   90.797662265411077   57.855522349997891 
   71.201744323145647    69.16923084898265 
   67.060639601505329   84.624044069607734 
   78.374348100490081   104.21996201187315 
   82.515452822130428   88.765148791248066 
    62.91953487986499   100.07885729023282 
   58.778430158224666    115.5336705108579 
   70.092138657209418   135.12958845312335 
    74.23324337884975   119.67477523249823 
   54.637325436584327     130.988483731483 
   50.496220714943988   146.44329695210808 
   61.809929213928761   166.03921489437354 
   65.951033935569086   150.58440167374843 
   46.355115993303663   161.89811017273323 
   42.214011271663338   177.35292339335825 
   53.527719770648098   196.94884133562371 
   57.668824492288437    181.4940281149986 
   38.072906550022999   192.80773661398339 
   33.931801828382675   208.26254983460845 
   45.245510327367427   227.85846777687388 
   49.386615049007773   212.40365455624877 
   29.790697106742332   223.71736305523356 
   134.13060287158228   19.773292131403259 
    138.2717075932226   4.3184789107781754 
   118.67578965095716   15.632187409762919 
   114.53468492931684   31.087000630388015 
   125.84839342830159   50.682918572653456 
   129.98949814994194   35.228105352028358 
   110.39358020767649   46.541813851013131 
   106.25247548603618   61.996627071638216 
   117.56618398502093   81.592545013903631 
   121.70728870666127   66.137731793278547 
   102.11137076439583   77.451440292263314 
   97.970266042755512   92.906253512888398 
   109.28397454174026   112.50217145515381 
   113.42507926338061    97.04735823452873 
   93.829161321115166   108.36106673351348 
   89.688056599474848   123.81587995413858 
   101.00176509845961   143.41179789640398 
   105.14286982009995    127.9569846757789 
   85.546951877834516   139.27069317476366 
   81.405847156194184   154.72550639538878 
   92.719555655178937   174.32142433765418 
   96.860660376819283   158.86661111702909 
   77.264742434553838   170.18031961601386 
   73.123637712913521   185.63513283663895 
   84.437346211898287   205.23105077890438 
   88.578450933538619   189.77623755827929 
   68.982532991273189   201.08994605726403 
   64.841428269632857   216.54475927788911 
   76.155136768617609   236.14067722015452 
    80.29624149025797   220.68586399952943 
   60.700323547992525    231.9995724985142 
   153.72652081384766   8.4595836324185001 
   165.04022931283245   28.055501574683923 
   169.18133403447277   12.600688354058839 
   149.58541609220734   23.914396853043584 
   145.44431137056702   39.369210073668683 
   156.75801986955176    58.96512801593412 
   160.89912459119211   43.510314795309021 
    141.3032066489267   54.824023294293795 
   137.16210192728633   70.278836514918879 
   148.47581042627112   89.874754457184309 
   152.61691514791144   74.419941236559197 
   133.02099720564601   85.733649735543977 
   128.87989248400569   101.18846295616906 
   140.19360098299043   120.78438089843448 
   144.33470570463078   105.32956767780938 
   124.73878776236536   116.64327617679415 
   120.59768304072503   132.09808939741922 
    131.9113915397098   151.69400733968465 
   136.05249626135011   136.23919411905956 
   116.45657831908468   147.55290261804433 
   112.31547359744437   163.00771583866941 
    123.6291820964291   182.60363378093487 
   127.77028681806945   167.14882056030973 
   108.17436887580402   178.46252905929452 
    104.0332641541637   193.91734227991961 
   115.34697265314846   213.51326022218504 
   119.48807737478879   198.05844700155993 
   99.892159432523357   209.37215550054472 
   95.751054710883039   224.82696872116978 
   107.06476320986779   244.42288666343521 
   111.20586793150814   228.96807344281009 
   91.609949989242708   240.28178194179489 
   184.63614725509785   16.741793075699164 
   195.94985575408265   36.337711017964587 
   200.09096047572297   20.882897797339503 
   180.49504253345754   32.196606296324248 
   176.35393781181722    47.65141951694936 
   187.66764631080196   67.247337459214776 
    191.8087510324423   51.792524238589685 
   172.21283309017687   63.106232737574459 
   168.07172836853653   78.561045958199543 
   179.38543686752132   98.156963900464959 
   183.52654158916164    82.70215067983986 
   163.93062364689621   94.015859178824641 
   159.78951892525589   109.47067239944973 
   171.10322742424063   129.06659034171514 
   175.24433214588097   113.61177712109006 
   155.64841420361554   124.92548562007481 
    151.5073094819752   140.38029884069991 
   162.82101798095997   159.97621678296534 
   166.96212270260031   144.52140356234023 
   147.36620476033488   155.83511206132499 
   143.22510003869456    171.2899252819501 
    154.5388085376793   190.88584322421551 
   158.67991325931965   175.43103000359042 
   139.08399531705419   186.74473850257519 
   134.94289059541387   202.19955172320027 
   146.25659909439864   221.79546966546567 
   150.39770381603898   206.34065644484059 
   130.80178587377355   217.65436494382536 
   126.66068115213324   233.10917816445047 
     137.974389651118   252.70509610671587 
   142.11549437275832   237.25028288609079 
   122.51957643049289   248.56399138507555 
   215.54577369634805   25.024002518979827 
   226.85948219533282    44.61992046124525 
   231.00058691697316   29.165107240620166 
   211.40466897470773   40.478815739604926 
   207.26356425306741   55.933628960230024 
   218.57727275205218    75.52954690249544 
    222.7183774736925   60.074733681870349 
   203.12245953142707   71.388442180855122 
   198.98135480978675   86.843255401480207 
   210.29506330877149   106.43917334374564 
   214.43616803041184   90.984360123120538 
   194.84025008814641    102.2980686221053 
   190.69914536650609   117.75288184273039 
   202.01285386549083    137.3487997849958 
   206.15395858713114   121.89398656437072 
   186.55804064486574   133.20769506335549 
    182.4169359232254   148.66250828398054 
   193.73064442221016     168.258426226246 
   197.87174914385051   152.80361300562092 
   178.27583120158508   164.11732150460568 
   174.13472647994476   179.57213472523077 
    185.4484349789295    199.1680526674962 
   189.58953970056984   183.71323944687111 
   169.99362175830441   195.02694794585588 
    165.8525170366641   210.48176116648091 
   177.16622553564883   230.07767910874637 
   181.30733025728918   214.62286588812125 
   161.71141231502375   225.93657438710605 
   157.57030759338343    241.3913876077311 
   173.02512081400852   245.53249232937142 
   153.42920287174309   256.84620082835625 
   246.45540013759825   33.306211962260491 
   242.31429541595793   48.761025182885575 
   238.17319069431758   64.215838403510674 
   249.48689919330235   83.811756345776118 
   253.62800391494267   68.356943125151005 
   234.03208597267724   79.670651624135772 
   229.89098125103689    95.12546484476087 
   241.20468975002166    114.7213827870263 
     245.345794471662   99.266569566401188 
   225.74987652939657   110.58027806538597 
   221.60877180775626   126.03509128601105 
   232.92248030674102   145.63100922827647 
   237.06358502838134   130.17619600765138 
   217.46766708611591   141.48990450663612 
   213.32656236447559   156.94471772726124 
   224.64027086346036   176.54063566952667 
    228.7813755851007   161.08582244890155 
   209.18545764283527   172.39953094788632 
   205.04435292119493   187.85434416851143 
   216.35806142017969   207.45026211077683 
   220.49916614182001   191.99544889015175 
   200.90324819955458   203.30915738913652 
   196.76214347791426    218.7639706097616 
     208.075851976899   238.35988855202703 
   212.21695669853938   222.90507533140195 
   192.62103875627392   234.21878383038668 
    188.4799340346336   249.67359705101177 
   203.93474725525869   253.81470177265209 
   33.119514104551023   25.836290242811462 
   37.260618826191347   10.381477022186365 
   24.837304661270359    56.74591668406164 
   28.978409382910684   41.291103463436542 
   256.65950297064677   118.86248750866663 
   252.51839824900642    134.3173007292917 
   16.555095217989695   87.655543125311823 
    20.69619993963002   72.200729904686725 
   248.37729352736608   149.77211394991679 
   244.23618880572576   165.22692717054187 
   8.2728857747090316   118.56516956656201 
   12.413990496349371   103.11035634593691 
   240.09508408408541   180.68174039116698 
    235.9539793624451   196.13655361179207 
   4.1317810530686918    134.0199827871871 
   231.81287464080475   211.59136683241718 
   227.67176991916443   227.04618005304226 
   223.53066519752412   242.50099327366738 
