   83.284453258104264   19.466526349575204 
   91.284453258104264   5.6101198890241912 
    69.42804679755325   11.466526349575201 
   61.428046797553243   25.322932810126229 
   67.284453258104264   47.179339270677261 
   75.284453258104278   33.322932810126233 
   53.428046797553243   39.179339270677254 
   45.428046797553236   53.035745731228268 
   51.284453258104278   74.892152191779289 
   59.284453258104264   61.035745731228275 
    37.42804679755325   66.892152191779275 
   29.428046797553247   80.748558652330303 
   35.284453258104271   102.60496511288135 
   43.284453258104271   88.748558652330317 
   21.428046797553243   94.604965112881331 
    13.42804679755324   108.46137157343236 
   19.284453258104264   130.31777803398339 
   27.284453258104268   116.46137157343237 
   5.4280467975532352   122.31777803398339 
     3.28445325810427   158.03059095508542 
   11.284453258104273   144.17418449453439 
   126.99726617920629   7.7537134284731861 
   105.14085971865528   13.610119889024196 
   110.99726617920631   35.466526349575211 
   118.99726617920631   21.610119889024197 
   97.140859718655292   27.466526349575208 
   89.140859718655292   41.322932810126233 
   94.997266179206306   63.179339270677254 
   102.99726617920629    49.32293281012624 
   81.140859718655278   55.179339270677261 
   73.140859718655292   69.035745731228275 
   78.997266179206306   90.892152191779289 
   86.997266179206306   77.035745731228275 
   65.140859718655292   82.892152191779289 
   57.140859718655285   96.748558652330303 
   62.997266179206314   118.60496511288133 
   70.997266179206292    104.7485586523303 
   49.140859718655285   110.60496511288135 
   41.140859718655278   124.46137157343236 
   46.997266179206306   146.31777803398339 
   54.997266179206306   132.46137157343236 
   33.140859718655278   138.31777803398339 
   25.140859718655285   152.17418449453439 
    30.99726617920631   174.03059095508542 
   38.997266179206314   160.17418449453439 
   17.140859718655282   166.03059095508542 
   9.1408597186552942   179.88699741563642 
   14.997266179206317   201.74340387618744 
   22.997266179206321   187.88699741563642 
   1.1408597186552902   193.74340387618744 
   148.85367263975732   1.8973069679221479 
   154.71007910030832    23.75371342847318 
   162.71007910030835   9.8973069679221517 
   140.85367263975732   15.753713428473175 
   132.85367263975729   29.610119889024187 
   138.71007910030835   51.466526349575204 
   146.71007910030835    37.61011988902419 
   124.85367263975732   43.466526349575197 
   116.85367263975731   57.322932810126225 
   122.71007910030833   79.179339270677261 
   130.71007910030835   65.322932810126233 
   108.85367263975731   71.179339270677261 
   100.85367263975732   85.035745731228275 
   106.71007910030836   106.89215219177929 
   114.71007910030835   93.035745731228275 
    92.85367263975732   98.892152191779275 
   84.853672639757306    112.7485586523303 
   90.710079100308349   134.60496511288133 
   98.710079100308349   120.74855865233032 
   76.853672639757306   126.60496511288133 
   68.853672639757306   140.46137157343236 
   74.710079100308349   162.31777803398339 
   82.710079100308349   148.46137157343236 
   60.853672639757313   154.31777803398339 
   52.853672639757328   168.17418449453439 
   58.710079100308349   190.03059095508542 
   66.710079100308349   176.17418449453439 
    44.85367263975732   182.03059095508542 
   36.853672639757335   195.88699741563642 
   42.710079100308356   217.74340387618744 
   50.710079100308363   203.88699741563642 
   28.853672639757331   209.74340387618741 
   176.56648556085938   17.897306967922155 
   182.42289202141035   39.753713428473169 
   190.42289202141038   25.897306967922145 
   168.56648556085932   31.753713428473169 
   160.56648556085935   45.610119889024183 
   166.42289202141038    67.46652634957519 
   174.42289202141038   53.610119889024183 
   152.56648556085935    59.46652634957519 
   144.56648556085935   73.322932810126233 
   150.42289202141035   95.179339270677247 
   158.42289202141038   81.322932810126218 
   136.56648556085935   87.179339270677247 
   128.56648556085935   101.03574573122826 
   134.42289202141038   122.89215219177927 
   142.42289202141035   109.03574573122826 
   120.56648556085936   114.89215219177927 
   112.56648556085936    128.7485586523303 
   118.42289202141038   150.60496511288133 
   126.42289202141036    136.7485586523303 
   104.56648556085936   142.60496511288133 
   96.566485560859363   156.46137157343236 
   102.42289202141036   178.31777803398339 
   110.42289202141038   164.46137157343233 
   88.566485560859363   170.31777803398339 
   80.566485560859348   184.17418449453439 
   86.422892021410377   206.03059095508539 
   94.422892021410362   192.17418449453436 
   72.566485560859348   198.03059095508542 
   64.566485560859377   211.88699741563642 
   70.422892021410377   233.74340387618741 
   78.422892021410391   219.88699741563639 
    56.56648556085937   225.74340387618744 
    204.2792984819614   33.897306967922148 
   210.13570494251243   55.753713428473176 
    218.1357049425124   41.897306967922148 
   196.27929848196138   47.753713428473176 
   188.27929848196138    61.61011988902419 
   194.13570494251243   83.466526349575204 
    202.1357049425124    69.61011988902419 
    180.2792984819614   75.466526349575204 
   172.27929848196138   89.322932810126218 
    178.1357049425124   111.17933927067726 
   186.13570494251243   97.322932810126218 
    164.2792984819614   103.17933927067726 
    156.2792984819614   117.03574573122827 
    162.1357049425124   138.89215219177927 
    170.1357049425124   125.03574573122826 
    148.2792984819614   130.89215219177927 
    140.2792984819614    144.7485586523303 
   146.13570494251243   166.60496511288133 
   154.13570494251243    152.7485586523303 
   132.27929848196138   158.60496511288133 
   124.27929848196139   172.46137157343236 
    130.1357049425124   194.31777803398336 
   138.13570494251243   180.46137157343236 
   116.27929848196138   186.31777803398339 
    108.2792984819614   200.17418449453439 
   114.13570494251243   222.03059095508539 
   122.13570494251242   208.17418449453439 
    100.2792984819614   214.03059095508542 
   92.279298481961405   227.88699741563639 
   98.135704942512433   249.74340387618741 
   106.13570494251245   235.88699741563642 
   84.279298481961391   241.74340387618744 
   231.99211140306343   49.897306967922155 
   237.84851786361446   71.753713428473191 
   245.84851786361449   57.897306967922155 
   223.99211140306343   63.753713428473176 
   215.99211140306343    77.61011988902419 
   221.84851786361449   99.466526349575219 
   229.84851786361449   85.610119889024205 
   207.99211140306343   91.466526349575204 
   199.99211140306346   105.32293281012622 
   205.84851786361446   127.17933927067725 
   213.84851786361446   113.32293281012622 
   191.99211140306343   119.17933927067726 
   183.99211140306346   133.03574573122827 
   189.84851786361449    154.8921521917793 
   197.84851786361446   141.03574573122827 
   175.99211140306346   146.89215219177927 
   167.99211140306343    160.7485586523303 
   173.84851786361449   182.60496511288136 
   181.84851786361446    168.7485586523303 
   159.99211140306343    174.6049651128813 
   151.99211140306343   188.46137157343236 
   157.84851786361449   210.31777803398336 
   165.84851786361446   196.46137157343236 
   143.99211140306343   202.31777803398339 
   135.99211140306346   216.17418449453439 
   141.84851786361446   238.03059095508539 
   149.84851786361446   224.17418449453439 
   127.99211140306345   230.03059095508542 
   119.99211140306345   243.88699741563642 
   133.84851786361449   251.88699741563642 
   251.70492432416546   79.753713428473162 
   243.70492432416546   93.610119889024176 
   249.56133078471652   115.46652634957519 
   235.70492432416546   107.46652634957519 
   227.70492432416549   121.32293281012622 
   233.56133078471649   143.17933927067725 
   241.56133078471649   129.32293281012622 
   219.70492432416546   135.17933927067725 
   211.70492432416549   149.03574573122825 
   217.56133078471652   170.89215219177927 
   225.56133078471649   157.03574573122825 
   203.70492432416549   162.89215219177927 
   195.70492432416546    176.7485586523303 
   201.56133078471652   198.60496511288133 
   209.56133078471649   184.74855865233027 
   187.70492432416546   190.60496511288133 
   179.70492432416546   204.46137157343233 
   185.56133078471652   226.31777803398339 
   193.56133078471649   212.46137157343236 
   171.70492432416546   218.31777803398339 
   163.70492432416549   232.17418449453436 
   169.56133078471649   254.03059095508542 
   177.56133078471649   240.17418449453439 
   155.70492432416549   246.03059095508542 
   55.571640337002222   3.4665263495751972 
   255.41773724526752   137.32293281012622 
   39.571640337002215    31.17933927067725 
   47.571640337002222   17.322932810126225 
   247.41773724526749   151.17933927067725 
   239.41773724526752   165.03574573122822 
   23.571640337002222   58.892152191779275 
   31.571640337002211   45.035745731228268 
   231.41773724526749   178.89215219177925 
   223.41773724526749   192.74855865233027 
   7.5716403370022158   86.604965112881331 
   15.571640337002219   72.748558652330303 
   215.41773724526749   206.60496511288133 
   207.41773724526749   220.46137157343233 
   199.41773724526749   234.31777803398336 
   191.41773724526752   248.17418449453436 
