   101.59720651416087   21.517520062864566 
   112.91091501314564   10.203811563879805 
   90.283498015176107   10.203811563879821 
   78.969789516191355    21.51752006286458 
   78.969789516191355   44.144937060834096 
   90.283498015176121   32.831228561849322 
   67.656081017206589    32.83122856184935 
   56.342372518221836    44.14493706083411 
    56.34237251822185   66.772354058803586 
   67.656081017206603   55.458645559818855 
   45.028664019237091   55.458645559818855 
   33.714955520252332   66.772354058803614 
   33.714955520252317   89.399771056773133 
   45.028664019237091   78.086062557788352 
   22.401247021267558   78.086062557788381 
   11.087538522282799   89.399771056773162 
   11.087538522282799   112.02718805474267 
   22.401247021267558   100.71347955575789 
    146.8520405100999   21.517520062864566 
   158.16574900908466   10.203811563879805 
   135.53833201111516   10.203811563879791 
   124.22462351213038   21.517520062864566 
   124.22462351213038   44.144937060834096 
   135.53833201111516   32.831228561849322 
   112.91091501314563   32.831228561849322 
   101.59720651416087   44.144937060834081 
   101.59720651416087   66.772354058803614 
   112.91091501314563   55.458645559818855 
   90.283498015176093   55.458645559818855 
   78.969789516191355   66.772354058803614 
   78.969789516191383   89.399771056773119 
   90.283498015176121   78.086062557788367 
   67.656081017206603   78.086062557788352 
   56.342372518221836   89.399771056773133 
   56.342372518221836   112.02718805474265 
   67.656081017206603   100.71347955575789 
   45.028664019237077   100.71347955575789 
   33.714955520252317   112.02718805474265 
   33.714955520252317   134.65460505271218 
   45.028664019237077   123.34089655372742 
   22.401247021267544   123.34089655372742 
   11.087538522282784   134.65460505271218 
   11.087538522282784   157.28202205068172 
   22.401247021267544   145.96831355169695 
   169.47945750806946    21.51752006286458 
   169.47945750806946   44.144937060834096 
    180.7931660070542   32.831228561849336 
   158.16574900908466   32.831228561849322 
    146.8520405100999   44.144937060834096 
    146.8520405100999   66.772354058803614 
   158.16574900908466   55.458645559818855 
   135.53833201111516   55.458645559818855 
   124.22462351213039   66.772354058803614 
   124.22462351213039   89.399771056773147 
   135.53833201111516   78.086062557788381 
   112.91091501314564   78.086062557788381 
   101.59720651416089   89.399771056773133 
    101.5972065141609   112.02718805474265 
   112.91091501314564    100.7134795557579 
   90.283498015176136   100.71347955575789 
   78.969789516191383   112.02718805474265 
   78.969789516191383   134.65460505271218 
   90.283498015176136   123.34089655372742 
   67.656081017206603   123.34089655372742 
    56.34237251822185   134.65460505271218 
    56.34237251822185   157.28202205068172 
   67.656081017206603   145.96831355169695 
   45.028664019237077   145.96831355169695 
   33.714955520252317   157.28202205068172 
   33.714955520252317   179.90943904865125 
   45.028664019237077   168.59573054966648 
   22.401247021267544   168.59573054966648 
   11.087538522282827   179.90943904865119 
   192.10687450603899   21.517520062864566 
   22.401247021267586   191.22314754763596 
   180.79316600705423   10.203811563879791 
   192.10687450603893   44.144937060834081 
   192.10687450603896     66.7723540588036 
    203.4205830050237   55.458645559818841 
    180.7931660070542   55.458645559818841 
   169.47945750806943     66.7723540588036 
   169.47945750806946   89.399771056773133 
    180.7931660070542   78.086062557788352 
   158.16574900908466   78.086062557788352 
    146.8520405100999   89.399771056773133 
    146.8520405100999   112.02718805474265 
   158.16574900908466   100.71347955575789 
   135.53833201111516   100.71347955575789 
   124.22462351213038   112.02718805474265 
   124.22462351213041   134.65460505271216 
   135.53833201111516    123.3408965537274 
   112.91091501314564   123.34089655372739 
   101.59720651416089   134.65460505271216 
   101.59720651416089   157.28202205068169 
   112.91091501314565   145.96831355169695 
   90.283498015176121   145.96831355169695 
   78.969789516191355   157.28202205068169 
   78.969789516191355   179.90943904865122 
   90.283498015176121   168.59573054966646 
   67.656081017206589   168.59573054966646 
   56.342372518221815   179.90943904865122 
   56.342372518221836   202.53685604662076 
   67.656081017206589   191.22314754763596 
   45.028664019237063   191.22314754763596 
   33.714955520252332   202.53685604662073 
    214.7342915040085   44.144937060834067 
   45.028664019237105   213.85056454560547 
    203.4205830050237   32.831228561849308 
    214.7342915040085   66.772354058803614 
    214.7342915040085   89.399771056773133 
   226.04800000299326   78.086062557788367 
    203.4205830050237   78.086062557788352 
   192.10687450603896   89.399771056773133 
   192.10687450603896   112.02718805474267 
    203.4205830050237    100.7134795557579 
    180.7931660070542    100.7134795557579 
   169.47945750806946   112.02718805474265 
   169.47945750806946   134.65460505271218 
   180.79316600705423   123.34089655372742 
   158.16574900908466   123.34089655372742 
   146.85204051009993   134.65460505271216 
   146.85204051009995   157.28202205068169 
   158.16574900908466   145.96831355169695 
   135.53833201111519   145.96831355169692 
   124.22462351213041   157.28202205068169 
   124.22462351213041   179.90943904865122 
   135.53833201111519   168.59573054966646 
   112.91091501314565   168.59573054966646 
   101.59720651416089   179.90943904865122 
    101.5972065141609   202.53685604662076 
   112.91091501314565   191.22314754763596 
   90.283498015176121   191.22314754763596 
   78.969789516191355   202.53685604662076 
   78.969789516191355   225.16427304459029 
   90.283498015176121   213.85056454560552 
   67.656081017206589   213.85056454560552 
   56.342372518221879   225.16427304459023 
   237.36170850197803     66.7723540588036 
   67.656081017206631     236.477981543575 
   226.04800000299326   55.458645559818827 
   237.36170850197803   89.399771056773133 
   237.36170850197803   112.02718805474267 
    248.6754170009628    100.7134795557579 
   226.04800000299326    100.7134795557579 
    214.7342915040085   112.02718805474267 
    214.7342915040085   134.65460505271218 
   226.04800000299326   123.34089655372742 
   203.42058300502373   123.34089655372742 
   192.10687450603899   134.65460505271218 
   192.10687450603899   157.28202205068172 
   203.42058300502373   145.96831355169695 
   180.79316600705423   145.96831355169695 
   169.47945750806946   157.28202205068172 
   169.47945750806949   179.90943904865119 
   180.79316600705423   168.59573054966648 
   158.16574900908469   168.59573054966646 
   146.85204051009995   179.90943904865122 
   146.85204051009995   202.53685604662076 
   158.16574900908472   191.22314754763596 
   135.53833201111519   191.22314754763596 
   124.22462351213042   202.53685604662076 
   124.22462351213042   225.16427304459029 
   135.53833201111519   213.85056454560552 
   112.91091501314565   213.85056454560552 
    101.5972065141609   225.16427304459029 
    101.5972065141609   247.79169004255982 
   112.91091501314565   236.47798154357505 
   90.283498015176121   236.47798154357505 
   78.969789516191412   247.79169004255979 
    248.6754170009628   78.086062557788352 
   248.67541700096277    123.3408965537274 
   237.36170850197803   134.65460505271216 
     237.361708501978   157.28202205068172 
   248.67541700096277   145.96831355169695 
   226.04800000299326   145.96831355169695 
    214.7342915040085   157.28202205068169 
    214.7342915040085   179.90943904865122 
   226.04800000299326   168.59573054966646 
    203.4205830050237   168.59573054966646 
   192.10687450603896   179.90943904865119 
   192.10687450603899   202.53685604662076 
    203.4205830050237   191.22314754763596 
   180.79316600705423   191.22314754763596 
   169.47945750806946   202.53685604662076 
   169.47945750806946   225.16427304459026 
   180.79316600705423   213.85056454560549 
   158.16574900908469   213.85056454560549 
   146.85204051009993   225.16427304459026 
   146.85204051009993   247.79169004255979 
   158.16574900908466     236.477981543575 
   135.53833201111516     236.477981543575 
   124.22462351213039   247.79169004255979 
   248.67541700096274   168.59573054966646 
     237.361708501978   179.90943904865119 
   56.342372518221815    21.51752006286458 
   67.656081017206574   10.203811563879805 
   226.04800000299326   191.22314754763596 
    214.7342915040085   202.53685604662076 
   33.714955520252317   44.144937060834081 
   45.028664019237063   32.831228561849336 
   203.42058300502373   213.85056454560547 
   192.10687450603899   225.16427304459023 
   11.087538522282784   66.772354058803614 
   22.401247021267558   55.458645559818841 
   180.79316600705423     236.477981543575 
   169.47945750806946   247.79169004255979 
