   134.68002895073676   4.8742320262360348 
   106.96721602963471   20.874232026236054 
   120.82362249018573   12.874232026236053 
   98.967216029634713    7.017825565685043 
   85.110809569083699   15.017825565685031 
   79.254403108532685   36.874232026236051 
   93.110809569083699   28.874232026236044 
   71.254403108532685   23.017825565685037 
   57.397996647981664    31.01782556568504 
   51.541590187430643   52.874232026236058 
   65.397996647981671   44.874232026236051 
    43.54159018743065   39.017825565685044 
   29.685183726879625   47.017825565685044 
   23.828777266328601   68.874232026236058 
   37.685183726879615   60.874232026236058 
   15.828777266328597   55.017825565685051 
   1.9723708057775988   63.017825565685051 
   9.9723708057776026   76.874232026236072 
   178.39284187183878   16.587044947338065 
   192.24924833238981   8.5870449473380788 
   170.39284187183878   2.7306384867870541 
   156.53643541128778   10.730638486787058 
   150.68002895073676   32.587044947338072 
   164.53643541128778   24.587044947338072 
   142.68002895073676   18.730638486787047 
   128.82362249018576   26.730638486787065 
   122.96721602963471   48.587044947338079 
   136.82362249018576   40.587044947338079 
   114.96721602963471   34.730638486787072 
   101.11080956908371   42.730638486787058 
   95.254403108532685   64.587044947338086 
   109.11080956908371   56.587044947338086 
   87.254403108532685   50.730638486787065 
   73.397996647981671   58.730638486787065 
   67.541590187430643   80.587044947338086 
   81.397996647981671   72.587044947338072 
   59.541590187430643   66.730638486787072 
   45.685183726879615   74.730638486787072 
   39.828777266328608     96.5870449473381 
   53.685183726879622     88.5870449473381 
   31.828777266328604   82.730638486787072 
   17.972370805777604   90.730638486787086 
   12.115964345226583    112.5870449473381 
   25.972370805777608   104.58704494733809 
   4.1159643452265788   98.730638486787086 
   200.24924833238981   22.443451407889089 
   194.39284187183884   44.299857868440121 
   208.24924833238984   36.299857868440121 
   186.39284187183881   30.443451407889093 
   172.53643541128778     38.4434514078891 
   166.68002895073678   60.299857868440114 
   180.53643541128778   52.299857868440128 
   158.68002895073678   46.443451407889086 
   144.82362249018576   54.443451407889107 
   138.96721602963473   76.299857868440128 
   152.82362249018576   68.299857868440114 
   130.96721602963473   62.443451407889107 
   117.11080956908371   70.443451407889114 
   111.25440310853271   92.299857868440128 
   125.11080956908373   84.299857868440128 
    103.2544031085327     78.4434514078891 
   89.397996647981685     86.4434514078891 
   83.541590187430671   108.29985786844014 
   97.397996647981685   100.29985786844013 
   75.541590187430657   94.443451407889114 
   61.685183726879622   102.44345140788911 
   55.828777266328615   124.29985786844014 
   69.685183726879629   116.29985786844014 
   47.828777266328615   110.44345140788913 
   33.972370805777615   118.44345140788911 
    28.11596434522659   140.29985786844014 
   41.972370805777615   132.29985786844014 
   20.115964345226587   126.44345140788913 
   6.2595578846755879   134.44345140788911 
   14.259557884675591   148.29985786844011 
   216.24924833238981   50.156264328991128 
   210.39284187183881   72.012670789542128 
   224.24924833238981   64.012670789542142 
   202.39284187183881   58.156264328991121 
   188.53643541128778   66.156264328991128 
   182.68002895073678   88.012670789542142 
   196.53643541128775   80.012670789542142 
   174.68002895073678   74.156264328991128 
   160.82362249018576   82.156264328991128 
   154.96721602963473   104.01267078954214 
   168.82362249018573   96.012670789542142 
   146.96721602963473   90.156264328991128 
    133.1108095690837   98.156264328991142 
    127.2544031085327   120.01267078954216 
   141.11080956908373   112.01267078954216 
    119.2544031085327   106.15626432899114 
   105.39799664798169   114.15626432899114 
   99.541590187430657   136.01267078954217 
   113.39799664798167   128.01267078954214 
   91.541590187430657   122.15626432899114 
   77.685183726879629   130.15626432899114 
   71.828777266328615   152.01267078954217 
   85.685183726879629   144.01267078954217 
   63.828777266328615   138.15626432899114 
   49.972370805777608   146.15626432899117 
    44.11596434522658   168.01267078954217 
   57.972370805777608   160.01267078954217 
   36.115964345226594   154.15626432899117 
   22.259557884675594   162.15626432899114 
   16.403151424124573   184.01267078954214 
   30.259557884675583   176.01267078954214 
   8.4031514241245677   170.15626432899114 
   232.24924833238981    77.86907725009317 
   226.39284187183881   99.725483710644184 
   240.24924833238984   91.725483710644184 
   218.39284187183881   85.869077250093156 
   204.53643541128781   93.869077250093184 
   198.68002895073678    115.7254837106442 
   212.53643541128781   107.72548371064418 
   190.68002895073678   101.86907725009317 
   176.82362249018578   109.86907725009317 
   170.96721602963473    131.7254837106442 
   184.82362249018576    123.7254837106442 
   162.96721602963473   117.86907725009317 
   149.11080956908373   125.86907725009318 
    143.2544031085327    147.7254837106442 
   157.11080956908373    139.7254837106442 
    135.2544031085327   133.86907725009317 
    121.3979966479817   141.86907725009317 
   115.54159018743067   163.72548371064423 
    129.3979966479817   155.72548371064423 
   107.54159018743067   149.86907725009317 
   93.685183726879643   157.86907725009317 
   87.828777266328629   179.72548371064423 
   101.68518372687964   171.72548371064423 
   79.828777266328629   165.86907725009317 
   65.972370805777615    173.8690772500932 
   60.115964345226601    195.7254837106442 
   73.972370805777615   187.72548371064423 
   52.115964345226587    181.8690772500932 
   38.259557884675587    189.8690772500932 
    32.40315142412458    211.7254837106442 
   46.259557884675594    203.7254837106442 
   24.403151424124577    197.8690772500932 
   248.24924833238984   105.58189017119521 
   242.39284187183884   127.43829663174623 
   256.24924833238987   119.43829663174624 
   234.39284187183881   113.58189017119521 
   220.53643541128781   121.58189017119521 
   214.68002895073678   143.43829663174625 
   228.53643541128781   135.43829663174625 
   206.68002895073678    129.5818901711952 
   192.82362249018578    137.5818901711952 
   186.96721602963476   159.43829663174625 
   200.82362249018576   151.43829663174623 
   178.96721602963473   145.58189017119523 
   165.11080956908373   153.58189017119523 
   159.25440310853273   175.43829663174623 
   173.11080956908373   167.43829663174623 
   151.25440310853273   161.58189017119523 
    137.3979966479817   169.58189017119523 
   131.54159018743067   191.43829663174625 
    145.3979966479817   183.43829663174623 
   123.54159018743067   177.58189017119523 
   109.68518372687964   185.58189017119523 
   103.82877726632864   207.43829663174628 
   117.68518372687964   199.43829663174625 
   95.828777266328629   193.58189017119523 
   81.972370805777615   201.58189017119523 
   76.115964345226615   223.43829663174625 
   89.972370805777629   215.43829663174625 
   68.115964345226601   209.58189017119525 
   54.259557884675608   217.58189017119525 
   48.403151424124587   239.43829663174623 
   62.259557884675615   231.43829663174625 
    40.40315142412458   225.58189017119523 
   250.39284187183884   141.29470309229723 
   236.53643541128781   149.29470309229723 
   230.68002895073678   171.15110955284828 
   244.53643541128778   163.15110955284828 
   222.68002895073681   157.29470309229723 
   208.82362249018576   165.29470309229723 
   202.96721602963476   187.15110955284828 
   216.82362249018576   179.15110955284828 
   194.96721602963476   173.29470309229723 
   181.11080956908373   181.29470309229725 
   175.25440310853273   203.15110955284828 
   189.11080956908373   195.15110955284825 
   167.25440310853273   189.29470309229725 
   153.39799664798167   197.29470309229725 
   147.54159018743067   219.15110955284828 
    161.3979966479817   211.15110955284825 
   139.54159018743067   205.29470309229725 
   125.68518372687964   213.29470309229725 
   119.82877726632863   235.15110955284831 
   133.68518372687964   227.15110955284828 
   111.82877726632863   221.29470309229725 
   97.972370805777629   229.29470309229725 
   92.115964345226601   251.15110955284831 
   105.97237080577763   243.15110955284828 
   84.115964345226601   237.29470309229728 
   70.259557884675601   245.29470309229728 
   56.403151424124573   253.29470309229725 
   252.53643541128778   177.00751601339925 
   246.68002895073678   198.86392247395028 
   238.68002895073681   185.00751601339925 
   224.82362249018576   193.00751601339925 
   218.96721602963476   214.86392247395031 
   232.82362249018578   206.86392247395028 
   210.96721602963473   201.00751601339928 
    197.1108095690837   209.00751601339928 
   191.25440310853273   230.86392247395028 
   205.11080956908376   222.86392247395028 
    183.2544031085327   217.00751601339928 
    169.3979966479817   225.00751601339928 
   163.54159018743067   246.86392247395028 
    177.3979966479817   238.86392247395028 
   155.54159018743067   233.00751601339928 
   141.68518372687967   241.00751601339928 
   149.68518372687964   254.86392247395031 
   127.82877726632861   249.00751601339928 
