   161.31275383450082   8.9539682879249636 
   176.76756705512594   4.8128635662846388 
   130.40312739325066   17.236177731205629 
   145.85794061387574   13.095073009565303 
   126.26202267161032   1.7813645105805298 
   110.80720945098524   5.9224692322208687 
   99.493500952000474   25.518387174486293 
   114.94831417262557   21.377282452845968 
   95.352396230360142   10.063573953861194 
   79.897583009735058   14.204678675501533 
   68.583874510750292   33.800596617766956 
   84.038687731375404   29.659491896126632 
   64.442769789109974   18.345783397141858 
   48.987956568484869   22.486888118782197 
   37.674248069500095    42.08280606104762 
   53.129061290125193   37.941701339407295 
    33.53314334785977   26.627992840422522 
   18.078330127234654   30.769097562062861 
   6.7646216282498823   50.365015504328298 
   22.219434848874997   46.223910782687959 
   2.6235169066095581     34.9102022837032 
   211.81829821801645   11.985467343629059 
   200.50458971903169   31.581385285894481 
   215.95940293965677   27.440280564254156 
   196.36348499739134   16.126572065269386 
   180.90867177676625   20.267676786909721 
   169.59496327778149   39.863594729175148 
    185.0497764984066   35.722490007534823 
   165.45385855614114   24.408781508550046 
   149.99904533551609   28.549886230190385 
   138.68533683653132   48.145804172455811 
    154.1401500571564   44.004699450815487 
     134.544232114891   32.690990951830713 
   119.08941889426589   36.832095673471052 
   107.77571039528115   56.428013615736475 
   123.23052361590624    52.28690889409615 
   103.63460567364081   40.973200395111377 
   88.179792453015722   45.114305116751716 
   76.866083954030955   64.710223059017139 
   92.320897174656054   60.569118337376814 
   72.724979232390623    49.25540983839204 
   57.270166011765518   53.396514560032379 
   45.956457512780759   72.992432502297802 
   61.411270733405857   68.851327780657471 
    41.81535279114042   57.537619281672704 
   26.360539570515321   61.678724003313043 
   15.046831071530546    81.27464194557848 
    30.50164429215566   77.133537223938134 
   10.905726349890221   65.819828724953368 
   231.41421616028191   23.299175842613817 
   227.27311143864154   7.8443626219887195 
   220.10050766129709   42.895093784879251 
   208.78679916231238   62.491011727144688 
   224.24161238293746   58.349907005504349 
   204.64569444067203   47.036198506519575 
   189.19088122004692   51.177303228159914 
   177.87717272106215   70.773221170425359 
   193.33198594168726   66.632116448785013 
   173.73606799942183   55.318407949800239 
   158.28125477879675   59.459512671440585 
   146.96754627981198   79.055430613706022 
    162.4223595004371    74.91432589206569 
   142.82644155817164    63.60061739308091 
   127.37162833754655   67.741722114721242 
   116.05791983856182   87.337640056986672 
    131.5127330591869    83.19653533534634 
   111.91681511692147   71.882826836361573 
   96.462001896296385   76.023931558001891 
   85.148293397311633    95.61984950026735 
   100.60310661793673   91.478744778627004 
   81.007188675671287   80.165036279642237 
   65.552375455046189   84.306141001282569 
   54.238666956061422   103.90205894354801 
   69.693480176686535   99.760954221907667 
   50.097562234421098   88.447245722922901 
   34.642749013795985   92.588350444563233 
   23.329040514811226   112.18426838682868 
   38.783853735436324   108.04316366518835 
   19.187935793170887   96.729455166203579 
   3.7331225725458461   100.87055988784388 
   239.69642560356257    54.20880228386401 
   7.8742272941861851   116.32537310846899 
   235.55532088192226   38.753989063238912 
   228.38271710457778   73.804720226129433 
   217.06900860559304   93.400638168394863 
   232.52382182621812   89.259533446754531 
   212.92790388395269   77.945824947769765 
   197.47309066332761   82.086929669410111 
   186.15938216434284   101.68284761167553 
   201.61419538496793   97.541742890035181 
   182.01827744270253   86.228034391050443 
   166.56346422207741    90.36913911269076 
   155.24975572309265   109.96505705495619 
   170.70456894371773   105.82395233331586 
   151.10865100145233   94.510243834331106 
   135.65383778082722   98.651348555971424 
   124.34012928184248   118.24726649823685 
   139.79494250246753   114.10616177659651 
   120.19902456020213   102.79245327761177 
   104.74421133957705   106.93355799925209 
   93.430502840592283   126.52947594151752 
   108.88531606121738   122.38837121987717 
   89.289398118951951   111.07466272089243 
   73.834584898326852   115.21576744253275 
   62.520876399342086   134.81168538479818 
   77.975689619967184   130.67058066315786 
   58.379771677701747    119.3568721641731 
   42.924958457076649   123.49797688581342 
   31.611249958091889   143.09389482807885 
   47.066063178716988   138.95279010643853 
    27.47014523645155   127.63908160745376 
   12.015332015826511   131.78018632909408 
   247.97863504684324   85.118428725114185 
   16.156436737466834   147.23499954971916 
   243.83753032520289   69.663615504489115 
   236.66492654785844   104.71434666737963 
   225.35121804887368   124.31026460964506 
   240.80603126949879   120.16915988800473 
   221.21011332723336   108.85545138901996 
   205.75530010660825   112.99655611066029 
   194.44159160762348   132.59247405292572 
   209.89640482824859   128.45136933128538 
   190.30048688598316   117.13766083230063 
   174.84567366535808   121.27876555394096 
   163.53196516637328   140.87468349620639 
   178.98677838699842   136.73357877456607 
   159.39086044473297   125.41987027558129 
   143.93604722410791   129.56097499722162 
   132.62233872512311   149.15689293948705 
   148.07715194574823    145.0157882178467 
    128.4812340034828   133.70207971886197 
   113.02642078285771   137.84318444050228 
   101.71271228387296   157.43910238276771 
   117.16752550449806    153.2979976611274 
   97.571607562232614    141.9842891621426 
   82.116794341607502   146.12539388378295 
    70.80308584262275   165.72131182604838 
   86.257899063247862   161.58020710440803 
   66.661981120982404   150.26649860542329 
   51.207167900357312   154.40760332706361 
   39.893459401372553   174.00352126932904 
   55.348272621997651   169.86241654768872 
   35.752354679732214   158.54870804870393 
   20.297541459107173   162.68981277034428 
   256.26084449012387   116.02805516636438 
   24.438646180747511   178.14462599096936 
   252.11973976848356    100.5732419457393 
   244.94713599113911   135.62397310862983 
   233.63342749215437   155.21989105089526 
   249.08824071277942   151.07878632925491 
   229.49232277051399   139.76507783027014 
   214.03750954988891   143.90618255191046 
   202.72380105090417   163.50210049417592 
   218.17861427152926    159.3609957725356 
    198.5826963292638   148.04728727355084 
   183.12788310863874   152.18839199519115 
   171.81417460965397   171.78430993745661 
   187.26898783027906   167.64320521581624 
   167.67306988801366   156.32949671683147 
   152.21825666738854   160.47060143847179 
   140.90454816840381   180.06651938073725 
   156.35936138902889   175.92541465909693 
   136.76344344676349   164.61170616011216 
   121.30863022613838   168.75281088175248 
   109.99492172715361   188.34872882401791 
   125.44973494777872   184.20762410237757 
   105.85381700551328    172.8939156033928 
    90.39900378488818   177.03502032503314 
   79.085295285903413   196.63093826729857 
   94.540108506528512   192.48983354565826 
   74.944190564263081   181.17612504667349 
    59.48937734363799   185.31722976831381 
   48.175668844653217   204.91314771057927 
   63.630482065278315   200.77204298893895 
   44.034564123012878   189.45833448995413 
   28.579750902387836   193.59943921159447 
   32.720855624028175   209.05425243221958 
   253.22934543441974   166.53359954988002 
   241.91563693543503   186.12951749214545 
   237.77453221379469   170.67470427152034 
   222.31971899316957   174.81580899316066 
   211.00601049418481   194.41172693542609 
   226.46082371480995   190.27062221378577 
   206.86490577254449     178.956913714801 
    191.4100925519194   183.09801843644132 
   180.09638405293464   202.69393637870675 
   195.55119727355975   198.55283165706641 
   175.95527933129429   187.23912315808167 
   160.50046611066924   191.38022787972199 
   149.18675761168444   210.97614582198742 
   164.64157083230955    206.8350411003471 
   145.04565289004412   195.52133260136233 
   129.59083966941904   199.66243732300268 
   118.27713117043427   219.25835526526811 
   133.73194439105939   215.11725054362776 
   114.13602644879394     203.803542044643 
   98.681213228168843   207.94464676628331 
   87.367504729184077   227.54056470854874 
   102.82231794980918   223.39945998690843 
   83.226400007543731   212.08575148792366 
   67.771586786918633   216.22685620956398 
    56.45787828793388   235.82277415182944 
   71.912691508558979   231.68166943018906 
   52.316773566293541   220.36796093120432 
     36.8619603456685   224.50906565284461 
   41.003065067308825   239.96387887346972 
    250.1978463787157   217.03914393339559 
   246.05674165707535   201.58433071277048 
   230.60192843645027   205.72543543441083 
    219.2882199374655   225.32135337667626 
   234.74303315809058   221.18024865503594 
   215.14711521582518   209.86654015605117 
   199.69230199520007   214.00764487769152 
    188.3785934962153   233.60356281995695 
   203.83340671684039    229.4624580983166 
   184.23748877457498   218.14874959933184 
   168.78267555394987   222.28985432097215 
   157.46896705496513   241.88577226323758 
   172.92378027559019   237.74466754159727 
   153.32786233332479    226.4309590426125 
    137.8730491126997   230.57206376425282 
   126.55934061371494   250.16798170651825 
   142.01415383434002    246.0268769848779 
   122.41823589207461   234.71316848589314 
   106.96342267144951   238.85427320753348 
   111.10452739308984   254.30908642815859 
   91.508609450824409   242.99537792917383 
   76.053796230199296   247.13648265081417 
   60.598983009574205   251.27758737245449 
   45.144169788949164   255.41869209409481 
