    241.5961822794529   26.328141208670296 
    225.5961822794529   42.328141208670303 
    241.5961822794529   42.328141208670303 
    225.5961822794529   26.328141208670296 
    209.5961822794529   26.328141208670296 
    193.5961822794529   42.328141208670303 
    209.5961822794529   42.328141208670303 
    193.5961822794529   26.328141208670296 
    177.5961822794529   26.328141208670296 
   161.59618227945288   42.328141208670303 
    177.5961822794529   42.328141208670303 
   161.59618227945288   26.328141208670296 
    145.5961822794529   26.328141208670296 
    129.5961822794529   42.328141208670303 
    145.5961822794529   42.328141208670303 
    129.5961822794529   26.328141208670296 
   113.59618227945292   26.328141208670296 
   97.596182279452918   42.328141208670303 
   113.59618227945292   42.328141208670303 
   97.596182279452918   26.328141208670296 
   81.596182279452904   26.328141208670296 
    65.59618227945289   42.328141208670303 
   81.596182279452904   42.328141208670303 
    65.59618227945289   26.328141208670296 
   49.596182279452918   26.328141208670296 
   33.596182279452911   42.328141208670303 
   49.596182279452918   42.328141208670303 
   33.596182279452911   26.328141208670296 
   17.596182279452933   26.328141208670296 
   1.5961822794529268   42.328141208670317 
   17.596182279452933   42.328141208670303 
   1.5961822794529268    26.32814120867031 
    241.5961822794529    58.32814120867031 
    225.5961822794529   74.328141208670289 
    241.5961822794529   74.328141208670289 
    225.5961822794529    58.32814120867031 
    209.5961822794529    58.32814120867031 
    193.5961822794529   74.328141208670289 
    209.5961822794529   74.328141208670289 
    193.5961822794529    58.32814120867031 
    177.5961822794529    58.32814120867031 
   161.59618227945288   74.328141208670303 
   177.59618227945293   74.328141208670303 
   161.59618227945288    58.32814120867031 
    145.5961822794529    58.32814120867031 
    129.5961822794529   74.328141208670303 
    145.5961822794529   74.328141208670303 
    129.5961822794529    58.32814120867031 
   113.59618227945292    58.32814120867031 
   97.596182279452918   74.328141208670303 
   113.59618227945292   74.328141208670303 
   97.596182279452918    58.32814120867031 
   81.596182279452904    58.32814120867031 
   65.596182279452904   74.328141208670317 
   81.596182279452904   74.328141208670303 
    65.59618227945289    58.32814120867031 
   49.596182279452918    58.32814120867031 
   33.596182279452911   74.328141208670317 
   49.596182279452918   74.328141208670317 
   33.596182279452911    58.32814120867031 
   17.596182279452933    58.32814120867031 
   1.5961822794529268   74.328141208670317 
   17.596182279452933   74.328141208670317 
   1.5961822794529268   58.328141208670324 
    241.5961822794529   90.328141208670289 
    225.5961822794529    106.3281412086703 
    241.5961822794529    106.3281412086703 
    225.5961822794529   90.328141208670289 
    209.5961822794529   90.328141208670289 
    193.5961822794529    106.3281412086703 
    209.5961822794529    106.3281412086703 
    193.5961822794529   90.328141208670289 
   177.59618227945293   90.328141208670289 
    161.5961822794529    106.3281412086703 
   177.59618227945293    106.3281412086703 
   161.59618227945288   90.328141208670289 
    145.5961822794529   90.328141208670289 
    129.5961822794529    106.3281412086703 
    145.5961822794529    106.3281412086703 
    129.5961822794529   90.328141208670289 
   113.59618227945292   90.328141208670289 
   97.596182279452918    106.3281412086703 
   113.59618227945292    106.3281412086703 
   97.596182279452918   90.328141208670289 
   81.596182279452904   90.328141208670289 
   65.596182279452904    106.3281412086703 
   81.596182279452904    106.3281412086703 
   65.596182279452904   90.328141208670289 
   49.596182279452918   90.328141208670289 
   33.596182279452911    106.3281412086703 
   49.596182279452918    106.3281412086703 
   33.596182279452911   90.328141208670289 
   17.596182279452933   90.328141208670289 
   1.5961822794529268    106.3281412086703 
   17.596182279452933    106.3281412086703 
   1.5961822794529268   90.328141208670289 
    241.5961822794529    122.3281412086703 
    225.5961822794529   138.32814120867027 
    241.5961822794529   138.32814120867027 
    225.5961822794529    122.3281412086703 
    209.5961822794529    122.3281412086703 
    193.5961822794529   138.32814120867027 
    209.5961822794529   138.32814120867027 
    193.5961822794529    122.3281412086703 
   177.59618227945293    122.3281412086703 
    161.5961822794529   138.32814120867027 
   177.59618227945293   138.32814120867027 
    161.5961822794529    122.3281412086703 
    145.5961822794529    122.3281412086703 
    129.5961822794529   138.32814120867027 
    145.5961822794529   138.32814120867027 
    129.5961822794529    122.3281412086703 
   113.59618227945292    122.3281412086703 
   97.596182279452918   138.32814120867027 
   113.59618227945292   138.32814120867027 
   97.596182279452918    122.3281412086703 
   81.596182279452904    122.3281412086703 
   65.596182279452904   138.32814120867027 
   81.596182279452904   138.32814120867027 
   65.596182279452904    122.3281412086703 
   49.596182279452918    122.3281412086703 
   33.596182279452911   138.32814120867027 
   49.596182279452918   138.32814120867027 
   33.596182279452911    122.3281412086703 
   17.596182279452933    122.3281412086703 
   1.5961822794529268   138.32814120867027 
   17.596182279452933   138.32814120867027 
   1.5961822794529268   122.32814120867032 
    241.5961822794529    154.3281412086703 
    225.5961822794529    170.3281412086703 
    241.5961822794529    170.3281412086703 
    225.5961822794529    154.3281412086703 
    209.5961822794529    154.3281412086703 
    193.5961822794529    170.3281412086703 
    209.5961822794529    170.3281412086703 
    193.5961822794529    154.3281412086703 
   177.59618227945293    154.3281412086703 
    161.5961822794529    170.3281412086703 
   177.59618227945293    170.3281412086703 
    161.5961822794529    154.3281412086703 
    145.5961822794529    154.3281412086703 
    129.5961822794529    170.3281412086703 
    145.5961822794529    170.3281412086703 
    129.5961822794529    154.3281412086703 
   113.59618227945292    154.3281412086703 
   97.596182279452918    170.3281412086703 
   113.59618227945292    170.3281412086703 
   97.596182279452918    154.3281412086703 
   81.596182279452904    154.3281412086703 
   65.596182279452904    170.3281412086703 
   81.596182279452904    170.3281412086703 
   65.596182279452904    154.3281412086703 
   49.596182279452918    154.3281412086703 
   33.596182279452911    170.3281412086703 
   49.596182279452918    170.3281412086703 
   33.596182279452911    154.3281412086703 
   17.596182279452933    154.3281412086703 
   1.5961822794529268    170.3281412086703 
   17.596182279452933    170.3281412086703 
   1.5961822794529268    154.3281412086703 
    241.5961822794529    186.3281412086703 
    225.5961822794529    202.3281412086703 
    241.5961822794529    202.3281412086703 
    225.5961822794529    186.3281412086703 
    209.5961822794529    186.3281412086703 
   193.59618227945293    202.3281412086703 
    209.5961822794529    202.3281412086703 
    193.5961822794529    186.3281412086703 
   177.59618227945293    186.3281412086703 
    161.5961822794529    202.3281412086703 
   177.59618227945293    202.3281412086703 
    161.5961822794529    186.3281412086703 
    145.5961822794529    186.3281412086703 
    129.5961822794529    202.3281412086703 
    145.5961822794529    202.3281412086703 
    129.5961822794529    186.3281412086703 
   113.59618227945292    186.3281412086703 
   97.596182279452918    202.3281412086703 
   113.59618227945292    202.3281412086703 
   97.596182279452918    186.3281412086703 
   81.596182279452904    186.3281412086703 
   65.596182279452904    202.3281412086703 
   81.596182279452904    202.3281412086703 
   65.596182279452904    186.3281412086703 
   49.596182279452918    186.3281412086703 
   33.596182279452911    202.3281412086703 
   49.596182279452918    202.3281412086703 
   33.596182279452911    186.3281412086703 
   17.596182279452933    186.3281412086703 
   1.5961822794529268    202.3281412086703 
   17.596182279452933    202.3281412086703 
   1.5961822794529268    186.3281412086703 
    241.5961822794529    218.3281412086703 
    225.5961822794529    234.3281412086703 
    241.5961822794529    234.3281412086703 
    225.5961822794529    218.3281412086703 
    209.5961822794529    218.3281412086703 
   193.59618227945293    234.3281412086703 
    209.5961822794529    234.3281412086703 
   193.59618227945293    218.3281412086703 
   177.59618227945293    218.3281412086703 
    161.5961822794529    234.3281412086703 
   177.59618227945293    234.3281412086703 
    161.5961822794529    218.3281412086703 
    145.5961822794529    218.3281412086703 
    129.5961822794529    234.3281412086703 
    145.5961822794529    234.3281412086703 
    129.5961822794529    218.3281412086703 
   113.59618227945292    218.3281412086703 
   97.596182279452918    234.3281412086703 
   113.59618227945292    234.3281412086703 
   97.596182279452918    218.3281412086703 
   81.596182279452904    218.3281412086703 
   65.596182279452904    234.3281412086703 
   81.596182279452904    234.3281412086703 
   65.596182279452904    218.3281412086703 
   49.596182279452918    218.3281412086703 
   33.596182279452911    234.3281412086703 
   49.596182279452918    234.3281412086703 
   33.596182279452911    218.3281412086703 
   17.596182279452933    218.3281412086703 
   1.5961822794529268   234.32814120867033 
   17.596182279452933    234.3281412086703 
   1.5961822794529268   218.32814120867033 
   241.59618227945293   250.32814120867027 
   225.59618227945288   10.328141208670287 
    241.5961822794529   10.328141208670287 
   225.59618227945293   250.32814120867027 
   209.59618227945293   250.32814120867027 
    193.5961822794529   10.328141208670287 
   209.59618227945288   10.328141208670287 
   193.59618227945293   250.32814120867027 
   177.59618227945293   250.32814120867027 
   161.59618227945288   10.328141208670287 
    177.5961822794529   10.328141208670287 
    161.5961822794529   250.32814120867027 
    145.5961822794529   250.32814120867027 
    129.5961822794529   10.328141208670287 
    145.5961822794529   10.328141208670287 
   129.59618227945293   250.32814120867027 
   113.59618227945292   250.32814120867027 
   97.596182279452918   10.328141208670287 
   113.59618227945292   10.328141208670287 
   97.596182279452918   250.32814120867027 
   81.596182279452904   250.32814120867027 
    65.59618227945289   10.328141208670287 
   81.596182279452904   10.328141208670287 
   65.596182279452904   250.32814120867027 
   49.596182279452933   250.32814120867027 
   33.596182279452897   10.328141208670287 
   49.596182279452904   10.328141208670287 
   33.596182279452925   250.32814120867027 
   17.596182279452947   250.32814120867027 
   1.5961822794529121   10.328141208670301 
   17.596182279452918   10.328141208670287 
   1.5961822794529412   250.32814120867027 
