   17.165546603758656   26.425574239533006 
   28.479255102743416   42.425574239533013 
   17.165546603758656   58.425574239533006 
   28.479255102743416   74.425574239533006 
   17.165546603758656   90.425574239533006 
   28.479255102743416   106.42557423953302 
   17.165546603758656   122.42557423953301 
   28.479255102743416   138.42557423953301 
   17.165546603758656   154.42557423953301 
   28.479255102743416   170.42557423953301 
   17.165546603758656   186.42557423953303 
   28.479255102743416   202.42557423953303 
   17.165546603758656   218.42557423953301 
   28.479255102743416   234.42557423953301 
   17.165546603758656   250.42557423953301 
   28.479255102743416   10.425574239533001 
   39.792963601728175   26.425574239533006 
   51.106672100712949   42.425574239533013 
   39.792963601728175   58.425574239533006 
   51.106672100712949   74.425574239533006 
   39.792963601728175   90.425574239533006 
   51.106672100712949   106.42557423953302 
   39.792963601728175   122.42557423953301 
   51.106672100712949   138.42557423953301 
   39.792963601728175   154.42557423953301 
   51.106672100712949   170.42557423953301 
   39.792963601728175   186.42557423953303 
   51.106672100712949   202.42557423953303 
   39.792963601728175   218.42557423953301 
   51.106672100712949   234.42557423953301 
   39.792963601728175   250.42557423953301 
   51.106672100712949   10.425574239533001 
   62.420380599697694   26.425574239533006 
    73.73408909868246   42.425574239533013 
   62.420380599697694   58.425574239533006 
    73.73408909868246   74.425574239533006 
   62.420380599697694   90.425574239533006 
    73.73408909868246   106.42557423953302 
   62.420380599697694   122.42557423953301 
    73.73408909868246   138.42557423953301 
   62.420380599697694   154.42557423953301 
    73.73408909868246   170.42557423953301 
   62.420380599697694   186.42557423953303 
    73.73408909868246   202.42557423953303 
   62.420380599697694   218.42557423953301 
    73.73408909868246   234.42557423953301 
   62.420380599697694   250.42557423953301 
    73.73408909868246   10.425574239533001 
   85.047797597667227   26.425574239533006 
   96.361506096651979   42.425574239533013 
   85.047797597667227   58.425574239533006 
   96.361506096651979   74.425574239533006 
   85.047797597667227   90.425574239533006 
   96.361506096651979   106.42557423953302 
   85.047797597667227   122.42557423953301 
   96.361506096651979   138.42557423953301 
   85.047797597667227   154.42557423953301 
   96.361506096651979   170.42557423953301 
   85.047797597667227   186.42557423953303 
   96.361506096651979   202.42557423953303 
   85.047797597667227   218.42557423953301 
   96.361506096651979   234.42557423953301 
   85.047797597667227   250.42557423953301 
   96.361506096651979   10.425574239533001 
   107.67521459563675   26.425574239533006 
    118.9889230946215   42.425574239533013 
   107.67521459563675   58.425574239533006 
    118.9889230946215   74.425574239533006 
   107.67521459563675   90.425574239533006 
    118.9889230946215   106.42557423953302 
   107.67521459563675   122.42557423953301 
    118.9889230946215   138.42557423953301 
   107.67521459563675   154.42557423953301 
    118.9889230946215   170.42557423953301 
   107.67521459563675   186.42557423953303 
    118.9889230946215   202.42557423953303 
   107.67521459563675   218.42557423953301 
    118.9889230946215   234.42557423953301 
   107.67521459563675   250.42557423953301 
    118.9889230946215   10.425574239533001 
   130.30263159360626   26.425574239533006 
     141.616340092591   42.425574239533013 
   130.30263159360626   58.425574239533006 
     141.616340092591   74.425574239533006 
   130.30263159360626   90.425574239533006 
     141.616340092591   106.42557423953302 
   130.30263159360626   122.42557423953301 
     141.616340092591   138.42557423953301 
   130.30263159360626   154.42557423953301 
     141.616340092591   170.42557423953301 
   130.30263159360626   186.42557423953303 
     141.616340092591   202.42557423953303 
   130.30263159360626   218.42557423953301 
     141.616340092591   234.42557423953301 
   130.30263159360626   250.42557423953301 
     141.616340092591   10.425574239533001 
    152.9300485915758   26.425574239533006 
   164.24375709056056   42.425574239533013 
    152.9300485915758   58.425574239533006 
   164.24375709056056   74.425574239533006 
    152.9300485915758   90.425574239533006 
   164.24375709056056   106.42557423953302 
    152.9300485915758   122.42557423953301 
   164.24375709056056   138.42557423953301 
    152.9300485915758   154.42557423953301 
   164.24375709056056   170.42557423953301 
    152.9300485915758   186.42557423953303 
   164.24375709056056   202.42557423953303 
    152.9300485915758   218.42557423953301 
   164.24375709056056   234.42557423953301 
    152.9300485915758   250.42557423953301 
   164.24375709056056   10.425574239533001 
    175.5574655895453   26.425574239533006 
   186.87117408853007   42.425574239533013 
    175.5574655895453   58.425574239533006 
   186.87117408853007   74.425574239533006 
    175.5574655895453   90.425574239533006 
   186.87117408853007   106.42557423953302 
    175.5574655895453   122.42557423953301 
   186.87117408853007   138.42557423953301 
    175.5574655895453   154.42557423953301 
   186.87117408853007   170.42557423953301 
    175.5574655895453   186.42557423953303 
   186.87117408853007   202.42557423953303 
    175.5574655895453   218.42557423953301 
   186.87117408853007   234.42557423953301 
    175.5574655895453   250.42557423953301 
   186.87117408853007   10.425574239533001 
   198.18488258751483   26.425574239533006 
    209.4985910864996   42.425574239533013 
   198.18488258751483   58.425574239533006 
    209.4985910864996   74.425574239533006 
   198.18488258751483   90.425574239533006 
    209.4985910864996   106.42557423953302 
   198.18488258751483   122.42557423953301 
    209.4985910864996   138.42557423953301 
   198.18488258751483   154.42557423953301 
    209.4985910864996   170.42557423953301 
   198.18488258751483   186.42557423953303 
    209.4985910864996   202.42557423953303 
   198.18488258751483   218.42557423953301 
    209.4985910864996   234.42557423953301 
   198.18488258751483   250.42557423953301 
    209.4985910864996   10.425574239533001 
   220.81229958548434   26.425574239533006 
   232.12600808446911   42.425574239533013 
   220.81229958548434   58.425574239533006 
   232.12600808446911   74.425574239533006 
   220.81229958548434   90.425574239533006 
   232.12600808446911   106.42557423953302 
   220.81229958548434   122.42557423953301 
   232.12600808446911   138.42557423953301 
   220.81229958548434   154.42557423953301 
   232.12600808446911   170.42557423953301 
   220.81229958548434   186.42557423953303 
   232.12600808446911   202.42557423953303 
   220.81229958548434   218.42557423953301 
   232.12600808446911   234.42557423953301 
   220.81229958548434   250.42557423953301 
   232.12600808446911   10.425574239533001 
   243.43971658345384   26.425574239533006 
   5.8518381047739121   42.425574239533013 
   243.43971658345384   58.425574239533006 
   5.8518381047739121   74.425574239533006 
   243.43971658345384   90.425574239533006 
   5.8518381047739121   106.42557423953302 
   243.43971658345384   122.42557423953301 
   5.8518381047739121   138.42557423953301 
   243.43971658345384   154.42557423953301 
   5.8518381047739121   170.42557423953301 
   243.43971658345384   186.42557423953303 
   5.8518381047739121   202.42557423953303 
   243.43971658345384   218.42557423953301 
   5.8518381047739121   234.42557423953301 
   243.43971658345384   250.42557423953301 
   5.8518381047739121   10.425574239533001 
