   60.488551259585776    7.588877720997961 
    45.41924330766993   20.115487711347541 
   52.206341816305113   38.498504162248125 
   37.137033864389267   51.025114152597723 
   43.924132373024449   69.408130603498336 
   28.854824421108599   81.934740593847906 
   35.641922929743785    100.3177570447485 
   20.572614977827936   112.84436703509809 
   27.359713486463122    131.2273834859987 
   12.290405534547272   143.75399347634828 
   19.077504043182458    162.1370099272489 
   4.0081960912666084   174.66361991759845 
   10.795294599901792   193.04663636849909 
   2.5130851566211287   223.95626280974923 
    82.34495772013679   13.445284181548971 
   67.275649768220944   25.971894171898548 
   74.062748276856141   44.354910622799153 
   58.993440324940281    56.88152061314873 
   65.780538833575463    75.26453706404935 
   50.711230881659617    87.79114705439892 
   57.498329390294799   106.17416350529952 
   42.429021438378953    118.7007734956491 
   49.216119947014136    137.0837899465497 
    34.14681199509829   149.61039993689931 
   40.933910503733472   167.99341638779993 
   25.864602551817626   180.52002637814948 
   32.651701060452808   198.90304282905007 
   17.582393108536962   211.42965281939965 
   24.369491617172145   229.81266927030026 
    104.2013641806878   19.301690642099995 
   89.132056228771972   31.828300632449572 
   95.919154737407155    50.21131708335016 
   80.849846785491309   62.737927073699751 
   87.636945294126477   81.120943524600349 
   72.567637342210645   93.647553514949934 
   79.354735850845827   112.03056996585053 
   64.285427898929981   124.55717995620013 
   71.072526407565149   142.94019640710076 
   56.003218455649318   155.46680639745031 
   62.790316964284486   173.84982284835095 
   47.721009012368654   186.37643283870048 
   54.508107521003822   204.75944928960112 
    39.43879956908799   217.28605927995065 
   46.225898077723159   235.66907573085126 
   119.27067213260365   6.7750806517504003 
   126.05777064123882   25.158097102651002 
   110.98846268932299   37.684707093000583 
   117.77556119795815   56.067723543901181 
   102.70625324604232   68.594333534250779 
   109.49335175467749   86.977349985151378 
   94.424043802761659   99.503959975500962 
   101.21114231139684   117.88697642640155 
   86.141834359480995   130.41358641675114 
   92.928932868116163   148.79660286765176 
   77.859624916200318   161.32321285800134 
     84.6467234248355   179.70622930890195 
   69.577415472919668   192.23283929925151 
   76.364513981554836   210.61585575015212 
   61.295206029639012   223.14246574050171 
   68.082304538274187   241.52548219140229 
   141.12707859315466   12.631487112301411 
   147.91417710178985   31.014503563202027 
     132.844869149874   43.541113553551604 
   139.63196765850918   61.924130004452195 
   124.56265970659335   74.450739994801793 
   131.34975821522852   92.833756445702406 
   116.28045026331266   105.36036643605198 
   123.06754877194786   123.74338288695257 
   107.99824082003202   136.26999287730214 
   114.78533932866719   154.65300932820276 
   99.716031376751332   167.17961931855234 
   106.50312988538653   185.56263576945295 
   91.433821933470682   198.08924575980254 
   98.220920442105864   216.47226221070312 
   83.151612490190018   228.99887220105271 
   89.938710998825215   247.38188865195332 
   162.98348505370569   18.487893572852432 
   169.77058356234085   36.870910023753034 
     154.701275610425   49.397520014102618 
   161.48837411906021   67.780536465003223 
   146.41906616714436   80.307146455352793 
   153.20616467577952   98.690162906253406 
   138.13685672386367   111.21677289660299 
   144.92395523249888   129.59978934750359 
   129.85464728058304   142.12639933785317 
   136.64174578921819   160.50941578875378 
   121.57243783730236   173.03602577910337 
   128.35953634593756   191.41904223000398 
   113.29022839402171   203.94565222035354 
   120.07732690265688   222.32866867125418 
   105.00801895074105   234.85527866160371 
   111.79511745937621   253.23829511250432 
   184.83989151425669   24.344300033403456 
    191.6269900228919   42.727316484304062 
   176.55768207097606   55.253926474653639 
   183.34478057961127   73.636942925554237 
   168.27547262769536   86.163552915903836 
   175.06257113633058   104.54656936680443 
   159.99326318441473   117.07317935715402 
   166.78036169304988   135.45619580805462 
   151.71105374113404    147.9828057984042 
   158.49815224976925   166.36582224930481 
    143.4288442978534    178.8924322396544 
   150.21594280648856   197.27544869055501 
   135.14663485457271   209.80205868090457 
   141.93373336320792   228.18507513180521 
   126.86442541129207   240.71168512215476 
   206.69629797480772   30.200706493954467 
   213.48339648344293   48.583722944855083 
   198.41408853152706    61.11033293520466 
   205.20118704016224   79.493349386105265 
   190.13187908824639    92.01995937645485 
    196.9189775968816   110.40297582735546 
   181.84966964496576   122.92958581770502 
   188.63676815360094   141.31260226860562 
   173.56746020168507    153.8392122589552 
   180.35455871032028   172.22222870985581 
   165.28525075840437    184.7488387002054 
   172.07234926703958   203.13185515110604 
   157.00304131512374   215.65846514145559 
   163.79013982375895   234.04148159235618 
    148.7208318718431   246.56809158270576 
   228.55270443535875   36.057112954505492 
   235.33980294399393   54.440129405406104 
   220.27049499207808   66.966739395755681 
   227.05759350071327   85.349755846656279 
   211.98828554879745   97.876365837005849 
   218.77538405743257   116.25938228790646 
   203.70607610551676   128.78599227825606 
   210.49317461415194   147.16900872915664 
   195.42386666223609   159.69561871950626 
   202.21096517087128   178.07863517040684 
   187.14165721895543   190.60524516075643 
   193.92875572759061   208.98826161165704 
   178.85944777567479   221.51487160200659 
   185.64654628430992   239.89788805290723 
    170.5772383323941   252.42449804325676 
   250.40911089590975   41.913519415056498 
   242.12690145262908   72.823145856306695 
   248.91399996126427   91.206162307207279 
   233.84469200934842   103.73277229755688 
   240.63179051798363   122.11578874845749 
   225.56248256606779   134.64239873880706 
   232.34958107470294   153.02541518970767 
   217.28027312278709   165.55202518005726 
   224.06737163142228   183.93504163095787 
   208.99806367950643   196.46165162130745 
   215.78516218814161   214.84466807220807 
   200.71585423622577   227.37127806255762 
   207.50295274486098   245.75429451345823 
   38.632144799034762   1.7324712604469372 
   30.349935355754095   32.642097701697118 
   255.70109846989945   109.58917875810791 
   22.067725912473431   63.551724142947315 
   247.41888902661876   140.49880519935806 
   13.785516469192768    94.46135058419749 
   239.13667958333812   171.40843164060826 
    5.503307025912104   125.37097702544769 
   230.85447014005746   202.31805808185845 
   222.57226069677679   233.22768452310865 
