   75.427825998701451   17.885142477280297 
   57.629867027568757   26.084694688338935 
   59.427825998701465   45.597955398382354 
    41.62986702756875   53.797507609440977 
   43.427825998701472   73.310768319484382 
   25.629867027568757   81.510320530543012 
   27.427825998701461   101.02358124058642 
   9.6298670275687481   109.22313345164507 
   11.427825998701456   128.73639416168845 
   111.02374394096688    1.486038055163029 
   93.225784969834166   9.6855902662216558 
   95.023743940966881   29.198850976265053 
    77.22578496983418   37.398403187323694 
   79.023743940966881   56.911663897367106 
   61.225784969834173   65.111216108425737 
   63.023743940966895    84.62447681846912 
    45.22578496983418   92.824029029527779 
   47.023743940966888   112.33728973957118 
   29.225784969834169   120.53684195062984 
   31.023743940966877   140.05010266067322 
   13.225784969834178   148.24965487173185 
   15.023743940966884   167.76291558177525 
   130.61966188323231   12.799746554147788 
   112.82170291209961   20.999298765206429 
   114.61966188323231   40.512559475249816 
    96.82170291209961   48.712111686308468 
   98.619661883232311   68.225372396351872 
    80.82170291209961   76.424924607410489 
   82.619661883232311     95.9381853174539 
   64.821702912099624   104.13773752851255 
   66.619661883232311   123.65099823855593 
    48.82170291209961   131.85055044961462 
   50.619661883232318   151.36381115965798 
    32.82170291209961   159.56336337071662 
   34.619661883232325   179.07662408076001 
   16.821702912099624   187.27617629181864 
   18.619661883232329   206.78943700186201 
   148.41762085436503   4.6001943430891465 
   150.21557982549774   24.113455053132547 
   132.41762085436505   32.313007264191185 
   134.21557982549774   51.826267974234568 
   116.41762085436504   60.025820185293213 
   118.21557982549774   79.539080895336625 
   100.41762085436503    87.73863310639527 
   102.21557982549776   107.25189381643865 
    84.41762085436504    115.4514460274973 
   86.215579825497755   134.96470673754069 
   68.417620854365026   143.16425894859935 
   70.215579825497755   162.67751965864275 
    52.41762085436504   170.87707186970138 
   54.215579825497763   190.39033257974478 
   36.417620854365047   198.58988479080341 
    38.21557982549777   218.10314550084681 
   168.01353879663046   15.913902842073906 
   169.81149776776317   35.427163552117307 
   152.01353879663046    43.62671576317593 
   153.81149776776317   63.139976473219328 
   136.01353879663046    71.33952868427798 
   137.81149776776317   90.852789394321391 
   120.01353879663047   99.052341605380008 
   121.81149776776317    118.5656023154234 
   104.01353879663046   126.76515452648205 
   105.81149776776317   146.27841523652546 
   88.013538796630471   154.47796744758412 
   89.811497767763171   173.99122815762752 
   72.013538796630456   182.19078036868615 
   73.811497767763171   201.70404107872955 
   56.013538796630478   209.90359328978818 
   57.811497767763186   229.41685399983157 
   187.60945673889586   27.227611341058651 
    189.4074157100286   46.740872051102066 
   171.60945673889589    54.94042426216069 
    173.4074157100286   74.453684972204101 
   155.60945673889589   82.653237183262732 
    157.4074157100286   102.16649789330614 
   139.60945673889589   110.36605010436477 
    141.4074157100286   129.87931081440817 
   123.60945673889589    138.0788630254668 
    125.4074157100286    157.5921237355102 
   107.60945673889589   165.79167594656886 
    109.4074157100286   185.30493665661226 
   91.609456738895886   193.50448886767089 
   93.407415710028616   213.01774957771431 
   75.609456738895901   221.21730178877291 
   77.407415710028616   240.73056249881634 
   207.20537468116135   38.541319840043421 
   209.00333365229406    58.05458055008684 
   191.20537468116135   66.254132761145456 
   193.00333365229406   85.767393471188868 
   175.20537468116135   93.966945682247498 
   177.00333365229406   113.48020639229091 
   159.20537468116132   121.67975860334954 
   161.00333365229406   141.19301931339294 
   143.20537468116132    149.3925715244516 
   145.00333365229406   168.90583223449499 
   127.20537468116133   177.10538444555363 
   129.00333365229406   196.61864515559705 
   111.20537468116133   204.81819736665565 
   113.00333365229406   224.33145807669905 
   95.205374681161359   232.53101028775768 
    97.00333365229406   252.04427099780111 
   226.80129262342672   49.855028339028166 
   228.59925159455946   69.368289049071578 
   210.80129262342675   77.567841260130209 
   212.59925159455943   97.081101970173606 
   194.80129262342672   105.28065418123225 
   196.59925159455943   124.79391489127566 
   178.80129262342675   132.99346710233428 
   180.59925159455946   152.50672781237768 
   162.80129262342675   160.70628002343634 
   164.59925159455946   180.21954073347973 
   146.80129262342675   188.41909294453839 
   148.59925159455943   207.93235365458179 
   130.80129262342675   216.13190586564042 
   132.59925159455946   235.64516657568382 
   114.80129262342675   243.84471878674242 
   246.39721056569221    61.16873683801294 
   248.19516953682489   80.681997548056358 
   230.39721056569218   88.881549759114975 
   232.19516953682492   108.39481046915837 
   214.39721056569218   116.59436268021702 
   216.19516953682492   136.10762339026041 
   198.39721056569218   144.30717560131905 
   200.19516953682492   163.82043631136244 
   182.39721056569218    172.0199885224211 
   184.19516953682489    191.5332492324645 
   166.39721056569215   199.73280144352316 
   168.19516953682489   219.24606215356656 
   150.39721056569218   227.44561436462519 
   152.19516953682492   246.95887507466858 
   134.39721056569221   255.15842728572721 
   249.99312850795755   100.19525825809973 
   251.79108747909029   119.70851896814312 
   233.99312850795758   127.90807117920177 
   235.79108747909027   147.42133188924515 
   217.99312850795755   155.62088410030378 
   219.79108747909029   175.13414481034718 
   201.99312850795758   183.33369702140584 
   203.79108747909029   202.84695773144924 
   185.99312850795758   211.04650994250787 
   187.79108747909029   230.55977065255129 
   169.99312850795758    238.7593228636099 
   253.58904645022301   139.22177967818655 
   255.38700542135575   158.73504038822995 
   237.58904645022301   166.93459259928855 
   239.38700542135575   186.44785330933198 
   221.58904645022301   194.64740552039061 
   223.38700542135575     214.160666230434 
   205.58904645022301   222.36021844149263 
   207.38700542135572   241.87347915153606 
   189.58904645022301   250.07303136259466 
