   118.58229121899912   5.2121996575964715 
   99.268582720014365   8.5259081565812274 
   95.954874221029598    27.83961665556599 
   76.641165722044846   31.153325154550743 
    73.32745722306008   50.467033653535523 
   54.013748724075334   53.780742152520261 
   50.700040225090547   73.094450651505042 
   31.386331726105801   76.408159150489809 
   28.072623227121017   95.721867649474575 
   8.7589147281362703   99.035576148459327 
   5.4452062291515011   118.34928464744409 
    137.8959997179839   1.8984911586117166 
   134.58229121899913   21.212199657596479 
   115.26858272001436   24.525908156581234 
   111.95487422102961   43.839616655565997 
   92.641165722044846   47.153325154550764 
   89.327457223060094   66.467033653535523 
   70.013748724075327   69.780742152520276 
   66.700040225090575   89.094450651505042 
   47.386331726105794   92.408159150489809 
   44.072623227121042   111.72186764947458 
   24.758914728136261   115.03557614845934 
   21.445206229151509   134.34928464744411 
   2.1314977301667604   137.66299314642885 
    153.8959997179839   17.898491158611709 
   150.58229121899913   37.212199657596472 
   131.26858272001436   40.525908156581224 
    127.9548742210296    59.83961665556599 
   108.64116572204485   63.153325154550757 
   105.32745722306008   82.467033653535509 
   86.013748724075313   85.780742152520276 
   82.700040225090561   105.09445065150504 
   63.386331726105801   108.40815915048981 
   60.072623227121035   127.72186764947458 
   40.758914728136268   131.03557614845934 
   37.445206229151516   150.34928464744408 
   18.131497730166767   153.66299314642885 
   14.817789231181997   172.97670164541361 
   173.20970821696864    14.58478265962694 
   169.89599971798387   33.898491158611705 
    166.5822912189991   53.212199657596464 
   147.26858272001436   56.525908156581217 
    143.9548742210296    75.83961665556599 
   124.64116572204485   79.153325154550757 
   121.32745722306009   98.467033653535509 
   102.01374872407533   101.78074215252026 
   98.700040225090561   121.09445065150503 
   79.386331726105809   124.40815915048979 
   76.072623227121042   143.72186764947458 
   56.758914728136261   147.03557614845934 
   53.445206229151509   166.34928464744408 
   34.131497730166757   169.66299314642885 
    30.81778923118199   188.97670164541361 
   11.504080732197258   192.29041014439835 
   189.20970821696866   30.584782659626946 
    185.8959997179839   49.898491158611698 
    182.5822912189991   69.212199657596457 
   163.26858272001436   72.525908156581224 
    159.9548742210296    91.83961665556599 
   140.64116572204486   95.153325154550743 
   137.32745722306009   114.46703365353551 
   118.01374872407533   117.78074215252026 
   114.70004022509056   137.09445065150504 
   95.386331726105794   140.40815915048981 
   92.072623227121028   159.72186764947455 
   72.758914728136276   163.03557614845931 
   69.445206229151495   182.34928464744411 
    50.13149773016675   185.66299314642885 
   46.817789231181997   204.97670164541358 
   27.504080732197249   208.29041014439835 
   205.20970821696864   46.584782659626939 
   201.89599971798387   65.898491158611691 
   198.58229121899913   85.212199657596457 
   179.26858272001436   88.525908156581224 
    175.9548742210296   107.83961665556599 
   156.64116572204483   111.15332515455074 
   153.32745722306009   130.46703365353551 
    134.0137487240753   133.78074215252028 
   130.70004022509056   153.09445065150504 
   111.38633172610579   156.40815915048978 
   108.07262322712104   175.72186764947458 
   88.758914728136261   179.03557614845934 
   85.445206229151509   198.34928464744411 
   66.131497730166757   201.66299314642885 
   62.817789231182005   220.97670164541358 
   43.504080732197245   224.29041014439835 
   221.20970821696864   62.584782659626946 
    217.8959997179839   81.898491158611705 
   214.58229121899913   101.21219965759649 
   195.26858272001439   104.52590815658124 
   191.95487422102966     123.839616655566 
   172.64116572204486   127.15332515455076 
   169.32745722306009   146.46703365353554 
   150.01374872407536   149.78074215252028 
   146.70004022509059   169.09445065150504 
   127.38633172610582   172.40815915048981 
   124.07262322712106   191.72186764947458 
   104.75891472813629   195.03557614845934 
   101.44520622915152   214.34928464744411 
   82.131497730166771   217.66299314642885 
   78.817789231182033   236.97670164541364 
   59.504080732197266   240.29041014439838 
   237.20970821696866   78.584782659626953 
   233.89599971798387   97.898491158611705 
   230.58229121899913   117.21219965759649 
   211.26858272001439   120.52590815658124 
   207.95487422102963     139.839616655566 
   188.64116572204483   143.15332515455074 
   185.32745722306009   162.46703365353554 
   166.01374872407536   165.78074215252028 
   162.70004022509059   185.09445065150507 
   143.38633172610582   188.40815915048981 
   140.07262322712106   207.72186764947458 
   120.75891472813629   211.03557614845934 
   117.44520622915154   230.34928464744414 
   98.131497730166771   233.66299314642887 
   94.817789231182019   252.97670164541361 
   75.504080732197252   256.29041014439838 
   253.20970821696869   94.584782659626967 
    249.8959997179839   113.89849115861171 
   246.58229121899913    133.2121996575965 
   227.26858272001439   136.52590815658124 
   223.95487422102963     155.839616655566 
   204.64116572204486   159.15332515455074 
   201.32745722306012   178.46703365353551 
   182.01374872407533    181.7807421525203 
   178.70004022509059   201.09445065150504 
   159.38633172610582   204.40815915048981 
   156.07262322712108   223.72186764947458 
   136.75891472813626   227.03557614845931 
   133.44520622915152   246.34928464744414 
   114.13149773016679   249.66299314642887 
   243.26858272001436   152.52590815658124 
    239.9548742210296     171.839616655566 
   220.64116572204486   175.15332515455074 
   217.32745722306012   194.46703365353554 
   198.01374872407533   197.78074215252028 
   194.70004022509056   217.09445065150504 
   175.38633172610582   220.40815915048978 
   172.07262322712106    239.7218676494746 
   152.75891472813629   243.03557614845934 
   79.954874221029627    11.83961665556601 
   236.64116572204486   191.15332515455077 
   57.327457223060087   34.467033653535545 
   214.01374872407536   213.78074215252025 
   34.700040225090568   57.094450651505056 
   191.38633172610582   236.40815915048978 
    12.07262322712104   79.721867649474589 
