   209.49929891237241   7.7556047351249688 
    178.5896724711223   16.037814178405618 
   160.20665602022163   9.2507156697704342 
   147.68004602987207   24.320023621686296 
   129.29702957897146     17.5329251130511 
   116.77041958862189   32.602233064966946 
   98.387403137721279   25.815134556331763 
   85.860793147371695   40.884442508247623 
   67.477776696471082   34.097343999612427 
   54.951166706121505   49.166651951528287 
   36.568150255220914   42.379553442893091 
   24.041540264871323   57.448861394808951 
    5.658523813970735   50.661762886173754 
   227.88231536327305   14.542703243760123 
   215.35570537292347   29.612011195675986 
   196.97268892202288   22.824912687040786 
    184.4460789316733   37.894220638956632 
   166.06306248077269    31.10712213032145 
    153.5364524904231    46.17643008223731 
   135.15343603952249   39.389331573602114 
   122.62682604917292    54.45863952551796 
   104.24380959827231   47.671541016882777 
   91.717199607922709   62.740848968798637 
    73.33418315702211   55.953750460163441 
   60.807573166672512   71.023058412079308 
   42.424556715771928   64.235959903444098 
   29.897946725422347   79.305267855359972 
   11.514930274521758   72.518169346724775 
   233.73872182382405   36.399109704311151 
   221.21211183347447   51.468417656227004 
   202.82909538257388   44.681319147591815 
    190.3024853922243   59.750627099507653 
   171.91946894132369   52.963528590872485 
    159.3928589509741   68.032836542788331 
   141.00984250007352   61.245738034153149 
   128.48323250972393   76.315045986068981 
   110.10021605882332   69.527947477433813 
   97.573606068473737   84.597255429349659 
   79.190589617573124   77.810156920714491 
   66.663979627223526   92.879464872630322 
   48.280963176322949    86.09236636399514 
   35.754353185973358   101.16167431591099 
   17.371336735072781   94.374575807275804 
   4.8447267447231894   109.44388375919164 
   239.59512828437508   58.255516164862172 
   227.06851829402547   73.324824116778018 
   208.68550184312488   66.537725608142836 
   196.15889185277533   81.607033560058667 
   177.77587540187469   74.819935051423499 
   165.24926541152513   89.889243003339345 
   146.86624896062452   83.102144494704163 
   134.33963897027496   98.171452446619995 
   115.95662251937433   91.384353937984827 
   103.43001252902475   106.45366188990067 
   85.046996078124138    99.66656338126549 
    72.52038608777454   114.73587133318134 
    54.13736963687397   107.94877282454615 
   41.610759646524379     123.018080776462 
   23.227743195623791   116.23098226782682 
   10.701133205274198   131.30029021974266 
   245.45153474492611   80.111922625413186 
   232.92492475457652   95.181230577329032 
   214.54190830367594    88.39413206869385 
   202.01529831332633   103.46344002060968 
   183.63228186242574   96.676341511974513 
   171.10567187207613   111.74564946389036 
   152.72265542117555   104.95855095525518 
   140.19604543082596   120.02785890717101 
   121.81302897992536   113.24076039853584 
   109.28641898957576   128.31006835045167 
   90.903402538675152    121.5229698418165 
   78.376792548325568   136.59227779373234 
   59.993776097424984   129.80517928509718 
   47.467166107075386   144.87448723701303 
   29.084149656174816   138.08738872837782 
   16.557539665825225   153.15669668029366 
   251.30794120547711    101.9683290859642 
   238.78133121512752   117.03763703788005 
   220.39831476422691   110.25053852924486 
   207.87170477387735    125.3198464811607 
   189.48868832297674   118.53274797252553 
   176.96207833262716   133.60205592444137 
   158.57906188172655   126.81495741580619 
   146.05245189137696   141.88426536772204 
   127.66943544047636   135.09716685908685 
   115.14282545012678    150.1664748110027 
   96.759808999226166   143.37937630236755 
   84.233199008876582   158.44868425428336 
   65.850182557975998   151.66158574564818 
   53.323572567626414   166.73089369756403 
   34.940556116725823   159.94379518892885 
   22.413946126376231   175.01310314084469 
   244.63773767567852    138.8940434984311 
   226.25472122477794   132.10694498979589 
   213.72811123442841   147.17625294171174 
   195.34509478352774   140.38915443307656 
   182.81848479317819   155.45846238499243 
   164.43546834227757   148.67136387635722 
   151.90885835192802   163.74067182827307 
   133.52584190102738   156.95357331963788 
   120.99923191067781   172.02288127155373 
   102.61621545977719   165.23578276291855 
    90.08960546942761   180.30509071483439 
   71.706589018527026   173.51799220619924 
   59.179979028177435   188.58730015811508 
   40.796962577276851   181.80020164947987 
    28.27035258692727   196.86950960139572 
   250.49414413622958    160.7504499589821 
     232.111127685329   153.96335145034692 
   219.58451769497938   169.03265940226277 
    201.2015012440788   162.24556089362756 
   188.67489125372919    177.3148688455434 
    170.2918748028286   170.52777033690825 
   157.76526481247902   185.59707828882409 
   139.38224836157841   178.80997978018888 
   126.85563837122882   193.87928773210476 
   108.47262192032821   187.09218922346957 
   95.946011929978624   202.16149717538542 
    77.56299547907804   195.37439866675021 
   65.036385488728456   210.44370661866606 
   46.653369037827872   203.65660811003087 
   34.126759047478281   218.72591606194675 
   256.35055059678058   182.60685641953313 
   237.96753414587997   175.81975791089792 
   225.44092415553041   190.88906586281377 
    207.0579077046298   184.10196735417861 
   194.53129771428021   199.17127530609446 
    176.1482812633796   192.38417679745925 
   163.62167127303002   207.45348474937509 
   145.23865482212943   200.66638624073991 
   132.71204483177982   215.73569419265579 
   114.32902838087922   208.94859568402057 
   101.80241839052964   224.01790363593645 
   83.419401939629054   217.23080512730127 
    70.89279194927947   232.30011307921711 
   52.509775498378879    225.5130145705819 
   39.983165508029302   240.58232252249775 
   243.82394060643099   197.67616437144895 
   231.29733061608144   212.74547232336479 
    212.9143141651808   205.95837381472958 
   200.38770417483124   221.02768176664546 
    182.0046877239306   214.24058325801028 
   169.47807773358107   229.30989120992609 
   151.09506128268046   222.52279270129097 
   138.56845129233088   237.59210065320681 
   120.18543484143025    230.8050021445716 
   107.65882485108065   245.87431009648745 
   89.275808400180068   239.08721158785224 
   76.749198409830484   254.15651953976811 
   58.366181958929907   247.36942103113293 
   249.68034706698202   219.53257083199995 
   218.77072062573185   227.81478027528061 
   141.82363956932105     2.46361716113528 
   187.86109418448166    236.0969897185613 
   110.91401312807089    10.74582660441593 
   156.95146774323146   244.37919916184194 
   80.004386686820681   19.028036047696606 
   126.04184130198126    252.6614086051226 
   49.094760245570477   27.310245490977273 
   18.185133804320312   35.592454934257937 
