   152.90142191851754   6.2900072370902924 
   133.38816120847414   4.4920482659575853 
    125.1886089974155     22.2900072370903 
   105.67534828737207   20.492048265957592 
   97.475796076313458   38.290007237090308 
    77.96253536627006   36.492048265957585 
    69.76298315521143     54.2900072370903 
   50.249722445168018   52.492048265957592 
   42.050170234109387   70.290007237090322 
   22.536909524065976   68.492048265957621 
   14.337357313007335   86.290007237090336 
   172.41468262856094   8.0879662082230013 
   164.21513041750231   25.885925179355716 
   144.70186970745888   24.087966208223008 
   136.50231749640025   41.885925179355723 
   116.98905678635685   40.087966208223015 
   108.78950457529821   57.885925179355731 
   89.276243865254827   56.087966208223008 
   81.076691654196182   73.885925179355723 
   61.563430944152785   72.087966208223008 
   53.363878733094147   89.885925179355738 
   33.850618023050735   88.087966208223037 
   25.651065811992094   105.88592517935575 
   6.1378051019487074   104.08796620822302 
   191.92794333860436   9.8859251793556933 
   183.72839112754568   27.683884150488439 
   175.52883891648705   45.481843121621139 
   156.01557820644365   43.683884150488431 
   147.81602599538502   61.481843121621147 
   128.30276528534159   59.683884150488439 
   120.10321307428298   77.481843121621154 
   100.58995236423959   75.683884150488439 
   92.390400153180948   93.481843121621139 
   72.877139443137551   91.683884150488453 
   64.677587232078906   109.48184312162115 
   45.164326522035495   107.68388415048845 
    36.96477431097685   125.48184312162117 
   17.451513600933481   123.68388415048845 
   9.2519613898748254   141.48184312162115 
    203.2416518375891   29.481843121621115 
   195.04209962653044   47.279802092753862 
   186.84254741547181    65.07776106388657 
   167.32928670542842   63.279802092753854 
   159.12973449436976    81.07776106388657 
   139.61647378432636   79.279802092753854 
   131.41692157326776    97.07776106388657 
   111.90366086322435   95.279802092753869 
   103.70410865216571   113.07776106388658 
   84.190847942122318   111.27980209275387 
   75.991295731063659   129.07776106388658 
   56.478035021020268   127.27980209275388 
   48.278482809961623   145.07776106388658 
    28.76522209991824    143.2798020927539 
   20.565669888859599   161.07776106388661 
   1.0524091788162138   159.27980209275387 
   214.55536033657387   49.077761063886555 
   206.35580812551518   66.875720035019285 
   198.15625591445658   84.673679006151986 
   178.64299520441318    82.87572003501927 
   170.44344299335455   100.67367900615199 
   150.93018228331115   98.875720035019285 
    142.7306300722525     116.673679006152 
    123.2173693622091   114.87572003501928 
   115.01781715115048   132.67367900615201 
    95.50455644110707    130.8757200350193 
   87.305004230048439   148.67367900615201 
   67.791743520005028    146.8757200350193 
   59.592191308946383   164.67367900615201 
      40.078930598903    162.8757200350193 
   31.879378387844358   180.67367900615201 
   12.366117677800986    178.8757200350193 
   225.86906883555866   68.673679006151971 
   217.66951662449998   86.471637977284686 
   209.46996441344135   104.26959694841739 
   189.95670370339795    102.4716379772847 
   181.75715149233932    120.2695969484174 
   162.24389078229592    118.4716379772847 
   154.04433857123726   136.26959694841742 
   134.53107786119386    134.4716379772847 
   126.33152565013523   152.26959694841739 
   106.81826494009184   150.47163797728473 
   98.618712729033177   168.26959694841742 
    79.10545201898978   166.47163797728473 
   70.905899807931121   184.26959694841742 
   51.392639097887773   182.47163797728473 
   43.193086886829114   200.26959694841742 
   23.679826176785745    198.4716379772847 
    237.1827773345434   88.269596948417373 
   228.98322512348474   106.06755591955012 
   220.78367291242611   123.86551489068285 
   201.27041220238272   122.06755591955012 
   193.07085999132408   139.86551489068285 
   173.55759928128066   138.06755591955013 
   165.35804707022203   155.86551489068285 
   145.84478636017863   154.06755591955013 
      137.64523414912   171.86551489068285 
   118.13197343907659   170.06755591955013 
   109.93242122801796   187.86551489068285 
   90.419160517974561   186.06755591955016 
   82.219608306915902    203.8655148906829 
   62.706347596872533   202.06755591955016 
   54.506795385813888   219.86551489068287 
   34.993534675770505   218.06755591955013 
   248.49648583352817   107.86551489068282 
   240.29693362246951   125.66347386181556 
   232.09738141141088   143.46143283294828 
   212.58412070136748   141.66347386181556 
   204.38456849030885   159.46143283294828 
   184.87130778026543   157.66347386181559 
   176.67175556920679    175.4614328329483 
    157.1584948591634   173.66347386181559 
    148.9589426481048    191.4614328329483 
   129.44568193806137   189.66347386181556 
   121.24612972700272    207.4614328329483 
   101.73286901695933   205.66347386181556 
   93.533316805900682    223.4614328329483 
   74.020056095857299   221.66347386181559 
   65.820503884798669   239.46143283294833 
   46.307243174755278   237.66347386181559 
   251.61064212145425   145.25939180408096 
   243.41108991039565   163.05735077521371 
   223.89782920035219   161.25939180408096 
   215.69827698929359   179.05735077521368 
   196.18501627925019   177.25939180408096 
   187.98546406819156   195.05735077521371 
   168.47220335814816   193.25939180408099 
   160.27265114708953   211.05735077521371 
   140.75939043704614   209.25939180408099 
   132.55983822598748   227.05735077521371 
   113.04657751594407   225.25939180408099 
   104.84702530488543   243.05735077521373 
   85.333764594842052   241.25939180408099 
   254.72479840938041   182.65326871747914 
   235.21153769933701   180.85530974634642 
   227.01198548827838   198.65326871747914 
   207.49872477823496   196.85530974634642 
   199.29917256717633   214.65326871747914 
   179.78591185713293   212.85530974634639 
    171.5863596460743   230.65326871747914 
    152.0730989360309   228.85530974634642 
   143.87354672497227   246.65326871747916 
   124.36028601492885   244.85530974634642 
   246.52524619832175   200.45122768861182 
   113.87490049843073   2.6940892948248774 
   218.81243327721972   216.45122768861182 
   86.162087577328677   18.694089294824884 
   191.09962035611767   232.45122768861182 
    58.44927465622667   34.694089294824877 
   163.38680743501564   248.45122768861182 
   30.736461735124614   50.694089294824884 
    3.023648814022561   66.694089294824906 
