   231.98415330112866   14.284274760960566 
   215.98415330112863   25.597983259945341 
   199.98415330112866   14.284274760960566 
   183.98415330112866   25.597983259945341 
   167.98415330112866   14.284274760960566 
   151.98415330112863   25.597983259945341 
   135.98415330112866   14.284274760960566 
   119.98415330112866   25.597983259945341 
   103.98415330112864   14.284274760960566 
   87.984153301128643   25.597983259945341 
   71.984153301128629   14.284274760960566 
   55.984153301128622   25.597983259945341 
   39.984153301128643   14.284274760960566 
   23.984153301128639   25.597983259945341 
   7.9841533011286598   14.284274760960582 
   247.98415330112866   25.597983259945323 
   231.98415330112866   36.911691758930083 
   215.98415330112863   48.225400257914856 
   199.98415330112866   36.911691758930083 
   183.98415330112866   48.225400257914856 
   167.98415330112866   36.911691758930083 
   151.98415330112863   48.225400257914856 
   135.98415330112866   36.911691758930083 
   119.98415330112866   48.225400257914856 
   103.98415330112864   36.911691758930083 
   87.984153301128643   48.225400257914856 
   71.984153301128629   36.911691758930083 
   55.984153301128622   48.225400257914856 
   39.984153301128643   36.911691758930083 
   23.984153301128639   48.225400257914856 
   7.9841533011286598   36.911691758930097 
   247.98415330112866   48.225400257914842 
   231.98415330112866   59.539108756899616 
   215.98415330112863   70.852817255884375 
   199.98415330112866   59.539108756899616 
   183.98415330112866   70.852817255884375 
   167.98415330112866   59.539108756899616 
   151.98415330112863   70.852817255884375 
   135.98415330112866   59.539108756899616 
   119.98415330112866   70.852817255884375 
   103.98415330112864   59.539108756899616 
   87.984153301128643   70.852817255884375 
   71.984153301128629   59.539108756899616 
   55.984153301128622   70.852817255884375 
   39.984153301128643   59.539108756899616 
   23.984153301128639   70.852817255884375 
   7.9841533011286598    59.53910875689963 
   247.98415330112866   70.852817255884375 
   231.98415330112866   82.166525754869113 
   215.98415330112863   93.480234253853894 
   199.98415330112866   82.166525754869113 
   183.98415330112866   93.480234253853894 
   167.98415330112866   82.166525754869127 
   151.98415330112863   93.480234253853894 
   135.98415330112866   82.166525754869127 
   119.98415330112866   93.480234253853894 
   103.98415330112864   82.166525754869127 
   87.984153301128643   93.480234253853894 
   71.984153301128629   82.166525754869127 
   55.984153301128622   93.480234253853894 
   39.984153301128643   82.166525754869141 
   23.984153301128639   93.480234253853894 
   7.9841533011286598   82.166525754869141 
   247.98415330112866   93.480234253853894 
   231.98415330112866   104.79394275283863 
   215.98415330112863   116.10765125182341 
   199.98415330112866   104.79394275283865 
   183.98415330112866   116.10765125182341 
   167.98415330112866   104.79394275283865 
   151.98415330112863   116.10765125182341 
   135.98415330112866   104.79394275283865 
   119.98415330112866   116.10765125182341 
   103.98415330112864   104.79394275283865 
   87.984153301128643   116.10765125182341 
   71.984153301128629   104.79394275283865 
   55.984153301128622   116.10765125182341 
   39.984153301128643   104.79394275283866 
   23.984153301128639   116.10765125182341 
   7.9841533011286598   104.79394275283866 
   247.98415330112866   116.10765125182341 
   231.98415330112866   127.42135975080816 
   215.98415330112863   138.73506824979293 
   199.98415330112866   127.42135975080816 
   183.98415330112866   138.73506824979293 
   167.98415330112866   127.42135975080816 
   151.98415330112863   138.73506824979293 
   135.98415330112866   127.42135975080816 
   119.98415330112866   138.73506824979293 
   103.98415330112864   127.42135975080816 
   87.984153301128643   138.73506824979293 
   71.984153301128629   127.42135975080816 
   55.984153301128622   138.73506824979293 
   39.984153301128643   127.42135975080816 
   23.984153301128639   138.73506824979293 
   7.9841533011286598   127.42135975080818 
   247.98415330112866   138.73506824979293 
   231.98415330112866    150.0487767487777 
   215.98415330112863   161.36248524776246 
   199.98415330112866    150.0487767487777 
   183.98415330112866   161.36248524776246 
   167.98415330112866    150.0487767487777 
   151.98415330112863   161.36248524776246 
   135.98415330112866    150.0487767487777 
   119.98415330112866   161.36248524776246 
   103.98415330112864    150.0487767487777 
   87.984153301128643   161.36248524776246 
   71.984153301128629    150.0487767487777 
   55.984153301128622   161.36248524776246 
   39.984153301128643    150.0487767487777 
   23.984153301128639   161.36248524776246 
   7.9841533011286598    150.0487767487777 
   247.98415330112866   161.36248524776246 
   231.98415330112866    172.6761937467472 
   215.98415330112863     183.989902245732 
   199.98415330112866    172.6761937467472 
   183.98415330112866     183.989902245732 
   167.98415330112866    172.6761937467472 
   151.98415330112863     183.989902245732 
   135.98415330112866    172.6761937467472 
   119.98415330112866     183.989902245732 
   103.98415330112864    172.6761937467472 
   87.984153301128643     183.989902245732 
   71.984153301128629    172.6761937467472 
   55.984153301128622     183.989902245732 
   39.984153301128643    172.6761937467472 
   23.984153301128639     183.989902245732 
   7.9841533011286598    172.6761937467472 
   247.98415330112866     183.989902245732 
   231.98415330112866   195.30361074471674 
   215.98415330112863    206.6173192437015 
   199.98415330112866   195.30361074471674 
   183.98415330112866    206.6173192437015 
   167.98415330112866   195.30361074471674 
   151.98415330112863    206.6173192437015 
   135.98415330112866   195.30361074471674 
   119.98415330112866    206.6173192437015 
   103.98415330112864   195.30361074471674 
   87.984153301128643    206.6173192437015 
   71.984153301128629   195.30361074471674 
   55.984153301128622    206.6173192437015 
   39.984153301128643   195.30361074471674 
   23.984153301128639    206.6173192437015 
   7.9841533011286598   195.30361074471676 
   247.98415330112866   206.61731924370147 
   231.98415330112866   217.93102774268624 
   215.98415330112863   229.24473624167103 
   199.98415330112866   217.93102774268624 
   183.98415330112866   229.24473624167103 
   167.98415330112866   217.93102774268624 
   151.98415330112863   229.24473624167103 
   135.98415330112866   217.93102774268624 
   119.98415330112866   229.24473624167103 
   103.98415330112864   217.93102774268624 
   87.984153301128643   229.24473624167103 
   71.984153301128629   217.93102774268624 
   55.984153301128622   229.24473624167103 
   39.984153301128643   217.93102774268624 
   23.984153301128639   229.24473624167103 
   7.9841533011286598   217.93102774268624 
   247.98415330112866   229.24473624167103 
   231.98415330112866   240.55844474065577 
   215.98415330112866   251.87215323964054 
   199.98415330112866   240.55844474065577 
   183.98415330112866   251.87215323964054 
   167.98415330112866   240.55844474065577 
   151.98415330112863   251.87215323964054 
   135.98415330112866   240.55844474065577 
   119.98415330112866   251.87215323964054 
   103.98415330112864   240.55844474065577 
   87.984153301128643   251.87215323964054 
   71.984153301128629   240.55844474065577 
   55.984153301128636   251.87215323964054 
   39.984153301128643   240.55844474065577 
   23.984153301128654   251.87215323964054 
   7.9841533011286598    240.5584447406558 
   247.98415330112866   251.87215323964051 
