   16.674850223991903   9.0731450766019357 
   34.960564509706188   9.0731450766019357 
   34.960564509706188   27.358859362316206 
   16.674850223991903   27.358859362316206 
   16.674850223991903   45.644573648030494 
   34.960564509706188   45.644573648030494 
   34.960564509706188   63.930287933744786 
   16.674850223991903   63.930287933744786 
   16.674850223991903   82.216002219459085 
   34.960564509706188   82.216002219459085 
   34.960564509706188   100.50171650517336 
   16.674850223991903   100.50171650517336 
   16.674850223991903   118.78743079088765 
   34.960564509706188   118.78743079088765 
   34.960564509706188   137.07314507660195 
   16.674850223991903   137.07314507660195 
   16.674850223991903    155.3588593623162 
   34.960564509706188    155.3588593623162 
   34.960564509706188    173.6445736480305 
   16.674850223991903    173.6445736480305 
   16.674850223991903   191.93028793374478 
   34.960564509706188   191.93028793374478 
   34.960564509706188   210.21600221945906 
   16.674850223991903   210.21600221945906 
   16.674850223991903   228.50171650517336 
   34.960564509706188   228.50171650517336 
   34.960564509706188   246.78743079088764 
   16.674850223991903   246.78743079088764 
   53.246278795420473   9.0731450766019357 
   71.531993081134758   9.0731450766019357 
   71.531993081134758   27.358859362316206 
   53.246278795420473   27.358859362316206 
   53.246278795420473   45.644573648030494 
   71.531993081134758   45.644573648030494 
   71.531993081134758   63.930287933744786 
   53.246278795420473   63.930287933744786 
   53.246278795420473   82.216002219459085 
   71.531993081134758   82.216002219459085 
   71.531993081134758   100.50171650517336 
   53.246278795420473   100.50171650517336 
   53.246278795420473   118.78743079088765 
   71.531993081134758   118.78743079088765 
   71.531993081134758   137.07314507660195 
   53.246278795420473   137.07314507660195 
   53.246278795420473    155.3588593623162 
   71.531993081134758    155.3588593623162 
   71.531993081134758    173.6445736480305 
   53.246278795420473    173.6445736480305 
   53.246278795420473   191.93028793374478 
   71.531993081134758   191.93028793374478 
   71.531993081134758   210.21600221945906 
   53.246278795420473   210.21600221945906 
   53.246278795420473   228.50171650517336 
   71.531993081134758   228.50171650517336 
   71.531993081134758   246.78743079088764 
   53.246278795420473   246.78743079088764 
   89.817707366849049   9.0731450766019357 
   108.10342165256333   9.0731450766019357 
   108.10342165256333   27.358859362316206 
   89.817707366849049   27.358859362316206 
   89.817707366849049   45.644573648030494 
   108.10342165256333   45.644573648030494 
   108.10342165256333   63.930287933744786 
   89.817707366849049   63.930287933744786 
   89.817707366849049   82.216002219459085 
   108.10342165256333   82.216002219459085 
   108.10342165256333   100.50171650517336 
   89.817707366849049   100.50171650517336 
   89.817707366849049   118.78743079088765 
   108.10342165256333   118.78743079088765 
   108.10342165256333   137.07314507660195 
   89.817707366849049   137.07314507660195 
   89.817707366849049    155.3588593623162 
   108.10342165256333    155.3588593623162 
   108.10342165256333    173.6445736480305 
   89.817707366849049    173.6445736480305 
   89.817707366849049   191.93028793374478 
   108.10342165256333   191.93028793374478 
   108.10342165256333   210.21600221945906 
   89.817707366849049   210.21600221945906 
   89.817707366849049   228.50171650517336 
   108.10342165256333   228.50171650517336 
   108.10342165256333   246.78743079088764 
   89.817707366849049   246.78743079088764 
   126.38913593827762   9.0731450766019357 
   144.67485022399191   9.0731450766019357 
   144.67485022399191   27.358859362316206 
   126.38913593827762   27.358859362316206 
   126.38913593827762   45.644573648030494 
   144.67485022399191   45.644573648030494 
   144.67485022399191   63.930287933744786 
   126.38913593827762   63.930287933744786 
   126.38913593827762   82.216002219459085 
   144.67485022399191   82.216002219459085 
   144.67485022399191   100.50171650517336 
   126.38913593827762   100.50171650517336 
   126.38913593827762   118.78743079088765 
   144.67485022399191   118.78743079088765 
   144.67485022399191   137.07314507660195 
   126.38913593827762   137.07314507660195 
   126.38913593827762    155.3588593623162 
   144.67485022399191    155.3588593623162 
   144.67485022399191    173.6445736480305 
   126.38913593827762    173.6445736480305 
   126.38913593827762   191.93028793374478 
   144.67485022399191   191.93028793374478 
   144.67485022399191   210.21600221945906 
   126.38913593827762   210.21600221945906 
   126.38913593827762   228.50171650517336 
   144.67485022399191   228.50171650517336 
   144.67485022399191   246.78743079088764 
   126.38913593827762   246.78743079088764 
   162.96056450970616   9.0731450766019357 
   181.24627879542049   9.0731450766019357 
   181.24627879542049   27.358859362316206 
   162.96056450970616   27.358859362316206 
   162.96056450970616   45.644573648030494 
   181.24627879542049   45.644573648030494 
   181.24627879542049   63.930287933744786 
   162.96056450970616   63.930287933744786 
   162.96056450970616   82.216002219459085 
   181.24627879542049   82.216002219459085 
   181.24627879542049   100.50171650517336 
   162.96056450970616   100.50171650517336 
   162.96056450970616   118.78743079088765 
   181.24627879542049   118.78743079088765 
   181.24627879542049   137.07314507660195 
   162.96056450970616   137.07314507660195 
   162.96056450970616    155.3588593623162 
   181.24627879542049    155.3588593623162 
   181.24627879542049    173.6445736480305 
   162.96056450970616    173.6445736480305 
   162.96056450970616   191.93028793374478 
   181.24627879542049   191.93028793374478 
   181.24627879542049   210.21600221945906 
   162.96056450970616   210.21600221945906 
   162.96056450970616   228.50171650517336 
   181.24627879542049   228.50171650517336 
   181.24627879542049   246.78743079088764 
   162.96056450970616   246.78743079088764 
   199.53199308113474   9.0731450766019357 
   217.81770736684905   9.0731450766019357 
   217.81770736684905   27.358859362316206 
   199.53199308113474   27.358859362316206 
   199.53199308113474   45.644573648030494 
   217.81770736684905   45.644573648030494 
   217.81770736684905   63.930287933744786 
   199.53199308113474   63.930287933744786 
   199.53199308113474   82.216002219459085 
   217.81770736684905   82.216002219459085 
   217.81770736684905   100.50171650517336 
   199.53199308113474   100.50171650517336 
   199.53199308113474   118.78743079088765 
   217.81770736684905   118.78743079088765 
   217.81770736684905   137.07314507660195 
   199.53199308113474   137.07314507660195 
   199.53199308113474    155.3588593623162 
   217.81770736684905    155.3588593623162 
   217.81770736684905    173.6445736480305 
   199.53199308113474    173.6445736480305 
   199.53199308113474   191.93028793374478 
   217.81770736684905   191.93028793374478 
   217.81770736684905   210.21600221945906 
   199.53199308113474   210.21600221945906 
   199.53199308113474   228.50171650517336 
   217.81770736684905   228.50171650517336 
   217.81770736684905   246.78743079088764 
   199.53199308113474   246.78743079088764 
   236.10342165256333   9.0731450766019357 
   254.38913593827763   9.0731450766019357 
   254.38913593827763   27.358859362316206 
   236.10342165256333   27.358859362316206 
   236.10342165256333   45.644573648030494 
   254.38913593827763   45.644573648030494 
   254.38913593827763   63.930287933744786 
   236.10342165256333   63.930287933744786 
   236.10342165256333   82.216002219459085 
   254.38913593827763   82.216002219459085 
   254.38913593827763   100.50171650517336 
   236.10342165256333   100.50171650517336 
   236.10342165256333   118.78743079088765 
   254.38913593827763   118.78743079088765 
   254.38913593827763   137.07314507660195 
   236.10342165256333   137.07314507660195 
   236.10342165256333    155.3588593623162 
   254.38913593827763    155.3588593623162 
   254.38913593827763    173.6445736480305 
   236.10342165256333    173.6445736480305 
   236.10342165256333   191.93028793374478 
   254.38913593827763   191.93028793374478 
   254.38913593827763   210.21600221945906 
   236.10342165256333   210.21600221945906 
   236.10342165256333   228.50171650517336 
   254.38913593827763   228.50171650517336 
   254.38913593827763   246.78743079088764 
   236.10342165256333   246.78743079088764 
