   55.325374600785942   2.5250251539457329 
   32.930039809625441   15.454977724214015 
   50.592683490339844   20.187668834660109 
   45.859992379893754   37.850312515374512 
   28.197348699179351   33.117621404928421 
   23.464657588733242    50.78026508564281 
   41.127301269447649   55.512956196088915 
   36.394610159001559   73.175599876803304 
   18.731966478287152   68.442908766357206 
    13.99927536784106   86.105552447071602 
   31.661919048555465     90.8382435575177 
   26.929227938109374   108.50088723823208 
   9.2665842573949675     103.768196127786 
   4.5338931469488752   121.43083980850037 
    22.19653682766328   126.16353091894646 
    17.46384571721719   143.82617459966085 
   12.731154606771097   161.48881828037526 
   7.9984634963250052   179.15146196108964 
   3.2657723858789134   196.81410564180405 
   90.650661962214713   11.990407374837917 
   72.988018281500331   7.2577162643918243 
   68.255327171054233   24.920359945106199 
   85.917970851768629   29.653051055552289 
   81.185279741322518   47.315694736266693 
   63.522636060608136   42.583003625820602 
   58.789944950162038   60.245647306534998 
   76.452588630876434   64.978338416981103 
   71.719897520430337   82.640982097695485 
   54.057253839715948   77.908290987249401 
   49.324562729269857   95.570934667963783 
   66.987206409984253   100.30362577840988 
   62.254515299538156   117.96626945912428 
    44.59187161882376   113.23357834867818 
   39.859180508377669   130.89622202939256 
   57.521824189092058   135.62891313983866 
   52.789133078645968   153.29155682055304 
   35.126489397931579   148.55886571010694 
   30.393798287485488   166.22150939082135 
   48.056441968199877   170.95420050126745 
   43.323750857753787   188.61684418198183 
   25.661107177039394   183.88415307153574 
   20.928416066593304   201.54679675225012 
   38.591059747307696   206.27948786269621 
   33.858368636861599    223.9421315434106 
    16.19572495614721    219.2094404329645 
    130.7086404340896   3.7931459150157103 
    125.9759493236435   21.455789595730117 
   108.31330564292911   16.723098485284009 
   103.58061453248301   34.385742165998401 
   121.24325821319741   39.118433276444492 
   116.51056710275131   56.781076957158881 
   98.847923422036928    52.04838584671279 
    94.11523231159083   69.711029527427186 
   111.77787599230523   74.443720637873284 
   107.04518488185913    92.10636431858768 
   89.382541201144747   87.373673208141582 
   84.649850090698649   105.03631688885598 
   102.31249377141302   109.76900799930206 
   97.579802660966934   127.43165168001646 
   79.917158980252538   122.69896056957036 
   75.184467869806468   140.36160425028476 
   92.847111550520836   145.09429536073085 
   88.114420440074753   162.75693904144521 
   70.451776759360357   158.02424793099914 
   65.719085648914273   175.68689161171352 
   83.381729329628655   180.41958272215962 
   78.649038219182557   198.08222640287403 
   60.986394538468176   193.34953529242793 
   56.253703428022085   211.01217897314231 
   73.916347108736474   215.74487008358841 
   69.183655998290376   233.40751376430276 
   51.521012317575988   228.67482265385669 
   148.37128411480398   8.5258370254618185 
   166.03392779551839   13.258528135907909 
    161.3012366850723   30.921171816622298 
   143.63859300435789   26.188480706176207 
   138.90590189391179   43.851124386890582 
    156.5685455746262   48.583815497336673 
    151.8358544641801   66.246459178051069 
   134.17321078346569   61.513768067604978 
   129.44051967301962   79.176411748319381 
   147.10316335373398   83.909102858765465 
   142.37047224328791   101.57174653947986 
   124.70782856257352   96.839055429033763 
   119.97513745212743   114.50169910974816 
   137.63778113284181   119.23439022019424 
   132.90509002239574   136.89703390090867 
   115.24244634168134   132.16434279046257 
   110.50975523123525   149.82698647117692 
   128.17239891194964   154.55967758162302 
   123.43970780150354    172.2223212623374 
   105.77706412078915    167.4896301518913 
   101.04437301034307   185.15227383260572 
   118.70701669105745   189.88496494305181 
   113.97432558061135   207.54760862376622 
   96.311681899896968   202.81491751332013 
   91.578990789450884   220.47756119403451 
   109.24163447016525   225.21025230448058 
   104.50894335971915   242.87289598519499 
   86.846299679004773   238.14020487474886 
   183.69657147623275   17.991219246353985 
   201.35921515694716   22.723910356800094 
   196.62652404650106   40.386554037514486 
   178.96388036578668   35.653862927068388 
   174.23118925534058   53.316506607782763 
   191.89383293605499   58.049197718228861 
   187.16114182560887    75.71184139894325 
   169.49849814489448   70.979150288497166 
   164.76580703444839   88.641793969211562 
   182.42845071516277   93.374485079657646 
   177.69575960471667   111.03712876037204 
   160.03311592400229   106.30443764992594 
   155.30042481355622   123.96708133064034 
   172.96306849427057   128.69977244108645 
    168.2303773838245   146.36241612180083 
   150.56773370311012   141.62972501135474 
   145.83504259266402   159.29236869206912 
   163.49768627337841   164.02505980251522 
   158.76499516293231    181.6877034832296 
   141.10235148221793    176.9550123727835 
   136.36966037177183   194.61765605349791 
   154.03230405248621   199.35034716394398 
   149.29961294204011   217.01299084465839 
   131.63696926132573   212.28029973421229 
   126.90427815087965   229.94294341492667 
   144.56692183159404   234.67563452537277 
   139.83423072114795   252.33827820608715 
   122.17158704043355   247.60558709564106 
   219.02185883766154   27.456601467246184 
   236.68450251837592   32.189292577692278 
   231.95181140792982   49.851936258406667 
   214.28916772721544   45.119245147960577 
   209.55647661676934   62.781888828674951 
   227.21912029748373   67.514579939121035 
   222.48642918703763   85.177223619835445 
   204.82378550632328   80.444532509389333 
   200.09109439587715   98.107176190103743 
   217.75373807659156   102.83986730054984 
   213.02104696614546   120.50251098126424 
   195.35840328543108   115.76981987081814 
   190.62571217498498   133.43246355153255 
   208.28835585569936   138.16515466197862 
   203.55566474525327   155.82779834269303 
   185.89302106453886   151.09510723224693 
   181.16032995409282   168.75775091296131 
   198.82297363480717   173.49044202340738 
   194.09028252436107   191.15308570412176 
   176.42763884364669   186.42039459367567 
   171.69494773320059   204.08303827439008 
     189.357591413915   208.81572938483617 
   184.62490030346891   226.47837306555058 
    166.9622566227545   221.74568195510449 
    162.2295655123084   239.40832563581887 
   179.89220919302281     244.141016746265 
   254.34714619909033   36.921983688138369 
   249.61445508864423   54.584627368852757 
   244.88176397819814   72.247271049567132 
   240.14907286775204   89.909914730281542 
   235.41638175730594   107.57255841099592 
   253.07902543802032   112.30524952144204 
   248.34633432757423   129.96789320215643 
   230.68369064685987   125.23520209171033 
   225.95099953641378   142.89784577242472 
   243.61364321712813   147.63053688287079 
   238.88095210668206    165.2931805635852 
   221.21830842596768   160.56048945313913 
   216.48561731552158   178.22313313385348 
   234.14826099623596   182.95582424429958 
   229.41556988578986   200.61846792501396 
   211.75292620507548   195.88577681456786 
   207.02023509462941   213.54842049528227 
   224.68287877534377   218.28111160572837 
   219.95018766489767   235.94375528644275 
   202.28754398418332   231.21106417599668 
   197.55485287373722   248.87370785671106 
    215.2174965544516   253.60639896715716 
