   61.265394573626217   2.5170010963037952 
   77.101287671398822   11.659858239160938 
   67.958430528541683   27.495751336933527 
   52.122537430769079   18.352894194076384 
   42.979680287911933   34.188787291848975 
   58.815573385684537   43.331644434706114 
   49.672716242827399   59.167537532478711 
   33.836823145054794   50.024680389621572 
   24.693966002197651   65.860573487394163 
   40.529859099970253   75.003430630251302 
    31.38700195711311   90.839323728023899 
   15.551108859340507    81.69646658516676 
    6.408251716483365   97.532359682939358 
   22.244144814255968    106.6752168257965 
   13.101287671398826   122.51110992356908 
   3.9584305285416828   138.34700302134169 
   117.91593100980114    14.10967942710262 
   102.08003791202856   4.9668222842454774 
    92.93718076917142   20.802715382018082 
     108.773073866944   29.945572524875207 
   99.630216724086864   45.781465622647815 
   83.794323626314267   36.638608479790669 
   74.651466483457128    52.47450157756326 
   90.487359581229711   61.617358720420398 
   81.344502438372587    77.45325181819301 
   65.508609340599989   68.310394675335857 
   56.365752197742843   84.146287773108455 
   72.201645295515434   93.289144915965593 
   63.058788152658295   109.12503801373818 
   47.222895054885697   99.982180870881052 
   38.080037912028558   115.81807396865364 
   53.915931009801163   124.96093111151077 
   44.773073866944017   140.79682420928336 
   28.937180769171412   131.65396706642622 
    19.79432362631427   147.48986016419883 
   35.630216724086871   156.63271730705597 
   26.487359581229732   172.46861040482855 
   10.651466483457128   163.32575326197141 
    1.508609340599985   179.16164635974403 
    17.34450243837259   188.30450350260116 
    8.201645295515446   204.14039660037375 
   142.89468125043086   7.4166434721871752 
   158.73057434820348   16.559500615044318 
   149.58771720534634   32.395393712816904 
   133.75182410757373   23.252536569959762 
   124.60896696471659   39.088429667732349 
    140.4448600624892   48.231286810589495 
   131.30200291963206   64.067179908362093 
   115.46610982185945   54.924322765504954 
   106.32325267900231   70.760215863277537 
   122.15914577677491    79.90307300613469 
   113.01628863391777   95.738966103907273 
    97.18039553614517   86.596108961050135 
   88.037538393288017   102.43200205882273 
   103.87343149106063   111.57485920167987 
   94.730574348203476   127.41075229945247 
   78.894681250430892   118.26789515659533 
   69.751824107573739   134.10378825436791 
   85.587717205346337   143.24664539722505 
   76.444860062489198   159.08253849499764 
   60.608966964716601   149.93968135214052 
   51.466109821859462   165.77557444991311 
   67.302002919632059   174.91843159277025 
   58.159145776774906   190.75432469054286 
   42.323252679002323   181.61146754768569 
   33.180395536145177   197.44736064545828 
   49.016288633917767   206.59021778831544 
   39.873431491060622   222.42611088608803 
   24.037538393288035   213.28325374323086 
   174.56646744597606    25.70235775790146 
   190.40236054374867   34.845214900758585 
    181.2595034008915   50.681107998531189 
   165.42361030311892    41.53825085567405 
   156.28075316026181   57.374143953446634 
   172.11664625803439   66.517001096303787 
   162.97378911517723    82.35289419407637 
   147.13789601740464   73.210037051219246 
    137.9950388745475   89.045930148991829 
   153.83093197232009   98.188787291848968 
   144.68807482946295   114.02468038962157 
   128.85218173169034   104.88182324676441 
   119.70932458883321   120.71771634453702 
   135.54521768660581   129.86057348739416 
   126.40236054374867   145.69646658516675 
   110.56646744597607   136.55360944230961 
   101.42361030311893   152.38950254008222 
   117.25950340089153   161.53235968293933 
   108.11664625803438   177.36825278071194 
   92.280753160261781    168.2253956378548 
   83.137896017404657   184.06128873562739 
    98.97378911517724   193.20414587848452 
   89.830931972320101   209.04003897625711 
    73.99503887454749   199.89718183339997 
   64.852181731690365   215.73307493117261 
   80.688074829462963   224.87593207402972 
    71.54521768660581    240.7118251718023 
   55.709324588833226   231.56896802894519 
   206.23825364152125    43.98807204361573 
   222.07414673929384   53.130929186472876 
   212.93128959643673   68.966822284245467 
   197.09539649866409   59.823965141388328 
   187.95253935580698   75.659858239160926 
   203.78843245357956   84.802715382018064 
   194.64557531072242   100.63860847979065 
   178.80968221294981   91.495751336933523 
    169.6668250700927   107.33164443470612 
   185.50271816786528   116.47450157756326 
   176.35986102500814   132.31039467533586 
   160.52396792723556    123.1675375324787 
   151.38111078437839    139.0034306302513 
   167.21700388215098   148.14628777310844 
   158.07414673929387   163.98218087088102 
   142.23825364152125   154.83932372802388 
   133.09539649866412    170.6752168257965 
    148.9312895964367   179.81807396865364 
   139.78843245357959   195.65396706642622 
   123.95253935580698   186.51110992356908 
   114.80968221294982   202.34700302134166 
   130.64557531072242   211.48986016419883 
    121.5027181678653   227.32575326197141 
   105.66682507009268   218.18289611911428 
   96.523967927235546   234.01878921688686 
   112.35986102500814     243.161646359744 
   87.381110784378421   249.85468231465944 
   237.91003983706645   62.273786329330015 
   253.74593293483906   71.416643472187161 
   244.60307579198189   87.252536569959759 
   228.76718269420931   78.109679427102606 
   219.62432555135214   93.945572524875203 
   235.46021864912473   103.08842966773236 
   226.31736150626762   118.92432276550494 
     210.481468408495    109.7814656226478 
   201.33861126563787    125.6173587204204 
   217.17450436341048   134.76021586327752 
   208.03164722055334   150.59610896105011 
   192.19575412278073     141.453251818193 
   183.05289697992359   157.28914491596558 
   198.88879007769617   166.43200205882275 
   189.74593293483903   182.26789515659533 
   173.91003983706645   173.12503801373816 
   164.76718269420928   188.96093111151075 
   180.60307579198192   198.10378825436791 
   171.46021864912476    213.9396813521405 
   155.62432555135217   204.79682420928333 
     146.481468408495   220.63271730705597 
   162.31736150626762   229.77557444991308 
   153.17450436341048   245.61146754768566 
   137.33861126563787   236.46861040482855 
   128.19575412278073   252.30450350260114 
   251.29611174689734   112.23128681058949 
    242.1532546040402   128.06717990836208 
   233.01039746118306   143.90307300613469 
   248.84629055895567    153.0459301489918 
   239.70343341609851   168.88182324676441 
   223.86754031832592   159.73896610390727 
   214.72468317546875   175.57485920167986 
   230.56057627324137     184.717716344537 
   221.41771913038426   200.55360944230958 
   205.58182603261162   191.41075229945244 
   196.43896888975451   207.24664539722508 
   212.27486198752709   216.38950254008219 
   203.13200484466992   232.22539563785477 
   187.29611174689734   223.08253849499766 
   178.15325460404023   238.91843159277025 
   193.98914770181281   248.06128873562739 
   169.01039746118306   254.75432469054283 
