   142.35129988193012   10.374957198929753 
   116.49139474139352   10.374957198929753 
    129.4213473116618   23.304909769198051 
   116.49139474139352   36.234862339466346 
   103.56144217112522   23.304909769198051 
   90.631489600856924   36.234862339466346 
   103.56144217112524   49.164814909734645 
   90.631489600856924   62.094767480002943 
   77.701537030588639   49.164814909734645 
   64.771584460320327   62.094767480002943 
   77.701537030588639   75.024720050271242 
   64.771584460320327    87.95467262053954 
   51.841631890052042   75.024720050271242 
   38.911679319783744    87.95467262053954 
   51.841631890052042   100.88462519080784 
   38.911679319783744   113.81457776107614 
   25.981726749515449   100.88462519080784 
    13.05177417924715   113.81457776107614 
   25.981726749515449   126.74453033134444 
    13.05177417924715   139.67448290161272 
   168.21120502246671   10.374957198929753 
   181.14115759273503   23.304909769198034 
   168.21120502246671   36.234862339466332 
   155.28125245219843   23.304909769198051 
   142.35129988193012   36.234862339466346 
   155.28125245219843   49.164814909734631 
   142.35129988193012   62.094767480002936 
    129.4213473116618   49.164814909734645 
   116.49139474139352   62.094767480002943 
    129.4213473116618   75.024720050271242 
   116.49139474139352   87.954672620539526 
   103.56144217112524   75.024720050271242 
   90.631489600856924    87.95467262053954 
   103.56144217112524   100.88462519080784 
   90.631489600856924   113.81457776107614 
   77.701537030588639   100.88462519080784 
   64.771584460320341   113.81457776107614 
   77.701537030588639   126.74453033134444 
   64.771584460320341   139.67448290161272 
   51.841631890052042   126.74453033134444 
   38.911679319783744   139.67448290161272 
   51.841631890052042   152.60443547188103 
   38.911679319783744   165.53438804214932 
   25.981726749515449   152.60443547188103 
    13.05177417924715   165.53438804214932 
   25.981726749515449   178.46434061241763 
    13.05177417924715   191.39429318268594 
   194.07111016300331   36.234862339466332 
    207.0010627332716   49.164814909734631 
   194.07111016300331   62.094767480002929 
   181.14115759273503   49.164814909734631 
   168.21120502246671   62.094767480002936 
   181.14115759273503   75.024720050271227 
   168.21120502246671   87.954672620539526 
   155.28125245219843   75.024720050271242 
   142.35129988193012   87.954672620539526 
   155.28125245219843   100.88462519080782 
   142.35129988193012   113.81457776107612 
   129.42134731166183   100.88462519080784 
   116.49139474139353   113.81457776107612 
   129.42134731166183   126.74453033134442 
   116.49139474139353   139.67448290161272 
   103.56144217112524   126.74453033134444 
   90.631489600856938   139.67448290161272 
   103.56144217112524   152.60443547188103 
   90.631489600856938   165.53438804214932 
   77.701537030588639   152.60443547188103 
   64.771584460320341   165.53438804214932 
   77.701537030588639   178.46434061241763 
   64.771584460320341   191.39429318268591 
   51.841631890052042   178.46434061241763 
   38.911679319783744   191.39429318268591 
   51.841631890052042   204.32424575295423 
   38.911679319783744   217.25419832322251 
   25.981726749515449   204.32424575295423 
   219.93101530353991   62.094767480002929 
   232.86096787380822   75.024720050271227 
   219.93101530353991   87.954672620539526 
    207.0010627332716   75.024720050271227 
   194.07111016300331   87.954672620539526 
    207.0010627332716   100.88462519080782 
   194.07111016300331   113.81457776107612 
   181.14115759273503   100.88462519080782 
   168.21120502246671   113.81457776107612 
   181.14115759273503   126.74453033134442 
   168.21120502246671   139.67448290161272 
   155.28125245219843   126.74453033134442 
   142.35129988193012   139.67448290161272 
   155.28125245219843     152.604435471881 
   142.35129988193012   165.53438804214932 
   129.42134731166183   152.60443547188103 
   116.49139474139353   165.53438804214932 
   129.42134731166183   178.46434061241763 
   116.49139474139353   191.39429318268591 
   103.56144217112524   178.46434061241763 
   90.631489600856938   191.39429318268591 
   103.56144217112524    204.3242457529542 
   90.631489600856938   217.25419832322251 
   77.701537030588639   204.32424575295423 
   64.771584460320341   217.25419832322251 
   77.701537030588639   230.18415089349082 
   64.771584460320341   243.11410346375911 
   51.841631890052042   230.18415089349082 
   245.79092044407651   87.954672620539526 
   245.79092044407651   113.81457776107612 
   232.86096787380822   100.88462519080782 
   219.93101530353991   113.81457776107612 
   232.86096787380822   126.74453033134442 
   219.93101530353991   139.67448290161272 
    207.0010627332716   126.74453033134442 
   194.07111016300331   139.67448290161272 
    207.0010627332716     152.604435471881 
   194.07111016300331   165.53438804214932 
   181.14115759273503   152.60443547188103 
   168.21120502246671   165.53438804214932 
   181.14115759273503   178.46434061241763 
   168.21120502246671   191.39429318268591 
   155.28125245219843   178.46434061241763 
   142.35129988193012   191.39429318268591 
   155.28125245219843    204.3242457529542 
   142.35129988193012   217.25419832322251 
   129.42134731166183    204.3242457529542 
   116.49139474139353   217.25419832322251 
   129.42134731166183   230.18415089349082 
   116.49139474139353   243.11410346375911 
   103.56144217112524   230.18415089349082 
   90.631489600856938   243.11410346375914 
   103.56144217112524   256.04405603402739 
   77.701537030588639   256.04405603402745 
   245.79092044407651   139.67448290161272 
   245.79092044407653   165.53438804214932 
   232.86096787380822     152.604435471881 
   219.93101530353991   165.53438804214932 
   232.86096787380822   178.46434061241763 
   219.93101530353991   191.39429318268591 
   207.00106273327162   178.46434061241763 
   194.07111016300331   191.39429318268591 
   207.00106273327162    204.3242457529542 
   194.07111016300334   217.25419832322251 
   181.14115759273503    204.3242457529542 
   168.21120502246671   217.25419832322251 
   181.14115759273503   230.18415089349082 
   168.21120502246674   243.11410346375911 
   155.28125245219843   230.18415089349082 
   142.35129988193015   243.11410346375911 
   155.28125245219843   256.04405603402739 
   129.42134731166183   256.04405603402739 
   90.631489600856924   10.374957198929753 
   245.79092044407653   191.39429318268591 
   77.701537030588625   23.304909769198051 
   64.771584460320327   36.234862339466346 
   232.86096787380822    204.3242457529542 
   219.93101530353991   217.25419832322251 
   51.841631890052028   49.164814909734645 
    38.91167931978373   62.094767480002943 
   207.00106273327162   230.18415089349082 
   194.07111016300334   243.11410346375911 
   25.981726749515431   75.024720050271242 
   13.051774179247134    87.95467262053954 
   181.14115759273503   256.04405603402739 
