   158.26716439505194   7.6557959786472498 
   142.43127129727935   16.798653121504408 
   126.59537819950677    25.94151026436155 
   117.45252105664963   10.105617166588964 
   101.61662795887702   19.248474309446106 
   110.75948510173419   35.084367407218693 
   94.923592003961588   44.227224550075839 
   85.780734861104435   28.391331452303248 
   69.944841763331851   37.534188595160394 
   79.087698906189004   53.370081692932978 
   63.251805808416407   62.512938835790123 
   54.108948665559261   46.677045738017533 
    38.27305556778667   55.819902880874679 
   47.415912710643816   71.655795978647276 
   31.580019612871226   80.798653121504415 
   22.437162470014066   64.962760023731818 
   6.6012693722414788   74.105617166588985 
   15.744126515098637   89.941510264361568 
   183.24591463568169   14.348831933562696 
   192.38877177853885   30.184725031335297 
   176.55287868076624   39.327582174192443 
    167.4100215379091   23.491689076419838 
   151.57412844013652   32.634546219276999 
   160.71698558299363   48.470439317049582 
   144.88109248522105   57.613296459906728 
   135.73823534236391   41.777403362134137 
   119.90234224459132   50.920260504991283 
   129.04519938744846   66.756153602763874 
   113.20930628967588   75.899010745621013 
   104.06644914681874   60.063117647848422 
   88.230556049046129   69.205974790705568 
   97.373413191903296   85.041867888478166 
   81.537520094130699   94.184725031335319 
   72.394662951273546   78.348831933562707 
   56.558769853500955   87.491689076419874 
   65.701626996358101   103.32758217419246 
   49.865733898585511    112.4704393170496 
   40.722876755728372   96.634546219276999 
   24.886983657955781   105.77740336213415 
    34.02984080081292   121.61329645990675 
   18.193947703040319   130.75615360276387 
   9.0510905601831766    114.9202605049913 
   2.3580546052677316   139.89901074562104 
   208.22466487631144   21.041867888478155 
   199.08180773345427    5.205974790705552 
   201.53162892139599   46.020618129107888 
    210.6744860642531   61.856511226880478 
   194.83859296648052   70.999368369737624 
   185.69573582362338   55.163475271965027 
   169.85984272585077    64.30633241482218 
   179.00269986870794   80.142225512594777 
   163.16680677093535   89.285082655451902 
   154.02394962807821   73.449189557679318 
    138.1880565303056   82.592046700536471 
   147.33091367316274   98.427939798309069 
   131.49502057539016   107.57079694116621 
   122.35216343253302   91.734903843393596 
   106.51627033476043   100.87776098625076 
   115.65912747761757   116.71365408402335 
    99.82323437984499   125.85651122688049 
   90.680377236987837    110.0206181291079 
    74.84448413921524   119.16347527196504 
   83.987341282072407   134.99936836973762 
   68.151448184299795   144.14222551259479 
   59.008591041442656   128.30633241482218 
   43.172697943670066   137.44918955767932 
   52.315555086527212   153.28508265545193 
   36.479661988754621   162.42793979830907 
   27.336804845897479   146.59204670053649 
   11.500911748124874   155.73490384339362 
   20.643768890982034   171.57079694116621 
   226.51037916202569   52.713654084023332 
   217.36752201916858   36.877760986250742 
   219.81734320711027   77.692404324653083 
   228.96020034996741   93.528297422425638 
   213.12430725219482   102.67115456528279 
   203.98145010933769   86.835261467510207 
   188.14555701156507    95.97811861036736 
   197.28841415442221   111.81401170813994 
   181.45252105664963   120.95686885099708 
   172.30966391379249   105.12097575322451 
   156.47377081601991   114.26383289608165 
   165.61662795887705   130.09972599385424 
   149.78073486110446   139.24258313671137 
    140.6378777182473   123.40669003893879 
   124.80198462047473   132.54954718179593 
   133.94484176333185   148.38544027956851 
   118.10894866555925   157.52829742242565 
   108.96609152270213    141.6924043246531 
   93.130198424929532   150.83526146751021 
   102.27305556778667   166.67115456528282 
   86.437162470014087   175.81401170813993 
   77.294305327156934   159.97811861036737 
   61.458412229384351   169.12097575322451 
   70.601269372241489    184.9568688509971 
   54.765376274468906   194.09972599385426 
   45.622519131611767   178.26383289608165 
   29.786626033839177   187.40669003893882 
   38.929483176696301   203.24258313671137 
   244.79609344774002   84.385440279568513 
   235.65323630488285   68.549547181795916 
   238.10305749282455   109.36419052019824 
   247.24591463568169   125.20008361797083 
    231.4100215379091   134.34294076082796 
   222.26716439505196   118.50704766305539 
   206.43127129727935   127.64990480591253 
   215.57412844013649   143.48579790368512 
   199.73823534236391   152.62865504654226 
    190.5953781995068   136.79276194876968 
   174.75948510173416   145.93561909162682 
   183.90234224459132    161.7715121893994 
   168.06644914681874   170.91436933225654 
   158.92359200396157   155.07847623448396 
   143.08769890618899   164.22133337734113 
   152.23055604904616   180.05722647511371 
   136.39466295127357   189.20008361797085 
   127.25180580841642   173.36419052019824 
   111.41591271064381    182.5070476630554 
   120.55876985350098   198.34294076082799 
   104.72287675572836   207.48579790368512 
   95.580019612871226   191.64990480591251 
   79.744126515098642   200.79276194876968 
   88.886983657955781   216.62865504654226 
   73.051090560183198   225.77151218939943 
   63.908233417326045   209.93561909162685 
   48.072340319553447   219.07847623448396 
   57.215197462410607    234.9143693322566 
   253.93895059059713    100.2213333773411 
   256.38877177853885   141.03597671574343 
   249.69573582362341   166.01472695637315 
   240.55287868076624   150.17883385860057 
   224.71698558299366   159.32169100145771 
    233.8598427258508   175.15758409923029 
   218.02394962807824   184.30044124208743 
   208.88109248522107   168.46454814431485 
   193.04519938744849   177.60740528717201 
    202.1880565303056    193.4432983849446 
   186.35216343253302   202.58615552780171 
   177.20930628967591   186.75026243002912 
    161.3734131919033   195.89311957288629 
   170.51627033476043   211.72901267065888 
   154.68037723698785   220.87186981351604 
   145.53752009413068   205.03597671574346 
    129.7016269963581   214.17883385860057 
   138.84448413921527   230.01472695637315 
   123.00859104144266   239.15758409923029 
   113.86573389858552   223.32169100145771 
    98.02984080081292   232.46454814431485 
   107.17269794367007   248.30044124208746 
   82.193947703040337   241.60740528717201 
   66.358054605267739   250.75026243002918 
   243.00269986870794    190.9934771970029 
   227.16680677093535   200.13633433986004 
   211.33091367316277   209.27919148271718 
   92.473770816019879   3.4125812116735026 
   76.637877718247282   12.555438354530645 
   195.49502057539019   218.42204862557432 
    179.6591274776176   227.56490576843146 
   60.801984620474698    21.69829549738779 
   44.966091522702101   30.841152640244932 
   163.82323437984499   236.70776291128863 
   147.98734128207238   245.85062005414576 
   29.130198424929514   39.984009783102074 
   13.294305327156925    49.12686692595922 
   132.15144818429982   254.99347719700287 
