   211.75563068665036   1.4485174027408403 
   194.09298700593601   6.1812085131869319 
    176.4303433252216   10.913899623633023 
   158.76769964450722   15.646590734079115 
   136.37236485334671   2.7166381638108179 
   141.10505596379281    20.37928184452521 
   123.44241228307843     25.1119729549713 
   118.70972117263233   7.4493292742569102 
   101.04707749191795   12.182020384703002 
   105.77976860236403    29.84466406541739 
   88.117124921649634   34.577355175863481 
   83.384433811203536   16.914711495149092 
   65.721790130489154   21.647402605595186 
   70.454481240935252   39.310046286309579 
   52.791837560220849   44.042737396755683 
   48.059146449774758   26.380093716041294 
   30.396502769060369   31.112784826487385 
    35.12919387950646   48.775428507201774 
   17.466550198792071   53.508119617647864 
   12.733859088345978   35.845475936933475 
   216.48832179709646   19.111161083455229 
   221.22101290754256   36.773804764169618 
   203.55836922682818   41.506495874615709 
   198.82567811638208   23.843852193901323 
    181.1630344356677   28.576543304347414 
   185.89572554611379   46.239186985061806 
   168.23308186539941   50.971878095507897 
   163.50039075495332   33.309234414793508 
   145.83774707423891   38.041925525239598 
     150.570438184685   55.704569205954002 
   132.90779450397062   60.437260316400085 
   128.17510339352452   42.774616635685689 
   110.51245971281013   47.507307746131779 
   115.24515082325622   65.169951426846183 
   97.582507142541829    69.90264253729228 
   92.849816032095731    52.23999885657787 
   75.187172351381349   56.972689967023967 
   79.919863461827433   74.635333647738364 
   62.257219781113044   79.368024758184461 
   57.524528670666939   61.705381077470065 
    39.86188498995255   66.438072187916163 
   44.594576100398662   84.100715868630559 
   26.931932419684255   88.833406979076656 
   22.199241309238161    71.17076329836226 
   4.5365976285237721   75.903454408808344 
   9.2692887389698644   93.566098089522754 
   225.95370401798866   54.436448444884007 
   230.68639512843475   72.099092125598403 
   213.02375144772037   76.831783236044487 
   208.29106033727427   59.169139555330091 
   190.62841665655986   63.901830665776195 
   195.36110776700599   81.564474346490584 
   177.69846408629158   86.297165456936682 
   172.96577297584548   68.634521776222286 
    155.3031292951311   73.367212886668383 
   160.03582040557717   91.029856567382765 
   142.37317672486282   95.762547677828863 
   137.64048561441669   78.099903997114467 
   119.97784193370231   82.832595107560564 
   124.71053304414841   100.49523878827495 
   107.04788936343401   105.22792989872104 
   102.31519825298793   87.565286218006662 
    84.65255457227353    92.29797732845276 
   89.385245682719628   109.96062100916716 
   71.722602002005218   114.69331211961324 
   66.989910891559134   97.030668438898857 
   49.327267210844738   101.76335954934494 
   54.059958321290843   119.42600323005934 
    36.39731464057644   124.15869434050542 
   31.664623530130346   106.49605065979104 
   14.001979849415957   111.22874177023712 
   18.734670959862047   128.89138545095153 
   1.0720272791476582    133.6240765613976 
   235.41908623888082   89.761735806312785 
   240.15177734932692   107.42437948702718 
   222.48913366861254   112.15707059747326 
   217.75644255816647   94.494426916758883 
   200.09379887745209   99.227118027204966 
   204.82648998789819   116.88976170791936 
   187.16384630718377   121.62245281836546 
   182.43115519673768   103.95980913765106 
   164.76851151602327   108.69250024809718 
   169.50120262646936   126.35514392881156 
   151.83855894575498   131.08783503925764 
   147.10586783530889   113.42519135854326 
    129.4432241545945   118.15788246898936 
   134.17591526504057   135.82052614970374 
   116.51327158432619   140.55321726014984 
   111.78058047388011   122.89057357943545 
   94.117936793165711   127.62326468988154 
   98.850627903611809   145.28590837059591 
   81.187984222897413     150.018599481042 
   76.455293112451329   132.35595580032762 
   58.792649431736933   137.08864691077372 
   63.525340542183024   154.75129059148813 
   45.862696861468635   159.48398170193423 
   41.130005751022544   141.82133802121982 
   23.467362070308141   146.55402913166591 
   28.200053180754246   164.21667281238032 
   10.537409500039843   168.94936392282639 
   5.8047183895937504   151.28672024211201 
   244.88446845977302   125.08702316774156 
   249.61715957021914   142.74966684845595 
   231.95451588950473   147.48235795890204 
   227.22182477905864   129.81971427818766 
   209.55918109834425   134.55240538863376 
   214.29187220879035   152.21504906934814 
   196.62922852807594   156.94774017979427 
   191.89653741762987   139.28509649907986 
   174.23389373691546   144.01778760952595 
   178.96658484736156   161.68043129024036 
   161.30394116664718   166.41312240068646 
   156.57125005620108   148.75047871997205 
   138.90860637548667   153.48316983041815 
   143.64129748593277   171.14581351113253 
    125.9786538052184   175.87850462157863 
   121.24596269477229   158.21586094086422 
   103.58331901405789   162.94855205131032 
   108.31601012450399   180.61119573202473 
   90.653366443789594   185.34388684247082 
    85.92067533334351   167.68124316175641 
   68.258031652629114   172.41393427220251 
   72.990722763075212   190.07657795291692 
   55.328079082360823   194.80926906336299 
   50.595387971914732   177.14662538264861 
   32.932744291200336   181.87931649309468 
   37.665435401646434   199.54196017380909 
   20.002791720932041   204.27465128425519 
   15.270100610485933   186.61200760354077 
   254.34985068066524   160.41231052917036 
   241.41989811039696   182.80764532033083 
   236.68720699995083   165.14500163961645 
   219.02456331923645   169.87769275006255 
   223.75725442968255   187.54033643077693 
   206.09461074896814     192.273027541223 
   201.36191963852204   174.61038386050865 
   183.69927595780763   179.34307497095472 
   188.43196706825373    197.0057186516691 
   170.76932338753934    201.7384097621152 
   166.03663227709328   184.07576608140081 
   148.37398859637887   188.80845719184691 
   153.10667970682499   206.47110087256129 
   135.44403602611058   211.20379198300739 
   130.71134491566448   193.54114830229301 
   113.04870123495009   198.27383941273911 
   117.78139234539618   215.93648309345346 
    100.1187486646818   220.66917420389959 
   95.386057554235691   203.00653052318523 
   77.723413873521309    207.7392216336313 
   82.456104983967393   225.40186531434568 
   64.793461303252997   230.13455642479178 
   60.060770192806913    212.4719127440774 
   42.398126512092524    217.2046038545235 
   47.130817622538615   234.86724753523788 
   29.468173941824226   239.59993864568398 
   24.735482831378132    221.9372949649696 
   250.88528033128912   218.13293268175963 
   246.15258922084303   200.47028900104524 
   228.48994554012864   205.20298011149131 
   233.22263665057471   222.86562379220572 
   215.55999296986033   227.59831490265182 
   210.82730185941423   209.93567122193741 
   193.16465817869982   214.66836233238351 
   197.89734928914592   232.33100601309792 
   180.23470560843154   237.06369712354402 
   175.50201449798544   219.40105344282961 
   157.83937081727109    224.1337445532757 
   162.57206192771716   241.79638823399009 
   144.90941824700278   246.52907934443618 
   140.17672713655668   228.86643566372177 
   122.51408345584228   233.59912677416787 
   127.24677456628838   251.26177045488228 
   109.58413088557398   255.99446156532838 
   104.85143977512789   238.33181788461397 
    87.18879609441349   243.06450899506007 
   69.526152413699094   247.79720010550616 
   51.863508732984705   252.52989121595223 
