   41.475589848777773   22.392953120780291 
   27.253083182111101   42.506360454438969 
   55.697669848777771   62.619767788097676 
   34.364336515444442   62.619767788097676 
   20.142256515444434   22.392953120780291 
   48.586416515444448   42.506360454438969 
   41.475589848777773   82.730158261499341 
   27.253083182111101   102.84356559515804 
   55.697669848777771   122.95697292881673 
   34.364336515444442   122.95697292881673 
   20.142256515444434   82.730158261499341 
   48.586416515444448   102.84356559515804 
   41.475589848777773   143.06736340221838 
   27.253083182111101   163.18077073587708 
   55.697669848777771   183.29417806953577 
   34.364336515444442   183.29417806953577 
   20.142256515444434   143.06736340221838 
   48.586416515444448   163.18077073587708 
   41.475589848777773    203.4045685429374 
   27.253083182111101   223.51797587659613 
   55.697669848777771   243.63138321025482 
   34.364336515444442   243.63138321025482 
   20.142256515444434    203.4045685429374 
   48.586416515444448   223.51797587659613 
   84.142256515444444   22.392953120780291 
   69.919749848777769   42.506360454438969 
   98.364336515444435   62.619767788097676 
   77.031003182111107   62.619767788097676 
   62.808923182111101   22.392953120780291 
   91.253083182111112   42.506360454438969 
   84.142256515444444   82.730158261499341 
   69.919749848777769   102.84356559515804 
   98.364336515444435   122.95697292881673 
   77.031003182111107   122.95697292881673 
   62.808923182111101   82.730158261499341 
   91.253083182111112   102.84356559515804 
   84.142256515444444   143.06736340221838 
   69.919749848777769   163.18077073587708 
   98.364336515444435   183.29417806953577 
   77.031003182111107   183.29417806953577 
   62.808923182111101   143.06736340221838 
   91.253083182111112   163.18077073587708 
   84.142256515444444    203.4045685429374 
   69.919749848777769   223.51797587659613 
   98.364336515444435   243.63138321025482 
   77.031003182111107   243.63138321025482 
   62.808923182111101    203.4045685429374 
   91.253083182111112   223.51797587659613 
    126.8089231821111   22.392953120780291 
   112.58641651544443   42.506360454438969 
   141.03100318211111   62.619767788097676 
   119.69766984877776   62.619767788097676 
   105.47558984877777   22.392953120780291 
   133.91974984877777   42.506360454438969 
    126.8089231821111   82.730158261499341 
   112.58641651544443   102.84356559515804 
   141.03100318211111   122.95697292881673 
   119.69766984877776   122.95697292881673 
   105.47558984877777   82.730158261499341 
   133.91974984877777   102.84356559515804 
    126.8089231821111   143.06736340221838 
   112.58641651544443   163.18077073587708 
   141.03100318211111   183.29417806953577 
   119.69766984877776   183.29417806953577 
   105.47558984877777   143.06736340221838 
   133.91974984877777   163.18077073587708 
    126.8089231821111    203.4045685429374 
   112.58641651544443   223.51797587659613 
   141.03100318211111   243.63138321025482 
   119.69766984877776   243.63138321025482 
   105.47558984877777    203.4045685429374 
   133.91974984877777   223.51797587659613 
   169.47558984877779   22.392953120780291 
   155.25308318211111   42.506360454438969 
   183.69766984877776   62.619767788097676 
   162.36433651544445   62.619767788097676 
   148.14225651544444   22.392953120780291 
   176.58641651544445   42.506360454438969 
   169.47558984877779   82.730158261499341 
   155.25308318211111   102.84356559515804 
   183.69766984877776   122.95697292881673 
   162.36433651544445   122.95697292881673 
   148.14225651544444   82.730158261499341 
   176.58641651544445   102.84356559515804 
   169.47558984877779   143.06736340221838 
   155.25308318211111   163.18077073587708 
   183.69766984877776   183.29417806953577 
   162.36433651544445   183.29417806953577 
   148.14225651544444   143.06736340221838 
   176.58641651544445   163.18077073587708 
   169.47558984877779    203.4045685429374 
   155.25308318211111   223.51797587659613 
   183.69766984877776   243.63138321025482 
   162.36433651544445   243.63138321025482 
   148.14225651544444    203.4045685429374 
   176.58641651544445   223.51797587659613 
   212.14225651544442   22.392953120780291 
   197.91974984877777   42.506360454438969 
   226.36433651544442   62.619767788097676 
   205.03100318211111   62.619767788097676 
    190.8089231821111   22.392953120780291 
   219.25308318211108   42.506360454438969 
   212.14225651544442   82.730158261499341 
   197.91974984877777   102.84356559515804 
   226.36433651544442   122.95697292881673 
   205.03100318211111   122.95697292881673 
    190.8089231821111   82.730158261499341 
   219.25308318211108   102.84356559515804 
   212.14225651544442   143.06736340221838 
   197.91974984877777   163.18077073587708 
   226.36433651544442   183.29417806953577 
   205.03100318211111   183.29417806953577 
    190.8089231821111   143.06736340221838 
   219.25308318211108   163.18077073587708 
   212.14225651544442    203.4045685429374 
   197.91974984877777   223.51797587659613 
   226.36433651544442   243.63138321025482 
   205.03100318211111   243.63138321025482 
    190.8089231821111    203.4045685429374 
   219.25308318211108   223.51797587659613 
    254.8089231821111   22.392953120780291 
   240.58641651544443   42.506360454438969 
   13.031003182111096   62.619767788097676 
   247.69766984877776   62.619767788097676 
   233.47558984877776   22.392953120780291 
   5.9197498487777596   42.506360454438969 
    254.8089231821111   82.730158261499341 
   240.58641651544443   102.84356559515804 
   13.031003182111096   122.95697292881673 
   247.69766984877776   122.95697292881673 
   233.47558984877776   82.730158261499341 
   5.9197498487777596   102.84356559515804 
    254.8089231821111   143.06736340221838 
   240.58641651544443   163.18077073587708 
   13.031003182111096   183.29417806953577 
   247.69766984877776   183.29417806953577 
   233.47558984877776   143.06736340221838 
   5.9197498487777596   163.18077073587708 
    254.8089231821111    203.4045685429374 
   240.58641651544443   223.51797587659613 
   13.031003182111096   243.63138321025482 
   247.69766984877776   243.63138321025482 
   233.47558984877776    203.4045685429374 
   5.9197498487777596   223.51797587659613 
