   227.36686266846007   20.043759578885663 
   227.36686266846007   38.329473864599947 
   209.08114838274582   38.329473864599947 
   209.08114838274582   20.043759578885663 
   190.79543409703152   20.043759578885663 
   190.79543409703152   38.329473864599947 
   172.50971981131721   38.329473864599947 
   172.50971981131721   20.043759578885663 
   154.22400552560293   20.043759578885663 
   154.22400552560293   38.329473864599947 
   135.93829123988866   38.329473864599947 
   135.93829123988866   20.043759578885663 
   117.65257695417438   20.043759578885663 
   117.65257695417438   38.329473864599947 
   99.366862668460072   38.329473864599947 
   99.366862668460072   20.043759578885663 
   81.081148382745795   20.043759578885663 
   81.081148382745795   38.329473864599947 
   62.795434097031496   38.329473864599947 
   62.795434097031496   20.043759578885663 
   44.509719811317218   20.043759578885663 
   44.509719811317218   38.329473864599947 
   26.224005525602937   38.329473864599947 
   26.224005525602937   20.043759578885663 
   7.9382912398886498   20.043759578885663 
   7.9382912398886498   38.329473864599947 
   245.65257695417435   38.329473864599947 
   245.65257695417435   20.043759578885663 
   227.36686266846007   56.615188150314232 
   227.36686266846007   74.900902436028517 
   209.08114838274582   74.900902436028517 
   209.08114838274582   56.615188150314232 
   190.79543409703152   56.615188150314232 
   190.79543409703152   74.900902436028517 
   172.50971981131724   74.900902436028517 
   172.50971981131721   56.615188150314232 
   154.22400552560293   56.615188150314232 
   154.22400552560293   74.900902436028517 
   135.93829123988866   74.900902436028517 
   135.93829123988866   56.615188150314232 
   117.65257695417438   56.615188150314232 
   117.65257695417438   74.900902436028517 
   99.366862668460072   74.900902436028517 
   99.366862668460072   56.615188150314232 
   81.081148382745795   56.615188150314232 
   81.081148382745795   74.900902436028517 
    62.79543409703151   74.900902436028517 
   62.795434097031496   56.615188150314232 
   44.509719811317218   56.615188150314232 
   44.509719811317218   74.900902436028517 
   26.224005525602937   74.900902436028517 
   26.224005525602937   56.615188150314232 
   7.9382912398886498   56.615188150314232 
   7.9382912398886498   74.900902436028517 
   245.65257695417435   74.900902436028517 
   245.65257695417435   56.615188150314232 
   227.36686266846007   93.186616721742809 
   227.36686266846007   111.47233100745709 
   209.08114838274582   111.47233100745709 
   209.08114838274582   93.186616721742809 
   190.79543409703152   93.186616721742809 
   190.79543409703152   111.47233100745709 
   172.50971981131724   111.47233100745709 
   172.50971981131724   93.186616721742809 
   154.22400552560293   93.186616721742809 
   154.22400552560293   111.47233100745709 
   135.93829123988866   111.47233100745709 
   135.93829123988866   93.186616721742809 
   117.65257695417438   93.186616721742809 
   117.65257695417438   111.47233100745709 
   99.366862668460072   111.47233100745709 
   99.366862668460072   93.186616721742809 
   81.081148382745795   93.186616721742809 
   81.081148382745795   111.47233100745709 
    62.79543409703151   111.47233100745709 
    62.79543409703151   93.186616721742809 
   44.509719811317218   93.186616721742809 
   44.509719811317218   111.47233100745709 
   26.224005525602937   111.47233100745709 
   26.224005525602937   93.186616721742809 
   7.9382912398886498   93.186616721742809 
   7.9382912398886498   111.47233100745709 
   245.65257695417435   111.47233100745709 
   245.65257695417435   93.186616721742809 
   227.36686266846007   129.75804529317136 
   227.36686266846007   148.04375957888567 
   209.08114838274582   148.04375957888567 
   209.08114838274582   129.75804529317136 
   190.79543409703152   129.75804529317136 
   190.79543409703152   148.04375957888567 
   172.50971981131724   148.04375957888567 
   172.50971981131724   129.75804529317136 
   154.22400552560293   129.75804529317136 
   154.22400552560293   148.04375957888567 
   135.93829123988866   148.04375957888567 
   135.93829123988866   129.75804529317136 
   117.65257695417438   129.75804529317136 
   117.65257695417438   148.04375957888567 
   99.366862668460072   148.04375957888567 
   99.366862668460072   129.75804529317136 
   81.081148382745795   129.75804529317136 
   81.081148382745795   148.04375957888567 
    62.79543409703151   148.04375957888567 
    62.79543409703151   129.75804529317136 
   44.509719811317218   129.75804529317136 
   44.509719811317218   148.04375957888567 
   26.224005525602937   148.04375957888567 
   26.224005525602937   129.75804529317136 
   7.9382912398886498   129.75804529317136 
   7.9382912398886498   148.04375957888567 
   245.65257695417435   148.04375957888567 
   245.65257695417435   129.75804529317136 
   227.36686266846007   166.32947386459995 
   227.36686266846007   184.61518815031422 
   209.08114838274582   184.61518815031422 
   209.08114838274582   166.32947386459995 
   190.79543409703152   166.32947386459995 
   190.79543409703152   184.61518815031422 
   172.50971981131724   184.61518815031422 
   172.50971981131724   166.32947386459995 
   154.22400552560296   166.32947386459995 
   154.22400552560296   184.61518815031422 
   135.93829123988866   184.61518815031422 
   135.93829123988866   166.32947386459995 
   117.65257695417438   166.32947386459995 
   117.65257695417438   184.61518815031422 
   99.366862668460072   184.61518815031422 
   99.366862668460072   166.32947386459995 
   81.081148382745795   166.32947386459995 
   81.081148382745795   184.61518815031422 
    62.79543409703151   184.61518815031422 
    62.79543409703151   166.32947386459995 
   44.509719811317218   166.32947386459995 
   44.509719811317218   184.61518815031422 
   26.224005525602937   184.61518815031422 
   26.224005525602937   166.32947386459995 
   7.9382912398886498   166.32947386459995 
   7.9382912398886498   184.61518815031422 
   245.65257695417435   184.61518815031422 
   245.65257695417435   166.32947386459995 
   227.36686266846007   202.90090243602853 
   227.36686266846007   221.18661672174281 
   209.08114838274582   221.18661672174281 
   209.08114838274582   202.90090243602853 
   190.79543409703155   202.90090243602853 
   190.79543409703155   221.18661672174281 
   172.50971981131724   221.18661672174281 
   172.50971981131724   202.90090243602853 
   154.22400552560296   202.90090243602853 
   154.22400552560296   221.18661672174281 
   135.93829123988866   221.18661672174281 
   135.93829123988866   202.90090243602853 
   117.65257695417438   202.90090243602853 
   117.65257695417438   221.18661672174281 
   99.366862668460072   221.18661672174281 
   99.366862668460072   202.90090243602853 
   81.081148382745795   202.90090243602853 
   81.081148382745795   221.18661672174281 
   62.795434097031517   221.18661672174281 
   62.795434097031517   202.90090243602853 
   44.509719811317218   202.90090243602853 
   44.509719811317218   221.18661672174281 
   26.224005525602937   221.18661672174281 
   26.224005525602937   202.90090243602853 
   7.9382912398886498   202.90090243602853 
   7.9382912398886498   221.18661672174281 
   245.65257695417435   221.18661672174281 
   245.65257695417435   202.90090243602853 
   227.36686266846007   239.47233100745709 
   227.36686266846007   1.7580452931713768 
   209.08114838274579   1.7580452931713768 
   209.08114838274582   239.47233100745709 
   190.79543409703155   239.47233100745709 
   190.79543409703152   1.7580452931713768 
   172.50971981131721   1.7580452931713768 
   172.50971981131724   239.47233100745709 
   154.22400552560296   239.47233100745709 
   154.22400552560293   1.7580452931713768 
   135.93829123988866   1.7580452931713768 
   135.93829123988866   239.47233100745709 
   117.65257695417438   239.47233100745709 
   117.65257695417436   1.7580452931713768 
   99.366862668460072   1.7580452931713768 
   99.366862668460072   239.47233100745709 
   81.081148382745795   239.47233100745709 
   81.081148382745795   1.7580452931713768 
   62.795434097031496   1.7580452931713768 
   62.795434097031517   239.47233100745709 
   44.509719811317218   239.47233100745709 
   44.509719811317204   1.7580452931713768 
   26.224005525602919   1.7580452931713768 
   26.224005525602937   239.47233100745709 
   7.9382912398886498   239.47233100745709 
   7.9382912398886347   1.7580452931713768 
   245.65257695417432   1.7580452931713768 
   245.65257695417435   239.47233100745709 
