   90.054370384732707   38.148359498372585 
   67.680614639076495   48.455827872651916 
     82.2576456257286   80.096842913597911 
   63.782437011660583   69.430176246931254 
   71.579161770664697   27.481692831705917 
   86.155823253144533   59.122494539318588 
   59.885767814373203   90.401911943588317 
   37.512012068716977   100.70938031786764 
   52.089043055369082   132.35039535881364 
   33.613834441301051   121.68372869214699 
   41.410559200305173   79.735245276921646 
   55.987220682785008   111.37604698453431 
   29.717165244013678   142.65546438880406 
   7.3434094983574525   152.96293276308336 
   21.920440485009557   184.60394780402939 
   3.4452318709415257    173.9372811373627 
   11.241956629945646   131.98879772213735 
   25.818618112425483   163.62959942975004 
   112.42624819608811   27.843290468382193 
   93.951039582020101   17.176623801715536 
   116.32442582350406   6.8689420941028718 
   127.00478761286877   59.481692831705914 
   104.63103186721253   69.789161205985252 
   119.20806285386466   101.43017624693124 
   100.73285423979664   90.763509580264568 
   108.52957899880074   48.815026165039242 
   123.10624048128058   80.455827872651923 
   96.836185042509243   111.73524527692165 
   74.462429296853003   122.04271365120097 
   89.039460283505122   153.68372869214699 
   70.564251669437098    143.0170620254803 
   78.360976428441219   101.06857861025497 
   92.937637910921055   132.70938031786764 
   66.667582472149718   163.98879772213735 
   44.293826726493499    174.2962660964167 
   58.870857713145618   205.93728113736273 
   40.395649099077573   195.27061447069605 
   48.192373858081709   153.32213105547069 
    62.76903534056153   184.96293276308339 
   157.17339018322829   7.2281403864901845 
   134.79963443757205   17.535608760769513 
   149.37666542422417   49.176623801715536 
   130.90145681015613   38.509957135048865 
   153.27484305164009   28.202275427436184 
   163.95520484100481   80.815026165039242 
    141.5814490953486   91.122494539318566 
   156.15848008200072   122.76350958026457 
   137.68327146793266   112.09684291359791 
   145.47999622693678   70.148359498372571 
   160.05665770941661   101.78916120598525 
   133.78660227064529   133.06857861025497 
   111.41284652498905    143.3760469845343 
   125.98987751164117    175.0170620254803 
   107.51466889757315   164.35039535881361 
   115.31139365657728   122.40191194358832 
   129.88805513905709   154.04271365120098 
   103.61799970028576   185.32213105547066 
   81.244243954629539   195.62959942975002 
   95.821274941281658   227.27061447069602 
    77.34606632721362   216.60394780402936 
    85.14279108621777   174.65546438880403 
   99.719452568697577    206.2962660964167 
   194.12380741136434   28.561473719823514 
    171.7500516657081   38.868942094102842 
   186.32708265236022   70.509957135048865 
   167.85187403829218   59.843290468382193 
    175.6485987972963   17.894807053156857 
   190.22526027977614   49.535608760769513 
   200.90562206914089   102.14835949837257 
   178.53186632348465   112.45582787265189 
   193.10889731013674    144.0968429135979 
   174.63368869606876   133.43017624693124 
   182.43041345507285   91.481692831705914 
   197.00707493755266   123.12249453931857 
   170.73701949878136   154.40191194358832 
   148.36326375312512   164.70938031786761 
   162.94029473977722   196.35039535881364 
   144.46508612570921   185.68372869214696 
   152.26181088471333   143.73524527692163 
   166.83847236719313    175.3760469845343 
   140.56841692842184   206.65546438880401 
    118.1946611827656   216.96293276308336 
   132.77169216941769   248.60394780402936 
    114.2964835553497   237.93728113736267 
    122.0932083143538   195.98879772213735 
   136.66986979683364   227.62959942975004 
   231.07422463950041   49.894807053156839 
   208.70046889384417   60.202275427436184 
   223.27749988049626   91.843290468382179 
   204.80229126642826   81.176623801715536 
   212.59901602543238   39.228140386490168 
   227.17567750791218   70.868942094102863 
   237.85603929727688   123.48169283170589 
    215.4822835516207   133.78916120598524 
   230.05931453827279   165.43017624693121 
   211.58410592420478   154.76350958026455 
    219.3808306832089   112.81502616503923 
   233.95749216568871   144.45582787265189 
   207.68743672691735    175.7352452769216 
   185.31368098126117   186.04271365120096 
   199.89071196791329   217.68372869214696 
   181.41550335384525    207.0170620254803 
   189.21222811284935   165.06857861025497 
   203.78888959532918   196.70938031786764 
   177.51883415655783   227.98879772213732 
   155.14507841090168   238.29626609641667 
   159.04362554248985   217.32213105547069 
   173.62028702496966   248.96293276308336 
   245.65088612198022   81.535608760769506 
    241.7527084945643   102.50995713504885 
   249.54943325356842   60.561473719823496 
   53.103953156596667   16.815026165039242 
   252.43270077975674   155.12249453931855 
   45.307228397592517   58.763509580264568 
   248.53452315234082   176.09684291359787 
   256.33124791134492   134.14835949837257 
   49.205406025008486   37.789161205985259 
   22.935350586237142   69.068578610254974 
   222.26409820939722    207.3760469845343 
   15.138625827232991    111.0170620254803 
    218.3659205819813   228.35039535881361 
   226.16264534098542   186.40191194358829 
   19.036803454648961   90.042713651200984 
    195.9940427706259   238.65546438880401 
   75.475830967952021   6.5099571350488485 
