   76.740878400826375   12.933505557472049 
    57.79725901706901   28.680509561294048 
   80.066887016664467   55.470569918949472 
   59.460469389164338   49.949096956762368 
   56.134460773326282   7.4120325952849431 
    78.40367664456916   34.201982523481149 
   61.124460582150576   71.214770288994146 
   42.180841198393203   86.961774292816116 
   64.450469197988639   113.75183465047155 
   43.844051570488524   108.23036168828443 
   40.518042954650468   65.693297326807027 
   62.787258825893346   92.483247255003235 
   45.508042763474755   129.49603502051619 
    26.56442337971739   145.24303902433817 
   48.834051379312832   172.03309938199362 
   28.227633751812707   166.51162641980653 
   24.901625135974648   123.97456205832907 
   47.170841007217525   150.76451198652529 
   29.891624944798956   187.77729975203823 
   10.948005561041587   203.52430375586025 
   9.2852073172988465   182.25582678985114 
   31.554423188541726   209.04577671804736 
   117.95371365582666   23.976451481846272 
   99.010094272069267   39.723455485668261 
   121.27972227166471   66.513515843323688 
   100.67330464416457   60.992042881136591 
   97.347296028326511   18.454978519659168 
    119.6165118995694   45.244928447855379 
   102.33729583715083   82.257716213368354 
   83.393676453393468   98.004720217190325 
    105.6633044529889   124.79478057484576 
   85.056886825488775   119.27330761265866 
   81.730878209650712   76.736243251181236 
   104.00009408089359   103.52619317937744 
    86.72087801847502   140.53898094489043 
   67.777258634717654   156.28598494871238 
   90.046886634313083   183.07604530636786 
   69.440469006812961   177.55457234418074 
   66.114460390974898   135.01750798270331 
   88.383676262217776    161.8074579108995 
    71.10446019979922   198.82024567641247 
   52.160840816041834   214.56724968023448 
   136.89614009034051   8.2322511118016486 
   116.28972246284039   2.7107781496145424 
   50.498042572299092   193.29877271422538 
   72.767258443541976   220.08872264242157 
   159.16654891082686   35.019397406220484 
   140.22292952706951   50.766401410042484 
   162.49255752666494   77.556461767697911 
   141.88613989916482   72.034988805510807 
   138.56013128332677    29.49792444403338 
   160.82934715456963   56.287874372229588 
   143.55013109215108   93.300662137742563 
    124.6065117083937   109.04766614156455 
   146.87613970798913   135.83772649921997 
   126.26972208048902   130.31625353703288 
   122.94371346465094   87.779189175555459 
   145.21292933589382   114.56913910375165 
   127.93371327347526   151.58192686926463 
   108.99009388971788   167.32893087308662 
   131.25972188931331   194.11899123074207 
    110.6533042618132   188.59751826855495 
   107.32729564597514   146.06045390707752 
     129.596511517218   172.85040383527371 
   112.31729545479945   209.86319160078671 
   93.373676071042084   225.61019560460866 
   178.10897534534075   19.275197036175857 
   157.50255771784063   13.753724073988753 
   91.710877827299328   204.34171863859959 
   113.98009369854219   231.13166856679578 
   200.37938416582713   46.062343330594707 
   181.43576478206975   61.809347334416692 
   203.70539278166521   88.599407692072134 
   183.09897515416506    83.07793472988503 
   179.77296653832701   40.540870368407589 
   202.04218240956988   67.330820296603804 
   184.76296634715132   104.34360806211679 
   165.81934696339397   120.09061206593876 
    188.0889749629894   146.88067242359421 
   167.48255733548928   141.35919946140709 
   164.15654871965117   98.822135099929667 
   186.42576459089409   125.61208502812588 
   169.14654852847551   162.62487279363884 
   150.20292914471813   178.37187679746083 
   172.47255714431358   205.16193715511628 
   151.86613951681346   199.64046419292916 
   148.54013090097538   157.10339983145172 
   170.80934677221828   183.89334975964792 
   153.53013070979972   220.90613752516091 
   134.58651132604234    236.6531415289829 
   219.32181060034102   30.318142960550084 
    198.7153929728409   24.796669998362979 
   132.92371308229957   215.38466456297382 
   155.19292895354246   242.17461449117002 
   241.59221942082735   57.105289254968909 
   222.64860003707003   72.852293258790922 
   244.91822803666543   99.642353616446343 
   224.31181040916536   94.120880654259238 
   220.98580179332725   51.583816292781812 
   243.25501766457009   78.373766220978013 
   225.97580160215153   115.38655398649098 
   207.03218221839424   131.13355799031299 
   229.30181021798958   157.92361834796841 
   208.69539259048952    152.4021453857813 
   205.36938397465147   109.86508102430389 
    227.6385998458943   136.65503095250008 
   210.35938378347575   173.66781871801305 
    191.4157643997184   189.41482272183504 
    213.6853923993138   216.20488307949049 
   193.07897477181371    210.6834101173034 
   189.75296615597566   168.14634575582596 
   212.02218202721849   194.93629568402213 
   194.74296596479991   231.94908344953512 
   175.79934658104261   247.69608745335714 
   239.92822822784115   35.839615922737202 
   174.13654833729981   226.42761048734803 
   196.40576420854265    253.2175604155442 
   35.528043145826132   1.8905596330978232 
   38.854051761664202   44.427623994575249 
   37.190841389568881   23.159036599106926 
   19.911625327150311   60.171824364619901 
   248.24501747339443    142.1765039146872 
   23.237633942988385   102.70888872609733 
   249.90822784548973   163.44509131015553 
   246.58221922965168    120.9080269486781 
   21.574423570893082   81.440301330628998 
    4.295207508474495   118.45308909614197 
   232.62859965471864   200.45776864620927 
   7.6212161243125678   160.99015345761941 
   234.29181002681392    221.7263560416776 
   230.96580141097587   179.18929168020014 
   5.9580057522172645   139.72156606215106 
   215.34938359230003   237.47055641172224 
