   147.12961705726406   25.164869816485275 
   122.85045942939585   29.330365625411712 
   128.74149283104703   63.666052463857469 
   113.65654816573401   48.581107798544458 
   132.04467239195102   10.079925151172286 
   137.93540409470887   44.415310290724719 
   104.46477014441778   67.829716729331537 
   80.185612516549597   71.995212538257974 
   86.076645918200768   106.33089937670371 
   70.991701252887779   91.245954711390709 
   89.379825479104767   52.744772064018548 
   95.270557181862614   87.080157203570991 
    61.79992323157154   110.49456364217781 
   37.520765603703346   114.66005945110425 
   43.411799005354503      148.99574628955 
   28.326854340041496     133.910801624237 
    46.71497856625853   95.409618976864792 
    52.60571026901637   129.74500411641725 
   19.135076318725289   153.15941055502407 
   171.40633974389326   21.001205551011225 
   156.32139507858025   5.9162608856982066 
   4.0501316534122846   138.07446588971104 
   9.9408633561701194   172.40985102926348 
   177.29950638789009   55.334759147111313 
    153.0203487600219   59.500254956037736 
   158.91138216167303   93.835941794483489 
   143.82643749636006     78.7509971291705 
   162.21456172257706   40.249814481798296 
   168.10529342533491   74.585199621350768 
   134.63465947504383   97.999606059957586 
   110.35550184717563   102.16510186888399 
    116.2465352488268   136.50078870732975 
    101.1615905835138   121.41584404201673 
    119.5497148097308   82.914661394644554 
   125.44044651248866   117.25004653419701 
   91.969812562197589   140.66445297280384 
   67.690654934329388   144.82994878173028 
   73.581688335980516     179.165635620176 
    58.49674367066752   164.08069095486303 
   76.884867896884572   125.57950830749083 
   82.775599599642419   159.91489344704328 
   49.304965649351324    183.3292998856501 
   25.025808021483137   187.49479569457651 
   201.57622907451929   51.171094881637231 
   186.49128440920629   36.086150216324242 
   34.220020984038307   168.24435522033707 
   40.110752686796154   202.57974035988957 
    207.4693957185161   85.504648477737334 
   183.19023809064791   89.670144286663756 
   189.08127149229907   124.00583112510952 
   173.99632682698606   108.92088645979651 
   192.38445105320307   70.419703812424316 
   198.27518275596091   104.75508895197677 
   164.80454880566984   128.16949539058362 
   140.52539117780168   132.33499119951003 
   146.41642457945284   166.67067803795575 
   131.33147991413981   151.58573337264278 
   149.71960414035681   113.08455072527057 
   155.61033584311468   147.41993586482303 
   122.13970189282361   170.83434230342985 
   97.860544264955408   174.99983811235629 
   103.75157766660658   209.33552495080204 
   88.666633001293562   194.25058028548904 
   107.05475722751058   155.74939763811682 
   112.94548893026843   190.08478277766929 
   79.474854979977366   213.49918921627611 
   55.195697352109157   217.66468502520252 
   231.74611840514532    81.34098421226328 
   216.66117373983232   66.256039546950262 
    64.38991031466432    198.4142445509631 
   70.280642017422196   232.74962969051555 
   237.63928504914213   115.67453780836337 
   213.36012742127394   119.84003361728979 
    219.2511608229251   154.17572045573553 
    204.1662161576121   139.09077579042253 
    222.5543403838291   100.58959314305035 
     228.445072086587   134.92497828260281 
    194.9744381362959   158.33938472120965 
   170.69528050842771   162.50488053013606 
   176.58631391007887   196.84056736858179 
   161.50136924476587   181.75562270326878 
   179.88949347098284   143.25444005589662 
   185.78022517374072   177.58982519544907 
   152.30959122344967   201.00423163405588 
   128.03043359558143   205.16972744298229 
   133.92146699723259   239.50541428142805 
    118.8365223319196   224.42046961611507 
   137.22464655813661   185.91928696874285 
   143.11537826089449   220.25467210829535 
    109.6447443106034   243.66907854690214 
   85.365586682735213   247.83457435582855 
   246.83106307045836   96.425928877576297 
   94.559799645290383   228.58413388158914 
   243.53001675189998   150.00992294791581 
   249.42105015355114   184.34560978636156 
   234.33610548823813   169.26066512104853 
   252.72422971445516   130.75948247367637 
   225.14432746692191   188.50927405183566 
   200.86516983905372   192.67476986076207 
   206.75620324070488   227.01045669920782 
    191.6712585753919   211.92551203389482 
   210.05938280160888   173.42432938652263 
   215.95011450436672   207.75971452607507 
   182.47948055407565   231.17412096468189 
   158.20032292620749   235.33961677360833 
   149.00641166254559   254.59035894674108 
   167.39453588876265   216.08917629936892 
   173.28526759152047   250.42456143892136 
   98.571603500420949   33.496163133231406 
   83.486658835107974   18.411218467918435 
   107.76551476408285   14.245420960098693 
    74.29488081379175   37.659827398705531 
   50.015723185923576   41.825323207631939 
   55.906756587574712   76.161010046077635 
   40.821811922261723   61.076065380764682 
   59.209936148478747   22.574882733392514 
   65.100667851236608   56.910267872944956 
   31.630033900945513   80.324674311551775 
   7.3508762730773114   84.490170120478197 
   13.241909674728433   118.82585695892394 
   16.545089235632496   65.239729646238757 
   22.435820938390346   99.575114785791214 
