   172.63083459182411   33.597852720858988 
   148.10085955087808   31.337504308861472 
   144.90443117659873   66.027942629172273 
   134.23776450993208   47.552734015104257 
   161.96416792515743   15.122644106790956 
   158.76752621754477   49.812712922929499 
   120.37728214660835   63.766455291218534 
   95.847307105662367   61.506106879220994 
   92.650878731383031   96.196545199531812 
    81.98421206471636   77.721336585463789 
   109.71061547994168   45.291246677150497 
   106.51397377232904   79.981315493289031 
   68.123729701392634   93.935057861578059 
   43.593754660446635   91.674709449580533 
   40.397326286167313   126.36514776989135 
   29.730659619500639   107.88993915582331 
   57.457063034725984   75.459849247510022 
   54.260421327113306   110.14991806364857 
   15.870177256176939   124.10366043193758 
   197.15798362181445   35.859340058812762 
   186.49131695514779   17.384131444744728 
   5.2035105895102678   105.62845181786956 
    2.006868881897593   140.31852063400811 
   193.96416792515743   70.548269948995014 
    169.4341928842114   68.287921536997516 
   166.23776450993208   102.97835985730833 
   155.57109784326542   84.503151243240296 
   183.29750125849077   52.073061334927004 
   180.10085955087806   86.763130151065539 
   141.71061547994171   100.71687251935457 
    117.1806404389957   98.456524107357041 
   113.98421206471637   133.14696242766786 
   103.31754539804969   114.67175381359984 
   131.04394881327502   82.241663905286558 
   127.84730710566237   116.93173272142508 
   89.457063034725977   130.88547508971411 
   64.927087993779963   128.62512667771657 
   61.730659619500642   163.31556499802738 
   51.063992952833971   144.84035638395937 
   78.790396368059305   112.41026647564607 
   75.593754660446649    147.1003352917846 
   37.203510589510266   161.05407766007363 
   12.673535548564249   158.79372924807609 
   218.49131695514779   72.809757286948809 
   207.82465028848114   54.334548672880771 
   26.536843922843595   142.57886904600559 
   23.340202215230935   177.26893786214413 
   215.29750125849077   107.49868717713106 
   190.76752621754474   105.23833876513355 
   187.57109784326542   139.92877708544438 
   176.90443117659876   121.45356847137633 
   204.63083459182411   89.023478563063065 
   201.43419288421143   123.71354737920157 
   163.04394881327502    137.6672897474906 
   138.51397377232902   135.40694133549306 
   135.31754539804967   170.09737965580391 
   124.65087873138303    151.6221710417359 
   152.37728214660837    119.1920811334226 
   149.18064043899571   153.88214994956112 
   110.79039636805931   167.83589231785012 
   86.260421327113306   165.57554390585261 
   83.063992952833971   200.26598222616346 
   72.397326286167299   181.79077361209542 
   100.12372970139266   149.36068370378212 
   96.927087993779978   184.05075251992065 
   58.536843922843595   198.00449488820968 
   34.006868881897596   195.74414647621214 
   239.82465028848111   109.76017451508486 
   229.15798362181445   91.284965901016804 
   47.870177256176937   179.52928627414167 
   44.673535548564267   214.21935509028017 
   236.63083459182411   144.44910440526715 
   212.10085955087808   142.18875599326961 
   208.90443117659873    176.8791943135804 
   198.23776450993211   158.40398569951239 
   225.96416792515743    125.9738957911991 
   222.76752621754477   160.66396460733765 
   184.37728214660837   174.61770697562667 
   159.84730710566237   172.35735856362913 
   156.65087873138302   207.04779688393995 
   145.98421206471636   188.57258826987194 
   173.71061547994168   156.14249836155864 
   170.51397377232905   190.83256717769717 
   132.12372970139268    204.7863095459862 
   107.59375466044665   202.52596113398866 
   104.39732628616731   237.21639945429948 
   93.730659619500656   218.74119084023147 
   121.45706303472598   186.31110093191816 
   118.26042132711332    221.0011697480567 
   79.870177256176959   234.95491211634572 
   55.340202215230939   232.69456370434821 
   250.49131695514779   128.23538312915286 
   69.203510589510287   216.47970350227769 
   66.006868881897603   251.16977231841625 
   233.43419288421143   179.13917322140563 
   230.23776450993208   213.82961154171645 
   219.57109784326545   195.35440292764844 
   247.29750125849074   162.92431301933516 
   244.10085955087811   197.61438183547367 
   205.71061547994171   211.56812420376269 
   181.18064043899571   209.30777579176515 
   177.98421206471636     243.998214112076 
    167.3175453980497   225.52300549800796 
   195.04394881327502   193.09291558969468 
    191.8473071056624   227.78298440583319 
   153.45706303472599   241.73672677412222 
   128.92708799377999   239.47637836212468 
   115.06399295283398   255.69160806836749 
   142.79039636805931   223.26151816005421 
   90.536843922843602   253.43012073041373 
   123.57109784326542   29.077525401036223 
   112.90443117659875   10.602316786968194 
   137.43419288421143   12.862295694793442 
   99.043948813275009   26.816038063082466 
    74.51397377232901   24.555689651084936 
   71.317545398049688   59.246127971395765 
    60.65087873138301   40.770919357327735 
   88.377282146608337   8.3408294490144357 
   85.180640438995695   43.030898265152963 
   46.790396368059298   56.984640633441991 
   22.260421327113296   54.724292221444458 
   19.063992952833967   89.414730541755304 
   8.3973262861672815   70.939521927687252 
   36.123729701392627   38.509432019373961 
   32.927087993779963   73.199500835512495 
