   172.81417477582059   41.415227361178893 
    149.7050595831368    32.88307373713269 
   137.63900074428648   65.564167496439296 
   132.11752778209939   44.957749868939175 
    167.2927018136335   20.808809733678771 
   155.22653254532392   53.489491364632833 
   114.53291004429853   57.031645179854713 
    91.42379485161473   48.499491555808511 
    79.35773601276442   81.180585315115096 
   73.836263050577315   60.574167687614988 
   109.01143708211141   36.425227552354592 
   96.945267813801848   69.105909183308654 
   56.251645312776468   72.648062998530534 
   33.142530120092658   64.115909374484318 
   21.076471281242323   96.797003133790923 
   15.554998319055219   76.190585506290802 
   50.730172350589342   52.041645371030391 
   38.664003082279777   84.722327001984453 
   207.98632431465887   17.266655918456888 
   195.92026547580852   49.947749677763497 
   190.39879251362143   29.341332050263372 
   213.50779727684599   37.873073545957013 
    183.8571207001948    82.62806261617915 
   160.74800550751101   74.095908992132948 
   148.68194666866071   106.77700275143955 
    143.1604737064736   86.170585123939418 
   178.33564773800771   62.021644988679022 
   166.26947846969813   94.702326619633084 
   125.57585596867274   98.244480434854964 
   102.46674077598895   89.712326810808761 
   90.400681937138629   122.39342057011535 
   84.879208974951538   101.78700294261523 
   120.05438300648564   77.638062807354842 
   107.98821373817606    110.3187444383089 
   67.294591237150669   113.86089825353078 
   44.185476044466881   105.32874462948458 
    32.11941720561655   138.00983838879117 
   26.597944243429428   117.40342076129106 
   61.773118274963572   93.254480626030642 
   49.706949006653986    125.9351622569847 
   9.0133265056286103   129.47731607220658 
   219.02927023903308   58.479491173457134 
   206.96321140018276   91.160584932763726 
   201.44173843799564   70.554167305263618 
   3.4918535434414895   108.87089844470646 
    224.5507432012202    79.08590880095727 
   194.90006662456904   123.84089787117938 
   171.79095143188525   115.30874424713319 
   159.72489259303492   147.98983800643978 
    154.2034196308478   127.38342037893966 
   189.37859366238192   103.23448024367927 
   177.31242439407234    135.9151618746333 
   136.61880189304696   139.45731568985519 
   113.50968670036316   130.92516206580899 
   101.44362786151285   163.60625582511557 
   95.922154899325747   142.99983819761547 
   131.09732893085985   118.85089806235509 
   119.03115966255027   151.53157969330911 
   78.337537161524892   155.07373350853101 
   55.228421968841097    146.5415798844848 
   43.162363129990759   179.22267364379141 
   37.640890167803654   158.61625601629129 
   72.816064199337802   134.46731588103088 
   60.749894931028201   167.14799751198493 
   20.056272430002821   170.69015132720679 
   230.07221616340729   99.692326428457363 
   218.00615732455694   132.37342018776397 
   212.48468436236985   111.76700256026385 
   14.534799467815715    150.0837336997067 
   235.59368912559441    120.2987440559575 
   205.94301254894324   165.05373312617965 
   182.83389735625946   156.52157950213345 
   170.76783851740916   189.20267326144003 
   165.24636555522201   168.59625563393993 
   200.42153958675613    144.4473154986795 
   188.35537031844657   177.12799712963357 
    147.6617478174212   180.67015094485544 
   124.55263262473738   172.13799732080926 
   112.48657378588706   204.81909108011584 
   106.96510082369996   184.21267345261572 
   142.14027485523408   160.06373331735534 
    130.0741055869245   192.74441494830938 
   89.380483085899115   196.28656876353128 
   66.271367893215313   187.75441513948505 
   54.205309054364967   220.43550889879162 
   48.683836092177863   199.82909127129156 
   83.859010123712011   175.68015113603113 
   71.792840855402432    208.3608327669852 
   31.099218354377047   211.90298658220706 
   241.11516208778153   140.90516168345761 
   229.04910324893117   173.58625544276421 
   223.52763028674406   152.97983781526412 
   25.577745392189925   191.29656895470694 
   246.63663504996865   161.51157931095776 
   216.98595847331748   206.26656838117987 
   193.87684328063366   197.73441475713366 
   181.81078444178337   230.41550851644024 
   176.28931147959628   209.80909088894018 
   211.46448551113033   185.66015075367974 
   199.39831624282078   218.34083238463379 
   158.70469374179541   221.88298619985565 
   135.59557854911162   213.35083257580951 
    123.5295197102613   246.03192633511608 
   118.00804674807418   225.42550870761596 
   153.18322077960829   201.27656857235559 
   141.11705151129871   233.95725020330957 
   100.42342901027332   237.49940401853149 
   77.314313817589536   228.96725039448526 
   59.726782016552093   241.04192652629177 
    94.90195604808622   216.89298639103134 
    82.83578677977664   249.57366802198541 
    42.14216427875126   253.11582183720731 
   252.15810801215574   182.11799693845788 
   240.09204917330538   214.79909069776448 
   234.57057621111829   194.19267307026433 
   36.620691316564148   232.50940420970718 
    204.9197892050079   238.94725001213391 
   126.59605481991227   24.351332241439035 
   121.07458185772515   3.7449146139388967 
    222.5074314355046   226.87298600867996 
   144.18358662094971   12.276656109632553 
   103.48996411992431   15.818809924854451 
   146.63852447348583   254.56366783080972 
   68.314790088390211   39.967750060114852 
   62.793317126203085   19.361332432614713 
    164.2261667039825    242.4894038273558 
   85.902321889427611   27.893073928308368 
   45.208699388402238   31.435227743530252 
   10.033525356868099   55.584167878790673 
   4.5120523946809934    34.97775025129053 
   27.621057157905554   43.509491746984175 
   184.87731955143431   8.7349144227632323 
