   205.46497625750419   58.473308567136414 
   185.35156892384552   44.250801900469739 
   165.23816159018682   72.695388567136405 
   165.23816159018682   51.362055233803076 
   205.46497625750419   37.139975233803071 
   185.35156892384552   65.584135233803082 
   145.12777111678514   58.473308567136414 
   125.01436378312647   44.250801900469739 
   104.90095644946776   72.695388567136405 
   104.90095644946776   51.362055233803076 
   145.12777111678514   37.139975233803071 
   125.01436378312647   65.584135233803082 
   84.790565976066105   58.473308567136414 
    64.67715864240742   44.250801900469739 
   44.563751308748714   72.695388567136419 
   44.563751308748714   51.362055233803076 
   84.790565976066105   37.139975233803071 
    64.67715864240742   65.584135233803082 
   24.453360835347077   58.473308567136414 
   245.68877406456457   44.250801900469739 
   225.57536673090587   72.695388567136391 
   225.57536673090587   51.362055233803076 
   24.453360835347077   37.139975233803071 
   245.68877406456457   65.584135233803067 
   205.46497625750419   101.13997523380307 
   185.35156892384552   86.917468567136396 
   165.23816159018682   115.36205523380308 
   165.23816159018682   94.028721900469733 
   205.46497625750419   79.806641900469728 
   185.35156892384552   108.25080190046974 
   145.12777111678514   101.13997523380307 
   125.01436378312647   86.917468567136396 
   104.90095644946776   115.36205523380308 
   104.90095644946776   94.028721900469733 
   145.12777111678514   79.806641900469742 
   125.01436378312647   108.25080190046974 
   84.790565976066105   101.13997523380307 
    64.67715864240742   86.917468567136396 
   44.563751308748714   115.36205523380308 
   44.563751308748714   94.028721900469733 
   84.790565976066105   79.806641900469742 
    64.67715864240742   108.25080190046974 
   24.453360835347077   101.13997523380307 
   245.68877406456457   86.917468567136396 
   225.57536673090587   115.36205523380308 
   225.57536673090587   94.028721900469733 
   24.453360835347077   79.806641900469756 
   245.68877406456457   108.25080190046974 
   205.46497625750419   143.80664190046971 
   185.35156892384552   129.58413523380307 
   165.23816159018682   158.02872190046975 
   165.23816159018682    136.6953885671364 
   205.46497625750419   122.47330856713641 
   185.35156892384552   150.91746856713641 
   145.12777111678514   143.80664190046971 
   125.01436378312647   129.58413523380307 
   104.90095644946776   158.02872190046975 
   104.90095644946776    136.6953885671364 
   145.12777111678514   122.47330856713641 
   125.01436378312647   150.91746856713641 
   84.790565976066105   143.80664190046971 
    64.67715864240742   129.58413523380307 
   44.563751308748714   158.02872190046975 
   44.563751308748714    136.6953885671364 
   84.790565976066105   122.47330856713641 
    64.67715864240742   150.91746856713641 
   24.453360835347077   143.80664190046971 
   245.68877406456457   129.58413523380307 
   225.57536673090587   158.02872190046975 
   225.57536673090587    136.6953885671364 
   24.453360835347077   122.47330856713641 
   245.68877406456457   150.91746856713641 
   205.46497625750419   186.47330856713643 
   185.35156892384552   172.25080190046975 
   165.23816159018682    200.6953885671364 
   165.23816159018682   179.36205523380309 
   205.46497625750419   165.13997523380306 
   185.35156892384552    193.5841352338031 
   145.12777111678514   186.47330856713643 
   125.01436378312647   172.25080190046975 
   104.90095644946776    200.6953885671364 
   104.90095644946776   179.36205523380309 
   145.12777111678514   165.13997523380306 
   125.01436378312647    193.5841352338031 
   84.790565976066105   186.47330856713643 
    64.67715864240742   172.25080190046975 
   44.563751308748714    200.6953885671364 
   44.563751308748714   179.36205523380309 
   84.790565976066105   165.13997523380306 
    64.67715864240742    193.5841352338031 
   24.453360835347077   186.47330856713643 
   245.68877406456457   172.25080190046975 
   225.57536673090587    200.6953885671364 
   225.57536673090587   179.36205523380309 
   24.453360835347077   165.13997523380306 
   245.68877406456457    193.5841352338031 
   205.46497625750419   229.13997523380303 
   185.35156892384552   214.91746856713641 
   165.23816159018682   243.36205523380303 
   165.23816159018682   222.02872190046975 
   205.46497625750419   207.80664190046971 
   185.35156892384552   236.25080190046972 
   145.12777111678514   229.13997523380303 
   125.01436378312647   214.91746856713641 
   104.90095644946776   243.36205523380303 
   104.90095644946776   222.02872190046975 
   145.12777111678514   207.80664190046971 
   125.01436378312647   236.25080190046972 
   84.790565976066105   229.13997523380303 
    64.67715864240742   214.91746856713641 
   44.563751308748714   243.36205523380303 
   44.563751308748714   222.02872190046975 
   84.790565976066105   207.80664190046971 
    64.67715864240742   236.25080190046972 
   24.453360835347077   229.13997523380303 
   245.68877406456457   214.91746856713641 
   225.57536673090587   243.36205523380303 
   225.57536673090587   222.02872190046975 
   24.453360835347077   207.80664190046971 
   245.68877406456457   236.25080190046972 
   205.46497625750419   15.806641900469756 
   185.35156892384552   1.5841352338030543 
   165.23816159018682   30.028721900469705 
   165.23816159018682   8.6953885671363906 
   205.46497625750422   250.47330856713637 
   185.35156892384552   22.917468567136428 
   145.12777111678514   15.806641900469756 
   125.01436378312646   1.5841352338030543 
   104.90095644946776   30.028721900469705 
   104.90095644946776   8.6953885671363906 
   145.12777111678514   250.47330856713637 
   125.01436378312647   22.917468567136428 
   84.790565976066105   15.806641900469756 
    64.67715864240742   1.5841352338030543 
   44.563751308748714   30.028721900469705 
   44.563751308748714   8.6953885671363906 
   84.790565976066105   250.47330856713637 
    64.67715864240742   22.917468567136428 
   24.453360835347077   15.806641900469756 
   245.68877406456454   1.5841352338030543 
   225.57536673090587   30.028721900469705 
   225.57536673090587   8.6953885671363906 
   24.453360835347095   250.47330856713637 
   245.68877406456457   22.917468567136428 
