   31.494668779947887   22.115702854714851 
   49.780383065662178   40.401417140429139 
   31.494668779947887   58.687131426143431 
   49.780383065662178   76.972845711857701 
   31.494668779947887   95.258559997571993 
   49.780383065662178   113.54427428328628 
   31.494668779947887   131.82998856900056 
   49.780383065662178   150.11570285471484 
   31.494668779947887   168.40141714042915 
   49.780383065662178   186.68713142614342 
   31.494668779947887   204.97284571185773 
   49.780383065662178   223.25855999757201 
   31.494668779947887   241.54427428328626 
   49.780383065662178   3.8299885690005877 
    68.06609735137647   22.115702854714851 
   86.351811637090748   40.401417140429139 
    68.06609735137647   58.687131426143431 
   86.351811637090748   76.972845711857701 
    68.06609735137647   95.258559997571993 
   86.351811637090748   113.54427428328628 
    68.06609735137647   131.82998856900056 
   86.351811637090748   150.11570285471484 
    68.06609735137647   168.40141714042915 
   86.351811637090748   186.68713142614342 
    68.06609735137647   204.97284571185773 
   86.351811637090748   223.25855999757201 
    68.06609735137647   241.54427428328626 
   86.351811637090748   3.8299885690005877 
   104.63752592280504   22.115702854714851 
   122.92324020851932   40.401417140429139 
   104.63752592280504   58.687131426143431 
   122.92324020851932   76.972845711857701 
   104.63752592280504   95.258559997571993 
   122.92324020851932   113.54427428328628 
   104.63752592280504   131.82998856900056 
   122.92324020851932   150.11570285471484 
   104.63752592280504   168.40141714042915 
   122.92324020851932   186.68713142614342 
   104.63752592280504   204.97284571185773 
   122.92324020851932   223.25855999757201 
   104.63752592280504   241.54427428328626 
   122.92324020851932   3.8299885690005877 
   141.20895449423361   22.115702854714851 
   159.49466877994792   40.401417140429139 
   141.20895449423361   58.687131426143431 
   159.49466877994792   76.972845711857701 
   141.20895449423361   95.258559997571993 
   159.49466877994792   113.54427428328628 
   141.20895449423361   131.82998856900056 
   159.49466877994792   150.11570285471484 
   141.20895449423361   168.40141714042915 
   159.49466877994792   186.68713142614342 
   141.20895449423361   204.97284571185773 
   159.49466877994792   223.25855999757201 
   141.20895449423361   241.54427428328626 
   159.49466877994792   3.8299885690005877 
   177.78038306566219   22.115702854714851 
   196.06609735137647   40.401417140429139 
   177.78038306566219   58.687131426143431 
   196.06609735137647   76.972845711857701 
   177.78038306566219   95.258559997571993 
   196.06609735137647   113.54427428328628 
   177.78038306566219   131.82998856900056 
   196.06609735137647   150.11570285471484 
   177.78038306566219   168.40141714042915 
   196.06609735137647   186.68713142614342 
   177.78038306566219   204.97284571185773 
   196.06609735137647   223.25855999757201 
   177.78038306566219   241.54427428328626 
   196.06609735137647   3.8299885690005877 
   214.35181163709078   22.115702854714851 
   232.63752592280505   40.401417140429139 
   214.35181163709078   58.687131426143431 
   232.63752592280505   76.972845711857701 
   214.35181163709078   95.258559997571993 
   232.63752592280505   113.54427428328628 
   214.35181163709078   131.82998856900056 
   232.63752592280505   150.11570285471484 
   214.35181163709078   168.40141714042915 
   232.63752592280505   186.68713142614342 
   214.35181163709078   204.97284571185773 
   232.63752592280505   223.25855999757201 
   214.35181163709078   241.54427428328626 
   232.63752592280505   3.8299885690005877 
   250.92324020851933   22.115702854714851 
   13.208954494233613   40.401417140429139 
   250.92324020851933   58.687131426143431 
   13.208954494233613   76.972845711857701 
   250.92324020851933   95.258559997571993 
   13.208954494233613   113.54427428328628 
   250.92324020851933   131.82998856900056 
   13.208954494233613   150.11570285471484 
   250.92324020851933   168.40141714042915 
   13.208954494233613   186.68713142614342 
   250.92324020851933   204.97284571185773 
   13.208954494233613   223.25855999757201 
   250.92324020851933   241.54427428328626 
   13.208954494233613   3.8299885690005877 
