   33.512809880564888   1.1711037147169028 
   46.442762450833193   23.566438505877393 
   24.047427659672703   36.496391076145684 
   36.977380229940998   58.891725867306157 
    14.58204543878051   71.821678437574462 
   27.511998009048817   94.217013228734956 
   5.1166632178883287   107.14696579900325 
   18.046615788156622   129.54230059016376 
   8.5812335672644284   164.86758795159253 
   68.838097241993665   10.636485935609084 
   81.768049812261978   33.031820726769574 
    59.37271502110147    45.96177329703788 
   72.302667591369783   68.357108088198359 
   49.907332800209275   81.287060658466658 
   62.837285370477602   103.68239544962714 
   40.441950579317094   116.61234801989545 
   53.371903149585407   139.00768281105596 
   30.976568358424903   151.93763538132424 
   43.906520928693212   174.33297017248472 
   21.511186137532722   187.26292274275303 
   34.441138707801031   209.65825753391351 
   12.045803916640541    222.5882101041818 
   104.16338460342246   20.101868156501279 
   117.09333717369076   42.497202947661769 
   94.698002382530277   55.427155517930061 
   107.62795495279858   77.822490309090554 
   85.232620161638096   90.752442879358838 
    98.16257273190638   113.14777767051933 
     75.7672379407459   126.07773024078764 
   88.697190511014199   148.47306503194812 
   66.301855719853705   161.40301760221644 
   79.231808290122004   183.79835239337692 
   56.836473498961517    196.7283049636452 
   69.766426069229809   219.12363975480571 
   47.371091278069336   232.05359232507399 
   126.55871939458295   7.1719155862329558 
   139.48867196485122    29.56725037739346 
   152.41862453511951    51.96258516855395 
   130.02328974395903   64.892537738822242 
   142.95324231422734   87.287872529982721 
   120.55790752306686   100.21782510025102 
   133.48786009333514   122.61315989141151 
   111.09252530217468   135.54311246167981 
   124.02247787244296   157.93844725284032 
   101.62714308128248   170.86839982310863 
   114.55709565155077   193.26373461426908 
   92.161760860390288    206.1936871845374 
   105.09171343065859   228.58902197569788 
   82.696378639498107   241.51897454596616 
    161.8840067560117   16.637297807125137 
   174.81395932628001   39.032632598285637 
    187.7439118965483   61.427967389446131 
   165.34857710538782   74.357919959714437 
   178.27852967565613   96.753254750874916 
   155.88319488449562   109.68320732114321 
   168.81314745476394   132.07854211230369 
   146.41781266360343   145.00849468257201 
   159.34776523387174   167.40382947373251 
   136.95243044271126   180.33378204400077 
   149.88238301297957   202.72911683516128 
   127.48704822181907   215.65906940542959 
   140.41700079208738   238.05440419659007 
   118.02166600092688   250.98435676685835 
   197.20929411744049   26.102680028017332 
   210.13924668770881   48.498014819177833 
   223.06919925797712   70.893349610338319 
   200.67386446681664   83.823302180606632 
   213.60381703708492   106.21863697176711 
   191.20848224592444    119.1485895420354 
   204.13843481619273   141.54392433319589 
   181.74310002503225    154.4738769034642 
   194.67305259530053   176.86921169462471 
   172.27771780414005   189.79916426489297 
   185.20767037440837   212.19449905605344 
   162.81233558324786   225.12445162632179 
   175.74228815351617   247.51978641748227 
   232.53458147886931   35.568062248909513 
   245.46453404913757   57.963397040070014 
   235.99915182824537   93.288684401498799 
   248.92910439851366   115.68401919265929 
   226.53376960735318   128.61397176292758 
   239.46372217762149   151.00930655408808 
   217.06838738646098   163.93925912435637 
    229.9983399567293   186.33459391551688 
   207.60300516556879   199.26454648578516 
    220.5329577358371   221.65988127694564 
   198.13762294467662   234.58983384721395 
   211.06757551494493   256.98516863837449 
