   105.35046931898107   2.7638754157714076 
   80.371719078351362   9.4569113706868588 
   87.064755033266806   34.435661611316597 
    62.08600479263707   41.128697566232049 
   68.779040747552529   66.107447806861785 
   43.800290506922799   72.800483761777244 
   50.493326461838237   97.779234002406966 
   25.514576221208507   104.47226995732242 
   32.207612176123945   129.45102019795215 
   7.2288619354942174   136.14405615286762 
   13.921897890409653   161.12280639349734 
   137.02225551452631   21.049589701485697 
   112.04350527389654   27.742625656401149 
     118.736541228812   52.721375897030875 
   93.757790988182251    59.41441185194634 
   100.45082694309771   84.393162092576063 
   75.472076702467973   91.086198047491521 
   82.165112657383418   116.06494828812126 
   57.186362416753681    122.7579842430367 
   63.879398371669147   147.73673448366645 
   38.900648131039397   154.42977043858193 
   45.593684085954862   179.40852067921165 
   20.614933845325119   186.10155663412706 
   27.307969800240585   211.08030687475684 
   162.00100575515603   14.356553746570247 
   168.69404171007145   39.335303987199985 
   143.71529146944172   46.028339942115423 
    150.4083274243572   71.007090182745159 
   125.42957718372746   77.700126137660632 
   132.12261313864292   102.67887637829035 
   107.14386289801318    109.3719123332058 
   113.83689885292861   134.35066257383554 
   88.858148612298891   141.04369852875098 
   95.551184567214321   166.02244876938073 
   70.572434326584599   172.71548472429618 
   77.265470281500043   197.69423496492593 
   52.286720040870321   204.38727091984137 
   58.979755995785773   229.36602116047109 
    193.6727919507012    32.64226803228452 
   200.36582790561664   57.621018272914263 
   175.38707766498692     64.3140542278297 
   182.08011361990236   89.292804468459437 
   157.10136337927264   95.985840423374896 
   163.79439933418806   120.96459066400463 
   138.81564909355833   127.65762661892008 
   145.50868504847381   152.63637685954981 
   120.52993480784406   159.32941281446529 
    127.2229707627595   184.30816305509504 
   102.24422052212977   191.00119901001045 
   108.93725647704521   215.97994925064023 
   83.958506236415502   222.67298520555562 
   90.651542191330932   247.65173544618534 
   225.34457814624636   50.927982317998797 
   232.03761410116184   75.906732558628548 
   207.05886386053211   82.599768513543992 
   213.75189981544756   107.57851875417373 
   188.77314957481784   114.27155470908917 
   195.46618552973325   139.25030494971892 
   170.48743528910353   145.94334090463437 
     177.180471244019   170.92209114526409 
   152.20172100338925   177.61512710017956 
    158.8947569583047   202.59387734080929 
   133.91600671767495   209.28691329572476 
   140.60904267259042   234.26566353635448 
   115.63029243196068   240.95869949126993 
   238.73065005607731   100.88548279925828 
   245.42368601099275   125.86423303988802 
   220.44493577036297   132.55726899480348 
   227.13797172527845   157.53601923543323 
   202.15922148464873   164.22905519034865 
    208.8522574395642    189.2078054309784 
   183.87350719893445   195.90084138589381 
   190.56654315384986   220.87959162652359 
   165.58779291322014   227.57262758143904 
   172.28082886813561   252.55137782206879 
   55.392968837721611   16.149947325602309 
   252.11672196590817   150.84298328051773 
   37.107254552007319     47.8217335211475 
   233.83100768019392   182.51476947606292 
   18.821540266293042   79.493519716692674 
   215.54529339447959   214.18655567160812 
   197.25957910876534   245.85834186715334 
