   99.475886219459738   18.941723834333871 
   73.615981078923141   18.941723834333871 
   73.615981078923141   44.801628974870475 
   47.756075938386559   44.801628974870461 
   47.756075938386545   70.661534115407065 
   21.896170797849955   70.661534115407065 
    21.89617079784994   96.521439255943662 
    151.1956965005329   18.941723834333857 
   125.33579135999634   18.941723834333871 
   125.33579135999634   44.801628974870461 
   99.475886219459753   44.801628974870475 
   99.475886219459738   70.661534115407065 
   73.615981078923141   70.661534115407065 
   73.615981078923141   96.521439255943648 
   47.756075938386559   96.521439255943662 
   47.756075938386545   122.38134439648024 
   21.896170797849955   122.38134439648026 
    21.89617079784994   148.24124953701684 
   177.05560164106953   18.941723834333857 
   177.05560164106953   44.801628974870461 
    151.1956965005329   44.801628974870461 
   151.19569650053293   70.661534115407065 
   125.33579135999634   70.661534115407065 
   125.33579135999634   96.521439255943648 
   99.475886219459753   96.521439255943648 
   99.475886219459753   122.38134439648024 
   73.615981078923141   122.38134439648024 
   73.615981078923141   148.24124953701684 
   47.756075938386545   148.24124953701684 
   47.756075938386545   174.10115467755347 
   21.896170797849969   174.10115467755344 
   21.896170797849969   199.96105981809004 
    202.9155067816061   44.801628974870447 
    202.9155067816061   70.661534115407051 
   177.05560164106953   70.661534115407065 
   177.05560164106953   96.521439255943648 
   151.19569650053293   96.521439255943648 
   151.19569650053293   122.38134439648024 
   125.33579135999634   122.38134439648023 
   125.33579135999634   148.24124953701684 
   99.475886219459738   148.24124953701684 
   99.475886219459738   174.10115467755344 
   73.615981078923141   174.10115467755344 
   73.615981078923141   199.96105981809004 
   47.756075938386559   199.96105981809004 
   47.756075938386559   225.82096495862663 
   228.77541192214269   70.661534115407051 
   228.77541192214269   96.521439255943648 
    202.9155067816061   96.521439255943648 
   202.91550678160613   122.38134439648023 
   177.05560164106953   122.38134439648024 
   177.05560164106953   148.24124953701684 
   151.19569650053293   148.24124953701684 
   151.19569650053293   174.10115467755344 
   125.33579135999634   174.10115467755344 
   125.33579135999634   199.96105981809004 
   99.475886219459738   199.96105981809004 
   99.475886219459753   225.82096495862663 
   73.615981078923156   225.82096495862663 
    73.61598107892317   251.68087009916323 
   254.63531706267932   96.521439255943648 
   254.63531706267932   122.38134439648024 
   228.77541192214269   122.38134439648024 
   228.77541192214272   148.24124953701684 
   202.91550678160613   148.24124953701684 
   202.91550678160613   174.10115467755344 
   177.05560164106953   174.10115467755344 
   177.05560164106953   199.96105981809004 
   151.19569650053293   199.96105981809004 
   151.19569650053293   225.82096495862663 
   125.33579135999635   225.82096495862663 
   125.33579135999635   251.68087009916326 
   99.475886219459767    251.6808700991632 
   254.63531706267932   148.24124953701681 
   254.63531706267932   174.10115467755341 
   228.77541192214269   174.10115467755341 
   228.77541192214269   199.96105981809004 
   202.91550678160613   199.96105981809001 
   202.91550678160613    225.8209649586266 
   177.05560164106953   225.82096495862658 
   177.05560164106953    251.6808700991632 
    151.1956965005329    251.6808700991632 
