   106.18238532934178   17.906334794934082 
   81.203635088712062   11.213298840018632 
   74.510599133796617   36.192049080648374 
   49.531848893166874   29.499013125732922 
   42.838812938251422   54.477763366362666 
   17.860062697621682   47.784727411447214 
   11.167026742706231   72.763477652076972 
   187.81167200614644   13.006692419050696 
   162.83292176551669   6.3136564641352306 
   156.13988581060127   31.292406704764971 
   131.16113556997152    24.59937074984952 
   124.46809961505608   49.578120990479277 
   99.489349374426354   42.885085035563812 
   92.796313419510895   67.863835276193555 
   67.817563178881159   61.170799321278096 
   61.124527223965714   86.149549561907861 
   36.145776983335971   79.456513606992402 
   29.452741028420519   104.43526384762214 
   4.4739907877908074    97.74222789270668 
   212.79042224677619   19.699728373966146 
   206.09738629186074   44.678478614595875 
   181.11863605123102   37.985442659680437 
   174.42560009631558   62.964192900310159 
   149.44684985568583   56.271156945394722 
   142.75381390077038   81.249907186024458 
   117.77506366014065   74.556871231109014 
   111.08202770522519   99.535621471738736 
    86.10327746459545   92.842585516823306 
   79.410241509680006   117.82133575745303 
   54.431491269050262    111.1282998025376 
   47.738455314134825   136.10705004316733 
   22.759705073505099   129.41401408825189 
   16.066669118589648   154.39276432888161 
   231.07613653249047   51.371514569511319 
   224.38310057757502   76.350264810141041 
   199.40435033694527   69.657228855225611 
   192.71131438202985   94.635979095855319 
    167.7325641414001   87.942943140939889 
   161.03952818648463   112.92169338156963 
   136.06077794585494   106.22865742665418 
   129.36774199093949   131.20740766728392 
   104.38899175030974   124.51437171236849 
   97.695955795394283   149.49312195299819 
   72.717205554764547   142.80008599808275 
   66.024169599849102   167.77883623871247 
   41.045419359219387   161.08580028379706 
   34.352383404303936   186.06455052442678 
   249.36185081820477     83.0433007650565 
   242.66881486328933   108.02205100568624 
   217.69006462265958   101.32901505077079 
   210.99702866774413   126.30776529140051 
   186.01827842711441   119.61472933648508 
   179.32524247219894   144.59347957711481 
   154.34649223156921   137.90044362219936 
   147.65345627665377   162.87919386282908 
   122.67470603602403   156.18615790791367 
   115.98167008110858   181.16490814854342 
   91.002919840478839   174.47187219362795 
   84.309883885563394   199.45062243425767 
   59.331133644933679   192.75758647934222 
   52.638097690018228   217.73633671997197 
   235.97577890837385   133.00080124631597 
   229.28274295345844    157.9795514869457 
   204.30399271282869   151.28651553203028 
   197.61095675791324      176.26526577266 
   172.63220651728352   169.57222981774456 
   165.93917056236805   194.55098005837428 
   140.96042032173833   187.85794410345886 
   134.26738436682288   212.83669434408858 
   109.28863412619313   206.14365838917314 
   102.59559817127767   231.12240862980286 
   77.616847930647964   224.42937267488739 
   70.923811975732519   249.40812291551717 
   254.26149319408813   164.67258744186114 
   247.56845723917272   189.65133768249089 
   222.58970699854297   182.95830172757545 
   215.89667104362752   207.93705196820517 
    190.9179208029978   201.24401601328972 
   184.22488484808235   226.22276625391947 
    159.2461346074526     219.529730299004 
   152.55309865253716   244.50848053963375 
   127.57434841190741   237.81544458471831 
   95.902562216362242   256.10115887043258 
