   198.26446839579546   19.753931341555063 
   175.86913360463498   6.8239787712867566 
    162.9391810343667   29.219313562447244 
   140.54384624320619   16.289360992178949 
   127.61389367293789   38.684695783339443 
    105.2185588817774    25.75474321307113 
   92.288606311509099   48.150078004231624 
   69.893271520348605   35.220125433963325 
   56.963318950080307   57.615460225123819 
    34.56798415891982    44.68550765485552 
   21.638031588651511   67.080842446016007 
   220.65980318695591   32.683883911823372 
   207.72985061668766   55.079218702983844 
   185.33451582552718   42.149266132715553 
   172.40456325525886   64.544600923876033 
   150.00922846409838   51.614648353607748 
   137.07927589383007   74.009983144768213 
   114.68394110266959   61.080030574499929 
   101.75398853240128   83.475365365660409 
   79.358653741240801   70.545412795392124 
   66.428701170972488   92.940747586552604 
   44.033366379812016    80.01079501628432 
   31.103413809543703   102.40612980744478 
   8.7080790183832448   89.476177237176486 
   230.12518540784811    68.00917127325215 
   217.19523283757985   90.404506064412629 
   194.79989804641937   77.474553494144317 
   181.86994547615106   99.869888285304825 
   159.47461068499055   86.939935715036512 
   146.54465811472227   109.33527050619701 
   124.14932332356177   96.405317935928707 
   111.21937075329348    118.8006527270892 
   88.824035962132996   105.87070015682089 
   75.894083391864683   128.26603494798138 
   53.498748600704197   115.33608237771308 
   40.568796030435884   137.73141716887358 
   18.173461239275426   124.80146459860526 
   5.2435086690071309   147.19679938976577 
    239.5905676287403   103.33445863468093 
   226.66061505847205   125.72979342584141 
   204.26528026731154   112.79984085557311 
   191.33532769704325   135.19517564673362 
   168.93999290588275    122.2652230764653 
   156.01004033561443   144.66055786762578 
   133.61470554445395    131.7306052973575 
   120.68475297418566   154.12594008851798 
   98.289418183025177   141.19598751824967 
   85.359465612756878   163.59132230941017 
    62.96413082159637   150.66136973914186 
   50.034178251328079   173.05670453030237 
   27.638843460167621   160.12675196003406 
   14.708890889899312   182.52208675119454 
    249.0559498496325   138.65974599610973 
   236.12599727936424   161.05508078727019 
   213.73066248820373    148.1251282170019 
   200.80070991793542   170.52046300816238 
   178.40537512677494   157.59051043789407 
   165.47542255650663   179.98584522905458 
   143.08008776534615   167.05589265878626 
   130.15013519507787   189.45122744994674 
   107.75480040391736   176.52127487967846 
   94.824847833649059   198.91660967083894 
   72.429513042488566   185.98665710057065 
    59.49956047222026   208.38199189173113 
   37.104225681059802   195.45203932146282 
   24.174273110791507   217.84737411262333 
   245.59137950025641   196.38036814869898 
    223.1960447090959   183.45041557843069 
   210.26609213882762   205.84575036959117 
   187.87075734766714   192.91579779932289 
   174.94080477739882   215.31113259048337 
   152.54546998623832   202.38118002021506 
   139.61551741597006   224.77651481137556 
   117.22018262480955   211.84656224110725 
   104.29023005454124   234.24189703226776 
   81.894895263380761   221.31194446199945 
   68.964942693112462   243.70727925315992 
   46.569607901951997   230.77732668289161 
   33.639655331683684   253.17266147405209 
    232.6614269299881   218.77570293985946 
    197.3361395685593   228.24108516075165 
   118.14851145204571   3.3594084219106572 
   162.01085220713051   237.70646738164385 
   82.823224090616904   12.824790642802839 
   126.68556484570173   247.17184960253604 
   47.497936729188126   22.290172863695034 
   91.360277484272927   256.63723182342824 
   12.172649367759329   31.755555084587215 
