   32.077317702026605   74.057072011511409 
   43.855164583051547   55.771357725797124 
   32.077317702026605   110.62850058293999 
   43.855164583051547     92.3427862972257 
   32.077317702026605   147.19992915436853 
   43.855164583051547   128.91421486865428 
   32.077317702026605   183.77135772579712 
   43.855164583051547   165.48564344008284 
   32.077317702026605    220.3427862972257 
   43.855164583051547   202.05707201151142 
   32.077317702026605   256.91421486865431 
   43.855164583051547   238.62850058294001 
   32.077317702026605   37.485643440082832 
   43.855164583051547   19.199929154368572 
   55.633011464076482   74.057072011511409 
   67.410858345101417   55.771357725797124 
   55.633011464076482   110.62850058293999 
   67.410858345101417     92.3427862972257 
   55.633011464076482   147.19992915436853 
   67.410858345101417   128.91421486865428 
   55.633011464076482   183.77135772579712 
   67.410858345101417   165.48564344008284 
   55.633011464076482    220.3427862972257 
   67.410858345101417   202.05707201151142 
   55.633011464076482   256.91421486865431 
   67.410858345101417   238.62850058294001 
   55.633011464076482   37.485643440082832 
   67.410858345101417   19.199929154368572 
   79.188705226126359   74.057072011511409 
   90.966552107151315   55.771357725797124 
   79.188705226126359   110.62850058293999 
   90.966552107151315     92.3427862972257 
   79.188705226126359   147.19992915436853 
   90.966552107151315   128.91421486865428 
   79.188705226126359   183.77135772579712 
   90.966552107151315   165.48564344008284 
   79.188705226126359    220.3427862972257 
   90.966552107151315   202.05707201151142 
   79.188705226126359   256.91421486865431 
   90.966552107151315   238.62850058294001 
   79.188705226126359   37.485643440082832 
   90.966552107151315   19.199929154368572 
   102.74439898817624   74.057072011511409 
   114.52224586920119   55.771357725797124 
   102.74439898817624   110.62850058293999 
   114.52224586920119     92.3427862972257 
   102.74439898817624   147.19992915436853 
   114.52224586920119   128.91421486865428 
   102.74439898817624   183.77135772579712 
   114.52224586920119   165.48564344008284 
   102.74439898817624    220.3427862972257 
   114.52224586920119   202.05707201151142 
   102.74439898817624   256.91421486865431 
   114.52224586920119   238.62850058294001 
   102.74439898817624   37.485643440082832 
   114.52224586920119   19.199929154368572 
   126.30009275022613   74.057072011511409 
   138.07793963125107   55.771357725797124 
   126.30009275022613   110.62850058293999 
   138.07793963125107     92.3427862972257 
   126.30009275022613   147.19992915436853 
   138.07793963125107   128.91421486865428 
   126.30009275022613   183.77135772579712 
   138.07793963125107   165.48564344008284 
   126.30009275022613    220.3427862972257 
   138.07793963125107   202.05707201151142 
   126.30009275022613   256.91421486865431 
   138.07793963125107   238.62850058294001 
   126.30009275022613   37.485643440082832 
   138.07793963125107   19.199929154368572 
   149.85578651227596   74.057072011511409 
   161.63363339330093   55.771357725797124 
   149.85578651227596   110.62850058293999 
   161.63363339330093     92.3427862972257 
   149.85578651227596   147.19992915436853 
   161.63363339330093   128.91421486865428 
   149.85578651227596   183.77135772579712 
   161.63363339330093   165.48564344008284 
   149.85578651227596    220.3427862972257 
   161.63363339330093   202.05707201151142 
   149.85578651227596   256.91421486865431 
   161.63363339330093   238.62850058294001 
   149.85578651227596   37.485643440082832 
   161.63363339330093   19.199929154368572 
   173.41148027432587   74.057072011511409 
   185.18932715535081   55.771357725797124 
   173.41148027432587   110.62850058293999 
   185.18932715535081     92.3427862972257 
   173.41148027432587   147.19992915436853 
   185.18932715535081   128.91421486865428 
   173.41148027432587   183.77135772579712 
   185.18932715535081   165.48564344008284 
   173.41148027432587    220.3427862972257 
   185.18932715535081   202.05707201151142 
   173.41148027432587   256.91421486865431 
   185.18932715535081   238.62850058294001 
   173.41148027432587   37.485643440082832 
   185.18932715535081   19.199929154368572 
   196.96717403637578   74.057072011511409 
   208.74502091740072   55.771357725797124 
   196.96717403637578   110.62850058293999 
   208.74502091740072     92.3427862972257 
   196.96717403637578   147.19992915436853 
   208.74502091740072   128.91421486865428 
   196.96717403637578   183.77135772579712 
   208.74502091740072   165.48564344008284 
   196.96717403637578    220.3427862972257 
   208.74502091740072   202.05707201151142 
   196.96717403637578   256.91421486865431 
   208.74502091740072   238.62850058294001 
   196.96717403637578   37.485643440082832 
   208.74502091740072   19.199929154368572 
   220.52286779842561   74.057072011511409 
   232.30071467945058   55.771357725797124 
   220.52286779842561   110.62850058293999 
   232.30071467945058     92.3427862972257 
   220.52286779842561   147.19992915436853 
   232.30071467945058   128.91421486865428 
   220.52286779842561   183.77135772579712 
   232.30071467945058   165.48564344008284 
   220.52286779842561    220.3427862972257 
   232.30071467945058   202.05707201151142 
   220.52286779842561   256.91421486865431 
   232.30071467945058   238.62850058294001 
   220.52286779842561   37.485643440082832 
   232.30071467945058   19.199929154368572 
   244.07856156047552   74.057072011511409 
   20.299470821001684   55.771357725797124 
   244.07856156047552   110.62850058293999 
   20.299470821001684     92.3427862972257 
   244.07856156047552   147.19992915436853 
   20.299470821001684   128.91421486865428 
   244.07856156047552   183.77135772579712 
   20.299470821001684   165.48564344008284 
   244.07856156047552    220.3427862972257 
   20.299470821001684   202.05707201151142 
   244.07856156047552   256.91421486865431 
   20.299470821001684   238.62850058294001 
   244.07856156047552   37.485643440082832 
   20.299470821001684   19.199929154368572 
