   221.67909818143033   37.434513793358981 
   203.39338389571606   55.720228079073252 
   185.10766961000175   37.434513793358981 
   166.82195532428747   55.720228079073252 
   148.53624103857319   37.434513793358981 
   130.25052675285889   55.720228079073252 
   111.96481246714463   37.434513793358981 
   93.679098181430334   55.720228079073252 
   75.393383895716056   37.434513793358981 
   57.107669610001764   55.720228079073252 
   38.821955324287472   37.434513793358981 
   20.536241038573181   55.720228079073252 
   2.2505267528589199   37.434513793358995 
   239.96481246714461   55.720228079073252 
   221.67909818143033   74.005942364787529 
   203.39338389571606   92.291656650501821 
   185.10766961000175   74.005942364787543 
    166.8219553242875   92.291656650501821 
   148.53624103857319   74.005942364787543 
   130.25052675285889   92.291656650501821 
   111.96481246714463   74.005942364787543 
   93.679098181430334   92.291656650501821 
   75.393383895716056   74.005942364787543 
   57.107669610001764   92.291656650501821 
   38.821955324287472   74.005942364787558 
   20.536241038573181   92.291656650501821 
   2.2505267528589199   74.005942364787558 
   239.96481246714461   92.291656650501821 
   221.67909818143033   110.57737093621611 
   203.39338389571606   128.86308522193042 
   185.10766961000175   110.57737093621611 
    166.8219553242875   128.86308522193042 
   148.53624103857319   110.57737093621611 
   130.25052675285892   128.86308522193042 
   111.96481246714463   110.57737093621611 
   93.679098181430334   128.86308522193042 
   75.393383895716056   110.57737093621611 
   57.107669610001764   128.86308522193042 
   38.821955324287472   110.57737093621611 
   20.536241038573181   128.86308522193042 
   2.2505267528589199   110.57737093621611 
   239.96481246714461   128.86308522193042 
   221.67909818143033    147.1487995076447 
   203.39338389571606   165.43451379335897 
   185.10766961000175    147.1487995076447 
    166.8219553242875   165.43451379335897 
   148.53624103857319    147.1487995076447 
   130.25052675285892   165.43451379335897 
   111.96481246714463    147.1487995076447 
   93.679098181430334   165.43451379335897 
   75.393383895716056    147.1487995076447 
   57.107669610001764   165.43451379335897 
   38.821955324287472    147.1487995076447 
   20.536241038573181   165.43451379335897 
   2.2505267528589199    147.1487995076447 
   239.96481246714461   165.43451379335897 
   221.67909818143033   183.72022807907328 
   203.39338389571606   202.00594236478756 
   185.10766961000175   183.72022807907328 
    166.8219553242875   202.00594236478756 
   148.53624103857322   183.72022807907328 
   130.25052675285892   202.00594236478756 
   111.96481246714463   183.72022807907328 
   93.679098181430334   202.00594236478756 
   75.393383895716056   183.72022807907328 
   57.107669610001764   202.00594236478756 
   38.821955324287472   183.72022807907328 
   20.536241038573181   202.00594236478756 
   2.2505267528589199   183.72022807907328 
   239.96481246714461   202.00594236478756 
   221.67909818143033   220.29165665050184 
   203.39338389571606   238.57737093621614 
   185.10766961000175   220.29165665050184 
    166.8219553242875   238.57737093621614 
   148.53624103857322   220.29165665050184 
   130.25052675285892   238.57737093621614 
   111.96481246714463   220.29165665050184 
   93.679098181430334   238.57737093621614 
   75.393383895716056   220.29165665050184 
   57.107669610001764   238.57737093621614 
   38.821955324287472   220.29165665050184 
   20.536241038573181   238.57737093621614 
   2.2505267528589199   220.29165665050186 
   239.96481246714461   238.57737093621614 
   221.67909818143033   256.86308522193042 
   203.39338389571606   19.148799507644661 
   185.10766961000175   256.86308522193042 
   166.82195532428747   19.148799507644661 
   148.53624103857322   256.86308522193042 
   130.25052675285889   19.148799507644661 
   111.96481246714463   256.86308522193042 
   93.679098181430334   19.148799507644661 
   75.393383895716056   256.86308522193042 
   57.107669610001764   19.148799507644661 
   38.821955324287487   256.86308522193042 
   20.536241038573181   19.148799507644661 
   2.2505267528589341   256.86308522193042 
   239.96481246714461   19.148799507644661 
