   39.783651861604604   31.679727541533165 
   55.892869452510844   17.065414943929362 
   30.318269640712423    67.00501490296196 
    46.42748723161867   52.390702305358147 
   20.852887419820227   102.33030226439074 
   36.962105010726475   87.715989666786939 
   11.387505198928048   137.65558962581954 
   27.496722789834291    123.0412770282157 
   1.9221229780358526   172.98087698724834 
   18.031340568942095   158.36656438964448 
   8.5659583480499162    193.6918517510733 
   62.536704822524896   37.776389707754319 
   78.645922413431123   23.162077110150516 
   53.071322601632716   73.101677069183111 
   69.180540192538928   58.487364471579298 
    43.60594038074052   108.42696443061192 
   59.715157971646754    93.81265183300809 
   34.140558159848339   143.75225179204071 
   50.249775750754573   129.13793919443685 
   24.675175938956144    179.0775391534695 
   40.784393529862378   164.46322655586565 
   15.209793718063951   214.40282651489829 
   31.319011308970193   199.78851391729444 
   72.002087043417092    2.451102346325535 
   85.289757783445168    43.87305187397547 
   101.39897537435141   29.258739276371671 
   75.824375562552973   79.198339235404262 
   91.933593153459228   64.584026637800463 
   66.358993341660792   114.52362659683307 
   82.468210932567033   99.909313999229241 
   56.893611120768604   149.84891395826187 
   73.002828711674852   135.23460136065802 
   47.428228899876409   185.17420131969064 
   63.537446490782656   170.55988872208678 
   37.962846678984228   220.49948868111946 
   54.072064269890475    205.8851760835156 
   94.755140004337363   8.5477645125466886 
   108.04281074436545   49.969714040196628 
   124.15202833527169   35.355401442592829 
   98.577428523473259   85.295001401625427 
   114.68664611437951   70.680688804021614 
   89.112046302581078   120.62028876305422 
   105.22126389348732   106.00597616545041 
   79.646664081688883   155.94557612448301 
   95.755881672595137   141.33126352687916 
   70.181281860796688    191.2708634859118 
   86.290499451702956   176.65655088830795 
   60.715899639904507    226.5961508473406 
   76.825117230810761   211.98183824973674 
   117.50819296525763   14.644426678767843 
   130.79586370528574   56.066376206417779 
   146.90508129619198    41.45206360881398 
   121.33048148439353   91.391663567846578 
   137.43969907529979   76.777350970242765 
   111.86509926350135   126.71695092927537 
    127.9743168544076   112.10263833167156 
   102.39971704260915   162.04223829070415 
   118.50893463351542   147.42792569310032 
   92.934334821716988   197.36752565213294 
   109.04355241262323   182.75321305452908 
   83.468952600824792   232.69281301356176 
   99.578170191731047    218.0785004159579 
   140.26124592617793   20.741088844988997 
   156.37046351708418   6.1267762473851963 
     153.548916666206   62.163038372638937 
   169.65813425711227    47.54872577503513 
   144.08353444531383   97.488325734067729 
   160.19275203622007   82.874013136463901 
   134.61815222442164   132.81361309549652 
   150.72736981532788   118.19930049789269 
   125.15277000352944   168.13890045692528 
   141.26198759443568   153.52458785932146 
   115.68738778263724   203.46418781835411 
   131.79660537354351   188.84987522075025 
   106.22200556174506    238.7894751797829 
   122.33122315265132   224.17516258217907 
   163.01429888709819   26.837751011210152 
   179.12351647800443   12.223438413606351 
   176.30196962712631   68.259700538860102 
   192.41118721803255   53.645387941256303 
   166.83658740623412   103.58498790028888 
   182.94580499714036   88.970675302685066 
   157.37120518534192   138.91027526171769 
   173.48042277624816   124.29596266411387 
   147.90582296444973   174.23556262314648 
   164.01504055535599   159.62125002554262 
   138.44044074355756   209.56084998457527 
    154.5496583344638   194.94653738697141 
   128.97505852266536   244.88613734600406 
    145.0842761135716   230.27182474840021 
   185.76735184801851    32.93441317743131 
   201.87656943892475   18.320100579827518 
    199.0550225880466   74.356362705081253 
   215.16424017895284   59.742050107477439 
    189.5896403671544   109.68165006651004 
   205.69885795806067   95.067337468906217 
   180.12425814626221   145.00693742793885 
   196.23347573716848   130.39262483033502 
   170.65887592537001   180.33222478936764 
   186.76809351627628   165.71791219176379 
   161.19349370447782   215.65751215079641 
   177.30271129538409   201.04319955319255 
   151.72811148358562   250.98279951222523 
   167.83732907449189   236.36848691462137 
   208.52040480893876   39.031075343652461 
   224.62962239984503   24.416762746048672 
   221.80807554896685   80.453024871302404 
   237.91729313987312   65.838712273698604 
   212.34269332807469    115.7783122327312 
   228.45191091898096   101.16399963512738 
   202.87731110718249   151.10359959415999 
   218.98652869808876   136.48928699655619 
   193.41192888629033   186.42888695558878 
   209.52114647719657   171.81457435798492 
   183.94654666539813   221.75417431701757 
   200.05576425630437   207.13986171941372 
   190.59038203541218   242.46514908084254 
   231.27345776985905   45.127737509873612 
   247.38267536076529   30.513424912269826 
   244.56112850988714   86.549687037523569 
   235.09574628899495   121.87497439895235 
   251.20496387990121   107.26066180134853 
   225.63036406810275   157.20026176038112 
   241.73958165900902   142.58594916277733 
   216.16498184721058   192.52554912180995 
   232.27419943811685   177.91123652420609 
   206.69959962631839   227.85083648323871 
   222.80881721722466   213.23652388563485 
   213.34343499633246   248.56181124706367 
   254.02651073077934    51.22439967609477 
