    56.70176274188028   27.913664555506596 
   76.044534485588343   17.966694898246462 
   38.416048456165989   59.585450751051773 
   57.758820199874059   49.638481093791654 
   20.130334170451714   91.257236946596962 
   39.473105914159781   81.310267289336835 
   1.8446198847374262   122.92902314214216 
   21.187391628445493   112.98205348488202 
   2.9016773427312028   144.65383968042724 
   95.387306229296414   8.0197252409863431 
   77.101591943582122   39.691511436531535 
   96.444363687290164   29.744541779271415 
   58.815877657867837   71.363297632076723 
   78.158649401575886   61.416327974816603 
   40.530163372153559    103.0350838276219 
   59.872935115861608   93.088114170361763 
   22.244449086439268   134.70687002316711 
   41.587220830147324   124.75990036590697 
   3.9587348007249794   166.37865621871231 
   23.301506544433032   156.43168656145215 
    5.015792258718756   188.10347275699735 
   115.78713543099823   19.797572122011282 
   135.12990717470629   9.8506024647511463 
   97.501421145283942    51.46935831755647 
   116.84419288899201   41.522388660296336 
   79.215706859569664   83.141144513101651 
    98.55847860327772   73.194174855841524 
   60.929992573855387   114.81293070864685 
   80.272764317563443   104.86596105138671 
   42.644278288141095   146.48471690419203 
   61.987050031849151    136.5377472469319 
    24.35856400242681   178.15650309973722 
   43.701335746134859    168.2095334424771 
   25.415621460420585   199.88131963802226 
   136.18696463270007   31.575419003036217 
   155.52973637640812   21.628449345776083 
   117.90125034698576   63.247205198581412 
   137.24402209069382   53.300235541321271 
   99.615536061271499   94.918991394126593 
   118.95830780497954   84.972021736866481 
   81.329821775557207   126.59077758967177 
   100.67259351926526   116.64380793241165 
   63.044107489842929   158.26256378521694 
   82.386879233550985   148.31559412795684 
   44.758393204128637   189.93434998076214 
   64.101164947836693   179.98738032350204 
   45.815450662122416    211.6591665190472 
   156.58679383440187   43.353265884061152 
   175.92956557810996   33.406296226801018 
    138.3010795486876    75.02505207960634 
   157.64385129239565   65.078082422346213 
   120.01536526297332   106.69683827515152 
   139.35813700668137   96.749868617891408 
   101.72965097725904   138.36862447069672 
    121.0724227209671   128.42165481343656 
   83.443936691544764   170.04041066624191 
   102.78670843525281   160.09344100898178 
   65.158222405830472   201.71219686178711 
   84.500994149538514   191.76522720452698 
   174.87250812011615   11.681479688515978 
    66.21527986382425   223.43701340007215 
   176.98662303610371   55.131112765086094 
   196.32939477981176    45.18414310782596 
   158.70090875038943   86.802898960631282 
   178.04368049409749   76.855929303371155 
   140.41519446467515   118.47468515617646 
   159.75796620838318   108.52771549891634 
   122.12948017896086   150.14647135172163 
   141.47225192266893   140.19950169446153 
   103.84376589324657   181.81825754726682 
   123.18653763695464    171.8712878900067 
   85.558051607532278   213.49004374281205 
   104.90082335124035   203.54307408555189 
   195.27233732181799   23.459326569540917 
    86.61510906552607   235.21486028109706 
   197.38645223780557   66.908959646111029 
    216.7292239815136    56.96198998885091 
   179.10073795209127   98.580745841656224 
   198.44350969579935   88.633776184396098 
   160.81502366637699   130.25253203720141 
   180.15779541008504   120.30556237994129 
   142.52930938066271    161.9243182327466 
   161.87208112437077   151.97734857548647 
   124.24359509494842   193.59610442829177 
   143.58636683865649   183.64913477103167 
   105.95788080923413   225.26789062383696 
    125.3006525529422   215.32092096657686 
   215.67216652351985   35.237173450565869 
   107.01493826722793     246.992707162122 
   217.78628143950738   78.686806527135971 
   237.12905318321546   68.739836869875845 
    199.5005671537931   110.35859272268115 
   218.84333889750116   100.41162306542104 
   181.21485286807882   142.03037891822635 
   200.55762461178688   132.08340926096622 
   162.92913858236454   173.70216511377151 
   182.27191032607257   163.75519545651139 
   144.64342429665027   205.37395130931671 
   163.98619604035832   195.42698165205658 
   126.35771001093596    237.0457375048619 
   145.70048175464404   227.09876784760178 
   236.07199572522165    47.01502033159079 
   238.18611064120921   90.464653408160885 
   219.90039635549493   122.13643960370609 
   239.24316809920299   112.18946994644598 
   201.61468206978063   153.80822579925126 
   220.95745381348871   143.86125614199116 
   183.32896778406635   185.48001199479646 
   202.67173952777443   175.53304233753636 
   165.04325349835207   217.15179819034165 
   184.38602524206013   207.20482853308152 
   146.75753921263779   248.82358438588685 
   166.10031095634585   238.87661472862672 
   256.47182492692355   58.792867212615725 
   240.30022555719677   133.91428648473104 
   222.01451127148246   165.58607268027623 
   241.35728301519055    155.6391030230161 
   203.72879698576818    197.2578588758214 
   223.07156872947627   187.31088921856127 
   185.44308270005391   228.92964507136659 
   204.78585444376196    218.9826754141065 
   186.50014015804769   250.65446160965169 
