   104.99659743696725   3.3782865646422042 
   79.136692296430638   29.238191705178792 
   100.39484026404851   24.636434532260068 
    53.27678715589407   55.098096845715382 
     74.5349351235119   50.496339672796672 
   27.416882015357469   80.958001986251986 
   48.675029982975317   76.356244813333262 
   1.5569768748208808    106.8179071267886 
   22.815124842438717   102.21614995386986 
   121.65298823166636   20.034677359341327 
   142.91113619928421    15.43292018642259 
   95.793083091129773   45.894582499877927 
   117.05123105874763   41.292825326959175 
   69.933177950593176   71.754487640414524 
   91.191325918211035   67.152730467495786 
   44.073272810056579   97.614392780951121 
   65.331420777674438   93.012635608032383 
    18.21336766951999   123.47429792148772 
   39.471515637137841   118.87254074856897 
   13.611610496601253   144.73244588910558 
   138.30937902636549   36.691068154040451 
   159.56752699398336   32.089310981121713 
   112.44947388582889   62.550973294577055 
   133.70762185344677   57.949216121658317 
   86.589568745292311   88.410878435113645 
   107.84771671291017   83.809121262194907 
   60.729663604755714   114.27078357565024 
   81.987811572373587    109.6690264027315 
   34.869758464219117   140.13068871618685 
   56.127906431836976    135.5289315432681 
   9.0098533236825133   165.99059385672342 
    30.26800129130039   161.38883668380473 
   164.16928416690206   10.831163013503879 
   185.42743213451993   6.2294058405851125 
   154.96576982106461   53.347458948739593 
   176.22391778868246   48.745701775820841 
   129.10586468052804   79.207364089276183 
   150.36401264814589   74.605606916357431 
   103.24595953999145   105.06726922981277 
   124.50410750760929   100.46551205689404 
   77.386054399454835   130.92717437034938 
   98.644202367072708   126.32541719743062 
   51.526149258918238   156.78707951088597 
   72.784297226536097   152.18532233796725 
   25.666244118381652   182.64698465142257 
     46.9243920859995   178.04522747850385 
   180.82567496160118   27.487553808203003 
   202.08382292921908   22.885796635284237 
   171.62216061576376   70.003849743438721 
   192.88030858338161   65.402092570519969 
   145.76225547522714   95.863754883975304 
   167.02040344284501   91.261997711056566 
   119.90235033469057   121.72366002451189 
   141.16049830230844   117.12190285159315 
    94.04244519415397   147.58356516504847 
   115.30059316177183   142.98180799212975 
   68.182540053617373   173.44347030558509 
   89.440688021235232   168.84171313266637 
   42.322634913080776   199.30337544612172 
   63.580782880698628   194.70161827320294 
   197.48206575630033   44.143944602902131 
   218.74021372391823   39.542187429983365 
   188.27855141046288   86.660240538137842 
   209.53669937808075   82.058483365219089 
   162.41864626992628   112.52014567867442 
   183.67679423754413   107.91838850575567 
   136.55874112938969   138.38005081921102 
   157.81688909700753    133.7782936462923 
   110.69883598885311   164.23995595974762 
   131.95698395647096   159.63819878682887 
   84.838930848316508   190.09986110028424 
   106.09707881593435   185.49810392736546 
   58.979025707779904   215.95976624082084 
   80.237173675397756   211.35800906790209 
   214.13845655099945   60.800335397601252 
   235.39660451861732   56.198578224682485 
     204.934942205162   103.31663133283696 
   226.19309017277988   98.714874159918224 
   179.07503706462541   129.17653647337355 
   200.33318503224328   124.57477930045482 
   153.21513192408884   155.03644161391014 
   174.47327989170668   150.43468444099142 
   127.35522678355223   180.89634675444677 
   148.61337475117008   176.29458958152802 
   101.49532164301563   206.75625189498334 
    122.7534696106335   202.15449472206461 
   75.635416502479046   232.61615703551993 
   96.893564470096905   228.01439986260121 
    230.7948473456986    77.45672619230038 
   252.05299531331647   72.854969019381628 
   221.59133299986112   119.97302212753607 
   242.84948096747902   115.37126495461735 
   195.73142785932455   145.83292726807267 
    216.9895758269424   141.23117009515394 
   169.87152271878793   171.69283240860929 
   191.12967068640583   167.09107523569054 
   144.01161757825136   197.55273754914586 
   165.26976554586923   192.95098037622714 
   118.15171243771475   223.41264268968246 
   139.40986040533261   218.81088551676373 
   92.291807297178153   249.27254783021908 
   113.54995526479603   244.67079065730036 
   247.45123814039769   94.113116986999486 
   238.24772379456024   136.62941292223522 
   212.38781865402368   162.48931806277182 
   233.64596662164155   157.88756088985306 
   186.52791351348708   188.34922320330838 
   207.78606148110492   183.74746603038969 
   160.66800837295045   214.20912834384498 
   181.92615634056835   209.60737117092626 
   134.80810323241388   240.06903348438161 
   156.06625120003176   235.46727631146288 
   254.90411458925939   153.28580371693431 
   229.04420944872277   179.14570885747091 
   83.738449469349391   7.9800437375609565 
   203.18430430818623    205.0056139980075 
   57.878544328812794   33.839948878097559 
    177.3243991676496   230.86551913854413 
   32.018639188276211   59.699854018634149 
   151.46449402711298    256.7254242790807 
   6.1587340477396051   85.559759159170753 
