   138.71528252379758   2.0747241297106345 
   160.44009906208265   3.1317815877043969 
   107.04349632825239   20.360438415424923 
   128.76831286653746   21.417495873418687 
   75.371710132707221   38.646152701139215 
   97.096526670992276   39.703210159132979 
   43.699923937162026   56.931866986853507 
   65.424740475447095   57.988924444847264 
   12.028137741616833   75.217581272567813 
   33.752954279901907   76.274638730561563 
   2.0811680843567126    94.56035301627584 
    150.4931294048225   22.474553331412462 
   172.21794594310757   23.531610789406226 
   118.82134320927734    40.76026761712675 
   140.54615974756243   41.817325075120515 
   87.149557013732149   59.045981902841042 
    108.8743735520172   60.103039360834806 
   55.477770818186976   77.331696188555327 
   77.202587356472037   78.388753646549091 
   23.805984622641784   95.617410474269619 
   45.530801160926842   96.674467932263397 
    13.85901496538165   114.96018221797769 
   182.16491560036769   4.1888390456981739 
   203.88973213865279   5.2458965036919221 
   162.27097628584747   42.874382533114293 
   183.99579282413254   43.931439991108057 
   130.59919009030227   61.160096818828585 
   152.32400662858734   62.217154276822342 
   98.927403894757106   79.445811104542855 
   120.65222043304215   80.502868562536634 
   67.255617699211911   97.731525390257161 
   88.980434237496965   98.788582848250925 
   35.583831503666723   116.01723967597145 
   57.308648041951777   117.07429713396522 
   3.9120453081215301   134.30295396168574 
   25.636861846406589   135.36001141967949 
   193.94276248139263   24.588668247400001 
   215.66757901967776   25.645725705393751 
   174.04882316687241    63.27421173481612 
   195.77363970515745   64.331269192809884 
   142.37703697132721   81.559926020530412 
   164.10185350961228   82.616983478524176 
   110.70525077578205   99.845640306244704 
   132.43006731406709   100.90269776423847 
   79.033464580236867     118.131354591959 
   100.75828111852192   119.18841204995276 
   47.361678384691658   136.41706887767327 
   69.086494922976726   137.47412633566705 
   15.689892189146468   154.70278316338758 
   37.414708727431538   155.75984062138136 
   205.72060936241758   44.988497449101828 
    227.4454259007027   46.045554907095578 
   185.82667004789732   83.674040936517954 
   207.55148658618239   84.731098394511719 
   154.15488385235216   101.95975522223223 
   175.87970039063723     103.016812680226 
   122.48309765680698   120.24546950794651 
   144.20791419509203   121.30252696594029 
   90.811311461261781    138.5311837936608 
   112.53612799954686   139.58824125165458 
   59.139525265716607   156.81689807937514 
   80.864341804001668   157.87395553736889 
   27.467739070171419   175.10261236508939 
   49.192555608456473   176.15966982308316 
   217.49845624344252   65.388326650803648 
   239.22327278172762   66.445384108797398 
   197.60451692892229   104.07387013821975 
   219.32933346720736   105.13092759621352 
    165.9327307333771   122.35958442393404 
   187.65754727166217   123.41664188192782 
   134.26094453783193   140.64529870964833 
   155.98576107611697   141.70235616764211 
   102.58915834228672   158.93101299536261 
   124.31397488057179   159.98807045335639 
   70.917372146741528   177.21672728107691 
   92.642188685026625   178.27378473907069 
    39.24558595119634   195.50244156679119 
   60.970402489481415   196.55949902478497 
   229.27630312446746   85.788155852505469 
   251.00111966275256   86.845213310499233 
   209.38236380994724   124.47369933992161 
    231.1071803482323   125.53075679791539 
   177.71057761440204   142.75941362563589 
   199.43539415268711   143.81647108362969 
   146.03879141885687   161.04512791135016 
   167.76360795714191   162.10218536934397 
   114.36700522331168    179.3308421970645 
   136.09182176159675   180.38789965505828 
   82.695219027766498   197.61655648277875 
   104.42003556605157   198.67361394077253 
   51.023432832221296   215.90227076849308 
   72.748249370506386   216.95932822648686 
   241.05415000549243   106.18798505420732 
   221.16021069097218   144.87352854162344 
   242.88502722925725   145.93058599961722 
   189.48842449542698   163.15924282733772 
   211.21324103371208    164.2163002853315 
   157.81663829988182     181.444957113052 
   179.54145483816689   182.50201457104581 
   126.14485210433661    199.7306713987663 
   147.86966864262169   200.78772885676008 
   94.473065908791426   218.01638568448061 
   116.19788244707649   219.07344314247436 
   62.801279713246245   236.30209997019489 
     84.5260962515313   237.35915742818867 
   252.83199688651735   126.58781425590914 
   232.93805757199712   165.27335774332525 
   254.66287411028219   166.33041520131903 
   201.26627137645193   183.55907202903956 
   222.99108791473699   184.61612948703331 
   169.59448518090676   201.84478631475383 
    191.3193017191918   202.90184377274761 
   137.92269898536156   220.13050060046811 
   159.64751552364663   221.18755805846189 
   106.25091278981637   238.41621488618244 
   127.97572932810145   239.47327234417619 
   74.579126594271187   256.70192917189672 
   244.71590445302203   185.67318694502708 
   213.04411825747687   203.95890123074136 
   116.99046598551253   1.0176666717168719 
    181.3723320619317   222.24461551645567 
   85.318679789967334   19.303380957431163 
   149.70054586638651   240.53032980216994 
    53.64689359442216   37.589095243145451 
   21.975107398876965   55.874809528859743 
