   165.81585595931412   11.644002074204444 
   186.52683072313906   18.287837444218479 
   130.49056859788533   21.109384295096625 
   151.20154336171032    27.75321966511066 
   95.165281236456536    30.57476651598882 
    115.8762560002815   37.218601886002851 
   59.839993875027737   40.040148736881001 
   80.550968638852723   46.683984106895032 
   24.514706513598956   49.505530957773196 
   45.225681277423924   56.149366327787227 
   9.9003939159951404   65.614748548679415 
   201.14114332074291   2.1786198533122496 
   221.85211808456785   8.8224552233262976 
   171.91251812553526   34.397055035124708 
   192.62349288936022   41.040890405138761 
   136.58723076410649   43.862437256016889 
   157.29820552793146   50.506272626030935 
   101.26194340267769   53.327819476909085 
   121.97291816650265    59.97165484692313 
   65.936656041248895   62.793201697801265 
   86.647630805073874   69.437037067815311 
    30.61136867982011   72.258583918693461 
   51.322343443645075   78.902419288707506 
   15.997056082216295   88.367801509599701 
   207.23780548696408   24.931672814232513 
   227.94878025078901   31.575508184246576 
   178.00918029175642   57.150107996045001 
   198.72015505558139   63.793943366059032 
   142.68389293032763   66.615490216937175 
   163.39486769415262   73.259325586951221 
   107.35860556889884   76.080872437829356 
   128.06958033272383   82.724707807843416 
   72.033318207470046   85.546254658721551 
   92.744292971295025   92.190090028735611 
   36.708030846041261   95.011636879613746 
   57.419005609866232   101.65547224962779 
   1.3827434846124806   104.47701910050594 
   22.093718248437433   111.12085447051997 
   213.33446765318524   47.684725775152806 
   234.04544241701015   54.328561145166859 
   184.10584245797759    79.90316095696528 
   204.81681722180252   86.546996326979311 
    148.7805550965488   89.368543177857461 
   169.49152986037379   96.012378547871506 
      113.45526773512   98.833925398749656 
   134.16624249894497    105.4777607687637 
   78.129980373691197   108.29930761964185 
   98.840955137516175   114.94314298965588 
   42.804693012262419   117.76468984053403 
   63.515667776087383   124.40852521054808 
   7.4794056508336206   127.23007206142623 
   28.190380414658602   133.87390743144027 
   219.43112981940638   70.437778736073099 
   240.14210458323134   77.081614106087144 
   190.20250462419872   102.65621391788555 
   210.91347938802369   109.30004928789961 
   154.87721726276996   112.12159613877773 
   175.58819202659492   118.76543150879179 
   119.55192990134115   121.58697835966993 
   140.26290466516613   128.23081372968397 
   84.226642539912348   131.05236058056212 
   104.93761730373734   137.69619595057617 
    48.90135517848357   140.51774280145432 
   69.612329942308534   147.16157817146836 
   13.576067817054774   149.98312502234651 
   34.287042580879756   156.62696039236056 
   225.52779198562754   93.190831696993357 
   246.23876674945248   99.834667067007416 
   196.29916679041989   125.40926687880582 
   217.01014155424483   132.05310224881987 
    160.9738794289911   134.87464909969802 
   181.68485419281609   141.51848446971206 
    125.6485920675623   144.34003132059019 
   146.35956683138727   150.98386669060426 
   90.323304706133513   153.80541354148238 
   111.03427946995849   160.44924891149645 
   54.998017344704728   163.27079576237458 
   75.708992108529699   169.91463113238862 
   19.672729983275929   172.73617798326677 
     40.3837047471009   179.38001335328082 
   231.62445415184868   115.94388465791363 
   252.33542891567362   122.58772002792769 
   202.39582895664103   148.16231983972611 
   223.10680372046599   154.80615520974018 
   167.07054159521226    157.6277020606183 
   187.78151635903723   164.27153743063235 
   131.74525423378347    167.0930842815105 
   152.45622899760843   173.73691965152454 
   96.419966872354664   176.55846650240269 
   117.13094163617964   183.20230187241674 
   61.094679510925879   186.02384872329489 
   81.805654274750864   192.66768409330894 
   25.769392149497083   195.48923094418706 
   46.480366913322065   202.13306631420113 
   237.72111631806985   138.69693761883391 
   208.49249112286219    170.9153728006464 
   229.20346588668716   177.55920817066047 
    173.1672037614334   180.38075502153859 
   193.87817852525839   187.02459039155266 
   137.84191640000464   189.84613724243076 
   158.55289116382957   196.48997261244486 
   102.51662903857581   199.31151946332295 
   123.22760380240079   205.95535483333703 
   67.191341677147037   208.77690168421515 
   87.902316440972015   215.42073705422922 
   31.866054315718237   218.24228390510731 
   52.577029079543216   224.88611927512142 
   243.81777848429101    161.4499905797542 
   214.58915328908336   193.66842576156671 
   235.30012805290829   200.31226113158075 
   179.26386592765456   203.13380798245888 
   199.97484069147956   209.77764335247292 
   143.93857856622577   212.59919020335107 
   164.64955333005074   219.24302557336512 
   108.61329120479697   222.06457242424324 
   129.32426596862194   228.70840779425728 
   73.288003843368188   231.52995464513543 
   93.998978607193166   238.17379001514948 
   37.962716481939388   240.99533686602763 
   58.673691245764374   247.63917223604167 
   249.91444065051215   184.20304354067451 
   220.68581545530449   216.42147872248697 
   185.36052809387573   225.88686094337913 
   145.10488119548916    5.000166704190395 
   150.03524073244694   235.35224316427133 
   109.77959383406036    14.46554892508259 
   114.70995337101813   244.81762538516352 
   74.454306472631572   23.930931145974771 
   79.384666009589338   254.28300760605572 
   39.129019111202773   33.396313366866963 
   3.8037317497739873   42.861695587759158 
   256.01110281673334   206.95609650159477 
