   184.18345242696662   15.246597347696492 
    202.4691667126809   27.024444228721428 
   147.61202385553804   15.246597347696492 
   165.89773814125232   27.024444228721428 
   111.04059528410949   15.246597347696492 
   129.32630956982374   27.024444228721428 
   74.469166712680902   15.246597347696492 
   92.754880998395194   27.024444228721428 
   37.897738141252326   15.246597347696492 
   56.183452426966618   27.024444228721428 
   1.3263095698237188   15.246597347696506 
   19.612023855538038   27.024444228721428 
   220.75488099839521   15.246597347696492 
   239.04059528410946   27.024444228721428 
   184.18345242696662   38.802291109746363 
    202.4691667126809   50.580137990771306 
   147.61202385553804   38.802291109746363 
   165.89773814125232   50.580137990771306 
   111.04059528410949   38.802291109746363 
   129.32630956982374   50.580137990771306 
   74.469166712680902   38.802291109746363 
   92.754880998395194   50.580137990771306 
   37.897738141252326   38.802291109746363 
   56.183452426966618   50.580137990771306 
   1.3263095698237188   38.802291109746378 
   19.612023855538038   50.580137990771306 
   220.75488099839521   38.802291109746363 
   239.04059528410946   50.580137990771306 
   184.18345242696662   62.357984871796241 
    202.4691667126809   74.135831752821161 
   147.61202385553804   62.357984871796241 
   165.89773814125232   74.135831752821176 
   111.04059528410949   62.357984871796241 
   129.32630956982374   74.135831752821176 
   74.469166712680902   62.357984871796241 
   92.754880998395194   74.135831752821176 
   37.897738141252326   62.357984871796241 
   56.183452426966618    74.13583175282119 
   1.3263095698237188   62.357984871796255 
   19.612023855538038    74.13583175282119 
   220.75488099839521   62.357984871796241 
   239.04059528410946   74.135831752821161 
   184.18345242696662   85.913678633846132 
    202.4691667126809    97.69152551487106 
   147.61202385553804   85.913678633846132 
   165.89773814125232    97.69152551487106 
   111.04059528410949   85.913678633846132 
   129.32630956982374    97.69152551487106 
   74.469166712680902   85.913678633846132 
   92.754880998395194    97.69152551487106 
   37.897738141252326   85.913678633846146 
   56.183452426966618    97.69152551487106 
   1.3263095698237188   85.913678633846146 
   19.612023855538038   97.691525514871074 
   220.75488099839521   85.913678633846118 
   239.04059528410946   97.691525514871046 
   184.18345242696662     109.469372395896 
    202.4691667126809   121.24721927692093 
   147.61202385553804     109.469372395896 
   165.89773814125232   121.24721927692093 
   111.04059528410949     109.469372395896 
   129.32630956982374   121.24721927692093 
   74.469166712680902     109.469372395896 
   92.754880998395194   121.24721927692093 
   37.897738141252326   109.46937239589602 
   56.183452426966618   121.24721927692093 
   1.3263095698237188   109.46937239589602 
   19.612023855538038   121.24721927692094 
   220.75488099839521   109.46937239589599 
   239.04059528410946   121.24721927692092 
   184.18345242696662   133.02506615794587 
    202.4691667126809   144.80291303897079 
   147.61202385553804   133.02506615794587 
   165.89773814125232   144.80291303897079 
   111.04059528410949    133.0250661579459 
   129.32630956982374   144.80291303897079 
   74.469166712680902    133.0250661579459 
   92.754880998395194   144.80291303897081 
   37.897738141252326    133.0250661579459 
   56.183452426966618   144.80291303897081 
   1.3263095698237188    133.0250661579459 
   19.612023855538038   144.80291303897081 
   220.75488099839521   133.02506615794587 
   239.04059528410946   144.80291303897079 
   184.18345242696662   156.58075991999573 
    202.4691667126809    168.3586068010207 
   147.61202385553804   156.58075991999573 
   165.89773814125232    168.3586068010207 
   111.04059528410949   156.58075991999573 
   129.32630956982374    168.3586068010207 
   74.469166712680902   156.58075991999576 
   92.754880998395194    168.3586068010207 
   37.897738141252326   156.58075991999576 
   56.183452426966618   168.35860680102073 
   1.3263095698237188   156.58075991999576 
   19.612023855538038   168.35860680102073 
   220.75488099839521   156.58075991999573 
   239.04059528410946    168.3586068010207 
   184.18345242696662   180.13645368204564 
    202.4691667126809   191.91430056307055 
   147.61202385553804   180.13645368204564 
   165.89773814125232   191.91430056307058 
   111.04059528410949   180.13645368204564 
   129.32630956982374   191.91430056307058 
   74.469166712680902   180.13645368204564 
   92.754880998395194   191.91430056307058 
   37.897738141252326   180.13645368204564 
   56.183452426966618   191.91430056307058 
   1.3263095698237188   180.13645368204564 
   19.612023855538038   191.91430056307058 
   220.75488099839521   180.13645368204561 
   239.04059528410946   191.91430056307055 
   184.18345242696662    203.6921474440955 
    202.4691667126809   215.46999432512044 
   147.61202385553804    203.6921474440955 
   165.89773814125232   215.46999432512044 
   111.04059528410949    203.6921474440955 
   129.32630956982374   215.46999432512044 
   74.469166712680902    203.6921474440955 
   92.754880998395194   215.46999432512044 
   37.897738141252326    203.6921474440955 
   56.183452426966618   215.46999432512044 
   1.3263095698237188   203.69214744409553 
   19.612023855538038   215.46999432512044 
   220.75488099839521    203.6921474440955 
   239.04059528410946   215.46999432512044 
   184.18345242696662   227.24784120614538 
    202.4691667126809   239.02568808717035 
   147.61202385553804   227.24784120614538 
   165.89773814125232   239.02568808717035 
   111.04059528410949   227.24784120614538 
   129.32630956982374   239.02568808717035 
   74.469166712680902   227.24784120614538 
   92.754880998395194   239.02568808717035 
   37.897738141252326   227.24784120614538 
   56.183452426966618   239.02568808717035 
   1.3263095698237188   227.24784120614538 
   19.612023855538038   239.02568808717035 
   220.75488099839521   227.24784120614538 
   239.04059528410946   239.02568808717035 
