    2.234614222441798   14.907689566925921 
   18.234614222441802   30.907689566925928 
    2.234614222441798   46.907689566925932 
   18.234614222441802   62.907689566925924 
    2.234614222441798   78.907689566925924 
   18.234614222441802   94.907689566925924 
    2.234614222441798   110.90768956692592 
   18.234614222441802   126.90768956692592 
    2.234614222441798   142.90768956692591 
   18.234614222441802   158.90768956692594 
    2.234614222441798   174.90768956692594 
   18.234614222441802   190.90768956692594 
    2.234614222441798   206.90768956692594 
   18.234614222441802   222.90768956692594 
    2.234614222441798   238.90768956692594 
   18.234614222441802   254.90768956692594 
   34.234614222441792   14.907689566925921 
   50.234614222441799   30.907689566925928 
   34.234614222441792   46.907689566925932 
   50.234614222441799   62.907689566925924 
   34.234614222441792   78.907689566925924 
   50.234614222441799   94.907689566925924 
   34.234614222441792   110.90768956692592 
   50.234614222441799   126.90768956692592 
   34.234614222441792   142.90768956692591 
   50.234614222441799   158.90768956692594 
   34.234614222441792   174.90768956692594 
   50.234614222441799   190.90768956692594 
   34.234614222441792   206.90768956692594 
   50.234614222441799   222.90768956692594 
   34.234614222441792   238.90768956692594 
   50.234614222441799   254.90768956692594 
   66.234614222441806   14.907689566925921 
   82.234614222441792   30.907689566925928 
   66.234614222441806   46.907689566925932 
   82.234614222441792   62.907689566925924 
   66.234614222441806   78.907689566925924 
   82.234614222441792   94.907689566925924 
   66.234614222441806   110.90768956692592 
   82.234614222441792   126.90768956692592 
   66.234614222441806   142.90768956692591 
   82.234614222441792   158.90768956692594 
   66.234614222441806   174.90768956692594 
   82.234614222441792   190.90768956692594 
   66.234614222441806   206.90768956692594 
   82.234614222441792   222.90768956692594 
   66.234614222441806   238.90768956692594 
   82.234614222441792   254.90768956692594 
   98.234614222441806   14.907689566925921 
   114.23461422244181   30.907689566925928 
   98.234614222441806   46.907689566925932 
   114.23461422244181   62.907689566925924 
   98.234614222441806   78.907689566925924 
   114.23461422244181   94.907689566925924 
   98.234614222441806   110.90768956692592 
   114.23461422244181   126.90768956692592 
   98.234614222441806   142.90768956692591 
   114.23461422244181   158.90768956692594 
   98.234614222441806   174.90768956692594 
   114.23461422244181   190.90768956692594 
   98.234614222441806   206.90768956692594 
   114.23461422244181   222.90768956692594 
   98.234614222441806   238.90768956692594 
   114.23461422244181   254.90768956692594 
   130.23461422244179   14.907689566925921 
   146.23461422244179   30.907689566925928 
   130.23461422244179   46.907689566925932 
   146.23461422244179   62.907689566925924 
   130.23461422244179   78.907689566925924 
   146.23461422244179   94.907689566925924 
   130.23461422244179   110.90768956692592 
   146.23461422244179   126.90768956692592 
   130.23461422244179   142.90768956692591 
   146.23461422244179   158.90768956692594 
   130.23461422244179   174.90768956692594 
   146.23461422244179   190.90768956692594 
   130.23461422244179   206.90768956692594 
   146.23461422244179   222.90768956692594 
   130.23461422244179   238.90768956692594 
   146.23461422244179   254.90768956692594 
   162.23461422244179   14.907689566925921 
   178.23461422244179   30.907689566925928 
   162.23461422244179   46.907689566925932 
   178.23461422244179   62.907689566925924 
   162.23461422244179   78.907689566925924 
   178.23461422244179   94.907689566925924 
   162.23461422244179   110.90768956692592 
   178.23461422244179   126.90768956692592 
   162.23461422244179   142.90768956692591 
   178.23461422244179   158.90768956692594 
   162.23461422244179   174.90768956692594 
   178.23461422244179   190.90768956692594 
   162.23461422244179   206.90768956692594 
   178.23461422244179   222.90768956692594 
   162.23461422244179   238.90768956692594 
   178.23461422244179   254.90768956692594 
   194.23461422244179   14.907689566925921 
   210.23461422244182   30.907689566925928 
   194.23461422244179   46.907689566925932 
   210.23461422244182   62.907689566925924 
   194.23461422244179   78.907689566925924 
   210.23461422244182   94.907689566925924 
   194.23461422244179   110.90768956692592 
   210.23461422244182   126.90768956692592 
   194.23461422244179   142.90768956692591 
   210.23461422244182   158.90768956692594 
   194.23461422244179   174.90768956692594 
   210.23461422244182   190.90768956692594 
   194.23461422244179   206.90768956692594 
   210.23461422244182   222.90768956692594 
   194.23461422244179   238.90768956692594 
   210.23461422244182   254.90768956692594 
   226.23461422244179   14.907689566925921 
   242.23461422244179   30.907689566925928 
   226.23461422244179   46.907689566925932 
   242.23461422244179   62.907689566925924 
   226.23461422244179   78.907689566925924 
   242.23461422244179   94.907689566925924 
   226.23461422244179   110.90768956692592 
   242.23461422244179   126.90768956692592 
   226.23461422244179   142.90768956692591 
   242.23461422244179   158.90768956692594 
   226.23461422244179   174.90768956692594 
   242.23461422244179   190.90768956692594 
   226.23461422244179   206.90768956692594 
   242.23461422244179   222.90768956692594 
   226.23461422244179   238.90768956692594 
   242.23461422244179   254.90768956692594 
