   30.734788660248263   7.8136971377971944 
   42.048497159233015   27.409615080062625 
   22.452579216967596   38.723323579047374 
   33.766287715952352   58.319241521312811 
   14.170369773686931   69.632950020297571 
   25.484078272671681   89.228867962563001 
   5.8881603304062784   100.54257646154774 
   17.201868829391028   120.13849440381318 
   8.9196593861103626   151.04812084506335 
   81.240333043763869   4.7821980820930952 
   61.644415101498446   16.095906581077863 
   72.958123600483205   35.691824523343293 
   53.362205658217782   47.005533022328045 
   64.675914157202527   66.601450964593482 
   45.079996214937111   77.915159463578249 
   56.393704713921863   97.511077405843679 
   36.797786771656462   108.82478590482842 
   48.111495270641214   128.42070384709385 
   28.515577328375795   139.73441234607861 
   39.829285827360543   159.33033028834402 
   20.233367885095127   170.64403878732881 
    31.54707638407988   190.23995672959421 
   11.951158441814462   201.55366522857898 
   23.264866940799212   221.14958317084441 
   112.14995948501405   13.064407525373761 
   92.554041542748621   24.378116024358526 
   103.86775004173339   43.974033966623963 
   84.271832099467943   55.287742465608709 
   95.585540598452724   74.883660407874132 
   75.989622656187279   86.197368906858912 
    87.30333115517206   105.79328684912434 
    67.70741321290663   117.10699534810908 
   79.021121711891396   136.70291329037448 
   59.425203769625966   148.01662178935928 
   70.738912268610733   167.61253973162471 
   51.142994326345296   178.92624823060947 
   62.456702825330062    198.5221661728749 
   42.860784883064646   209.83587467185964 
   54.174493382049413   229.43179261412507 
   131.74587742727948    1.750699026389011 
   143.05958592626425    21.34661696865443 
   123.46366798399882   32.660325467639197 
   134.77737648298358   52.256243409904627 
   115.18145854071815   63.569951908889379 
   126.49516703970291   83.165869851154795 
   106.89924909743748   94.479578350139576 
   118.21295759642224   114.07549629240501 
   98.617039654156827   125.38920479138974 
   109.93074815314159   144.98512273365517 
   90.334830210876163   156.29883123263994 
   101.64853870986093   175.89474917490537 
   82.052620767595499   187.20845767389014 
   93.366329266580266   206.80437561615557 
   73.770411324314836   218.11808411514028 
   85.084119823299588   237.71400205740574 
   162.65550386852965   10.032908469669678 
   173.96921236751442    29.62882641193508 
   154.37329442524901   40.942534910919861 
   165.68700292423372   60.538452853185277 
   146.09108498196835   71.852161352170043 
   157.40479348095309   91.448079294435459 
   137.80887553868769   102.76178779342024 
   149.12258403767242   122.35770573568566 
   129.52666609540702   133.67141423467041 
   140.84037459439176   153.26733217693584 
   121.24445665212635    164.5810406759206 
    132.5581651511111   184.17695861818603 
   112.96224720884568   195.49066711717077 
   124.27595570783043   215.08658505943623 
   104.68003776556502   226.40029355842097 
   115.99374626454976    245.9962115006864 
   193.56513030977985   18.315117912950331 
   204.87883880876464   37.911035855215751 
   185.28292086649918    49.22474435420051 
   196.59662936548392   68.820662296465954 
   177.00071142321852   80.134370795450707 
   188.31441992220329   99.730288737716123 
   168.71850197993786   111.04399723670089 
   180.03221047892259   130.63991517896633 
   160.43629253665719   141.95362367795107 
   171.75000103564196    161.5495416202165 
   152.15408309337653   172.86325011920127 
   163.46779159236129    192.4591680614667 
   143.87187365009584   203.77287656045146 
   155.18558214908063    223.3687945027169 
    135.5896642068152    234.6825030017016 
   146.90337270579997   254.27842094396706 
   224.47475675103004   26.597327356230998 
   235.78846525001484   46.193245298496414 
   216.19254730774938   57.506953797481181 
   227.50625580673412   77.102871739746632 
   207.91033786446872   88.416580238731385 
   219.22404636345348    108.0124981809968 
   199.62812842118805   119.32620667998157 
   210.94183692017279     138.922124622247 
   191.34591897790739   150.23583312123174 
   202.65962747689215   169.83175106349717 
   183.06370953462672    181.1454595624819 
   194.37741803361149   200.74137750474736 
   174.78150009134603    212.0550860037321 
   186.09520859033083   231.65100394599756 
    166.4992906480654    242.9647124449823 
   255.38438319228018   34.879536799511662 
   247.10217374899955   65.789163240761852 
   238.81996430571888   96.698789682012034 
   250.13367280470362   116.29470762427746 
   230.53775486243822   127.60841612326223 
   241.85146336142299   147.20433406552766 
   222.25554541915758   158.51804256451237 
   233.56925391814232   178.11396050677783 
   213.97333597587689   189.42766900576257 
   225.28704447486166   209.02358694802803 
   205.69112653259623   220.33729544701279 
     217.004835031581   239.93321338927822 
   197.40891708931554   251.24692188826296 
