   88.664541518281368    1.522345235950602 
   94.520947978832368   23.378751696501617 
   72.664541518281354   29.235158157052641 
   78.520947978832368   51.091564617603659 
   56.664541518281354    56.94797107815468 
   62.520947978832361   78.804377538705708 
   40.664541518281375   84.660783999256722 
   46.520947978832389   106.51719045980774 
   24.664541518281371   112.37359692035875 
   30.520947978832382   134.23000338090978 
   8.6645415182813661   140.08640984146081 
   14.520947978832375   161.94281630201181 
   138.23376089993442   11.665938775399569 
   116.37735443938341   17.522345235950592 
   122.23376089993441   39.378751696501624 
    100.3773544393834   45.235158157052631 
   106.23376089993442   67.091564617603666 
    84.37735443938341    72.94797107815468 
    90.23376089993441   94.804377538705708 
   68.377354439383396   100.66078399925671 
   74.233760899934424   122.51719045980772 
    52.37735443938341   128.37359692035875 
   58.233760899934417   150.23000338090978 
   36.377354439383403   156.08640984146081 
   42.233760899934417   177.94281630201181 
   20.377354439383414   183.79922276256283 
   26.233760899934424   205.65562922311383 
   160.09016736048542   5.8095323148485596 
   165.94657382103645   27.665938775399574 
   144.09016736048545   33.522345235950596 
   149.94657382103645   55.378751696501617 
   128.09016736048545   61.235158157052638 
   133.94657382103645   83.091564617603652 
   112.09016736048542    88.94797107815468 
   117.94657382103645   110.80437753870571 
   96.090167360485438   116.66078399925669 
   101.94657382103647   138.51719045980772 
   80.090167360485438   144.37359692035875 
   85.946573821036452   166.23000338090978 
   64.090167360485438   172.08640984146081 
   69.946573821036452   193.94281630201183 
   48.090167360485438   199.79922276256283 
   53.946573821036459   221.65562922311383 
   187.80298028158748   21.809532314848564 
   193.65938674213851   43.665938775399582 
   171.80298028158745   49.522345235950588 
   177.65938674213851   71.378751696501624 
   155.80298028158748   77.235158157052624 
   161.65938674213851   99.091564617603652 
   139.80298028158748   104.94797107815468 
   145.65938674213848   126.80437753870571 
   123.80298028158749   132.66078399925669 
   129.65938674213851   154.51719045980772 
   107.80298028158749   160.37359692035875 
   113.65938674213851   182.23000338090978 
    91.80298028158748   188.08640984146081 
   97.659386742138508   209.94281630201183 
   75.802980281587494   215.79922276256283 
   81.659386742138508   237.65562922311386 
   215.51579320268951   37.809532314848553 
   221.37219966324054   59.665938775399553 
   199.51579320268948   65.522345235950581 
   205.37219966324054    87.37875169650161 
   183.51579320268951   93.235158157052624 
   189.37219966324054   115.09156461760365 
   167.51579320268951   120.94797107815467 
   173.37219966324051   142.80437753870569 
   151.51579320268951   148.66078399925669 
   157.37219966324054   170.51719045980772 
   135.51579320268951   176.37359692035872 
   141.37219966324054   198.23000338090975 
   119.51579320268951   204.08640984146078 
   125.37219966324054   225.94281630201183 
   103.51579320268952   231.79922276256281 
   109.37219966324054   253.65562922311386 
   243.22860612379154   53.809532314848546 
   249.08501258434259   75.665938775399567 
   227.22860612379156   81.522345235950581 
   233.08501258434259   103.37875169650161 
   211.22860612379156   109.23515815705262 
   217.08501258434256   131.09156461760367 
   195.22860612379156   136.94797107815467 
   201.08501258434256   158.80437753870569 
   179.22860612379156   164.66078399925669 
   185.08501258434259   186.51719045980772 
   163.22860612379156   192.37359692035875 
   169.08501258434259   214.23000338090975 
   147.22860612379154   220.08640984146081 
   153.08501258434259   241.94281630201181 
   131.22860612379156   247.79922276256281 
   254.94141904489359   97.522345235950596 
   238.94141904489359   125.23515815705262 
   244.79782550544459   147.09156461760367 
   222.94141904489359   152.94797107815467 
   228.79782550544459   174.80437753870572 
   206.94141904489362   180.66078399925669 
   212.79782550544465   202.51719045980775 
   190.94141904489359   208.37359692035875 
   196.79782550544465   230.23000338090975 
   174.94141904489359   236.08640984146081 
   66.808135057730354   7.3787516965016406 
   50.808135057730361    35.09156461760368 
   250.65423196599562   168.94797107815467 
   34.808135057730354   62.804377538705715 
   234.65423196599562   196.66078399925667 
   18.808135057730379   90.517190459807736 
   218.65423196599562   224.37359692035875 
   2.8081350577303716   118.23000338090979 
   202.65423196599562   252.08640984146078 
