   125.56866066498296   4.5639086623563614 
   102.94124366701345   4.5639086623563614 
   102.94124366701345   27.191325660325894 
   80.313826669043934   27.191325660325894 
   80.313826669043934   49.818742658295406 
   57.686409671074401    49.81874265829542 
   57.686409671074401   72.446159656264939 
   35.058992673104896   72.446159656264925 
   35.058992673104896   95.073576654234444 
   12.431575675135367   95.073576654234458 
   12.431575675135367   117.70099365220398 
   148.19607766295249   4.5639086623563614 
   148.19607766295249   27.191325660325877 
   125.56866066498297   27.191325660325877 
   125.56866066498297   49.818742658295406 
   102.94124366701347   49.818742658295406 
   102.94124366701347   72.446159656264939 
   80.313826669043934   72.446159656264939 
   80.313826669043934   95.073576654234472 
   57.686409671074429   95.073576654234444 
   57.686409671074429   117.70099365220398 
   35.058992673104896   117.70099365220398 
   35.058992673104896   140.32841065017351 
   12.431575675135367   140.32841065017351 
   12.431575675135367   162.95582764814304 
   170.82349466092205   4.5639086623563472 
   170.82349466092199   27.191325660325877 
   170.82349466092199   49.818742658295392 
   148.19607766295249   49.818742658295392 
   148.19607766295249   72.446159656264911 
   125.56866066498297   72.446159656264911 
   125.56866066498296   95.073576654234444 
   102.94124366701345   95.073576654234444 
   102.94124366701344   117.70099365220398 
   80.313826669043948   117.70099365220396 
   80.313826669043934   140.32841065017348 
   57.686409671074415   140.32841065017351 
   57.686409671074415   162.95582764814301 
   35.058992673104896   162.95582764814301 
   35.058992673104882   185.58324464611255 
   12.431575675135381   185.58324464611255 
   193.45091165889156   27.191325660325848 
   193.45091165889153   49.818742658295392 
   193.45091165889156   72.446159656264911 
   170.82349466092199   72.446159656264911 
   170.82349466092199   95.073576654234444 
   148.19607766295249   95.073576654234444 
   148.19607766295249   117.70099365220398 
   125.56866066498296   117.70099365220398 
   125.56866066498296   140.32841065017351 
   102.94124366701347   140.32841065017348 
   102.94124366701347   162.95582764814301 
   80.313826669043934   162.95582764814301 
   80.313826669043934   185.58324464611255 
   57.686409671074415   185.58324464611255 
   57.686409671074415   208.21066164408208 
   35.058992673104896   208.21066164408205 
   216.07832865686106   49.818742658295378 
   216.07832865686106   72.446159656264925 
   216.07832865686106   95.073576654234415 
   193.45091165889156   95.073576654234444 
   193.45091165889153   117.70099365220396 
   170.82349466092202   117.70099365220396 
   170.82349466092199   140.32841065017348 
   148.19607766295249   140.32841065017351 
   148.19607766295249   162.95582764814301 
     125.568660664983   162.95582764814301 
   125.56866066498297   185.58324464611252 
   102.94124366701347   185.58324464611255 
   102.94124366701345   208.21066164408205 
   80.313826669043934   208.21066164408208 
   80.313826669043934   230.83807864205158 
   57.686409671074429   230.83807864205158 
   238.70574565483059   72.446159656264882 
   238.70574565483057   95.073576654234429 
   238.70574565483057   117.70099365220395 
   216.07832865686106   117.70099365220395 
   216.07832865686106   140.32841065017348 
   193.45091165889153   140.32841065017348 
   193.45091165889153   162.95582764814301 
   170.82349466092199   162.95582764814301 
   170.82349466092199   185.58324464611255 
   148.19607766295249   185.58324464611252 
   148.19607766295249   208.21066164408205 
   125.56866066498297   208.21066164408205 
   125.56866066498297   230.83807864205158 
   102.94124366701345   230.83807864205158 
   102.94124366701347   253.46549564002109 
   80.313826669043948   253.46549564002106 
   238.70574565483059   140.32841065017348 
   238.70574565483057   162.95582764814301 
   216.07832865686106   162.95582764814301 
   216.07832865686106   185.58324464611255 
   193.45091165889156   185.58324464611252 
   193.45091165889153   208.21066164408208 
   170.82349466092202   208.21066164408205 
   170.82349466092202   230.83807864205158 
   148.19607766295249   230.83807864205158 
   148.19607766295249   253.46549564002109 
   125.56866066498297   253.46549564002106 
    80.31382666904392   4.5639086623563614 
   238.70574565483057   185.58324464611252 
   57.686409671074401   27.191325660325894 
   216.07832865686106   208.21066164408205 
   35.058992673104882    49.81874265829542 
   193.45091165889156   230.83807864205153 
   12.431575675135367   72.446159656264925 
   170.82349466092202   253.46549564002106 
