   159.32161643014047   1.3435957742185587 
   131.60880350903841   17.343595774218564 
   109.75239704848738   11.487189313667541 
    103.8959905879364   33.343595774218556 
   82.039584127385339   27.487189313667532 
   76.183177666834339   49.343595774218578 
   54.326771206283304    43.48718931366755 
   48.470364745732326   65.343595774218571 
   26.613958285181297   59.487189313667542 
   20.757551824630273   81.343595774218571 
   181.17802289069147   7.2000022347695678 
   175.32161643014044   29.056408695320584 
   153.46520996958944   23.200002234769574 
   147.60880350903838   45.056408695320606 
    125.7523970484874   39.200002234769578 
   119.89599058793638   61.056408695320592 
   98.039584127385368    55.20000223476957 
   92.183177666834339   77.056408695320599 
   70.326771206283325   71.200002234769585 
   64.470364745732326   93.056408695320599 
   42.613958285181305   87.200002234769585 
   36.757551824630276   109.05640869532061 
    14.90114536407925   103.20000223476958 
   9.0447389035282253   125.05640869532061 
   203.03442935124249   13.056408695320577 
   197.17802289069149    34.91281515587162 
   191.32161643014044    56.76922161642262 
   169.46520996958944   50.912815155871613 
   163.60880350903838   72.769221616422641 
   141.75239704848741   66.912815155871613 
   135.89599058793641   88.769221616422612 
   114.03958412738537   82.912815155871627 
   108.18317766683435   104.76922161642264 
   86.326771206283325   98.912815155871627 
   80.470364745732326   120.76922161642263 
   58.613958285181312   114.91281515587161 
   52.757551824630283   136.76922161642264 
   30.901145364079255   130.91281515587164 
   25.044738903528231   152.76922161642264 
   3.1883324429772455   146.91281515587164 
   219.03442935124249    40.76922161642262 
   213.17802289069147   62.625628076973648 
   207.32161643014047   84.482034537524655 
   185.46520996958944   78.625628076973655 
   179.60880350903841   100.48203453752468 
   157.75239704848738   94.625628076973655 
   151.89599058793641   116.48203453752467 
   130.03958412738538   110.62562807697364 
   124.18317766683435   132.48203453752467 
   102.32677120628333   126.62562807697367 
   96.470364745732326   148.48203453752467 
   74.613958285181312   142.62562807697364 
   68.757551824630283    164.4820345375247 
   46.901145364079262   158.62562807697364 
   41.044738903528248    180.4820345375247 
   19.188332442977238   174.62562807697364 
   235.03442935124249   68.482034537524655 
   229.17802289069147   90.338440998075669 
   223.32161643014047    112.1948474586267 
   201.46520996958941   106.33844099807567 
   195.60880350903841   128.19484745862673 
   173.75239704848738   122.33844099807568 
   167.89599058793638    144.1948474586267 
   146.03958412738535    138.3384409980757 
   140.18317766683435    160.1948474586267 
   118.32677120628333    154.3384409980757 
   112.47036474573234    176.1948474586267 
   90.613958285181297    170.3384409980757 
   84.757551824630283   192.19484745862673 
   62.901145364079262    186.3384409980757 
   57.044738903528241   208.19484745862675 
   35.188332442977241   202.33844099807567 
   251.03442935124252   96.194847458626697 
   245.17802289069147   118.05125391917773 
   239.32161643014047   139.90766037972872 
   217.46520996958944   134.05125391917773 
   211.60880350903841   155.90766037972875 
   189.75239704848741   150.05125391917773 
   183.89599058793641   171.90766037972875 
   162.03958412738538   166.05125391917773 
   156.18317766683435   187.90766037972875 
   134.32677120628335   182.05125391917775 
   128.47036474573235   203.90766037972875 
   106.61395828518131   198.05125391917775 
    100.7575518246303   219.90766037972875 
   78.901145364079269   214.05125391917775 
   73.044738903528255   235.90766037972878 
   51.188332442977249   230.05125391917773 
   255.32161643014047   167.62047330083078 
   233.46520996958947   161.76406684027975 
   227.60880350903841   183.62047330083081 
   205.75239704848741   177.76406684027975 
   199.89599058793638   199.62047330083078 
   178.03958412738538   193.76406684027975 
   172.18317766683438   215.62047330083081 
   150.32677120628335   209.76406684027978 
   144.47036474573235   231.62047330083078 
   122.61395828518133   225.76406684027978 
   116.75755182463031   247.62047330083078 
   94.901145364079284   241.76406684027978 
   249.46520996958944   189.47687976138178 
   221.75239704848741   205.47687976138178 
   87.895990587936367   5.6307828531165018 
   194.03958412738538   221.47687976138175 
   60.183177666834318   21.630782853116521 
   166.32677120628333   237.47687976138178 
   32.470364745732311   37.630782853116514 
    138.6139582851813   253.47687976138178 
   4.7575518246302533   53.630782853116521 
