   190.67845265281159   14.165030928332484 
   171.08253471054616   2.8513224293477197 
   159.76882621156139   22.447240371613137 
   140.17290826929596   11.133531872628387 
   128.85919977031119   30.729449814893805 
   109.26328182804579   19.415741315909052 
   97.949573329060996   39.011659258174468 
   78.353655386795609    27.69795075918972 
   67.039946887810856   47.293868701455125 
   47.444028945545433   35.980160202470373 
   36.130320446560667   55.576078144735789 
   16.534402504295237   44.262369645751036 
   5.2206940053104693   63.858287588016459 
   221.58807909406175   5.8828214850518181 
   210.27437059507702   25.478739427317251 
   198.96066209609222   45.074657369582667 
   179.36474415382682     33.7609488705979 
   168.05103565484205   53.356866812863323 
   148.45511771257662   42.043158313878571 
   137.14140921359188   61.639076256143987 
   117.54549127132644   50.325367757159235 
   106.23178277234166   69.921285699424658 
   86.635864830076272   58.607577200439906 
    75.32215633109152   78.203495142705307 
   55.726238388826097   66.889786643720555 
   44.412529889841316   86.485704585985971 
     24.8166119475759   75.171996087001219 
   13.502903448591121   94.767914029266635 
   229.87028853734242   36.792447926302003 
   218.55658003835768   56.388365868567419 
   207.24287153937291   75.984283810832835 
   187.64695359710751   64.670575311848083 
   176.33324509812272   84.266493254113499 
   156.73732715585732   72.952784755128746 
   145.42361865687252   92.548702697394162 
    125.8277007146071    81.23499419840941 
   114.51399221562232   100.83091214067484 
   94.918074273356922   89.517203641690074 
   83.604365774372184   109.11312158395549 
   64.008447832106754   97.799413084970737 
   52.694739333121987   117.39533102723615 
   33.098821390856557    106.0816225282514 
    21.78511289187179   125.67754047051682 
   2.1891949496063563   114.36383197153208 
   238.15249798062308   67.702074367552186 
   226.83878948163834   87.297992309817602 
   215.52508098265355   106.89391025208303 
   195.92916304038815   95.580201753098265 
   184.61545454140338    115.1761196953637 
   165.01953659913795   103.86241119637894 
   153.70582810015318   123.45832913864436 
   134.10991015788778   112.14462063965961 
   122.79620165890299   131.74053858192502 
   103.20028371663759   120.42683008294026 
   91.886575217652847   140.02274802520569 
   72.290657275387417   128.70903952622092 
   60.976948776402651   148.30495746848635 
   41.381030834137221   136.99124896950158 
   30.067322335152454   156.58716691176701 
   10.471404392887024   145.27345841278225 
   246.43470742390375   98.611700808802368 
   235.12099892491901    118.2076187510678 
   223.80729042593421   137.80353669333323 
   204.21137248366884   126.48982819434846 
   192.89766398468404   146.08574613661386 
   173.30174604241861   134.77203763762913 
   161.98803754343385   154.36795557989453 
   142.39211960116845   143.05424708090979 
   131.07841110218365   162.65016502317522 
   111.48249315991825   151.33645652419048 
    100.1687846609335   170.93237446645585 
   80.572866718668081   159.61866596747112 
   69.259158219683314   179.21458390973652 
   49.663240277417891   167.90087541075178 
   38.349531778433111   187.49679335301718 
   18.753613836167691   176.18308485403244 
   254.71691686718438   129.52132725005254 
   243.40320836819967   149.11724519231797 
   232.08949986921488    168.7131631345834 
   212.49358192694947   157.39945463559863 
   201.17987342796468   176.99537257786409 
   181.58395548569928   165.68166407887929 
   170.27024698671451   185.27758202114472 
   150.67432904444911   173.96387352215996 
   139.36062054546431   193.55979146442542 
   119.76470260319891   182.24608296544065 
   108.45099410421417   201.84200090770605 
   88.855076161948745   190.52829240872128 
   77.541367662963992   210.12421035098671 
   57.945449720698541   198.81050185200198 
   46.631741221713774   218.40641979426738 
   27.035823279448358   207.09271129528261 
   251.68541781148031   180.02687163356816 
   240.37170931249557   199.62278957583359 
   220.77579137023014   188.30908107684883 
    209.4620828712454   207.90499901911426 
   189.86616492897994   196.59129052012949 
    178.5524564299952   216.18720846239492 
   158.95653848772977   204.87349996341013 
   147.64282998874498   224.46941790567558 
   128.04691204647958   213.15570940669085 
   116.73320354749484   232.75162734895625 
   97.137285605229408   221.43791884997148 
   85.823577106244656   241.03383679223688 
   66.227659163979212   229.72012829325215 
   54.913950664994438   249.31604623551758 
   35.318032722729022   238.00233773653281 
    229.0580008135108     219.218707518099 
   198.14837437226061   227.50091696137963 
   167.23874793101041   235.78312640466035 
   89.667363885780318   8.1020328169242717 
   136.32912148976024   244.06533584794099 
     58.7577374445302   16.384242260204925 
   105.41949504851007   252.34754529122165 
       27.84811100328   24.666451703485592 
