   253.66290335379185   22.488658437240229 
   237.66290335379185   38.488658437240233 
   221.66290335379185   22.488658437240243 
   205.66290335379188   38.488658437240233 
   189.66290335379185   22.488658437240243 
   173.66290335379185   38.488658437240233 
   157.66290335379185   22.488658437240243 
   141.66290335379185   38.488658437240233 
   125.66290335379186   22.488658437240243 
   109.66290335379186   38.488658437240233 
   93.662903353791862   22.488658437240243 
   77.662903353791847   38.488658437240233 
   61.662903353791847   22.488658437240243 
    45.66290335379184   38.488658437240233 
   29.662903353791865   22.488658437240243 
   13.662903353791858   38.488658437240233 
   253.66290335379185   54.488658437240225 
   237.66290335379185   70.488658437240233 
   221.66290335379185    54.48865843724024 
   205.66290335379188   70.488658437240233 
   189.66290335379185    54.48865843724024 
   173.66290335379188   70.488658437240247 
   157.66290335379185    54.48865843724024 
   141.66290335379185   70.488658437240247 
   125.66290335379186    54.48865843724024 
   109.66290335379186   70.488658437240247 
   93.662903353791862    54.48865843724024 
   77.662903353791847   70.488658437240247 
   61.662903353791847    54.48865843724024 
    45.66290335379184   70.488658437240261 
   29.662903353791865    54.48865843724024 
   13.662903353791858   70.488658437240261 
   253.66290335379185   86.488658437240233 
   237.66290335379185   102.48865843724025 
   221.66290335379185   86.488658437240233 
   205.66290335379188   102.48865843724025 
   189.66290335379185   86.488658437240233 
   173.66290335379188   102.48865843724025 
   157.66290335379185   86.488658437240233 
   141.66290335379185   102.48865843724025 
   125.66290335379186   86.488658437240233 
   109.66290335379186   102.48865843724025 
   93.662903353791862   86.488658437240233 
   77.662903353791847   102.48865843724025 
   61.662903353791847   86.488658437240233 
    45.66290335379184   102.48865843724025 
   29.662903353791865   86.488658437240233 
   13.662903353791858   102.48865843724025 
   253.66290335379185   118.48865843724025 
   237.66290335379185   134.48865843724025 
   221.66290335379185   118.48865843724025 
   205.66290335379188   134.48865843724025 
   189.66290335379185   118.48865843724025 
   173.66290335379188   134.48865843724025 
   157.66290335379188   118.48865843724025 
   141.66290335379188   134.48865843724025 
   125.66290335379186   118.48865843724025 
   109.66290335379186   134.48865843724025 
   93.662903353791862   118.48865843724025 
   77.662903353791847   134.48865843724025 
   61.662903353791847   118.48865843724025 
    45.66290335379184   134.48865843724025 
   29.662903353791865   118.48865843724025 
   13.662903353791858   134.48865843724025 
   253.66290335379185   150.48865843724022 
   237.66290335379185   166.48865843724025 
   221.66290335379185   150.48865843724022 
   205.66290335379188   166.48865843724025 
   189.66290335379185   150.48865843724022 
   173.66290335379188   166.48865843724025 
   157.66290335379188   150.48865843724022 
   141.66290335379188   166.48865843724025 
   125.66290335379186   150.48865843724022 
   109.66290335379186   166.48865843724025 
   93.662903353791862   150.48865843724022 
   77.662903353791847   166.48865843724025 
   61.662903353791847   150.48865843724022 
    45.66290335379184   166.48865843724025 
   29.662903353791865   150.48865843724022 
   13.662903353791858   166.48865843724025 
   253.66290335379185   182.48865843724025 
   237.66290335379185   198.48865843724025 
   221.66290335379185   182.48865843724025 
   205.66290335379188   198.48865843724025 
   189.66290335379185   182.48865843724025 
   173.66290335379188   198.48865843724025 
   157.66290335379188   182.48865843724025 
   141.66290335379188   198.48865843724025 
   125.66290335379186   182.48865843724025 
   109.66290335379186   198.48865843724025 
   93.662903353791862   182.48865843724025 
   77.662903353791847   198.48865843724025 
   61.662903353791847   182.48865843724025 
    45.66290335379184   198.48865843724025 
   29.662903353791865   182.48865843724025 
   13.662903353791858   198.48865843724025 
   253.66290335379185   214.48865843724025 
   237.66290335379185   230.48865843724025 
   221.66290335379185   214.48865843724025 
   205.66290335379188   230.48865843724025 
   189.66290335379185   214.48865843724025 
   173.66290335379188   230.48865843724025 
   157.66290335379188   214.48865843724025 
   141.66290335379188   230.48865843724025 
   125.66290335379186   214.48865843724025 
   109.66290335379186   230.48865843724025 
   93.662903353791862   214.48865843724025 
   77.662903353791847   230.48865843724025 
   61.662903353791847   214.48865843724025 
    45.66290335379184   230.48865843724025 
   29.662903353791865   214.48865843724025 
   13.662903353791858   230.48865843724025 
   253.66290335379185   246.48865843724022 
   237.66290335379185   6.4886584372402396 
   221.66290335379185   246.48865843724025 
   205.66290335379185   6.4886584372402396 
   189.66290335379185   246.48865843724025 
   173.66290335379185   6.4886584372402396 
   157.66290335379188   246.48865843724025 
   141.66290335379185   6.4886584372402396 
   125.66290335379186   246.48865843724025 
   109.66290335379186   6.4886584372402396 
   93.662903353791862   246.48865843724025 
   77.662903353791847   6.4886584372402396 
   61.662903353791847   246.48865843724025 
   45.662903353791826   6.4886584372402396 
   29.662903353791865   246.48865843724025 
   13.662903353791844   6.4886584372402396 
