   37.985680456008964   34.512796900379072 
   60.613097453978497   18.512796900379065 
   60.613097453978497   34.512796900379072 
   37.985680456008964   18.512796900379065 
   37.985680456008964   66.512796900379072 
   60.613097453978497   50.512796900379072 
   60.613097453978497   66.512796900379072 
   37.985680456008964   50.512796900379072 
   37.985680456008964   98.512796900379072 
   60.613097453978497   82.512796900379072 
   60.613097453978497   98.512796900379072 
   37.985680456008964   82.512796900379072 
   37.985680456008964    130.5127969003791 
   60.613097453978497   114.51279690037909 
   60.613097453978497    130.5127969003791 
   37.985680456008964   114.51279690037909 
   37.985680456008964   162.51279690037907 
   60.613097453978497   146.51279690037907 
   60.613097453978497   162.51279690037907 
   37.985680456008964   146.51279690037907 
   37.985680456008964   194.51279690037907 
   60.613097453978497   178.51279690037907 
   60.613097453978497   194.51279690037907 
   37.985680456008964   178.51279690037907 
   37.985680456008964    226.5127969003791 
   60.613097453978497   210.51279690037907 
   60.613097453978497    226.5127969003791 
   37.985680456008964   210.51279690037907 
   37.985680456008964   2.5127969003790729 
   60.613097453978497   242.51279690037907 
   60.613097453978497   2.5127969003790729 
   37.985680456008964   242.51279690037907 
   83.240514451948016   34.512796900379072 
   105.86793144991753   18.512796900379065 
   105.86793144991753   34.512796900379072 
   83.240514451948016   18.512796900379065 
   83.240514451948016   66.512796900379072 
   105.86793144991753   50.512796900379072 
   105.86793144991753   66.512796900379072 
   83.240514451948016   50.512796900379072 
   83.240514451948016   98.512796900379072 
   105.86793144991753   82.512796900379072 
   105.86793144991753   98.512796900379072 
   83.240514451948016   82.512796900379072 
   83.240514451948016    130.5127969003791 
   105.86793144991753   114.51279690037909 
   105.86793144991753    130.5127969003791 
   83.240514451948016   114.51279690037909 
   83.240514451948016   162.51279690037907 
   105.86793144991753   146.51279690037907 
   105.86793144991753   162.51279690037907 
   83.240514451948016   146.51279690037907 
   83.240514451948016   194.51279690037907 
   105.86793144991753   178.51279690037907 
   105.86793144991753   194.51279690037907 
   83.240514451948016   178.51279690037907 
   83.240514451948016    226.5127969003791 
   105.86793144991753   210.51279690037907 
   105.86793144991753    226.5127969003791 
   83.240514451948016   210.51279690037907 
   83.240514451948016   2.5127969003790729 
   105.86793144991753   242.51279690037907 
   105.86793144991753   2.5127969003790729 
   83.240514451948016   242.51279690037907 
   128.49534844788707   34.512796900379072 
   151.12276544585663   18.512796900379065 
   151.12276544585663   34.512796900379072 
   128.49534844788707   18.512796900379065 
   128.49534844788707   66.512796900379072 
   151.12276544585663   50.512796900379072 
   151.12276544585663   66.512796900379072 
   128.49534844788707   50.512796900379072 
   128.49534844788707   98.512796900379072 
   151.12276544585663   82.512796900379072 
   151.12276544585663   98.512796900379072 
   128.49534844788707   82.512796900379072 
   128.49534844788707    130.5127969003791 
   151.12276544585663   114.51279690037909 
   151.12276544585663    130.5127969003791 
   128.49534844788707   114.51279690037909 
   128.49534844788707   162.51279690037907 
   151.12276544585663   146.51279690037907 
   151.12276544585663   162.51279690037907 
   128.49534844788707   146.51279690037907 
   128.49534844788707   194.51279690037907 
   151.12276544585663   178.51279690037907 
   151.12276544585663   194.51279690037907 
   128.49534844788707   178.51279690037907 
   128.49534844788707    226.5127969003791 
   151.12276544585663   210.51279690037907 
   151.12276544585663    226.5127969003791 
   128.49534844788707   210.51279690037907 
   128.49534844788707   2.5127969003790729 
   151.12276544585663   242.51279690037907 
   151.12276544585663   2.5127969003790729 
   128.49534844788707   242.51279690037907 
   173.75018244382613   34.512796900379072 
   196.37759944179564   18.512796900379065 
   196.37759944179564   34.512796900379072 
   173.75018244382613   18.512796900379065 
   173.75018244382613   66.512796900379072 
   196.37759944179564   50.512796900379072 
   196.37759944179564   66.512796900379072 
   173.75018244382613   50.512796900379072 
   173.75018244382613   98.512796900379072 
   196.37759944179564   82.512796900379072 
   196.37759944179564   98.512796900379072 
   173.75018244382613   82.512796900379072 
   173.75018244382613    130.5127969003791 
   196.37759944179564   114.51279690037909 
   196.37759944179564    130.5127969003791 
   173.75018244382613   114.51279690037909 
   173.75018244382613   162.51279690037907 
   196.37759944179564   146.51279690037907 
   196.37759944179564   162.51279690037907 
   173.75018244382613   146.51279690037907 
   173.75018244382613   194.51279690037907 
   196.37759944179564   178.51279690037907 
   196.37759944179564   194.51279690037907 
   173.75018244382613   178.51279690037907 
   173.75018244382613    226.5127969003791 
   196.37759944179564   210.51279690037907 
   196.37759944179564    226.5127969003791 
   173.75018244382613   210.51279690037907 
   173.75018244382613   2.5127969003790729 
   196.37759944179564   242.51279690037907 
   196.37759944179564   2.5127969003790729 
   173.75018244382613   242.51279690037907 
   219.00501643976517   34.512796900379072 
   241.63243343773468   18.512796900379065 
   241.63243343773468   34.512796900379072 
   219.00501643976517   18.512796900379065 
   219.00501643976517   66.512796900379072 
   241.63243343773468   50.512796900379072 
   241.63243343773468   66.512796900379072 
   219.00501643976517   50.512796900379072 
   219.00501643976517   98.512796900379072 
   241.63243343773468   82.512796900379072 
   241.63243343773468   98.512796900379072 
   219.00501643976517   82.512796900379072 
   219.00501643976517    130.5127969003791 
   241.63243343773468   114.51279690037909 
   241.63243343773468    130.5127969003791 
   219.00501643976517   114.51279690037909 
   219.00501643976517   162.51279690037907 
   241.63243343773468   146.51279690037907 
   241.63243343773468   162.51279690037907 
   219.00501643976517   146.51279690037907 
   219.00501643976517   194.51279690037907 
   241.63243343773468   178.51279690037907 
   241.63243343773468   194.51279690037907 
   219.00501643976517   178.51279690037907 
   219.00501643976517    226.5127969003791 
   241.63243343773468   210.51279690037907 
   241.63243343773468    226.5127969003791 
   219.00501643976517   210.51279690037907 
   219.00501643976517   2.5127969003790729 
   241.63243343773468   242.51279690037907 
   241.63243343773468   2.5127969003790729 
   219.00501643976517   242.51279690037907 
