   56.666514536999067   1.8347185892293867 
   78.522920997550074   7.6911250497804104 
   48.384305093718396   32.744345030479565 
   74.381816275909742   23.145938270405495 
    70.24071155426941   38.600751491030593 
   52.525409815358728    17.28953180985447 
   40.102095650437732   63.653971471729754 
   66.099606832629078   54.055564711655691 
   61.958502110988746   69.510377932280761 
   44.243200372078064    48.19915825110467 
   31.819886207157065   94.563597912979958 
   57.817397389348415   84.965191152905859 
   53.676292667708076   100.42000437353096 
   35.960990928797401   79.108784692354845 
   23.537676763876412   125.47322435423013 
   49.535187946067744   115.87481759415606 
   45.394083224427426   131.32963081478113 
    27.67878148551673   110.01841113360506 
   15.255467320595745   156.38285079548032 
   41.252978502787094   146.78444403540624 
   37.111873781146762   162.23925725603132 
    19.39657204223608   140.92803757485521 
   6.9732578773150786   187.29247723673052 
   32.970769059506424   177.69407047665644 
   28.829664337866092   193.14888369728152 
   11.114362598955411   171.83766401610541 
   24.688559616225774    208.6036969179066 
   20.547454894585442   224.05851013853169 
   2.8321531556747592   202.74729045735558 
   100.37932745810109   13.547531510331419 
   126.37683864029245   3.9491247502573446 
   122.23573391865212   19.403937970882442 
   92.097118014820438     44.4571579515816 
   118.09462919701178    34.85875119150753 
   113.95352447537145   50.313564412132628 
   96.238222736460756   29.002344730956505 
   83.814908571539775   75.366784392831804 
   109.81241975373111   65.768377632757719 
   105.67131503209079   81.223190853382818 
   87.956013293180092   59.911971172206705 
   75.532699128259111   106.27641083408199 
   101.53021031045046   96.678004074007916 
   97.389105588810125   112.13281729463301 
   79.673803849899443   90.821597613456902 
   67.250489684978447   137.18603727533215 
   93.248000867169793   127.58763051525811 
   89.106896145529461   143.04244373588318 
   71.391594406618779   121.73122405470708 
   58.968280241697776   168.09566371658235 
   84.965791423889144   158.49725695650827 
   80.824686702248783   173.95207017713338 
   63.109384963338108   152.64085049595727 
   50.686070798417106   199.00529015783255 
   76.683581980608466   189.40688339775846 
    72.54247725896812   204.86169661838358 
   54.827175520057445   183.55047693720743 
   42.403861355136456   229.91491659908274 
   68.401372537327802   220.31650983900863 
    64.26026781568747   235.77132305963374 
   46.544966076776788   214.46010337845763 
   144.09214037920313   25.260344431433467 
    170.0896515613945   15.661937671359393 
   165.94854683975419   31.116750891984491 
   148.23324510084348   9.8055312108083683 
   135.80993093592247   56.169970872683649 
   161.80744211811384   46.571564112609579 
   157.66633739647352   62.026377333234663 
   139.95103565756281   40.715157652058551 
   127.52772149264182   87.079597313933817 
   153.52523267483318   77.481190553859761 
   149.38412795319286    92.93600377448486 
   131.66882621428215   71.624784093308747 
   119.24551204936115   117.98922375518401 
   145.24302323155251   108.39081699510994 
    141.1019185099122   123.84563021573504 
   123.38661677100148   102.53441053455892 
    110.9633026060805   148.89885019643418 
   136.96081378827182   139.30044343636015 
    132.8197090666315   154.75525665698524 
   115.10440732772082   133.44403697580913 
   102.68109316279984   179.80847663768438 
   128.67860434499119   170.21006987761032 
   124.53749962335085   185.66488309823544 
   106.82219788444016   164.35366341705929 
   94.398883719519162   210.71810307893458 
   120.39639490171054   201.11969631886052 
   116.25529018007018   216.57450953948563 
    98.53998844115948   195.26328985830949 
   86.116674276238498   241.62772952018474 
   112.11418545842986   232.02932276011066 
   107.97308073678953   247.48413598073577 
    90.25777899787883   226.17291629955966 
   187.80495330030516   36.973157352535488 
   213.80246448249653    27.37475059246141 
   209.66135976085619   42.829563813086509 
   191.94605802194548   21.518344131910403 
   179.52274385702449   67.882783793785663 
   205.52025503921587   58.284377033711593 
   201.37915031757552   73.739190254336691 
   183.66384857866481   52.427970573160572 
   171.24053441374383    98.79241023503586 
    197.2380455959352   89.194003474961789 
   193.09694087429489   104.64881669558687 
   175.38163913538415   83.337597014410775 
   162.95832497046317   129.70203667628604 
   188.95583615265454   120.10362991621197 
    184.8147314310142   135.55844313683707 
   167.09942969210348   114.24722345566096 
    154.6761155271825   160.61166311753624 
   180.67362670937388   151.01325635746218 
   176.53252198773353   166.46806957808724 
   158.81722024882285   145.15684989691115 
   146.39390608390184   191.52128955878644 
   172.39141726609319   181.92288279871235 
   168.25031254445287   197.37769601933744 
   150.53501080554219   176.06647633816132 
   138.11169664062118   222.43091600003663 
   164.10920782281252   212.83250923996255 
    159.9681031011722   228.28732246058763 
   142.25280136226152   206.97610277941152 
   129.82948719734051   253.34054244128677 
   155.82699837953189   243.74213568121272 
   133.97059191898086   237.88572922066166 
   231.51776622140721   48.685970273637537 
   253.37417268195824   54.542376734188558 
   235.65887094304753   33.231157053012438 
   223.23555677812655   79.595596714887719 
   249.23306796031792   69.997189954813649 
   245.09196323867761   85.452003175438747 
    227.3766614997669   64.140783494262621 
   214.95334733484589    110.5052231561379 
   240.95085851703726   100.90681639606385 
   236.80975379539692   116.36162961668893 
    219.0944520564862   95.050409935512818 
   206.67113789156522   141.41484959738807 
    232.6686490737566   131.81644283731401 
   228.52754435211628   147.27125605793913 
   210.81224261320557     125.960036376763 
   198.38892844828456   172.32447603863827 
   224.38643963047593   162.72606927856421 
   220.24533490883562   178.18088249918929 
   202.53003316992488   156.86966281801318 
   190.10671900500392   203.23410247988846 
   216.10423018719524   193.63569571981438 
   211.96312546555492   209.09050894043949 
   194.24782372664424   187.77928925926335 
   181.82450956172323   234.14372892113866 
   207.82202074391461   224.54532216106455 
   203.68091602227426   240.00013538168966 
   185.96561428336358   218.68891570051355 
   199.53981130063394   255.45494860231474 
   177.68340484008291   249.59854214176374 
