   115.93427920920745   8.5946296374328988 
   143.53019715147286   6.0519316758666379 
   135.53019715147286   19.908338136417665 
    99.93427920920746   36.307442558534937 
   127.53019715147288   33.764744596968676 
   119.53019715147288    47.62115105751969 
   107.93427920920746   22.451036097983913 
   83.934279209207475   64.020255479636972 
   111.53019715147289   61.477557518070704 
   103.53019715147289   75.333963978621725 
   91.934279209207475   50.163849019085951 
    67.93427920920746   91.733068400739029 
    95.53019715147289   89.190370439172753 
   87.530197151472876   103.04677689972378 
    75.93427920920746   77.876661940187986 
   51.934279209207475   119.44588132184103 
   79.530197151472876    116.9031833602748 
   71.530197151472905   130.75958982082579 
    59.93427920920746   105.58947486129003 
   35.934279209207467   147.15869424294308 
   63.530197151472898   144.61599628137682 
   55.530197151472898   158.47240274192782 
   43.934279209207467   133.30228778239206 
   19.934279209207464   174.87150716404514 
   47.530197151472898   172.32880920247888 
   39.530197151472898   186.18521566302988 
   27.934279209207464   161.01510070349408 
   3.9342792092074714   202.58432008514714 
   31.530197151472908   200.04162212358085 
   23.530197151472905   213.89802858413191 
   11.934279209207475   188.72791362459614 
   155.12611509373832   31.222046635402414 
   182.72203303600375   28.679348673836156 
   174.72203303600372    42.53575513438718 
   163.12611509373832   17.365640174851389 
   139.12611509373832   58.934859556504456 
   166.72203303600372   56.392161594938194 
   158.72203303600372   70.248568055489201 
   147.12611509373832   45.078453095953428 
   123.12611509373832   86.647672477606491 
   150.72203303600375   84.104974516040215 
   142.72203303600375   97.961380976591244 
   131.12611509373832   72.791266017055463 
   107.12611509373832   114.36048539870853 
   134.72203303600375   111.81778743714227 
   126.72203303600374    125.6741938976933 
   115.12611509373832   100.50407893815752 
   91.126115093738321   142.07329831981056 
   118.72203303600375    139.5306003582443 
   110.72203303600375    153.3870068187953 
   99.126115093738306   128.21689185925953 
   75.126115093738321   169.78611124091262 
   102.72203303600375   167.24341327934633 
   94.722033036003751   181.09981973989736 
   83.126115093738321   155.92970478036156 
   59.126115093738328   197.49892416201465 
   86.722033036003751   194.95622620044838 
   78.722033036003751   208.81263266099941 
   67.126115093738321   183.64251770146362 
   43.126115093738335   225.21173708311665 
   70.722033036003751   222.66903912155038 
   62.722033036003751   236.52544558210144 
   51.126115093738342   211.35533062256565 
   194.31795097826918   53.849463633371947 
   221.91386892053461   51.306765671805671 
   213.91386892053461   65.163172132356692 
   202.31795097826918   39.993057172820919 
   178.31795097826918   81.562276554473982 
   205.91386892053458   79.019578592907706 
   197.91386892053458   92.875985053458734 
   186.31795097826918   67.705870093922954 
   162.31795097826918   109.27508947557601 
   189.91386892053458   106.73239151400975 
   181.91386892053458   120.58879797456076 
   170.31795097826918   95.418683015024996 
   146.31795097826918   136.98790239667807 
   173.91386892053458    134.4452044351118 
   165.91386892053458    148.3016108956628 
   154.31795097826921   123.13149593612704 
   130.31795097826921   164.70071531778009 
   157.91386892053458   162.15801735621383 
   149.91386892053461    176.0144238167648 
   138.31795097826918   150.84430885722907 
    114.3179509782692   192.41352823888212 
   141.91386892053461   189.87083027731586 
   133.91386892053461   203.72723673786689 
    122.3179509782692   178.55712177833109 
   98.317950978269195   220.12634115998421 
    125.9138689205346   217.58364319841792 
    117.9138689205346   231.44004965896892 
    106.3179509782692   206.26993469943315 
   82.317950978269195   247.83915408108618 
   109.91386892053463   245.29645611951992 
   90.317950978269209   233.98274762053518 
   233.50978686280001   76.476880631341444 
   253.10570480506547   87.790589130326211 
   241.50978686280001   62.620474170790423 
   217.50978686280001   104.18969355244349 
   245.10570480506547   101.64699559087722 
   237.10570480506547   115.50340205142825 
   225.50978686280001   90.333287091892458 
   201.50978686280001   131.90250647354551 
   229.10570480506547   129.35980851197925 
   221.10570480506547   143.21621497253028 
   209.50978686280001    118.0461000129945 
   185.50978686280001   159.61531939464757 
   213.10570480506547   157.07262143308134 
   205.10570480506547   170.92902789363234 
   193.50978686280001   145.75891293409654 
   169.50978686280001    187.3281323157496 
   197.10570480506547   184.78543435418337 
   189.10570480506547   198.64184081473437 
   177.50978686279998   173.47172585519857 
   153.50978686280001   215.04094523685163 
   181.10570480506547   212.49824727528539 
   173.10570480506547   226.35465373583639 
   161.50978686280001    201.1845387763006 
   137.50978686280001   242.75375815795365 
   165.10570480506547   240.21106019638739 
   157.10570480506547   254.06746665693845 
   145.50978686280001   228.89735169740266 
   129.50978686280001   256.61016461850465 
   256.70162274733082   126.81711055041301 
    88.33836126694203    11.13732759899916 
    80.33836126694203   24.993734059550171 
   240.70162274733087   154.52992347151505 
   72.338361266942044   38.850140520101185 
    64.33836126694203   52.706546980652213 
   248.70162274733087   140.67351701096402 
   224.70162274733087    182.2427363926171 
   56.338361266942037   66.562953441203234 
    48.33836126694203   80.419359901754262 
   232.70162274733087   168.38632993206605 
    208.7016227473309    209.9555493137191 
   40.338361266942044   94.275766362305276 
   32.338361266942059   108.13217282285628 
    216.7016227473309    196.0991428531681 
   192.70162274733087   237.66836223482116 
   24.338361266942051    121.9885792834073 
   16.338361266942051   135.84498574395832 
   200.70162274733087   223.81195577427013 
   8.3383612669420479   149.70139220450935 
   184.70162274733087   251.52476869537219 
