   157.14857078742403   8.1321594561563977 
   118.52115378945456   14.759576454125924 
   145.83486228843933    19.44586795514115 
   134.52115378945456   30.759576454125913 
    129.8348622884393   3.4458679551411575 
    95.89373679148504   37.386993452095439 
   123.20744529046978   42.073284953110679 
   111.89373679148503   53.386993452095432 
   107.20744529046979    26.07328495311069 
   73.266319793515507   60.014410450064972 
   100.58002829250026   64.700701951080191 
   89.266319793515507   76.014410450064958 
   84.580028292500273   48.700701951080205 
   50.638902795546002   82.641827448034491 
   77.952611294530726   87.328118949049724 
   66.638902795546002   98.641827448034462 
    61.95261129453074   71.328118949049738 
   28.011485797576473   105.26924444600402 
   55.325194296561229   109.95553594701924 
   44.011485797576462     121.269244446004 
   39.325194296561243   93.955535947019243 
   5.3840687996069434   127.89666144397353 
   32.697777298591717   132.58295294498876 
   21.384068799606947   143.89666144397353 
    16.69777729859171   116.58295294498878 
   10.070360300622198   155.21036994295827 
   173.14857078742409   24.132159456156401 
   200.46227928640883   28.818450957171628 
   189.14857078742406   40.132159456156394 
   184.46227928640883   12.818450957171637 
   150.52115378945456    46.75957645412592 
    177.8348622884393   51.445867955141146 
   166.52115378945456   62.759576454125913 
   161.83486228843933   35.445867955141154 
   127.89373679148504   69.386993452095439 
   155.20744529046976   74.073284953110672 
   143.89373679148503   85.386993452095439 
   139.20744529046979   58.073284953110687 
   105.26631979351552   92.014410450064972 
   132.58002829250029   96.700701951080191 
   121.26631979351551   108.01441045006496 
   116.58002829250027   80.700701951080205 
   82.638902795546016   114.64182744803446 
   109.95261129453074   119.32811894904972 
   98.638902795546002   130.64182744803446 
   93.952611294530755   103.32811894904974 
   60.011485797576483     137.269244446004 
   87.325194296561236   141.95553594701923 
   76.011485797576469     153.269244446004 
   71.325194296561236   125.95553594701923 
   37.384068799606951   159.89666144397353 
   64.697777298591717   164.58295294498879 
   53.384068799606958   175.89666144397353 
   48.697777298591717   148.58295294498879 
   14.756651801637451   182.52407844194306 
   42.070360300622205   187.21036994295829 
   30.756651801637442   198.52407844194303 
   26.070360300622216   171.21036994295829 
   205.14857078742406   56.132159456156401 
   232.46227928640886   60.818450957171628 
   221.14857078742406   72.132159456156387 
   216.46227928640886   44.818450957171635 
   182.52115378945456    78.75957645412592 
   209.83486228843933   83.445867955141139 
   198.52115378945456    94.75957645412592 
   193.83486228843935   67.445867955141168 
   159.89373679148505   101.38699345209545 
   187.20744529046979   106.07328495311067 
   175.89373679148503   117.38699345209544 
   171.20744529046979   90.073284953110701 
   137.26631979351552   124.01441045006496 
   164.58002829250029   128.70070195108019 
   153.26631979351549   140.01441045006496 
   148.58002829250029   112.70070195108019 
   114.63890279554602   146.64182744803449 
   141.95261129453075   151.32811894904972 
   130.63890279554602   162.64182744803446 
   125.95261129453077   135.32811894904972 
   92.011485797576498   169.26924444600402 
   119.32519429656125   173.95553594701923 
   108.01148579757648   185.26924444600402 
   103.32519429656125   157.95553594701923 
   69.384068799606965   191.89666144397353 
   96.697777298591717   196.58295294498876 
   85.384068799606965   207.89666144397353 
   80.697777298591717   180.58295294498879 
    46.75665180163746   214.52407844194303 
   74.070360300622212   219.21036994295829 
   62.756651801637453   230.52407844194306 
   58.070360300622212   203.21036994295829 
   237.14857078742406   88.132159456156387 
   253.14857078742409    104.1321594561564 
   248.46227928640883   76.818450957171621 
   214.52115378945459   110.75957645412589 
   241.83486228843935   115.44586795514117 
   230.52115378945459   126.75957645412593 
    225.8348622884393   99.445867955141154 
   191.89373679148505   133.38699345209542 
   219.20744529046979   138.07328495311069 
   207.89373679148508   149.38699345209545 
   203.20744529046979   122.07328495311066 
   169.26631979351552   156.01441045006496 
   196.58002829250029   160.70070195108022 
   185.26631979351555   172.01441045006496 
   180.58002829250029   144.70070195108019 
   146.63890279554602   178.64182744803446 
   173.95261129453075   183.32811894904975 
   162.63890279554602   194.64182744803446 
   157.95261129453073   167.32811894904972 
   124.01148579757648     201.269244446004 
   151.32519429656125   205.95553594701926 
   140.01148579757651   217.26924444600402 
   135.32519429656122   189.95553594701923 
   101.38406879960695   223.89666144397353 
   128.69777729859175   228.58295294498879 
   117.38406879960698   239.89666144397353 
   112.69777729859172   212.58295294498873 
   78.756651801637446   246.52407844194303 
   106.07036030062223   251.21036994295832 
   90.070360300622212   235.21036994295824 
   246.52115378945459   142.75957645412592 
   223.89373679148505   165.38699345209542 
   91.207445290469792   10.073284953110683 
    79.89373679148504   21.386993452095435 
   235.20744529046979   154.07328495311066 
   201.26631979351552   188.01441045006496 
   68.580028292500288   32.700701951080198 
   57.266319793515514   44.014410450064965 
   212.58002829250032   176.70070195108019 
   178.63890279554602   210.64182744803446 
   45.952611294530747   55.328118949049731 
   34.638902795546016   66.641827448034476 
   189.95261129453075   199.32811894904972 
   156.01148579757648   233.26924444600397 
    23.32519429656125   77.955535947019229 
   12.011485797576483   89.269244446004009 
   167.32519429656125   221.95553594701923 
   133.38406879960695   255.89666144397353 
   144.69777729859175   244.58295294498876 
