   183.45882884026514   1.9304285609188505 
   208.62894379980094   13.526346503184266 
   194.77253733924991   21.526346503184268 
   155.74601591916311   17.930428560918841 
   180.91613087869891   29.526346503184271 
   167.05972441814788   37.526346503184257 
   169.60242237971411   9.9304285609188536 
   128.03320299806109   33.930428560918863 
   153.20331795759685   45.526346503184278 
   139.34691149704585   53.526346503184278 
   141.88960945861211   25.930428560918859 
   100.32039007695903    49.93042856091887 
   125.49050503649481   61.526346503184278 
   111.63409857594378   69.526346503184286 
   114.17679653751004   41.930428560918863 
    72.60757715585703   65.930428560918855 
   97.777692115392767   77.526346503184286 
   83.921285654841796   85.526346503184257 
   86.463983616408029    57.93042856091887 
   44.894764234754973    81.93042856091887 
   70.064879194290754   93.526346503184271 
    56.20847273373974   101.52634650318429 
   58.751170695306001   73.930428560918855 
   17.181951313652934    97.93042856091887 
   42.352066273188711   109.52634650318429 
   28.495659812637697   117.52634650318429 
   31.038357774203959    89.93042856091887 
   14.639253352086701   125.52634650318427 
   3.3255448531019356   105.93042856091886 
    206.0862458382347   41.122264445449687 
   231.25636079777044   52.718182387715117 
   217.39995433721941   60.718182387715117 
    219.9426522987857   33.122264445449701 
   178.37343291713265   57.122264445449694 
   203.54354787666841   68.718182387715103 
   189.68714141611738   76.718182387715103 
   192.22983937768365   49.122264445449701 
   150.66061999603059   73.122264445449701 
   175.83073495556638   84.718182387715117 
   161.97432849501536   92.718182387715117 
   164.51702645658162   65.122264445449701 
   122.94780707492855   89.122264445449701 
   148.11792203446433   100.71818238771513 
   134.26151557391333   108.71818238771513 
   136.80421353547959   81.122264445449701 
   95.234994153826548    105.1222644454497 
    120.4051091133623   116.71818238771512 
    106.5487026528113   124.71818238771513 
   109.09140061437755   97.122264445449701 
   67.522181232724506   121.12226444544972 
   92.692296192260287   132.71818238771513 
   78.835889731709273   140.71818238771513 
   81.378587693275534   113.12226444544972 
   39.809368311622464   137.12226444544973 
   64.979483271158244   148.71818238771513 
   51.123076810607216   156.71818238771513 
   53.665774772173492   129.12226444544973 
   12.096555390520439    153.1222644454497 
   37.266670350056216    164.7181823877151 
   23.410263889505206    172.7181823877151 
   25.952961851071468    145.1222644454497 
   228.71366283620421   80.314100329980548 
      253.88377779574   91.910018272245964 
   240.02737133518897   99.910018272245964 
   242.57006929675521   72.314100329980548 
   201.00084991510218   96.314100329980548 
   226.17096487463797   107.91001827224598 
   212.31455841408695   115.91001827224596 
   214.85725637565318   88.314100329980548 
   173.28803699400012   112.31410032998056 
   198.45815195353592   123.91001827224598 
   184.60174549298489   131.91001827224599 
   187.14444345455115   104.31410032998056 
    145.5752240728981   128.31410032998056 
   170.74533903243386   139.91001827224599 
   156.88893257188286   147.91001827224599 
   159.43163053344909   120.31410032998056 
   117.86241115179607   144.31410032998053 
   143.03252611133183   155.91001827224599 
   129.17611965078083   163.91001827224596 
   131.71881761234707   136.31410032998056 
   90.149598230694039   160.31410032998056 
   115.31971319022981   171.91001827224599 
   101.46330672967881   179.91001827224599 
   104.00600469124507   152.31410032998053 
   62.436785309591997   176.31410032998059 
   87.606900269127777   187.91001827224599 
   73.750493808576749   195.91001827224599 
   76.293191770143011   168.31410032998059 
   34.723972388489969   192.31410032998056 
   59.894087348025749   203.91001827224596 
   46.037680887474735   211.91001827224599 
   48.580378849040997   184.31410032998056 
   251.34107983417374   119.50593621451137 
   223.62826691307168   135.50593621451137 
   248.79838187260748    147.1018541567768 
   234.94197541205645   155.10185415677682 
   237.48467337362268   127.50593621451138 
   195.91545399196966   151.50593621451139 
   221.08556895150545   163.10185415677682 
   207.22916249095442   171.10185415677682 
   209.77186045252066   143.50593621451139 
    168.2026410708676   167.50593621451139 
   193.37275603040339   179.10185415677682 
   179.51634956985234   187.10185415677682 
   182.05904753141863   159.50593621451139 
    140.4898281497656   183.50593621451137 
   165.65994310930137   195.10185415677682 
   151.80353664875037   203.10185415677682 
    154.3462346103166   175.50593621451139 
   112.77701522866354   199.50593621451139 
   137.94713018819934   211.10185415677682 
   124.09072372764831   219.10185415677682 
   126.63342168921457   191.50593621451139 
   85.064202307561501   215.50593621451142 
    110.2343172670973   227.10185415677682 
   96.377910806546282   235.10185415677682 
    98.92060876811253   207.50593621451139 
   57.351389386459488   231.50593621451139 
   82.521504345995268   243.10185415677685 
   68.665097885444254   251.10185415677685 
   71.207795847010516   223.50593621451139 
   246.25568391104125   174.69777209904223 
   218.54287098993919   190.69777209904223 
   130.57590095962732   6.3345106186534119 
   116.71949449907629   14.334510618653415 
   232.39927745049019   182.69777209904223 
   190.83005806883713   206.69777209904223 
   102.86308803852526   22.334510618653418 
   89.006681577974248   30.334510618653422 
   204.68646452938813   198.69777209904223 
   163.11724514773513   222.69777209904225 
   75.150275117423249   38.334510618653425 
   61.293868656872242   46.334510618653411 
    176.9736516082861   214.69777209904225 
   135.40443222663308   238.69777209904225 
   47.437462196321221   54.334510618653411 
   33.581055735770192   62.334510618653418 
    149.2608386871841   230.69777209904225 
   107.69161930553103   254.69777209904225 
   19.724649275219178   70.334510618653425 
   5.8682428146681529   78.334510618653425 
   121.54802576608205   246.69777209904225 
