   210.44984847340484   33.942411220568275 
   231.76106815458095   51.657712959478957 
   216.30625493395584   55.798817681119289 
   225.90466169402995   29.801306498927943 
   179.54022203215465   42.224620663848945 
   200.85144171333076    59.93992240275962 
   185.39662849270564   64.081027124399952 
   194.99503525277976   38.083515942208606 
   148.63059559090448   50.506830107129609 
   169.94181527208059   68.222131846040284 
   154.48700205145548    72.36323656768063 
   164.08540881152959   46.365725385489277 
   117.72096914965428   58.789039550410273 
   139.03218883083039   76.504341289320962 
   123.57737561020529   80.645446010961294 
   133.17578237027939   54.647934828769941 
   86.811342708404112   67.071248993690929 
   108.12256238958022   84.786550732601626 
   92.667749168955126   88.927655454241943 
   102.26615592902921   62.930144272050597 
   55.901716267153915   75.353458436971593 
   77.212935948330028   93.068760175882289 
   61.758122727704922   97.209864897522607 
   71.356529487779014   71.212353715331275 
   24.992089825903715   83.635667880252257 
   46.303309507079824   101.35096961916294 
    30.84849628645474   105.49207434080327 
   40.446903046528817   79.494563158611939 
   15.393683065829654   109.63317906244362 
   9.5372766052786453   87.776772601892574 
    222.1626613945069   77.655224141670317 
   243.47388107568301   95.370525880580985 
    228.0190678550579   99.511630602221331 
   237.61747461513198   73.514119420029971 
    191.2530349532567   85.937433584950981 
   212.56425463443281   103.65273532386166 
    197.1094414138077   107.79384004550199 
   206.70784817388179   81.796328863310634 
    160.3434085120065   94.219643028231658 
   181.65462819318265   111.93494476714233 
   166.19981497255753   116.07604948878266 
   175.79822173263162   90.078538306591312 
   129.43378207075631   102.50185247151231 
   150.74500175193245   120.21715421042299 
   135.29018853130734   124.35825893206332 
   144.88859529138139   98.360747749871976 
    98.52415562950614   110.78406191479297 
   119.83537531068225   128.49936365370365 
   104.38056209005717   132.64046837534397 
   113.97896885013124   106.64295719315264 
   67.614529188255943   119.06627135807364 
    88.92574886943207   136.78157309698432 
   73.470935648806972   140.92267781862463 
   83.069342408881042    114.9251666364333 
   36.704902747005747   127.34848080135431 
   58.016122428181873   145.06378254026498 
   42.561309207556775    149.2048872619053 
   52.159715967630845   123.20737607971397 
   5.7952763057555794   135.63069024463496 
   27.106495986931701   153.34599198354564 
   11.651682766306603   157.48709670518596 
   21.250089526380677   131.48958552299462 
   233.87547431560893   121.36803706277234 
   255.18669399678504   139.08333880168308 
   239.73188077615995    143.2244435233234 
   249.33028753623404   117.22693234113201 
   202.96584787435873   129.65024650605301 
   224.27706755553484   147.36554824496375 
   208.82225433490976   151.50665296660407 
   218.42066109498384   125.50914178441268 
   172.05622143310853   137.93245594933367 
   193.36744111428465   155.64775768824441 
   177.91262789365956   159.78886240988473 
   187.51103465373365   133.79135122769333 
   141.14659499185834   146.21466539261434 
   162.45781467303445   163.92996713152507 
   147.00300145240939   168.07107185316539 
   156.60140821248345   142.07356067097399 
   110.23696855060818     154.496874835895 
   131.54818823178431   172.21217657480571 
    116.0933750111592   176.35328129644606 
   125.69178177123328   150.35577011425468 
   79.327342109357986   162.77908427917566 
    100.6385617905341    180.4943860180864 
   85.183748569909014   184.63549073972672 
   94.782155329983084   158.63797955753535 
   48.417715668107782   171.06129372245636 
   69.728935349283915   188.77659546136704 
   54.274122128658803   192.91770018300738 
    63.87252888873288   166.92018900081601 
   17.508089226857614   179.34350316573699 
   38.819308908033733    197.0588049046477 
   23.364495687408635   201.19990962628805 
   32.962902447482712   175.20239844409667 
   245.58828723671095    165.0808499838744 
   251.44469369726195    186.9372564444254 
   214.67866079546076   173.36305942715506 
   235.98988047663687   191.07836116606575 
   220.53506725601176   195.21946588770609 
   230.13347401608587   169.22195470551472 
   183.76903435421059   181.64526887043573 
    205.0802540353867   199.36057060934641 
   189.62544081476159   203.50167533098673 
   199.22384757483567   177.50416414879538 
   152.85940791296039   189.92747831371642 
    174.1706275941365   207.64278005262707 
   158.71581437351139   211.78388477426742 
   168.31422113358551   185.78637359207607 
   121.94978147171022   198.20968775699706 
   143.26100115288634   215.92498949590774 
   127.80618793226124   220.06609421754806 
   137.40459469233534   194.06858303535674 
   91.040155030460028   206.49189720027775 
   112.35137471163614   224.20719893918837 
   96.896561491011042   228.34830366082872 
   106.49496825108513    202.3507924786374 
   60.130528589209831   214.77410664355838 
   81.441748270385943   232.48940838246907 
   65.986935049760845   236.63051310410938 
   75.585341809834929   210.63300192191807 
   29.220902147959659   223.05631608683905 
   50.532121829135768    240.7716178257497 
    35.07730860851067   244.91272254739008 
   44.675715368584761    218.9152113651987 
   220.04825523347893   7.9449000383768986 
   204.59344201285384   12.086004760017232 
   226.39147371656281   217.07587234825709 
   189.13862879222873   16.227109481657564 
   173.68381557160365   20.368214203297899 
    241.8462869371879   212.93476762661678 
   195.48184727531265   225.35808179153781 
   158.22900235097853   24.509318924938231 
   142.77418913035345   28.650423646578567 
   210.93666049593773   221.21697706989744 
   164.57222083406245   233.64029123481845 
   127.31937590972834   32.791528368218898 
   111.86456268910324    36.93263308985923 
   180.02703405468753   229.49918651317813 
   133.66259439281228   241.92250067809911 
   96.409749468478168   41.073737811499548 
    80.95493624785307   45.214842533139887 
   149.11740761343734   237.78139595645877 
   102.75296795156206   250.20471012137978 
   65.500123027227986   49.355947254780219 
   50.045309806602887   53.497051976420551 
   118.20778117218715   246.06360539973946 
   34.590496585977789   57.638156698060882 
   19.135683365352691   61.779261419701221 
   87.298154730936957   254.34581484302009 
   3.6808701447276211   65.920366141341546 
