   210.66636633057922   47.936360214299263 
   226.66636633057922   70.563777212268761 
   210.66636633057922   70.563777212268761 
   226.66636633057922   47.936360214299263 
   178.66636633057922   47.936360214299263 
   194.66636633057922   70.563777212268761 
   178.66636633057922   70.563777212268775 
   194.66636633057922   47.936360214299263 
   146.66636633057922   47.936360214299263 
   162.66636633057922   70.563777212268775 
   146.66636633057922   70.563777212268775 
   162.66636633057922   47.936360214299263 
   114.66636633057922   47.936360214299263 
   130.66636633057922   70.563777212268775 
   114.66636633057922   70.563777212268775 
   130.66636633057922   47.936360214299263 
   82.666366330579237   47.936360214299263 
   98.666366330579223   70.563777212268775 
   82.666366330579237   70.563777212268775 
   98.666366330579223   47.936360214299263 
    50.66636633057923   47.936360214299263 
   66.666366330579237   70.563777212268789 
    50.66636633057923   70.563777212268789 
   66.666366330579237   47.936360214299263 
   18.666366330579223   47.936360214299263 
    34.66636633057923   70.563777212268789 
   18.666366330579223   70.563777212268789 
    34.66636633057923   47.936360214299263 
   242.66636633057925   47.936360214299263 
   2.6663663305792453   70.563777212268789 
   242.66636633057925   70.563777212268761 
   2.6663663305792453   47.936360214299278 
   210.66636633057922   93.191194210238294 
   226.66636633057922   115.81861120820783 
   210.66636633057922   115.81861120820783 
   226.66636633057922   93.191194210238294 
   178.66636633057922   93.191194210238308 
   194.66636633057922   115.81861120820783 
   178.66636633057922   115.81861120820783 
   194.66636633057922   93.191194210238294 
   146.66636633057922   93.191194210238308 
   162.66636633057922   115.81861120820783 
   146.66636633057922   115.81861120820783 
   162.66636633057922   93.191194210238308 
   114.66636633057922   93.191194210238308 
   130.66636633057922   115.81861120820783 
   114.66636633057922   115.81861120820783 
   130.66636633057922   93.191194210238308 
   82.666366330579237   93.191194210238308 
   98.666366330579223   115.81861120820783 
   82.666366330579237   115.81861120820783 
   98.666366330579223   93.191194210238308 
    50.66636633057923   93.191194210238322 
   66.666366330579237   115.81861120820783 
    50.66636633057923   115.81861120820783 
   66.666366330579237   93.191194210238322 
   18.666366330579223   93.191194210238322 
    34.66636633057923   115.81861120820783 
   18.666366330579223   115.81861120820783 
    34.66636633057923   93.191194210238322 
   242.66636633057925   93.191194210238294 
   2.6663663305792453   115.81861120820783 
   242.66636633057925   115.81861120820783 
   2.6663663305792453   93.191194210238322 
   210.66636633057922   138.44602820617735 
   226.66636633057922   161.07344520414685 
   210.66636633057922   161.07344520414685 
   226.66636633057922   138.44602820617735 
   178.66636633057922   138.44602820617735 
   194.66636633057922   161.07344520414685 
   178.66636633057922   161.07344520414685 
   194.66636633057922   138.44602820617735 
   146.66636633057922   138.44602820617735 
   162.66636633057922   161.07344520414685 
   146.66636633057922   161.07344520414688 
   162.66636633057922   138.44602820617735 
   114.66636633057922   138.44602820617735 
   130.66636633057922   161.07344520414688 
   114.66636633057922   161.07344520414688 
   130.66636633057922   138.44602820617735 
   82.666366330579237   138.44602820617735 
   98.666366330579223   161.07344520414688 
   82.666366330579237   161.07344520414688 
   98.666366330579223   138.44602820617735 
    50.66636633057923   138.44602820617735 
   66.666366330579237   161.07344520414688 
    50.66636633057923   161.07344520414688 
   66.666366330579237   138.44602820617735 
   18.666366330579223   138.44602820617735 
    34.66636633057923   161.07344520414688 
   18.666366330579223   161.07344520414688 
    34.66636633057923   138.44602820617735 
   242.66636633057925   138.44602820617735 
   2.6663663305792453   161.07344520414688 
   242.66636633057925   161.07344520414685 
   2.6663663305792453   138.44602820617735 
   210.66636633057922   183.70086220211635 
   226.66636633057922   206.32827920008589 
   210.66636633057922   206.32827920008589 
   226.66636633057922   183.70086220211635 
   178.66636633057922   183.70086220211638 
   194.66636633057922   206.32827920008589 
   178.66636633057922   206.32827920008589 
   194.66636633057922   183.70086220211635 
   146.66636633057922   183.70086220211638 
   162.66636633057925   206.32827920008589 
   146.66636633057922   206.32827920008589 
   162.66636633057922   183.70086220211638 
   114.66636633057922   183.70086220211638 
   130.66636633057922   206.32827920008589 
   114.66636633057922   206.32827920008589 
   130.66636633057922   183.70086220211638 
   82.666366330579237   183.70086220211638 
   98.666366330579223   206.32827920008589 
   82.666366330579237   206.32827920008589 
   98.666366330579223   183.70086220211638 
    50.66636633057923   183.70086220211638 
   66.666366330579237   206.32827920008589 
    50.66636633057923   206.32827920008589 
   66.666366330579237   183.70086220211638 
   18.666366330579223   183.70086220211638 
    34.66636633057923   206.32827920008589 
   18.666366330579223   206.32827920008589 
    34.66636633057923   183.70086220211638 
   242.66636633057925   183.70086220211635 
   2.6663663305792453   206.32827920008592 
   242.66636633057925   206.32827920008589 
   2.6663663305792453   183.70086220211638 
   210.66636633057922   228.95569619805545 
   226.66636633057922    25.30894321632972 
   210.66636633057922    25.30894321632972 
   226.66636633057922   228.95569619805545 
   178.66636633057922   228.95569619805545 
   194.66636633057922    25.30894321632972 
   178.66636633057922    25.30894321632972 
   194.66636633057922   228.95569619805545 
   146.66636633057922   228.95569619805545 
   162.66636633057922    25.30894321632972 
   146.66636633057922    25.30894321632972 
   162.66636633057925   228.95569619805545 
   114.66636633057922   228.95569619805545 
   130.66636633057922    25.30894321632972 
   114.66636633057922    25.30894321632972 
   130.66636633057922   228.95569619805545 
   82.666366330579237   228.95569619805545 
   98.666366330579223    25.30894321632972 
   82.666366330579237    25.30894321632972 
   98.666366330579223   228.95569619805545 
    50.66636633057923   228.95569619805545 
   66.666366330579237    25.30894321632972 
    50.66636633057923    25.30894321632972 
   66.666366330579237   228.95569619805545 
   18.666366330579223   228.95569619805545 
    34.66636633057923    25.30894321632972 
   18.666366330579223    25.30894321632972 
    34.66636633057923   228.95569619805545 
   242.66636633057925   228.95569619805545 
   2.6663663305792453   25.308943216329734 
   242.66636633057925    25.30894321632972 
   2.6663663305792453   228.95569619805545 
