   62.336020717084963   64.365990024703407 
   69.258687383751649   84.244086516663742 
   33.515114050418291   104.12218300862408 
   47.361300717084973   143.87956865448098 
   40.438207383751632   124.00147216252067 
     54.2843940504183   163.75766514644133 
   62.336020717084963    183.6321836525928 
   69.258687383751649   203.51028014455315 
   33.515114050418291   223.38837663651347 
   47.361300717084973   24.613375026591584 
   40.438207383751632   243.26766579041006 
     54.2843940504183   44.491471518551919 
   105.00268738375165   64.365990024703407 
   111.92535405041829   84.244086516663742 
   76.181780717084962   104.12218300862408 
   90.027967383751644   143.87956865448098 
   83.104874050418303   124.00147216252067 
   96.951060717084971   163.75766514644133 
   105.00268738375165    183.6321836525928 
   111.92535405041829   203.51028014455315 
   76.181780717084962   223.38837663651347 
   90.027967383751644   24.613375026591584 
   83.104874050418303   243.26766579041006 
   96.951060717084971   44.491471518551919 
   147.66935405041829   64.365990024703407 
   154.59202071708498   84.244086516663742 
   118.84844738375163   104.12218300862408 
    132.6946340504183   143.87956865448098 
   125.77154071708499   124.00147216252067 
   139.61772738375163   163.75766514644133 
   147.66935405041829    183.6321836525928 
   154.59202071708498   203.51028014455315 
   118.84844738375163   223.38837663651347 
    132.6946340504183   24.613375026591584 
   125.77154071708499   243.26766579041006 
   139.61772738375163   44.491471518551919 
   190.33602071708495   64.365990024703407 
   197.25868738375164   84.244086516663742 
    161.5151140504183   104.12218300862408 
   175.36130071708499   143.87956865448098 
   168.43820738375163   124.00147216252067 
   182.28439405041829   163.75766514644133 
   190.33602071708495    183.6321836525928 
   197.25868738375164   203.51028014455315 
    161.5151140504183   223.38837663651347 
   175.36130071708499   24.613375026591584 
   168.43820738375163   243.26766579041006 
   182.28439405041829   44.491471518551919 
   233.00268738375163   64.365990024703407 
   239.92535405041829   84.244086516663742 
   204.18178071708496   104.12218300862408 
   218.02796738375162   143.87956865448098 
   211.10487405041829   124.00147216252067 
   224.95106071708497   163.75766514644133 
   233.00268738375163    183.6321836525928 
   239.92535405041829   203.51028014455315 
   204.18178071708496   223.38837663651347 
   218.02796738375162   24.613375026591584 
   211.10487405041829   243.26766579041006 
   224.95106071708497   44.491471518551919 
   19.669354050418313   64.365990024703407 
   26.592020717084996   84.244086516663742 
   246.84844738375165   104.12218300862408 
   4.6946340504183084   143.87956865448098 
   253.77154071708497   124.00147216252067 
   11.617727383751649   163.75766514644133 
   19.669354050418313    183.6321836525928 
   26.592020717084996   203.51028014455315 
   246.84844738375165   223.38837663651347 
   4.6946340504183084   24.613375026591584 
   253.77154071708497   243.26766579041006 
   11.617727383751649   44.491471518551919 
