   58.692599118533344    35.39771006058006 
   60.234551686152201    56.39019481586039 
   20.564081127123352   66.339844076225745 
   23.648501835442683   108.32618646867117 
   22.106137139471279   87.333591283931597 
    25.19086653141407   129.31878165341075 
   27.824236770750655   150.60000668895117 
   29.366189338369512   171.59249144423148 
   56.059228879196752   14.116485025039641 
   99.905434373533609   46.440655984954276 
   101.44738694115244    67.43314074023462 
   61.776916382123602   77.382790000599968 
   64.861337090442916   119.36913239304538 
    63.31897239447153   98.376537208305805 
   66.403701786414331   140.36172757778496 
   69.037072025750916   161.64295261332538 
   70.579024593369766   182.63543736860572 
   30.908554034340916   192.58508662897108 
   95.729699438225595   4.1668357646742837 
   32.450610046688844   213.57883383667689 
   97.272064134197009   25.159430949413871 
   141.11826962853385   57.483601909328499 
   142.66022219615272   78.476086664608815 
   102.98975163712385   88.425735924974177 
   106.07417234544316    130.4120783174196 
   104.53180764947177   109.41948313268001 
   107.61653704141457    151.4046735021592 
   110.24990728075117   172.68589853769959 
   111.79185984837001   193.67838329297993 
   72.121389289341167   203.62803255334526 
   136.94253469322584    15.20978168904851 
   73.663445301689094   224.62177976105113 
   138.48489938919724   36.202376873788083 
    182.3311048835341   68.526547833702722 
   183.87305745115296   89.519032588983052 
   144.20258689212409     99.4686818493484 
   147.28700760044345   141.45502424179384 
   145.74464290447204   120.46242905705425 
   148.82937229641482   162.44761942653338 
    151.4627425357514   183.72884446207379 
   153.00469510337027   204.72132921735414 
   113.33422454434141    214.6709784777195 
   178.15536994822614   26.252727613422724 
   114.87628055668935   235.66472568542534 
   179.69773464419751   47.245322798162292 
   223.54394013853437   79.569493758076931 
    225.0858927061532   100.56197851335726 
   185.41542214712439   110.51162777372264 
   188.49984285544369   152.49797016616802 
   186.95747815947229   131.50537498142845 
   190.04220755141509   173.49056535090762 
   192.67557779075167   194.77179038644806 
   194.21753035837051   215.76427514172838 
    154.5470597993417   225.71392440209374 
   219.36820520322635   37.295673537796951 
    156.0891158116896   246.70767160979958 
   220.91056989919775   58.288268722536522 
   19.021716431151965   45.347248891486181 
   226.62825740212463   121.55457369809685 
   229.71267811044396   163.54091609054225 
   228.17031341447253   142.54832090580268 
   231.25504280641533   184.53351127528185 
   233.88841304575195   205.81473631082224 
   195.75989505434194   236.75687032646795 
