   68.710440274366107   85.655402179764906 
   64.766597223651033   106.33167205401421 
    23.87270644897216   105.67482192826353 
   15.985163024918403   147.02882121896374 
   19.928636571461215   126.35233801138111 
   12.041689478375591   167.70530442654641 
    9.077343460421412   188.94295567419087 
   124.39969403759574   3.0441185595882359 
   83.505803262916871   2.3872684338375407 
   75.618259838863111   43.741267724537778 
    79.56173338540593   23.064784516955115 
   71.674786292320306   64.417750932120413 
   105.66085750250215   106.98873551309825 
   101.71701445178708   127.66500538734755 
   60.823123677108214   127.00815526159685 
   52.935580253054475   168.36215455229708 
   56.879053799597273   147.68567134471442 
   48.992106706511649   189.03863775987972 
   46.027760688557464   210.27628900752421 
   161.35011126573178   24.377451892921563 
   120.45622049105292    23.72060176717088 
   112.56867706699917   65.074601057871106 
   116.51215061354196   44.398117850288457 
   108.62520352045635   85.751084265453741 
    142.6112747306382   128.32206884643156 
   138.66743167992314   148.99833872068086 
   97.773540905244261   148.34148859493018 
   89.885997481190515   189.69548788563043 
   93.829471027733319   169.01900467804776 
    85.94252393464771   210.37197109321306 
   82.978177916693511   231.60962234085756 
   198.30052849386783   45.710785226254885 
   157.40663771918898   45.053935100504205 
   149.51909429513523   86.407934391204449 
   153.46256784167804   65.731451183621786 
    145.5756207485924   107.08441759878708 
   179.56169195877425   149.65540217976488 
   175.61784890805919   170.33167205401418 
   134.72395813338031    169.6748219282635 
   126.83641470932656   211.02882121896374 
   130.77988825586937   190.35233801138108 
   122.89294116278374   231.70530442654638 
   119.92859514482954   252.94295567419087 
   235.25094572200388   67.044118559588213 
     194.357054947325   66.387268433837534 
   186.46951152327128   107.74126772453775 
   190.41298506981408   87.064784516955115 
   182.52603797672845   128.41775093212038 
   216.51210918691032   170.98873551309822 
   212.56826613619521   191.66500538734752 
   171.67437536151638   191.00815526159684 
   163.78683193746261   232.36215455229706 
   167.73030548400541   211.68567134471439 
    159.8433583909198   253.03863775987972 
   231.30747217546104   87.720601767170862 
    223.4199287514073   129.07460105787109 
    227.3634022979501   108.39811785028843 
   219.47645520486449   149.75108426545373 
   31.760023046230053   64.322068846431591 
   27.816179995514986   84.998338720680891 
   208.62479258965243   212.34148859493018 
   200.73724916559868    253.6954878856304 
   204.68072271214149   233.01900467804774 
   34.724369064184259   43.084417598787098 
