   153.27678943813831   18.308137577616343 
   144.11591715548673   37.259138948056098 
   104.78545724110241   26.040552686763103 
   86.463472734243027   63.944002164772016 
   95.624043318001327   44.992699095438958 
   77.302902150484741   82.895305234105081 
   68.942855157549914   102.64207185820476 
   59.781982874898333   121.59307322864451 
   20.451522960513987   110.37448696735153 
   2.1295384536546358   148.27793644536044 
   11.290109037412913   129.32663337602739 
   183.44667876876437   48.478026908242384 
   174.28580648611273   67.429028278682111 
   134.95534657172843   56.210442017389127 
   116.63336206486906    94.11389149539805 
   125.79393264862735   75.162588426064985 
   107.47279148111078    113.0651945647311 
   99.112744488175963   132.81196118883079 
   89.951872205524353   151.76296255927053 
   50.621412291140025   140.54437629797755 
   32.299427784280653   178.44782577598647 
   41.459998368038946   159.49652270665339 
   191.80672576169914   28.731260284142675 
   213.61656809939041    78.64791623886839 
    204.4556958167388    97.59891760930816 
   165.12523590235449   86.380331348015162 
    146.8032513954951   124.28378082602406 
   155.96382197925337   105.33247775669103 
    137.6426808117368   143.23508389535712 
     129.282633818802    162.9818505194568 
   120.12176153615039   181.93285188989657 
   80.791301621766081   170.71426562860358 
    62.46931711490668   208.61771510661248 
   71.629887698664987   189.66641203727943 
    221.9766150923252   58.901149614768713 
   243.78645743001638   108.81780556949441 
   234.62558514736483   127.76880693993417 
    195.2951252329805   116.55022067864118 
    176.9731407261211   154.45367015665011 
    186.1337113098794   135.50236708731703 
   167.81257014236283   173.40497322598316 
     159.452523149428   193.15173985008281 
   150.29165086677642   212.10274122052257 
   110.96119095239209   200.88415495922962 
   92.639206445532722   238.78760443723854 
   101.79977702929101   219.83630136790543 
   252.14650442295118   89.071038945394719 
   225.46501456360653   146.72011000926722 
   207.14303005674716   184.62355948727611 
   216.30360064050541   165.67225641794303 
   197.98245947298886   203.57486255660916 
   189.62241248005404   223.32162918070887 
   180.46154019740243   242.27263055114861 
   141.13108028301812   231.05404428985565 
   131.96966635991703    250.0061906985315 
   113.94602782486071   7.0892496174300748 
   255.63490389423256   176.88999933989325 
   56.293583403616992   33.774112834145996 
   65.454153987375292    14.82280976481294 
   47.133012819858713   52.725415903479053 
   38.772965826923922   72.472182527578767 
   29.612093544272295   91.423183898018479 
