   171.81504000918997   29.209751728220503 
   158.06143680160733   45.144005169465771 
   122.97471359402468   24.128210886747222 
    95.46690096999113   55.998053108550408 
   109.22029084424044   40.063430163132885 
   81.713511095741808   71.932676053967924 
   68.527486514763993   88.842848542165228 
    54.77388330718135    104.7771019834105 
   19.687160099598692   83.761307700691944 
   5.9327373498144587   99.696526977077625 
   185.00106459016777   12.299579240023222 
   193.14837334252331   66.160168956356571 
   179.39477013494064   82.094422397601789 
   144.30804692735802   61.078628114883259 
   116.80023430332446   92.948470336686469 
   130.55362417757377   77.013847391268939 
   103.04684442907515   108.88309328210399 
   89.860819848097321   125.79326577030129 
   76.107216640514679   141.72751921154654 
   41.020493432932021     120.711724928828 
    13.51268080889848    152.5815671506312 
   27.266070683147785   136.64694420521366 
   206.33439792350111    49.24999646815926 
   214.48170667585663   103.11058618449259 
   200.72810346827399   119.04483962573785 
   165.64138026069136    98.02904534301932 
   138.13356763665777    129.8988875648225 
   151.88695751090714     113.964264619405 
   124.38017776240848   145.83351051024005 
   111.19415318143066   162.74368299843732 
   97.440549973848022   178.67793643968258 
   62.353826766265364   157.66214215696405 
   34.846014142231809   189.53198437876722 
   48.599404016481124    173.5973614333497 
   227.66773125683446   86.200413696295314 
   235.81504000918997   140.06100341262865 
   222.06143680160733   155.99525685387391 
   186.97471359402471   134.97946257115535 
   159.46690096999112   166.84930479295855 
   173.22029084424045   150.91468184754103 
   145.71351109574181   182.78392773837606 
   132.52748651476401    199.6941002265734 
   118.77388330718136   215.62835366781863 
     83.6871600995987    194.6125593851001 
   56.179347475565145   226.48240160690327 
    69.93273734981446   210.54777866148575 
    249.0010645901678   123.15083092443136 
   243.39477013494067   192.94567408200993 
   208.30804692735805   171.92987979929143 
   180.80023430332446    203.7997220210946 
   194.55362417757379   187.86509907567708 
   167.04684442907518   219.73434496651211 
   153.86081984809735   236.64451745470944 
   140.10721664051468   252.57877089595465 
   105.02049343293204   231.56297661323617 
   91.266070683147788   247.49819588962183 
   136.72810346827401   8.1935879413296995 
   229.64138026069139   208.88029702742747 
   74.133567636657787   19.047635880414369 
   215.88695751090711   224.81551630381313 
   60.380177762408465   34.982258825831906 
   47.194153181430657   51.892431314029231 
   33.440549973848015   67.826684755274428 
