   179.38158750731628   25.955390816810407 
   161.97253870449538   37.787003289439127 
   133.52065440675952   8.4061926354201564 
   98.701625637069924   32.070550521006183 
   116.11056401043159   20.238525920024923 
   81.292687263708274   43.902575121987468 
   64.179290878945167   56.823753164593079 
   46.770242076124276    68.65536563722182 
   18.318357778388403    39.27455498320284 
   213.90392226544103   1.2021881732235027 
   196.49498389207938   13.034212774204782 
   190.42453343169046   67.168226071810651 
   173.01548462886961    78.99983854443937 
   144.56360033113373   49.619027890420405 
   109.74457156144415   73.283385776006455 
    127.1535099348058   61.451361175025163 
   92.335633188082497   85.115410376987739 
   75.222236803319376   98.036588419593329 
   57.813188000498485   109.86820089222206 
   29.361303702762616   80.487390238203076 
   224.94686818981526   42.415023428223769 
   11.951213306434704   92.319723522807848 
   207.53792981645358   54.247048029205047 
    201.4674793560647   108.38106132681091 
    184.0584305532438   120.21267379943963 
   155.60654625550796   90.831863145420655 
   120.78751748581836   114.49622103100668 
   138.19645585918002   102.66419643002543 
   103.37857911245671   126.32824563198798 
   86.265182727693613    139.2494236745936 
   68.856133924872708   151.08103614722231 
   40.404249627136828   121.70022549320333 
   235.98981411418944   83.627858683224019 
   22.994159230808915   133.53255877780811 
   218.58087574082782    95.45988328420529 
   212.51042528043894   149.59389658181112 
   195.10137647761803   161.42550905443989 
   166.64949217988217   132.04469840042091 
   131.83046341019258   155.70905628600696 
   149.23940178355423   143.87703168502566 
   114.42152503683093   167.54108088698823 
   97.308128652067822   180.46225892959382 
   79.899079849246931   192.29387140222255 
   51.447195551511058   162.91306074820358 
   247.03276003856368   124.84069393822426 
   34.037105155183127   174.74539403280835 
   229.62382166520203   136.67271853920553 
   223.55337120481312   190.80673183681139 
   206.14432240199227   202.63834430944013 
   177.69243810425638   173.25753365542116 
   142.87340933456682    196.9218915410072 
   160.28234770792844    185.0898669400259 
   125.46447096120515    208.7539161419885 
   108.35107457644203   221.67509418459409 
    90.94202577362114   233.50670665722279 
   62.490141475885274   204.12589600320385 
   45.080051079557357   215.95822928780859 
   240.66676758957624    177.8855537942058 
   234.59631712918738   232.01956709181167 
   188.73538402863062   214.47036891042143 
     153.916355258941   238.13472679600744 
   171.32529363230267   226.30270219502614 
   136.50741688557937   249.96675139698874 
    35.72729615175006   27.442530382221577 
   73.533087400259504   245.33873125820409 
   251.70971351395048   219.09838904920605 
