   16.858706585388937   14.592528884248159 
   28.172415084373693    30.59252888424815 
   16.858706585388937   46.592528884248146 
   28.172415084373693   62.592528884248154 
   16.858706585388937   78.592528884248154 
   28.172415084373693   94.592528884248168 
   16.858706585388937   110.59252888424815 
   28.172415084373693   126.59252888424815 
   16.858706585388937   142.59252888424817 
   28.172415084373693   158.59252888424817 
   16.858706585388937   174.59252888424817 
   28.172415084373693   190.59252888424817 
   16.858706585388937   206.59252888424817 
   28.172415084373693   222.59252888424817 
   16.858706585388937   238.59252888424814 
   28.172415084373693   254.59252888424814 
   39.486123583358456   14.592528884248159 
   50.799832082343229    30.59252888424815 
   39.486123583358456   46.592528884248146 
   50.799832082343229   62.592528884248154 
   39.486123583358456   78.592528884248154 
   50.799832082343229   94.592528884248168 
   39.486123583358456   110.59252888424815 
   50.799832082343229   126.59252888424815 
   39.486123583358456   142.59252888424817 
   50.799832082343229   158.59252888424817 
   39.486123583358456   174.59252888424817 
   50.799832082343229   190.59252888424817 
   39.486123583358456   206.59252888424817 
   50.799832082343229   222.59252888424817 
   39.486123583358456   238.59252888424814 
   50.799832082343229   254.59252888424814 
   62.113540581327968   14.592528884248159 
   73.427249080312734    30.59252888424815 
   62.113540581327968   46.592528884248146 
   73.427249080312734   62.592528884248154 
   62.113540581327968   78.592528884248154 
   73.427249080312734   94.592528884248168 
   62.113540581327968   110.59252888424815 
   73.427249080312734   126.59252888424815 
   62.113540581327968   142.59252888424817 
   73.427249080312734   158.59252888424817 
   62.113540581327968   174.59252888424817 
   73.427249080312734   190.59252888424817 
   62.113540581327968   206.59252888424817 
   73.427249080312734   222.59252888424817 
   62.113540581327968   238.59252888424814 
   73.427249080312734   254.59252888424814 
   84.740957579297501   14.592528884248159 
   96.054666078282267    30.59252888424815 
   84.740957579297501   46.592528884248146 
   96.054666078282267   62.592528884248154 
   84.740957579297501   78.592528884248154 
   96.054666078282267   94.592528884248168 
   84.740957579297501   110.59252888424815 
   96.054666078282267   126.59252888424815 
   84.740957579297501   142.59252888424817 
   96.054666078282267   158.59252888424817 
   84.740957579297501   174.59252888424817 
   96.054666078282267   190.59252888424817 
   84.740957579297501   206.59252888424817 
   96.054666078282267   222.59252888424817 
   84.740957579297501   238.59252888424814 
   96.054666078282267   254.59252888424814 
   107.36837457726702   14.592528884248159 
   118.68208307625177    30.59252888424815 
   107.36837457726702   46.592528884248146 
   118.68208307625177   62.592528884248154 
   107.36837457726702   78.592528884248154 
   118.68208307625177   94.592528884248168 
   107.36837457726702   110.59252888424815 
   118.68208307625177   126.59252888424815 
   107.36837457726702   142.59252888424817 
   118.68208307625177   158.59252888424817 
   107.36837457726702   174.59252888424817 
   118.68208307625177   190.59252888424817 
   107.36837457726702   206.59252888424817 
   118.68208307625177   222.59252888424817 
   107.36837457726702   238.59252888424814 
   118.68208307625177   254.59252888424814 
   129.99579157523652   14.592528884248159 
   141.30950007422129    30.59252888424815 
   129.99579157523652   46.592528884248146 
   141.30950007422129   62.592528884248154 
   129.99579157523652   78.592528884248154 
   141.30950007422129   94.592528884248168 
   129.99579157523652   110.59252888424815 
   141.30950007422129   126.59252888424815 
   129.99579157523652   142.59252888424817 
   141.30950007422129   158.59252888424817 
   129.99579157523652   174.59252888424817 
   141.30950007422129   190.59252888424817 
   129.99579157523652   206.59252888424817 
   141.30950007422129   222.59252888424817 
   129.99579157523652   238.59252888424814 
   141.30950007422129   254.59252888424814 
   152.62320857320606   14.592528884248159 
   163.93691707219085    30.59252888424815 
   152.62320857320606   46.592528884248146 
   163.93691707219085   62.592528884248154 
   152.62320857320606   78.592528884248154 
   163.93691707219085   94.592528884248168 
   152.62320857320606   110.59252888424815 
   163.93691707219085   126.59252888424815 
   152.62320857320606   142.59252888424817 
   163.93691707219085   158.59252888424817 
   152.62320857320606   174.59252888424817 
   163.93691707219085   190.59252888424817 
   152.62320857320606   206.59252888424817 
   163.93691707219085   222.59252888424817 
   152.62320857320606   238.59252888424814 
   163.93691707219085   254.59252888424814 
   175.25062557117559   14.592528884248159 
   186.56433407016036    30.59252888424815 
   175.25062557117559   46.592528884248146 
   186.56433407016036   62.592528884248154 
   175.25062557117559   78.592528884248154 
   186.56433407016036   94.592528884248168 
   175.25062557117559   110.59252888424815 
   186.56433407016036   126.59252888424815 
   175.25062557117559   142.59252888424817 
   186.56433407016036   158.59252888424817 
   175.25062557117559   174.59252888424817 
   186.56433407016036   190.59252888424817 
   175.25062557117559   206.59252888424817 
   186.56433407016036   222.59252888424817 
   175.25062557117559   238.59252888424814 
   186.56433407016036   254.59252888424814 
   197.87804256914509   14.592528884248159 
   209.19175106812989    30.59252888424815 
   197.87804256914509   46.592528884248146 
   209.19175106812989   62.592528884248154 
   197.87804256914509   78.592528884248154 
   209.19175106812989   94.592528884248168 
   197.87804256914509   110.59252888424815 
   209.19175106812989   126.59252888424815 
   197.87804256914509   142.59252888424817 
   209.19175106812989   158.59252888424817 
   197.87804256914509   174.59252888424817 
   209.19175106812989   190.59252888424817 
   197.87804256914509   206.59252888424817 
   209.19175106812989   222.59252888424817 
   197.87804256914509   238.59252888424814 
   209.19175106812989   254.59252888424814 
   220.50545956711463   14.592528884248159 
   231.81916806609939    30.59252888424815 
   220.50545956711463   46.592528884248146 
   231.81916806609939   62.592528884248154 
   220.50545956711463   78.592528884248154 
   231.81916806609939   94.592528884248168 
   220.50545956711463   110.59252888424815 
   231.81916806609939   126.59252888424815 
   220.50545956711463   142.59252888424817 
   231.81916806609939   158.59252888424817 
   220.50545956711463   174.59252888424817 
   231.81916806609939   190.59252888424817 
   220.50545956711463   206.59252888424817 
   231.81916806609939   222.59252888424817 
   220.50545956711463   238.59252888424814 
   231.81916806609939   254.59252888424814 
   243.13287656508413   14.592528884248159 
   5.5449980864041919    30.59252888424815 
   243.13287656508413   46.592528884248146 
   5.5449980864041919   62.592528884248154 
   243.13287656508413   78.592528884248154 
   5.5449980864041919   94.592528884248168 
   243.13287656508413   110.59252888424815 
   5.5449980864041919   126.59252888424815 
   243.13287656508413   142.59252888424817 
   5.5449980864041919   158.59252888424817 
   243.13287656508413   174.59252888424817 
   5.5449980864041919   190.59252888424817 
   243.13287656508413   206.59252888424817 
   5.5449980864041919   222.59252888424817 
   243.13287656508413   238.59252888424814 
   5.5449980864041919   254.59252888424814 
