   159.49797644852114    36.20348715329083 
   139.61987995656082   43.126153819957494 
   119.74178346460049   7.3825804866241551 
   79.984397818743531   21.228767153290825 
   99.862494310703866   14.305673819957496 
    60.10630132678321   28.151860486624148 
   40.231782820631722    36.20348715329083 
    20.35368632867139   43.126153819957494 
   239.00797709248988   7.3825804866241551 
   199.25059144663294   21.228767153290825 
   219.12868793859329   14.305673819957496 
   179.37249495467262   28.151860486624148 
   159.49797644852114   78.870153819957494 
   139.61987995656082   85.792820486624166 
    119.7417834646005   50.049247153290821 
   79.984397818743531   63.895433819957489 
    99.86249431070388   56.972340486624148 
    60.10630132678321   70.818527153290844 
   40.231782820631722   78.870153819957508 
    20.35368632867139   85.792820486624166 
   239.00797709248988   50.049247153290821 
   199.25059144663294   63.895433819957482 
   219.12868793859329   56.972340486624148 
   179.37249495467262    70.81852715329083 
   159.49797644852114   121.53682048662417 
   139.61987995656085   128.45948715329081 
    119.7417834646005   92.715913819957493 
   79.984397818743545   106.56210048662416 
    99.86249431070388   99.639007153290834 
    60.10630132678321    113.4851938199575 
   40.231782820631722   121.53682048662417 
    20.35368632867139   128.45948715329081 
   239.00797709248988   92.715913819957478 
   199.25059144663294   106.56210048662416 
   219.12868793859329   99.639007153290834 
   179.37249495467262    113.4851938199575 
   159.49797644852114   164.20348715329081 
   139.61987995656085   171.12615381995749 
    119.7417834646005   135.38258048662416 
   79.984397818743545   149.22876715329085 
    99.86249431070388   142.30567381995749 
    60.10630132678321   156.15186048662414 
   40.231782820631722   164.20348715329081 
    20.35368632867139   171.12615381995749 
   239.00797709248988   135.38258048662416 
   199.25059144663294   149.22876715329085 
   219.12868793859329   142.30567381995749 
   179.37249495467262   156.15186048662414 
   159.49797644852114   206.87015381995749 
   139.61987995656085   213.79282048662415 
    119.7417834646005   178.04924715329085 
    79.98439781874356    191.8954338199575 
    99.86249431070388   184.97234048662415 
    60.10630132678321   198.81852715329083 
   40.231782820631722   206.87015381995749 
    20.35368632867139   213.79282048662415 
   239.00797709248988   178.04924715329085 
   199.25059144663294    191.8954338199575 
   219.12868793859329   184.97234048662415 
   179.37249495467265   198.81852715329083 
   159.49797644852114   249.53682048662418 
   139.61987995656085   256.45948715329087 
    119.7417834646005   220.71591381995751 
    79.98439781874356   234.56210048662416 
   99.862494310703894   227.63900715329083 
    60.10630132678321   241.48519381995752 
   40.231782820631722   249.53682048662418 
   20.353686328671408   256.45948715329087 
   239.00797709248988   220.71591381995751 
   199.25059144663294   234.56210048662416 
   219.12868793859329   227.63900715329083 
   179.37249495467265   241.48519381995752 
