   47.176736059350112   5.0584357840429259 
   53.963834567985295   23.441452234943529 
   38.894526616069449   35.968062225293124 
   45.681625124704631   54.351078676193708 
   30.612317172788785   66.877688666543307 
   37.399415681423953   85.260705117443905 
   22.330107729508121   97.787315107793489 
   29.117206238143304   116.17033155869407 
   14.047898286227456   128.69694154904366 
    20.83499679486264   147.07995799994427 
   5.7656888429467932   159.60656799029388 
   12.552787351581962   177.98958444119447 
   4.2705779083013127   208.89921088244466 
   69.033142519901148   10.914842244593951 
    75.82024102853633   29.297858695494551 
   60.750933076620477   41.824468685844131 
   67.538031585255652   60.207485136744729 
   52.468723633339813   72.734095127094321 
   59.255822141974981   91.117111577994933 
    44.18651419005915    103.6437215683445 
   50.973612698694332    122.0267380192451 
   35.904304746778486   134.55334800959469 
   42.691403255413668    152.9363644604953 
   27.622095303497822   165.46297445084488 
    34.40919381213299   183.84599090174549 
   19.339885860217159   196.37260089209505 
   26.126984368852344   214.75561734299566 
   11.057676416936511   227.28222733334525 
   90.889548980452162   16.771248705144973 
   97.676647489087344   35.154265156045561 
   82.607339537171498   47.680875146395152 
   89.394438045806666   66.063891597295751 
   74.325130093890834   78.590501587645335 
   81.112228602526017   96.973518038545947 
   66.042920650610171   109.50012802889553 
   72.830019159245353    127.8831444797961 
   57.760711207329507   140.40975447014569 
   64.547809715964689   158.79277092104633 
   49.478501764048843   171.31938091139588 
   56.265600272684011   189.70239736229652 
    41.19629232076818   202.22900735264608 
   47.983390829403362   220.61202380354666 
    32.91408287748753   233.13863379389622 
   105.95885693236801   4.2446387147953661 
   112.74595544100316   22.627655165695984 
   119.53305394963834   41.010671616596582 
   104.46374599772251   53.537281606946166 
   111.25084450635768   71.920298057846765 
   96.181536554441834   84.446908048196363 
   102.96863506307702   102.82992449909696 
   87.899327111161185   115.35653448944655 
   94.686425619796353   133.73955094034713 
   79.617117667880507   146.26616093069671 
   86.404216176515703   164.64917738159733 
   71.334908224599857   177.17578737194694 
   78.122006733235025   195.55880382284752 
   63.052698781319194   208.08541381319708 
   69.839797289954376   226.46843026409772 
    54.77048933803853   238.99504025444728 
   127.81526339291902   10.101045175346375 
   134.60236190155419   28.484061626247005 
   141.38946041018937   46.867078077147596 
   126.32015245827353   59.393688067497187 
   133.10725096690871   77.776704518397779 
   118.03794301499286   90.303314508747377 
   124.82504152362803   108.68633095964799 
    109.7557335717122   121.21294094999756 
   116.54283208034737   139.59595740089813 
   101.47352412843154   152.12256739124771 
    108.2606226370667   170.50558384214833 
   93.191314685150871   183.03219383249794 
   99.978413193786039   201.41521028339855 
   84.909105241870208   213.94182027374811 
   91.696203750505376   232.32483672464869 
   76.626895798589544   244.85144671499827 
   149.67166985347004   15.957451635897398 
   156.45876836210519   34.340468086798012 
    163.2458668707404   52.723484537698617 
   148.17655891882455   65.250094528048209 
   154.96365742745974   83.633110978948793 
   139.89434947554386   96.159720969298391 
   146.68144798417907     114.542737420199 
   131.61214003226323   127.06934741054857 
   138.39923854089841   145.45236386144916 
   123.32993058898255   157.97897385179874 
   130.11702909761775   176.36199030269938 
   115.04772114570189   188.88860029304894 
   121.83481965433707   207.27161674394958 
   106.76551170242122   219.79822673429911 
    113.5526102110564   238.18124318519972 
   98.483302259140558   250.70785317554927 
   171.52807631402106   21.813858096448421 
   178.31517482265625    40.19687454734904 
   185.10227333129143   58.579890998249638 
   170.03296537937558   71.106500988599237 
   176.82006388801079   89.489517439499821 
   161.75075593609492   102.01612742984942 
    168.5378544447301   120.39914388075002 
   153.46854649281426    132.9257538710996 
   160.25564500144947   151.30877032200019 
   145.18633704953359   163.83538031234977 
   151.97343555816877   182.21839676325038 
   136.90412760625293   194.74500675359999 
   143.69122611488811   213.12802320450058 
   128.62191816297226   225.65463319485013 
   135.40901667160745   244.03764964575078 
    120.3397087196916   256.56425963610036 
   193.38448277457212   27.670264556999445 
   200.17158128320725   46.053281007900061 
   206.95867979184246   64.436297458800652 
   191.88937183992661   76.962907449150251 
   198.67647034856176   95.345923900050835 
   183.60716239664592   107.87253389040043 
   190.39426090528113   126.25555034130105 
   175.32495295336528    138.7821603316506 
   182.11205146200047   157.16517678255119 
   167.04274351008459   169.69178677290077 
    173.8298420187198   188.07480322380141 
   158.76053406680396   200.60141321415097 
   165.54763257543911   218.98442966505161 
   150.47832462352326   231.51103965540116 
   157.26542313215847   249.89405610630175 
   215.24088923512312   33.526671017550456 
   222.02798774375827   51.909687468451075 
   228.81508625239346    70.29270391935168 
   213.74577830047761   82.819313909701251 
   220.53287680911282   101.20233036060185 
   205.46356885719695   113.72894035095145 
    212.2506673658321   132.11195680185207 
   197.18135941391625   144.63856679220163 
   203.96845792255147   163.02158324310221 
   188.89914997063562    175.5481932334518 
    195.6862484792708   193.93120968435244 
   180.61694052735496   206.45781967470199 
   187.40403903599014   224.84083612560264 
   172.33473108407429   237.36744611595216 
   179.12182959270947   255.75046256685278 
   237.09729569567412   39.383077478101477 
    243.8843942043093   57.766093929002096 
   250.67149271294448    76.14911037990268 
   235.60218476102861   88.675720370252279 
   242.38928326966382   107.05873682115288 
   227.31997531774797   119.58534681150246 
   234.10707382638316   137.96836326240307 
   219.03776587446731   150.49497325275266 
   225.82486438310252   168.87798970365324 
   210.75555643118665   181.40459969400283 
   217.54265493982183   199.78761614490344 
   202.47334698790596   212.31422613525305 
   209.26044549654117   230.69724258615364 
   194.19113754462529   243.22385257650319 
   32.107428107434309   17.585045774392519 
   23.825218664153645   48.494672215642701 
   249.17638177829897   125.44175327205348 
   15.543009220872966   79.404298656892891 
   240.89417233501831   156.35137971330366 
   7.2607997775923163   110.31392509814306 
   232.61196289173765   187.26100615455383 
   224.32975344845701   218.17063259580402 
   216.04754400517632   249.08025903705422 
