   73.974238258069704   17.513107155921471 
   56.176279286936996   25.712659366980098 
   57.974238258069697    45.22592007702351 
   40.176279286937003    53.42547228808214 
   41.974238258069711   72.938732998125545 
   24.176279286936992    81.13828520918419 
     25.9742382580697   100.65154591922759 
   8.1762792869369854   108.85109813028625 
   9.9742382580696933   128.36435884032966 
   109.57015620033512   1.1140027338041907 
   91.772197229202419   9.3135549448628172 
   93.570156200335134    28.82681565490623 
   75.772197229202419   37.026367865964858 
    77.57015620033512   56.539628576008269 
   59.772197229202419     64.7391807870669 
   61.570156200335127   84.252441497110283 
   43.772197229202412   92.451993708168956 
    45.57015620033512   111.96525441821235 
   27.772197229202408   120.16480662927101 
   29.570156200335116   139.67806733931442 
   11.772197229202416   147.87761955037303 
   13.570156200335123   167.39088026041645 
   129.16607414260054   12.427711232788949 
   111.36811517146785   20.627263443847575 
   113.16607414260055   40.140524153890972 
   95.368115171467835   48.340076364949617 
    97.16607414260055   67.853337074993036 
   79.368115171467849   76.052889286051652 
   81.166074142600564   95.566149996095049 
   63.368115171467835   103.76570220715371 
    65.16607414260055   123.27896291719711 
   47.368115171467828   131.47851512825576 
   49.166074142600536   150.99177583829916 
   31.368115171467839   159.19132804935779 
   33.166074142600543   178.70458875940119 
   15.368115171467846   186.90414097045982 
   17.166074142600554   206.41740168050322 
   146.96403311373328    4.228159021730308 
   148.76199208486599   23.741419731773707 
   130.96403311373328   31.940971942832348 
   132.76199208486597   51.454232652875746 
   114.96403311373328   59.653784863934391 
   116.76199208486598   79.167045573977788 
   98.964033113733279   87.366597785036433 
   100.76199208486599   106.87985849507982 
   82.964033113733279   115.07941070613848 
    84.76199208486598   134.59267141618187 
   66.964033113733265    142.7922236272405 
    68.76199208486598   162.30548433728393 
   50.964033113733272   170.50503654834253 
    52.76199208486598   190.01829725838596 
   34.964033113733279   198.21784946944456 
   36.761992084865987   217.73111017948796 
   166.55995105599871   15.541867520715067 
    168.3579100271314    35.05512823075847 
   150.55995105599868   43.254680441817094 
    152.3579100271314   62.767941151860505 
   134.55995105599871   70.967493362919143 
   136.35791002713142    90.48075407296254 
   118.55995105599871   98.680306284021171 
   120.35791002713141   118.19356699406457 
    102.5599510559987   126.39311920512323 
   104.35791002713141   145.90637991516664 
   86.559951055998695   154.10593212622527 
   88.357910027131396    173.6191928362687 
    70.55995105599871    181.8187450473273 
    72.35791002713141   201.33200575737069 
   54.559951055998702   209.53155796842933 
    56.35791002713141   229.04481867847272 
   186.15586899826411   26.855576019699811 
   187.95382796939683   46.368836729743208 
   170.15586899826411   54.568388940801853 
   171.95382796939683    74.08164965084525 
   154.15586899826414   82.281201861903895 
   155.95382796939683   101.79446257194729 
   138.15586899826414   109.99401478300594 
   139.95382796939683   129.50727549304932 
   122.15586899826413   137.70682770410798 
   123.95382796939681   157.22008841415138 
   106.15586899826411   165.41964062521004 
   107.95382796939681   184.93290133525343 
   90.155868998264125   193.13245354631206 
   91.953827969396812   212.64571425635549 
   74.155868998264125   220.84526646741412 
   75.953827969396841   240.35852717745752 
   205.75178694052954    38.16928451868457 
   207.54974591166226   57.682545228727982 
   189.75178694052954   65.882097439786605 
   191.54974591166228   85.395358149830017 
   173.75178694052957   93.594910360888647 
   175.54974591166226   113.10817107093206 
   157.75178694052954   121.30772328199069 
   159.54974591166228   140.82098399203409 
   141.75178694052954   149.02053620309275 
   143.54974591166226   168.53379691313614 
   125.75178694052954    176.7333491241948 
   127.54974591166226    196.2466098342382 
   109.75178694052954   204.44616204529683 
   111.54974591166227   223.95942275534023 
   93.751786940529556   232.15897496639886 
   95.549745911662271   251.67223567644228 
   225.34770488279497    49.48299301766933 
   227.14566385392766   68.996253727712741 
     209.347704882795   77.195805938771372 
   211.14566385392769   96.709066648814783 
   193.34770488279497   104.90861885987341 
   195.14566385392769   124.42187956991683 
   177.34770488279497   132.62143178097543 
   179.14566385392772   152.13469249101882 
   161.34770488279497   160.33424470207748 
   163.14566385392769   179.84750541212091 
   145.34770488279494   188.04705762317954 
   147.14566385392769   207.56031833322294 
   129.34770488279497   215.75987054428157 
   131.14566385392769   235.27313125432497 
   113.34770488279497    243.4726834653836 
   244.94362282506037   60.796701516654089 
   246.74158179619309   80.309962226697508 
    228.9436228250604   88.509514437756124 
   230.74158179619312   108.02277514779954 
    212.9436228250604   116.22232735885817 
   214.74158179619312   135.73558806890159 
    196.9436228250604   143.93514027996019 
   198.74158179619312   163.44840099000362 
   180.94362282506037   171.64795320106225 
   182.74158179619312   191.16121391110565 
   164.94362282506037   199.36076612216431 
   166.74158179619312    218.8740268322077 
    148.9436228250604   227.07357904326634 
   150.74158179619312   246.58683975330973 
    132.9436228250604   254.78639196436836 
   248.53954076732583   99.823222936740891 
   250.33749973845855    119.3364836467843 
   232.53954076732583   127.53603585784293 
   234.33749973845852   147.04929656788633 
    216.5395407673258   155.24884877894496 
   218.33749973845855   174.76210948898836 
    200.5395407673258   182.96166170004702 
   202.33749973845855   202.47492241009041 
    184.5395407673258   210.67447462114907 
   186.33749973845855    230.1877353311925 
   168.53954076732583   238.38728754225107 
   252.13545870959123   138.84974435682767 
   253.93341768072395    158.3630050668711 
   236.13545870959123   166.56255727792973 
   237.93341768072398   186.07581798797312 
   220.13545870959123   194.27537019903178 
   221.93341768072398   213.78863090907518 
   204.13545870959123   221.98818312013381 
   205.93341768072395   241.50144383017724 
   188.13545870959123   249.70099604123584 
