   135.76099262338886   2.8343636044268932 
   116.24773191334546   1.0364046332941854 
   108.04817970228683   18.834363604426901 
   88.534918992243448   17.036404633294179 
   80.335366781184803   34.834363604426891 
   60.822106071141398   33.036404633294183 
   52.622553860082746   50.834363604426898 
   33.109293150039349    49.03640463329419 
   24.909740938980704   66.834363604426912 
   5.3964802289373202   65.036404633294197 
   174.78751404347565   6.4302815466923082 
   155.27425333343226   4.6323225755596145 
    147.0747011223736   22.430281546692317 
   127.56144041233024   20.632322575559623 
   119.36188820127158   38.430281546692321 
     99.8486274912282   36.632322575559613 
   91.649075280169555   54.430281546692314 
   72.135814570126158    52.63232257555962 
    63.93626235906752   70.430281546692328 
   44.423001649024123   68.632322575559641 
   36.223449437965463   86.430281546692328 
   16.710188727922095   84.632322575559627 
   8.5106365168634532   102.43028154669234 
   194.30077475351905   8.2282405178250304 
   186.10122254246042   26.026199488957744 
   166.58796183241705   24.228240517825036 
   158.38840962135839   42.026199488957737 
   138.87514891131499   40.228240517825043 
   130.67559670025636   58.026199488957744 
   111.16233599021295   56.228240517825036 
   102.96278377915434   74.026199488957744 
   83.449523069110938   72.228240517825043 
   75.249970858052279   90.026199488957744 
   55.736710148008875   88.228240517825071 
   47.537157936950237   106.02619948895777 
    28.02389722690685   104.22824051782504 
   19.824345015848213   122.02619948895776 
   205.61448325250382   27.824158460090452 
   197.41493104144519   45.622117431223167 
   177.90167033140179   43.824158460090459 
   169.70211812034316    61.62211743122316 
   150.18885741029976   59.824158460090466 
   141.98930519924113   77.622117431223174 
   122.47604448919772   75.824158460090473 
   114.27649227813909    93.62211743122316 
   94.763231568095676   91.824158460090473 
   86.563679357037046   109.62211743122319 
   67.050418646993634   107.82415846009047 
   58.850866435934996   125.62211743122319 
   39.337605725891613   123.82415846009049 
   31.138053514832968   141.62211743122319 
     11.6247928047896   139.82415846009047 
   3.4252405937309591   157.62211743122319 
   216.92819175148858   47.420076402355875 
   208.72863954042995    65.21803537348859 
   189.21537883038656   63.420076402355882 
   181.01582661932792   81.218035373488604 
   161.50256590928453   79.420076402355889 
   153.30301369822587    97.21803537348859 
   133.78975298818247   95.420076402355889 
   125.59020077712385    113.2180353734886 
   106.07694006708044   111.42007640235589 
   97.877387856021812   129.21803537348862 
   78.364127145978401    127.4200764023559 
    70.16457493491977   145.21803537348862 
   50.651314224876387    143.4200764023559 
   42.451762013817728   161.21803537348862 
   22.938501303774359    159.4200764023559 
   14.738949092715718   177.21803537348862 
   228.24190025047335   67.015994344621291 
   220.04234803941472   84.813953315754006 
   200.52908732937132   83.015994344621305 
   192.32953511831266   100.81395331575402 
   172.81627440826927   99.015994344621291 
   164.61672219721063   116.81395331575402 
   145.10346148716724    115.0159943446213 
   136.90390927610864   132.81395331575402 
   117.39064856606521    131.0159943446213 
   109.19109635500656   148.81395331575405 
   89.677835644963167    147.0159943446213 
   81.478283433904522   164.81395331575405 
   61.965022723861139    163.0159943446213 
   53.765470512802501   180.81395331575405 
   34.252209802759118   179.01599434462133 
   26.052657591700477   196.81395331575402 
   239.55560874945812   86.611912286886735 
   231.35605653839951   104.40987125801946 
   211.84279582835609   102.61191228688674 
   203.64324361729749   120.40987125801946 
   184.12998290725406   118.61191228688675 
   175.93043069619543   136.40987125801948 
   156.41716998615203   134.61191228688674 
    148.2176177750934   152.40987125801945 
   128.70435706504998   150.61191228688674 
   120.50480485399136   168.40987125801945 
   100.99154414394795   166.61191228688676 
   92.791991932889303   184.40987125801951 
    73.27873122284592   182.61191228688676 
   65.079179011787275   200.40987125801948 
   45.565918301743892   198.61191228688674 
   37.366366090685261   216.40987125801948 
   250.86931724844291   106.20783022915215 
   242.66976503738428   124.00578920028488 
   223.15650432734085   122.20783022915217 
   214.95695211628222   140.00578920028488 
   195.44369140623883   138.20783022915217 
   187.24413919518017   156.00578920028491 
   167.73087848513677   154.20783022915217 
   159.53132627407817   172.00578920028488 
   140.01806556403474   170.20783022915217 
   131.81851335297611   188.00578920028488 
    112.3052526429327   186.20783022915217 
   104.10570043187406   204.00578920028488 
   84.592439721830672   202.20783022915219 
   76.392887510772027   220.00578920028491 
   56.879626800728651   218.20783022915217 
   48.680074589670021   236.00578920028491 
   253.98347353636902   143.60170714255031 
   234.47021282632562   141.80374817141757 
   226.27066061526696   159.60170714255031 
   206.75739990522356   157.80374817141757 
   198.55784769416493   175.60170714255028 
   179.04458698412154    173.8037481714176 
   170.84503477306291   191.60170714255031 
   151.33177406301951    189.8037481714176 
   143.13222185196085   207.60170714255031 
   123.61896114191745    205.8037481714176 
   115.41940893085882   223.60170714255031 
   95.906148220815439    221.8037481714176 
   87.706596009756808   239.60170714255031 
   68.193335299713411    237.8037481714176 
    59.99378308865478   255.60170714255034 
   245.78392132531036     161.399666113683 
   237.58436911425173   179.19762508481574 
   218.07110840420833     177.399666113683 
    209.8715561931497   195.19762508481574 
    190.3582954831063     193.399666113683 
   182.15874327204767   211.19762508481571 
   162.64548256200425   209.39966611368303 
   154.44593035094564   227.19762508481574 
   134.93266964090222   225.39966611368303 
   126.73311742984357   243.19762508481574 
   107.21985671980021   241.39966611368303 
   248.89807761323652   198.79354302708114 
    229.3848169031931   196.99558405594846 
    221.1852646921345   214.79354302708114 
    201.6720039820911   212.99558405594843 
   193.47245177103247   230.79354302708114 
   173.95919106098904   228.99558405594843 
   165.75963884993041   246.79354302708114 
   146.24637813988699   244.99558405594846 
