   87.279458798921041   1.4061409009643735 
   83.965750299936261   20.719849399949137 
   64.652041800951508   24.033557898933889 
   61.338333301966763   43.347266397918652 
    42.02462480298199   46.660974896903426 
   38.710916303997216   65.974683395888192 
   19.397207805012457   69.288391894872959 
   16.083499306027701   88.602100393857725 
   122.59316729790579   14.092432401979611 
   103.27945879892104   17.406140900964367 
   99.965750299936275    36.71984939994914 
   80.652041800951523   40.033557898933886 
    77.33833330196677   59.347266397918645 
   58.024624802981997   62.660974896903411 
   54.710916303997223   81.974683395888192 
   35.397207805012464   85.288391894872944 
   32.083499306027704   104.60210039385773 
   12.769790807042961   107.91580889284246 
   9.4560823080581908   127.22951739182724 
   161.22058429587531   7.4650154040100869 
   141.90687579689055   10.778723902994841 
   138.59316729790581   30.092432401979604 
   119.27945879892104    33.40614090096436 
   115.96575029993626   52.719849399949133 
   96.652041800951523   56.033557898933893 
    93.33833330196677   75.347266397918645 
    74.02462480298199   78.660974896903411 
   70.710916303997223   97.974683395888178 
   51.397207805012457   101.28839189487296 
   48.083499306027697   120.60210039385771 
   28.769790807042952   123.91580889284246 
   25.456082308058182   143.22951739182722 
   6.1423738090734359   146.54322589081195 
   2.8286653100886809   165.85693438979675 
   180.53429279486008    4.151306905025332 
   177.22058429587531   23.465015404010096 
   157.90687579689055   26.778723902994848 
   154.59316729790581   46.092432401979615 
   135.27945879892104   49.406140900964367 
   131.96575029993627   68.719849399949126 
   112.65204180095152   72.033557898933893 
   109.33833330196677   91.347266397918645 
    90.02462480298199   94.660974896903411 
   86.710916303997223   113.97468339588819 
   67.397207805012457   117.28839189487296 
   64.083499306027704   136.60210039385774 
   44.769790807042959   139.91580889284248 
   41.456082308058193   159.22951739182722 
   22.142373809073444   162.54322589081195 
   18.828665310088688   181.85693438979675 
   196.53429279486011   20.151306905025326 
   193.22058429587531   39.465015404010089 
   173.90687579689055   42.778723902994841 
   170.59316729790578   62.092432401979607 
   151.27945879892104    65.40614090096436 
   147.96575029993627    84.71984939994914 
   128.65204180095151   88.033557898933893 
   125.33833330196677   107.34726639791864 
   106.02462480298199   110.66097489690343 
   102.71091630399724   129.97468339588818 
   83.397207805012457   133.28839189487294 
   80.083499306027704   152.60210039385771 
   60.769790807042952   155.91580889284245 
   57.456082308058186   175.22951739182724 
   38.142373809073447   178.54322589081198 
   34.828665310088681   197.85693438979672 
   212.53429279486008   36.151306905025315 
   209.22058429587531   55.465015404010082 
   189.90687579689057   58.778723902994834 
   186.59316729790578   78.092432401979593 
   167.27945879892104    81.40614090096436 
   163.96575029993627   100.71984939994913 
   144.65204180095154   104.03355789893388 
   141.33833330196677   123.34726639791864 
   122.02462480298199   126.66097489690341 
   118.71091630399722   145.97468339588818 
   99.397207805012457   149.28839189487294 
    96.08349930602769   168.60210039385771 
   76.769790807042952   171.91580889284248 
   73.456082308058186   191.22951739182724 
    54.14237380907344   194.54322589081198 
   50.828665310088674   213.85693438979672 
   228.53429279486008   52.151306905025322 
   225.22058429587531   71.465015404010103 
   205.90687579689057   74.778723902994855 
   202.59316729790584   94.092432401979622 
   183.27945879892104   97.406140900964374 
   179.96575029993627   116.71984939994915 
   160.65204180095154   120.03355789893389 
    157.3383333019668   139.34726639791867 
   138.02462480298198   142.66097489690341 
   134.71091630399724   161.97468339588821 
   115.39720780501247   165.28839189487294 
   112.08349930602772   184.60210039385774 
   92.769790807042952   187.91580889284248 
   89.456082308058214   207.22951739182724 
   70.142373809073447   210.54322589081198 
   66.828665310088695   229.85693438979675 
   244.53429279486008   68.151306905025322 
   241.22058429587531   87.465015404010089 
   221.90687579689057   90.778723902994841 
   218.59316729790581   110.09243240197961 
   199.27945879892104   113.40614090096436 
   195.96575029993627   132.71984939994914 
   176.65204180095154   136.03355789893391 
    173.3383333019668   155.34726639791864 
     154.024624802982   158.66097489690341 
   150.71091630399727   177.97468339588818 
   131.39720780501247   181.28839189487297 
    128.0834993060277   200.60210039385771 
   108.76979080704297   203.91580889284245 
    105.4560823080582   223.22951739182724 
   86.142373809073447   226.54322589081198 
   82.828665310088709   245.85693438979675 
   237.90687579689057   106.77872390299484 
   234.59316729790581   126.09243240197961 
   215.27945879892104   129.40614090096435 
    211.9657502999363   148.71984939994914 
   192.65204180095151   152.03355789893388 
   189.33833330196677   171.34726639791864 
     170.024624802982   174.66097489690341 
   166.71091630399727   193.97468339588818 
   147.39720780501244   197.28839189487297 
    144.0834993060277   216.60210039385771 
   124.76979080704297   219.91580889284245 
   121.45608230805821   239.22951739182724 
   102.14237380907345   242.54322589081198 
   253.90687579689057   122.77872390299484 
   250.59316729790578   142.09243240197961 
   231.27945879892104   145.40614090096437 
    227.9657502999363   164.71984939994914 
   208.65204180095154   168.03355789893388 
    205.3383333019668   187.34726639791864 
     186.024624802982   190.66097489690341 
   182.71091630399724   209.97468339588818 
   163.39720780501247   213.28839189487294 
   160.08349930602773   232.60210039385771 
   140.76979080704297   235.91580889284248 
    137.4560823080582   255.22951739182722 
   247.27945879892104   161.40614090096435 
   243.96575029993627   180.71984939994911 
   224.65204180095154   184.03355789893388 
   221.33833330196677   203.34726639791864 
     202.024624802982   206.66097489690341 
   198.71091630399721   225.97468339588818 
   179.39720780501247   229.28839189487292 
    176.0834993060277   248.60210039385774 
   156.76979080704297   251.91580889284248 
