   183.35010286358801   3.5951996113261178 
   152.44047642233781   11.877409054606781 
   134.05745997143717   5.0903105459716125 
   121.53084998108758   20.159618497887461 
   103.14783353018701   13.372519989252277 
   90.621223539837416   28.441827941168111 
   72.238207088936818   21.654729432532939 
   59.711597098587227   36.724037384448785 
   41.328580647686607   29.936938875813603 
   28.801970657337016   45.006246827729449 
   10.418954206436441   38.219148319094266 
   201.73311931448859   10.382298119961316 
   189.20650932413901   25.451606071877148 
   170.82349287323842    18.66450756324198 
   158.29688288288881   33.733815515157815 
    139.9138664319882   26.946717006522643 
   127.38725644163861   42.016024958438493 
   109.00423999073804   35.228926449803311 
   96.477630000388444   50.298234401719142 
   78.094613549487832   43.511135893083974 
   65.568003559138248    58.58044384499982 
   47.184987108237628   51.793345336364638 
   34.658377117888037   66.862653288280484 
   16.275360666987467   60.075554779645302 
   3.7487506766378718   75.144862731561133 
   220.11613576538917   17.169396628596484 
   207.58952577503959   32.238704580512334 
   195.06291578469001   47.308012532428165 
   176.67989933378942   40.520914023792997 
   164.15328934343981   55.590221975708829 
   145.77027289253923   48.803123467073661 
   133.24366290218961     63.8724314189895 
   114.86064645128904   57.085332910354325 
   102.33403646093946    72.15464086227017 
   83.951020010038846   65.367542353634988 
   71.424410019689262    80.43685030555082 
   53.041393568788656   73.649751796915652 
   40.514783578439065   88.719059748831498 
   22.131767127538474   81.931961240196316 
   9.6051571371888809   97.001269192112161 
    225.9725422259402   39.025803089147502 
   213.44593223559059   54.095111041063348 
   200.91932224524106   69.164418992979179 
   182.53630579434042   62.377320484344011 
   170.00969580399087   77.446628436259857 
   151.62667935309022   70.659529927624675 
   139.10006936274067   85.728837879540507 
   120.71705291184007   78.941739370905339 
   108.19044292149047   94.011047322821184 
   89.807426470589874   87.223948814186002 
   77.280816480240262   102.29325676610185 
   58.897800029339663   95.506158257466666 
   46.371190038990072   110.57546620938251 
   27.988173588089499   103.78836770074733 
   15.461563597739906   118.85767565266318 
    231.8289486864912   60.882209549698516 
   219.30233869614165   75.951517501614362 
   206.77572870579203   91.020825453530193 
   188.39271225489145   84.233726944895025 
   175.86610226454187   99.303034896810857 
   157.48308581364125   92.515936388175689 
   144.95647582329167   107.58524434009152 
   126.57345937239108   100.79814583145635 
   114.04684938204149   115.86745378337218 
   95.663832931140888   109.08035527473702 
    83.13722294079129   124.14966322665286 
   64.754206489890677   117.36256471801768 
   52.227596499541093   132.43187266993354 
   33.844580048640509   125.64477416129834 
   21.317970058290914   140.71408211321418 
   2.9349536073903408   133.92698360457902 
   237.68535514704223   82.738616010249544 
   225.15874515669265   97.807923962165376 
   212.63213516634306   112.87723191408121 
   194.24911871544248   106.09013340544604 
   181.72250872509287   121.15944135736189 
   163.33949227419228    114.3723428487267 
   150.81288228384267   129.44165080064255 
   132.42986583294208   122.65455229200737 
   119.90325584259251   137.72386024392321 
   101.52023939169189   130.93676173528803 
   88.993629401342318   146.00606968720388 
   70.610612950441691   139.21897117856869 
   58.084002960092107   154.28827913048454 
    39.70098650919153   147.50118062184936 
   27.174376518841939    162.5704885737652 
   8.7913600679413495   155.78339006513002 
   243.54176160759326   104.59502247080054 
   231.01515161724365   119.66433042271643 
   218.48854162689412   134.73363837463225 
   200.10552517599348    127.9465398659971 
   187.57891518564392   143.01584781791294 
   169.19589873474328   136.22874930927773 
   156.66928874439373   151.29805726119361 
   138.28627229349311   144.51095875255842 
   125.75966230314353   159.58026670447427 
   107.37664585224293   152.79316819583906 
   94.850035861893332    167.8624761477549 
   76.467019410992719   161.07537763911975 
   63.940409420643135    176.1446855910356 
   45.557392969742551   169.35758708240041 
    33.03078297939296   184.42689503431626 
   14.647766528492374   177.63979652568108 
   249.39816806814429   126.45142893135161 
    236.8715580777947   141.52073688326743 
   224.34494808744512   156.59004483518331 
   205.96193163654451    149.8029463265481 
   193.43532164619492   164.87225427846394 
   175.05230519529431   158.08515576982876 
   162.52569520494472   173.15446372174461 
   144.14267875404414   166.36736521310942 
   131.61606876369456   181.43667316502527 
   113.23305231279394   174.64957465639009 
   100.70644232244435   189.71888260830596 
   82.323425871543748   182.93178409967075 
   69.796815881194149    198.0010920515866 
   51.413799430293565   191.21399354295141 
   38.887189439943988   206.28330149486726 
   20.504172989043397   199.49620298623205 
   255.25457452869529   148.30783539190261 
    242.7279645383457   163.37714334381843 
   230.20135454799612   178.44645129573431 
   211.81833809709553   171.65935278709912 
   199.29172810674592   186.72866073901497 
   180.90871165584534   179.94156223037976 
   168.38210166549572   195.01087018229566 
   149.99908521459514   188.22377167366045 
   137.47247522424556    203.2930796255763 
   119.08945877334496   196.50598111694109 
   106.56284878299537   211.57528906885696 
   88.179832332094747   204.78819056022178 
   75.653222341745177   219.85749851213762 
   57.270205890844586   213.07040000350247 
   44.743595900494995   228.13970795541832 
   26.360579449594422   221.35260944678311 
    248.5843709988967   185.23354980436946 
   236.05776100854717   200.30285775628531 
   217.67474455764653   193.51575924765015 
   205.14813456729698     208.585067199566 
   186.76511811639634   201.79796869093079 
   174.23850812604678   216.86727664284663 
   155.85549167514617   210.08017813421145 
   143.32888168479658    225.1494860861273 
   124.94586523389597   218.36238757749211 
   112.41925524354637   233.43169552940799 
   94.036238792645776   226.64459702077281 
   81.509628802296177   241.71390497268865 
   63.126612351395593   234.92680646405344 
   50.600002361046016   249.99611441596929 
   32.216985910145425   243.20901590733411 
   254.44077745944776   207.08995626492049 
   241.91416746909815   222.15926421683633 
   223.53115101819756   215.37216570820112 
   211.00454102784798   230.44147366011697 
   192.62152457694737   223.65437515148182 
   180.09491458659778   238.72368310339769 
    161.7118981356972   231.93658459476248 
   149.18528814534761   247.00589254667833 
     130.802271694447   240.21879403804314 
    118.2756617040974   255.28810198995899 
    99.89264525319679   248.50100348132378 
   68.983018811946621   256.78321292460447 
