   246.38292483240181   19.073916951103222 
   230.38292483240178   30.387625450087981 
   214.38292483240178   19.073916951103222 
   198.38292483240181   30.387625450087981 
   182.38292483240181   19.073916951103222 
   166.38292483240178   30.387625450087981 
   150.38292483240178   19.073916951103222 
   134.38292483240181   30.387625450087981 
    118.3829248324018   19.073916951103222 
    102.3829248324018   30.387625450087981 
   86.382924832401784   19.073916951103222 
   70.382924832401784   30.387625450087981 
   54.382924832401798   19.073916951103222 
   38.382924832401791   30.387625450087981 
   22.382924832401812   19.073916951103222 
   6.3829248324018062   30.387625450087995 
   246.38292483240181    41.70133394907274 
   230.38292483240178     53.0150424480575 
   214.38292483240178    41.70133394907274 
   198.38292483240181     53.0150424480575 
   182.38292483240181    41.70133394907274 
   166.38292483240178     53.0150424480575 
   150.38292483240178    41.70133394907274 
   134.38292483240181     53.0150424480575 
    118.3829248324018    41.70133394907274 
    102.3829248324018     53.0150424480575 
   86.382924832401784    41.70133394907274 
   70.382924832401784     53.0150424480575 
   54.382924832401798    41.70133394907274 
   38.382924832401791     53.0150424480575 
   22.382924832401812    41.70133394907274 
   6.3829248324018062   53.015042448057514 
   246.38292483240181   64.328750947042266 
   230.38292483240178   75.642459446027019 
   214.38292483240178   64.328750947042266 
   198.38292483240181   75.642459446027019 
   182.38292483240181   64.328750947042266 
   166.38292483240178   75.642459446027019 
   150.38292483240178   64.328750947042266 
   134.38292483240181   75.642459446027019 
    118.3829248324018   64.328750947042266 
    102.3829248324018   75.642459446027019 
   86.382924832401784   64.328750947042266 
   70.382924832401784   75.642459446027019 
   54.382924832401798   64.328750947042266 
   38.382924832401791   75.642459446027019 
   22.382924832401812   64.328750947042266 
   6.3829248324018062   75.642459446027019 
   246.38292483240181   86.956167945011785 
   230.38292483240178   98.269876443996537 
   214.38292483240178   86.956167945011785 
   198.38292483240181   98.269876443996552 
   182.38292483240181   86.956167945011785 
   166.38292483240178   98.269876443996552 
   150.38292483240178   86.956167945011785 
   134.38292483240181   98.269876443996552 
    118.3829248324018   86.956167945011785 
    102.3829248324018   98.269876443996552 
   86.382924832401784   86.956167945011785 
   70.382924832401784   98.269876443996552 
   54.382924832401798   86.956167945011785 
   38.382924832401791   98.269876443996566 
   22.382924832401812   86.956167945011785 
   6.3829248324018062   98.269876443996566 
   246.38292483240181    109.5835849429813 
   230.38292483240178   120.89729344196607 
   214.38292483240178    109.5835849429813 
   198.38292483240181   120.89729344196607 
   182.38292483240181    109.5835849429813 
   166.38292483240178   120.89729344196607 
   150.38292483240181    109.5835849429813 
   134.38292483240181   120.89729344196607 
    118.3829248324018    109.5835849429813 
    102.3829248324018   120.89729344196607 
   86.382924832401784    109.5835849429813 
   70.382924832401784   120.89729344196607 
   54.382924832401798    109.5835849429813 
   38.382924832401791   120.89729344196607 
   22.382924832401812    109.5835849429813 
   6.3829248324018062   120.89729344196608 
   246.38292483240181   132.21100194095084 
   230.38292483240178   143.52471043993557 
   214.38292483240178   132.21100194095084 
   198.38292483240181   143.52471043993557 
   182.38292483240181   132.21100194095084 
   166.38292483240178   143.52471043993557 
   150.38292483240181   132.21100194095084 
   134.38292483240181   143.52471043993557 
    118.3829248324018   132.21100194095084 
    102.3829248324018   143.52471043993557 
   86.382924832401784   132.21100194095084 
   70.382924832401784   143.52471043993557 
   54.382924832401798   132.21100194095084 
   38.382924832401791   143.52471043993557 
   22.382924832401812   132.21100194095084 
   6.3829248324018062   143.52471043993557 
   246.38292483240181   154.83841893892034 
   230.38292483240178   166.15212743790511 
   214.38292483240178   154.83841893892034 
   198.38292483240181   166.15212743790511 
   182.38292483240181   154.83841893892034 
   166.38292483240178   166.15212743790511 
   150.38292483240181   154.83841893892034 
   134.38292483240181   166.15212743790511 
    118.3829248324018   154.83841893892034 
    102.3829248324018   166.15212743790511 
   86.382924832401784   154.83841893892034 
   70.382924832401784   166.15212743790511 
   54.382924832401798   154.83841893892034 
   38.382924832401791   166.15212743790511 
   22.382924832401812   154.83841893892034 
   6.3829248324018062   166.15212743790511 
   246.38292483240181   177.46583593688985 
   230.38292483240178   188.77954443587464 
   214.38292483240178   177.46583593688985 
   198.38292483240181   188.77954443587464 
   182.38292483240181   177.46583593688985 
   166.38292483240178   188.77954443587464 
   150.38292483240181   177.46583593688985 
   134.38292483240181   188.77954443587464 
    118.3829248324018   177.46583593688985 
    102.3829248324018   188.77954443587464 
   86.382924832401784   177.46583593688985 
   70.382924832401784   188.77954443587464 
   54.382924832401798   177.46583593688985 
   38.382924832401791   188.77954443587464 
   22.382924832401812   177.46583593688985 
   6.3829248324018062   188.77954443587464 
   246.38292483240181   200.09325293485938 
   230.38292483240178   211.40696143384415 
   214.38292483240178   200.09325293485938 
   198.38292483240181   211.40696143384415 
   182.38292483240181   200.09325293485938 
   166.38292483240178   211.40696143384415 
   150.38292483240181   200.09325293485938 
   134.38292483240181   211.40696143384415 
    118.3829248324018   200.09325293485938 
    102.3829248324018   211.40696143384415 
   86.382924832401784   200.09325293485938 
   70.382924832401784   211.40696143384415 
   54.382924832401798   200.09325293485938 
   38.382924832401791   211.40696143384415 
   22.382924832401812   200.09325293485938 
   6.3829248324018062   211.40696143384417 
   246.38292483240181   222.72066993282888 
   230.38292483240178   234.03437843181368 
   214.38292483240178   222.72066993282888 
   198.38292483240181   234.03437843181368 
   182.38292483240181   222.72066993282888 
   166.38292483240178   234.03437843181368 
   150.38292483240181   222.72066993282888 
   134.38292483240181   234.03437843181368 
    118.3829248324018   222.72066993282888 
    102.3829248324018   234.03437843181368 
   86.382924832401784   222.72066993282888 
   70.382924832401784   234.03437843181368 
   54.382924832401798   222.72066993282888 
   38.382924832401791   234.03437843181368 
   22.382924832401812   222.72066993282888 
   6.3829248324018062   234.03437843181368 
   246.38292483240181   245.34808693079842 
   230.38292483240178    7.760208452118464 
   214.38292483240178   245.34808693079842 
   198.38292483240178    7.760208452118464 
   182.38292483240181   245.34808693079842 
   166.38292483240178    7.760208452118464 
   150.38292483240181   245.34808693079842 
   134.38292483240181    7.760208452118464 
    118.3829248324018   245.34808693079842 
    102.3829248324018    7.760208452118464 
   86.382924832401784   245.34808693079842 
   70.382924832401784    7.760208452118464 
   54.382924832401798   245.34808693079842 
   38.382924832401777    7.760208452118464 
   22.382924832401812   245.34808693079842 
    6.382924832401792   7.7602084521184782 
