   49.695713097334703   21.907126724748906 
   35.473206430668043   42.020534058407598 
   63.917793097334709   62.133941392066305 
   42.584459764001366   62.133941392066305 
   28.362379764001375   21.907126724748906 
   56.806539764001371   42.020534058407598 
   49.695713097334703    82.24433186546797 
   35.473206430668043   102.35773919912667 
   63.917793097334709   122.47114653278535 
   42.584459764001366   122.47114653278535 
   28.362379764001375    82.24433186546797 
   56.806539764001371   102.35773919912667 
   49.695713097334703   142.58153700618701 
   35.473206430668043    162.6949443398457 
   63.917793097334709    182.8083516735044 
   42.584459764001366    182.8083516735044 
   28.362379764001375   142.58153700618701 
   56.806539764001371    162.6949443398457 
   49.695713097334703   202.91874214690603 
   35.473206430668043   223.03214948056475 
   63.917793097334709   243.14555681422345 
   42.584459764001366   243.14555681422345 
   28.362379764001375   202.91874214690603 
   56.806539764001371   223.03214948056475 
   92.362379764001375   21.907126724748906 
     78.1398730973347   42.020534058407598 
   106.58445976400137   62.133941392066305 
   85.251126430668037   62.133941392066305 
   71.029046430668046   21.907126724748906 
   99.473206430668043   42.020534058407598 
   92.362379764001375    82.24433186546797 
     78.1398730973347   102.35773919912667 
   106.58445976400137   122.47114653278535 
   85.251126430668037   122.47114653278535 
   71.029046430668046    82.24433186546797 
   99.473206430668043   102.35773919912667 
   92.362379764001375   142.58153700618701 
     78.1398730973347    162.6949443398457 
   106.58445976400137    182.8083516735044 
   85.251126430668037    182.8083516735044 
   71.029046430668046   142.58153700618701 
   99.473206430668043    162.6949443398457 
   92.362379764001375   202.91874214690603 
     78.1398730973347   223.03214948056475 
   106.58445976400137   243.14555681422345 
   85.251126430668037   243.14555681422345 
   71.029046430668046   202.91874214690603 
   99.473206430668043   223.03214948056475 
   135.02904643066805   21.907126724748906 
   120.80653976400136   42.020534058407598 
   149.25112643066805   62.133941392066305 
   127.91779309733469   62.133941392066305 
    113.6957130973347   21.907126724748906 
   142.13987309733471   42.020534058407598 
   135.02904643066805    82.24433186546797 
   120.80653976400136   102.35773919912667 
   149.25112643066805   122.47114653278535 
   127.91779309733469   122.47114653278535 
    113.6957130973347    82.24433186546797 
   142.13987309733471   102.35773919912667 
   135.02904643066805   142.58153700618701 
   120.80653976400136    162.6949443398457 
   149.25112643066805    182.8083516735044 
   127.91779309733469    182.8083516735044 
    113.6957130973347   142.58153700618701 
   142.13987309733471    162.6949443398457 
   135.02904643066805   202.91874214690603 
   120.80653976400136   223.03214948056475 
   149.25112643066805   243.14555681422345 
   127.91779309733469   243.14555681422345 
    113.6957130973347   202.91874214690603 
   142.13987309733471   223.03214948056475 
   177.69571309733473   21.907126724748906 
   163.47320643066806   42.020534058407598 
   191.91779309733471   62.133941392066305 
   170.58445976400139   62.133941392066305 
   156.36237976400139   21.907126724748906 
    184.8065397640014   42.020534058407598 
   177.69571309733473    82.24433186546797 
   163.47320643066806   102.35773919912667 
   191.91779309733471   122.47114653278535 
   170.58445976400139   122.47114653278535 
   156.36237976400139    82.24433186546797 
    184.8065397640014   102.35773919912667 
   177.69571309733473   142.58153700618701 
   163.47320643066806    162.6949443398457 
   191.91779309733471    182.8083516735044 
   170.58445976400139    182.8083516735044 
   156.36237976400139   142.58153700618701 
    184.8065397640014    162.6949443398457 
   177.69571309733473   202.91874214690603 
   163.47320643066806   223.03214948056475 
   191.91779309733471   243.14555681422345 
   170.58445976400139   243.14555681422345 
   156.36237976400139   202.91874214690603 
    184.8065397640014   223.03214948056475 
   220.36237976400136   21.907126724748906 
   206.13987309733471   42.020534058407598 
   234.58445976400137   62.133941392066305 
   213.25112643066805   62.133941392066305 
   199.02904643066805   21.907126724748906 
   227.47320643066803   42.020534058407598 
   220.36237976400136    82.24433186546797 
   206.13987309733471   102.35773919912667 
   234.58445976400137   122.47114653278535 
   213.25112643066805   122.47114653278535 
   199.02904643066805    82.24433186546797 
   227.47320643066803   102.35773919912667 
   220.36237976400136   142.58153700618701 
   206.13987309733471    162.6949443398457 
   234.58445976400137    182.8083516735044 
   213.25112643066805    182.8083516735044 
   199.02904643066805   142.58153700618701 
   227.47320643066803    162.6949443398457 
   220.36237976400136   202.91874214690603 
   206.13987309733471   223.03214948056475 
   234.58445976400137   243.14555681422345 
   213.25112643066805   243.14555681422345 
   199.02904643066805   202.91874214690603 
   227.47320643066803   223.03214948056475 
   7.0290464306680445   21.907126724748906 
   248.80653976400137   42.020534058407598 
   21.251126430667991   62.133941392066305 
   255.91779309733471   62.133941392066305 
    241.6957130973347   21.907126724748906 
   14.139873097334714   42.020534058407598 
   7.0290464306680445    82.24433186546797 
   248.80653976400137   102.35773919912667 
   21.251126430667991   122.47114653278535 
   255.91779309733471   122.47114653278535 
    241.6957130973347    82.24433186546797 
   14.139873097334714   102.35773919912667 
   7.0290464306680445   142.58153700618701 
   248.80653976400137    162.6949443398457 
   21.251126430667991    182.8083516735044 
   255.91779309733471    182.8083516735044 
    241.6957130973347   142.58153700618701 
   14.139873097334714    162.6949443398457 
   7.0290464306680445   202.91874214690603 
   248.80653976400137   223.03214948056475 
   21.251126430667991   243.14555681422345 
   255.91779309733471   243.14555681422345 
    241.6957130973347   202.91874214690603 
   14.139873097334714   223.03214948056475 
