   105.85961860751455   38.484173162820291 
   83.485862861858337   48.791641537099622 
   98.062893848510441   80.432656578045595 
   79.587685234442404   69.765989911378952 
   87.384409993446525   27.817506496153637 
   101.96107147592635   59.458308203766293 
   75.691016037155023   90.737725608036016 
   53.317260291498812   101.04519398231537 
   67.894291278150916   132.68620902326134 
     49.4190826640829   122.01954235659467 
   57.215807423087007   80.071058941369358 
   71.792468905566821   111.71186064898203 
   45.522413466795513   142.99127805325176 
   23.148657721139287   153.29874642753111 
   37.725688707791377   184.93976146847709 
   19.250480093723361   174.27309480181043 
   27.047204852727482   132.32461138658508 
   41.623866335207303   163.96541309419774 
   15.353810896435988   195.24483049846748 
   128.23149641886994   28.179104132829913 
   109.75628780480191   17.512437466163256 
   132.12967404628588   7.2047557585505793 
   142.81003583565061   59.817506496153619 
   120.43628008999438   70.124974870432951 
   135.01331107664649   101.76598991137894 
   116.53810246257846   91.099323244712267 
   124.33482722158257   49.150839829486948 
   138.91148870406241   80.791641537099622 
   112.64143326529108   112.07105894136936 
   90.267677519634844    122.3785273156487 
   104.84470850628698   154.01954235659466 
    86.36949989221894   143.35287568992803 
   94.166224651223047   101.40439227470269 
   108.74288613370288   133.04519398231537 
   82.472830694931559   164.32461138658508 
   60.099074949275334    174.6320797608644 
   74.676105935927438    206.2730948018104 
   56.200897321859422   195.60642813514377 
   63.997622080863529   153.65794471991839 
   78.574283563343357   185.29874642753109 
   52.304228124572035   216.57816383180079 
   150.60488266035389   17.871422425217236 
   165.18191364700601   49.512437466163242 
   146.70670503293798   38.845770799496584 
   33.829019510504004   205.91149716513411 
   169.08009127442193   28.538089091883908 
   179.76045306378663   81.150839829486955 
   157.38669731813042   91.458308203766265 
   171.96372830478253   123.09932324471227 
   153.48851969071453    112.4326565780456 
   161.28524444971862   70.484173162820284 
   175.86190593219845   102.12497487043295 
   149.59185049342713   133.40439227470267 
   127.21809474777089   143.71186064898203 
   141.79512573442301     175.352875689928 
   123.31991712035499   164.68620902326134 
   131.11664187935909   122.73772560803602 
   145.69330336183893   154.37852731564868 
   119.42324792306761   185.65794471991842 
   97.049492177411381   195.96541309419771 
    111.6265231640635   227.60642813514374 
   93.151314549995448   216.93976146847709 
   100.94803930899958   174.99127805325173 
    115.5247007914794    206.6320797608644 
   89.254645352708096   237.91149716513414 
   187.55529988848994   39.204755758550561 
   202.13233087514206   70.845770799496577 
   183.65712226107402   60.179104132829899 
   70.779436738640058   227.24483049846745 
   206.03050850255798   49.871422425217233 
    216.7108702919227    102.4841731628203 
   194.33711454626649   112.79164153709961 
   208.91414553291858    144.4326565780456 
    190.4389369188506   133.76598991137894 
   198.23566167785469   91.817506496153626 
   212.81232316033453   123.45830820376628 
   186.54226772156321   154.73772560803602 
   164.16851197590697   165.04519398231537 
   178.74554296255909   196.68620902326131 
   160.27033434849108   186.01954235659468 
   168.06705910749517   144.07105894136933 
     182.643720589975   175.71186064898203 
   156.37366515120368   206.99127805325176 
   133.99990940554744   217.29874642753106 
   148.57694039219953   248.93976146847709 
   130.10173177813152   238.27309480181043 
   137.89845653713564   196.32461138658508 
   152.47511801961548   227.96541309419774 
   224.50571711662602   60.538089091883904 
   239.08274810327811   92.179104132829892 
    220.6075394892101   81.512437466163249 
    107.7298539667761   248.57816383180079 
   242.98092573069405   71.204755758550561 
   253.66128752005872   123.81750649615361 
   231.28753177440254   134.12497487043294 
   245.86456276105463   165.76598991137894 
   227.38935414698665   155.09932324471228 
   235.18607890599071   113.15083982948696 
   249.76274038847055   144.79164153709959 
    223.4926849496992   176.07105894136933 
   201.11892920404301   186.37852731564871 
    215.6959601906951   218.01954235659466 
   197.22075157662712     207.352875689928 
   205.01747633563119   165.40439227470264 
   219.59413781811102   197.04519398231534 
   193.32408237933967   228.32461138658505 
   170.95032663368349    238.6320797608644 
   174.84887376527166   217.65794471991839 
    189.4255352477515   249.29874642753106 
   68.909201379378487   17.150839829486966 
   46.535445633722262   27.458308203766279 
   61.112476620374352   59.099323244712259 
   42.637268006306364   48.432656578045616 
   65.010654247790299   38.124974870432951 
   38.740598809018977   69.404392274702687 
   16.366843063362737   79.711860648982025 
   30.943874050014827   111.35287568992797 
   12.468665435946839   100.68620902326133 
   241.96789356376723   186.73772560803599 
   34.842051677430767   90.378527315648697 
   8.5719962386594517   121.65794471991842 
   211.79929099340771    238.9912780532517 
   4.6734491070712423   142.63207976086443 
   91.281079190733863    6.845770799496556 
