   88.205906769479313   14.959758680566397 
   69.262287385721919   30.706762684388394 
   91.531915385317362   57.496823042043836 
    70.92549775781724   51.975350079856732 
   67.599489141979177   9.4382857183792925 
   89.868705013222069   36.228235646575499 
   72.589488950803485   73.241023412088495 
   53.645869567046105   88.988027415910466 
   75.915497566641548    115.7780877735659 
   55.309079939141441    110.2566148113788 
   51.983071323303363   67.719550449901377 
   74.252287194546255   94.509500378097584 
   56.973071132127686   131.52228814361055 
   38.029451748370306   147.26929214743254 
   60.299079747965735   174.05935250508796 
    39.69266212046562   168.53787954290087 
   36.366653504627564   126.00081518142343 
   58.635869375870442   152.79076510961966 
   41.356653313451872   189.80355287513262 
   22.413033929694485   205.55055687895458 
   20.750235685951761   184.28207991294551 
   43.019451557194628    211.0720298411417 
   129.41874202447954   26.002704604940622 
   110.47512264072218   41.749708608762624 
   132.74475064031762   68.539768966418052 
   112.13833301281748   63.018296004230947 
   108.81232439697942   20.481231642753517 
   131.08154026822231   47.271181570949729 
   113.80232420580374   84.283969336462704 
   94.858704822046363   100.03097334028469 
   117.12833282164181   126.82103369794012 
   96.521915194141684   121.29956073575302 
   93.195906578303621   78.762496374275599 
   115.46512244954651   105.55244630247179 
   98.185906387127943   142.56523406798476 
   79.242287003370564   158.31223807180675 
   101.51191500296599   185.10229842946219 
    80.90549737546587   179.58082546727508 
   77.579488759627793   137.04376110579764 
   99.848704630870685   163.83371103399386 
   82.569488568452115   200.84649879950683 
    63.62586918469475   216.59350280332885 
    148.3611684589934   10.258504234895996 
   127.75475083149331   4.7370312727088919 
   61.963070940951994   195.32502583731971 
   84.232286812194872   222.11497576551596 
   170.63157727947981   37.045650529314834 
   151.68795789572241   52.792654533136833 
   173.95758589531786   79.582714890792275 
   153.35116826781771    74.06124192860517 
   150.02515965197966    31.52417756712773 
   172.29437552322256   58.314127495323937 
   155.01515946080397   95.326915260836913 
   136.07154007704662    111.0739192646589 
   158.34116807664205   137.86397962231436 
   137.73475044914193   132.34250666012724 
   134.40874183330385   89.805442298649822 
   156.67795770454674     116.595392226846 
   139.39874164212816   153.60817999235897 
   120.45512225837081   169.35518399618098 
   142.72475025796626   196.14524435383643 
    122.1183326304661   190.62377139164934 
   118.79232401462806   148.08670703017185 
   141.06153988587093   174.87665695836807 
   123.78232382345237   211.88944472388104 
   104.83870443969498   227.63644872770303 
   189.57400371399368   21.301450159270221 
   168.96758608649353   15.779977197083117 
   103.17590619595224   206.36797176169392 
   125.44512206719513   233.15792168989014 
   211.84441253448009   48.088596453689057 
   192.90079315072271   63.835600457511056 
   215.17042115031811   90.625660815166498 
   194.56400352281801   85.104187852979379 
   191.23799490697994   42.567123491501953 
   213.50721077822283   69.357073419698168 
   196.22799471580424   106.36986118521115 
   177.28437533204686   122.11686518903312 
   199.55400333164232   148.90692554668857 
    178.9475857041422   143.38545258450145 
   175.62157708830412   100.84838822302403 
   197.89079295954701   127.63833815122022 
   180.61157689712846   164.65112591673318 
   161.66795751337105   180.39812992055519 
   183.93758551296651   207.18819027821064 
   163.33116788546636   201.66671731602355 
   160.00515926962831   159.12965295454609 
    182.2743751408712   185.91960288274231 
   164.99515907845264   222.93239064825528 
   146.05153969469526   238.67939465207726 
   230.78683896899392   32.344396083644433 
    210.1804213414938   26.822923121457329 
   144.38874145095249   217.41091768606816 
   166.65795732219539   244.20086761426438 
   253.05724778948027   59.131542378063273 
   234.11362840572292   74.878546381885272 
   256.38325640531832   101.66860673954071 
   235.77683877781826   96.147133777353602 
   232.45083016198015   53.610069415876161 
   254.72004603322301   80.400019344072376 
   237.44082997080446   117.41280710958534 
   218.49721058704711   133.15981111340733 
   240.76683858664256   159.94987147106278 
   220.16042095914241   154.42839850887566 
   216.83441234330434   111.89133414739824 
   239.10362821454723   138.68128407559445 
   221.82441215212864   175.69407184110739 
   202.88079276837132    191.4410758449294 
   225.15042076796672   218.23113620258488 
   204.54400314046663   212.70966324039776 
   201.21799452462855    170.1725988789203 
   223.48721039587139   196.96254880711652 
   206.20799433345286   233.97533657262946 
   187.26437494969551    249.7223405764515 
   251.39325659649401   37.865869045831552 
   185.60157670595274   228.45386361044237 
    207.8707925771956   255.24381353863859 
   46.993071514479013   3.9168127561921722 
   28.049452130721676   19.663816760014171 
    50.31908013031709   46.453877117669613 
   29.712662502816993   40.932404155482509 
   48.655869758221783   25.185289722201276 
   31.376653695803199   62.198077487714265 
   12.433034312045859   77.945081491536257 
   34.702662311641284   104.73514184919168 
   14.096244684141192   99.213668887004573 
    33.03945193954597   83.466554453723347 
   15.760235877127396   120.47934221923632 
    19.08624449296547   163.01640658071375 
   242.43082977962877   181.21554480329453 
   17.423034120870167   141.74781918524542 
   226.81441196095301   239.49680953481658 
   1.8066163021943482   200.02908391676746 
