   126.77833978941351   36.005026856204836 
   102.49918216154533   40.170522665131259 
   108.39021556319649   74.506209503577026 
   93.305270897883474   59.421264838264023 
    111.6933951241005   20.920082190891836 
   117.58412682685835   55.255467330444269 
   84.113492876567264   78.669873769051108 
   59.834335248699084   82.835369577977531 
   65.725368650350234   117.17105641642327 
   50.640423985037231   102.08611175111027 
   69.028548211254247   63.584929103738105 
   74.919279914012108   97.920314243290534 
   41.448645963720992   121.33472068189737 
   17.169488335852837   125.50021649082377 
   23.060521737503986   159.83590332926951 
   7.9755770721909691   144.75095866395654 
   26.363701298407992   106.24977601658436 
   32.254433001165857   140.58516115613679 
   151.05506247604274    31.84136259073076 
   135.97011781072973   16.756417925417757 
   160.24897373970461   12.590620417598018 
   156.94822912003957    66.17491618683087 
   132.66907149217138   70.340411995757279 
   138.56010489382251   104.67609883420303 
   123.47516022850951   89.591154168890043 
   141.86328445472654    51.08997152151786 
   147.75401615748439    85.42535666107031 
    114.2833822071933   108.83976309967714 
   90.004224579325125   113.00525890860355 
   95.895257980976254   147.34094574704929 
   80.810313315663251   132.25600108173629 
   99.198437541880281   93.754818434364125 
   105.08916924463814   128.09020357391657 
   71.618535294347026   151.50461001252339 
   47.339377666478875   155.67010582144979 
    53.23041106813001   190.00579265989555 
   38.145466402817007   174.92084799458254 
   56.533590629034016   136.41966534721038 
   62.424322331791892   170.75505048676283 
   28.953688381500815   194.16945692536964 
   175.33391840501764   27.675565082911035 
   181.22495180666877   62.011251921356781 
   166.14000714135574   46.926307256043778 
   13.868743716187796   179.08451226005664 
   190.41886307033064   42.760509748224052 
   187.11811845066561   96.344805517456891 
   162.83896082279742   100.51030132638331 
   168.72999422444855   134.84598816482907 
   153.64504955913551   119.76104349951605 
   172.03317378535255   81.259860852143888 
   177.92390548811042   115.59524599169633 
   144.45327153781929   139.00965243030316 
   120.17411390995115   143.17514823922957 
    126.0651473116023   177.51083507767532 
   110.98020264628927   162.42589041236232 
   129.36832687250629   123.92470776499015 
   135.25905857526416    158.2600929045426 
   101.78842462497308   181.67449934314942 
   77.509266997104902   185.83999515207583 
   83.400300398756045   220.17568199052158 
   68.315355733443027   205.09073732520858 
   86.703479959660058   166.58955467783642 
   92.594211662417919   200.92493981738886 
   59.123577712126838   224.33934625599565 
   205.50380773564365   57.845454413537041 
    211.3948411372948   92.181141251982822 
   196.30989647198177   77.096196586669805 
   44.038633046813821   209.25440159068262 
   220.58875240095665   72.930399078850058 
   217.28800778129164   126.51469484808294 
   193.00885015342345   130.68019065700935 
   198.89988355507455    165.0158774954551 
   183.81493888976161    149.9309328301421 
   202.20306311597861   111.42975018276991 
   208.09379481873646   145.76513532232235 
   174.62316086844538    169.1795417609292 
   150.34400324057719   173.34503756985561 
   156.23503664222832   207.68072440830136 
   141.15009197691532   192.59577974298836 
   159.53821620313235   154.09459709561619 
    165.4289479058902   188.42998223516864 
    131.9583139555991   211.84438867377546 
   107.67915632773094   216.00988448270186 
   113.57018972938207   250.34557132114762 
   98.485245064069062   235.26062665583461 
   116.87336929028609   196.75944400846245 
   122.76410099304397    231.0948291480149 
    89.29346704275288   254.50923558662168 
   235.67369706626971   88.015343744163076 
   241.56473046792081   122.35103058260883 
   226.47978580260784   107.26608591729584 
   74.208522377439849   239.42429092130868 
   250.75864173158274   103.10028840947611 
   247.45789711191762   156.68458417870892 
   223.17873948404946   160.85007998763535 
   229.06977288570059   195.18576682608111 
   213.98482822038761   180.10082216076813 
   232.37295244660461   141.59963951339591 
   238.26368414936243   175.93502465294833 
   204.79305019907136   199.34943109155518 
   180.51389257120323   203.51492690048161 
   186.40492597285436   237.85061373892736 
   171.31998130754133   222.76566907361439 
   189.70810553375836    184.2644864262422 
    195.5988372365162   218.59987156579461 
   162.12820328622513   242.01427800440143 
   137.84904565835697   246.17977381332787 
    147.0432586209121   226.92933333908846 
   256.64967513323381   137.43597524792187 
   96.608450458787459   5.8351375255787872 
     72.3292928309193   10.000633334505224 
   78.220326232570443   44.336320172950984 
   63.135381567257426   29.251375507637967 
   87.414237496232317   25.085577999818227 
   53.943603545941208   48.499984438425052 
   29.664445918073049   52.665480247351489 
   35.555479319724199   87.001167085797249 
   20.470534654411182   71.916222420484232 
   219.87799486438439   214.43437575686821 
   44.749390583386052   67.750424912664485 
   11.278756633094943   91.164831351271317 
   2.0845436705398033   110.41527182551074 
    120.8851731454167   1.6714732601047229 
