   149.80957171030622   17.760360294439881 
   125.27959666936023   15.500011882442365 
   122.08316829508091   50.190450202753176 
   111.41650162841424   31.715241588685146 
    135.9462633360269   33.975220496510396 
   97.556019265090498   47.928962864799416 
   73.026044224144513    45.66861445280189 
   69.829615849865192   80.359052773112694 
   59.162949183198513   61.883844159044671 
   86.889352598423827   29.453754250731404 
   83.692710890811185   64.143823066869913 
   45.302466819874788   78.097565435158955 
   20.772491778928782   75.837217023161429 
   17.576063404649471   110.52765534347225 
   6.9093967379827994    92.05244672940421 
   34.635800153208116   59.622356821090925 
   31.439158445595467   94.312425637229438 
   174.33672074029661   20.021847632393651 
   163.67005407362993   1.5466390183256067 
   188.19981578124262   3.8066179261508553 
   171.14290504363956   54.710777522575924 
   146.61293000269356   52.450429110578412 
   143.41650162841424   87.140867430889202 
   132.74983496174755   68.665658816821193 
    160.4762383769729   36.235568908507908 
   157.27959666936025   70.925637724646435 
   118.88935259842384   84.879380092935463 
   94.359377557477856   82.619031680937937 
   91.162949183198521   117.30947000124874 
   80.496282516531849   98.834261387180732 
   108.22268593175717   66.404171478867454 
   105.02604422414453   101.09424029500596 
   66.635800153208123     115.047982663295 
   42.105825112262124   112.78763425129746 
   38.909396737982796   147.47807257160829 
   28.242730071316128   129.00286395754026 
   55.969133486541445   96.572774049226979 
    52.77249177892881   131.26284286536551 
   14.382247707992427   145.21658523365451 
   198.86648244790928   22.281826540218869 
   195.67005407362996   56.972264860529684 
   185.00338740696327   38.497056246461668 
   3.7155810413257555    126.7413766195865 
   209.53314911457596   40.757035154286903 
    192.4762383769729   91.661194750711971 
    167.9462633360269   89.400846338714445 
   164.74983496174758   124.09128465902525 
    154.0831682950809   105.61607604495724 
   181.80957171030624   73.185986136643962 
   178.61293000269359   107.87605495278245 
   140.22268593175716   121.82979732107151 
   115.69271089081118   119.56944890907398 
   112.49628251653185   154.25988722938479 
   101.82961584986519   135.78467861531678 
    129.5560192650905    103.3545887070035 
   126.35937755747786   138.04465752314198 
   87.969133486541438   151.99839989143103 
   63.439158445595467   149.73805147943352 
   60.242730071316124   184.42848979974431 
   49.576063404649474    165.9532811856763 
    77.30246681987478   133.52319127736303 
   74.105825112262124   168.21326009350153 
   35.715581041325756   182.16700246179056 
   220.19981578124262   59.232243768354913 
    217.0033874069633   93.922682088665724 
   206.33672074029661     75.4474734745977 
   25.048914374659098   163.69179384772252 
   230.86648244790931   77.707452382422929 
   213.80957171030624   128.61161197884803 
   189.27959666936025   126.35126356685051 
   186.08316829508092   161.04170188716134 
   175.41650162841424   142.56649327309327 
   203.14290504363959   110.13640336477998 
   199.94626333602693   144.82647218091853 
    161.5560192650905   158.78021454920756 
    137.0260442241445   156.51986613721002 
   133.82961584986521   191.21030445752086 
   123.16294918319853   172.73509584345283 
   150.88935259842384   140.30500593513955 
   147.69271089081121   174.99507475127805 
   109.30246681987478   188.94881711956708 
   84.772491778928796   186.68846870756954 
   81.576063404649489   221.37890702788039 
   70.909396737982817   202.90369841381235 
   98.635800153208109   170.47360850549907 
   95.439158445595467   205.16367732163761 
   57.048914374659098   219.11741968992661 
   241.53314911457596   96.182660996490966 
   238.33672074029664   130.87309931680178 
   227.67005407362996   112.39789070273376 
   46.382247707992427    200.6422110758586 
   252.19981578124265   114.65786961055899 
   235.14290504363956   165.56202920698402 
   210.61293000269359   163.30168079498657 
   207.41650162841424   197.99211911529736 
   196.74983496174758   179.51691050122935 
   224.47623837697293   147.08682059291604 
   221.27959666936022   181.77688940905455 
   182.88935259842381   195.73063177734358 
    158.3593775574779   193.47028336534609 
   155.16294918319852   228.16072168565688 
   144.49628251653186   209.68551307158887 
   172.22268593175721   177.25542316327559 
    169.0260442241445   211.94549197941407 
   130.63580015320812    225.8992343477031 
   106.10582511226215   223.63888593570564 
    92.24273007131616   239.85411564194843 
   119.96913348654147   207.42402573363512 
    116.7724917789288    242.1140945497736 
   78.382247707992406   256.06783691806265 
    249.0033874069633   149.34830793086982 
   67.715581041325777   237.59262830399462 
    256.4762383769729    202.5124464351201 
    231.9462633360269   200.25209802312256 
   100.74983496174754   13.240032974617115 
    218.0831682950809   216.46732772936537 
   245.80957171030624   184.03723782105209 
   204.22268593175716   232.68104900547962 
   179.69271089081121   230.42070059348208 
   48.496282516531828    43.40863554497664 
   165.82961584986518   246.63593029972489 
   193.55601926509053   214.20584039141161 
   62.359377557477842    27.19340583873386 
   141.30246681987481   244.37444296177114 
    10.10582511226211   57.362008409093399 
