   198.09291454109689    10.54079763703208 
    174.9837993484131   2.0086440129858607 
   162.91774050956278   34.689737772292482 
   157.39626754737566   14.083320144792344 
   180.50527231060022   22.615061640485983 
   139.81164980957482   26.157215455707881 
   116.70253461689103   17.625061831661679 
    104.6364757780407   50.306155590968288 
     99.1150028158536   29.699737963468145 
    134.2901768473877   5.5507978282077586 
   122.22400757907813   38.231479459161804 
    81.53038507805276   41.773633274383698 
   58.421269885368979   33.241479650337482 
   46.355211046518647   65.922573409644102 
   40.833738084331543   45.316155782143966 
   76.008912115865641   21.167215646883577 
   63.942742847556083   53.847897277837603 
   23.249120346530706   57.390051093059505 
   221.19900524108485   19.073319953616664 
   17.727647384343602   36.783633465559376 
   5.6614781160340186   69.464315096513417 
    209.1358604654711   51.753632892032329 
   186.02674527278734   43.221479267986112 
   173.96068643393698   75.902573027292718 
   168.43921347174989   55.296155399792589 
   203.61438750328401   31.147215264532218 
   191.54821823497446   63.827896895486255 
   150.85459573394903   67.370050710708142 
   127.74548054126524   58.837897086661926 
   115.67942170241493   91.518990845968517 
   110.15794874022781    70.91257321846841 
   145.33312277176191    46.76363308320802 
   133.26695350345236   79.444314714162061 
   92.573331002426968   82.986468529383956 
   69.464215809743195   74.454314905337739 
   57.398156970892856   107.13540866464433 
   51.876684008705752   86.528991037144209 
    87.05185804023985   62.380050901883841 
   74.985688771930299   95.060732532837875 
   34.292066270904932   98.602886348059755 
   11.182951078221125   90.070732724013538 
   232.24195116545908   60.286155208616911 
   226.72047820327197    39.67973758111679 
    28.77059330871781   77.996468720559633 
   16.704424040408242   110.67715035151369 
   220.17880638984531   92.966468147032572 
   197.06969119716155   84.434314522986355 
   185.00363235831122   117.11540828229296 
    179.4821593961241   96.508990654792825 
   214.65733342765819    72.36005051953245 
   202.59116415934864   105.04073215048649 
   161.89754165832323   108.58288596570839 
   138.78842646563945   100.05073234166217 
   126.72236762678915   132.73182610096879 
   121.20089466460205   112.12540847346864 
   156.37606869613614   87.976468338208264 
   144.30989942782656    120.6571499691623 
   103.61627692680118   124.19930378438418 
   80.507161734117417   115.66715016033798 
   68.441102895267079    148.3482439196446 
   62.919629933079968   127.74182629214445 
   98.094803964614073   103.59288615688408 
   86.028634696304522   136.27356778783809 
   45.335012195279141   139.81572160305998 
    22.22589700259535   131.28356797901378 
   243.28489708983327   101.49899046361716 
   237.76342412764618   80.892572836117026 
   39.813539233092037   119.20930397555988 
   27.747369964782454    151.8899856065139 
   231.22175231421954   134.17930340203284 
   208.11263712153576   125.64714977798664 
   196.04657828268543   158.32824353729322 
   190.52510532049834    137.7218259097931 
   225.70027935203242   113.57288577453272 
   213.63411008372287   146.25356740548676 
   172.94048758269747   149.79572122070866 
   149.83137239001368   141.26356759666243 
   137.76531355116336     173.944661355969 
   132.24384058897627   153.33824372846894 
   167.41901462051035   129.18930359320854 
    155.3528453522008   161.86998522416258 
    114.6592228511754   165.41213903938447 
    91.55010765849164   156.87998541533827 
   79.484048819641302   189.56107917464485 
   73.962575857454183   168.95466154714472 
    109.1377498889883   144.80572141188435 
   97.071580620678745   177.48640304283842 
   56.377958119653364   181.02855685806026 
   33.268842926969576   172.49640323401408 
    254.3278430142075    142.7118257186174 
   248.80637005202038    122.1054080911173 
    50.85648515746626   160.42213923056013 
    38.79031588915668    193.1028208615142 
   242.26469823859372   175.39213865703303 
   219.15558304590999   166.85998503298688 
   207.08952420705964   199.54107879229346 
   201.56805124487252   178.93466116479334 
   236.74322527640663   154.78572102953297 
   224.67705600809708   187.46640266048701 
   183.98343350707168   191.00855647570887 
   160.87431831438789    182.4764028516627 
    148.8082594755376   215.15749661096928 
   143.28678651335045   194.55107898346915 
   178.46196054488456   170.40213884820878 
   166.39579127657501   203.08282047916279 
   125.70216877554961   206.62497429438469 
   102.59305358286585   198.09282067033848 
   90.526994744015511   230.77391442964506 
   85.005521781828406     210.167496802145 
    120.1806958133625   186.01855666688456 
   108.11452654505295    218.6992382978386 
    67.42090404402758   222.24139211306047 
   44.311788851343785   213.70923848901433 
   61.899431081840468   201.63497448556038 
   49.833261813530889   234.31565611651439 
   253.30764416296796   216.60497391203333 
    230.1985289702842    208.0728202879871 
   212.61099716924676   220.14749641979361 
   247.78617120078084   195.99855628453318 
   235.72000193247129   228.67923791548725 
   195.02637943144592   232.22139173070914 
    171.9172642387621   223.68923810666294 
   93.593529853666482   9.0933203359680217 
   154.32973243772472    235.7639142384694 
   189.50490646925877   211.61497410320902 
   177.43873720094922   244.29565573416306 
   136.74511469992385   247.83780954938496 
   113.63599950724007    239.3056559253387 
   35.312265122144417   24.709738154643841 
   96.048467706202615   251.38033205714521 
   131.22364173773673   227.23139192188481 
   55.354734775717994   254.92207374401454 
   72.942377006214684   242.84780974056062 
