   222.44851384551322   45.654706801629857 
   202.33510651185452   31.432200134963182 
   182.22169917819582   59.876786801629862 
   182.22169917819582   38.543453468296519 
   222.44851384551322   24.321373468296525 
   202.33510651185452   52.765533468296525 
   162.11130870479414   45.654706801629857 
   141.99790137113547   31.432200134963182 
   121.88449403747678   59.876786801629862 
   121.88449403747678   38.543453468296519 
   162.11130870479414   24.321373468296525 
   141.99790137113547   52.765533468296525 
   101.77410356407511   45.654706801629857 
    81.66069623041642   31.432200134963182 
   61.547288896757713   59.876786801629862 
   61.547288896757713   38.543453468296519 
   101.77410356407511   24.321373468296525 
    81.66069623041642   52.765533468296525 
   41.436898423356084   45.654706801629857 
   21.323491089697374   31.432200134963182 
   242.55890431891487   59.876786801629862 
   242.55890431891487   38.543453468296519 
   41.436898423356084   24.321373468296525 
   21.323491089697374   52.765533468296525 
   222.44851384551322   88.321373468296514 
   202.33510651185452   74.098866801629839 
   182.22169917819585   102.54345346829652 
   182.22169917819585   81.210120134963191 
   222.44851384551322   66.988040134963185 
   202.33510651185452   95.432200134963182 
   162.11130870479414   88.321373468296528 
   141.99790137113547   74.098866801629853 
   121.88449403747678   102.54345346829652 
   121.88449403747678   81.210120134963191 
   162.11130870479414   66.988040134963185 
   141.99790137113547   95.432200134963196 
   101.77410356407511   88.321373468296528 
    81.66069623041642   74.098866801629853 
   61.547288896757713   102.54345346829652 
   61.547288896757713   81.210120134963205 
   101.77410356407511   66.988040134963185 
    81.66069623041642   95.432200134963196 
   41.436898423356084   88.321373468296542 
   21.323491089697374   74.098866801629867 
   242.55890431891487   102.54345346829652 
   242.55890431891487   81.210120134963176 
   41.436898423356084     66.9880401349632 
   21.323491089697374    95.43220013496321 
   222.44851384551322   130.98804013496317 
   202.33510651185452   116.76553346829651 
   182.22169917819585   145.21012013496318 
   182.22169917819585   123.87678680162985 
   222.44851384551322   109.65470680162986 
   202.33510651185452   138.09886680162984 
   162.11130870479414   130.98804013496317 
   141.99790137113547   116.76553346829651 
   121.88449403747678   145.21012013496318 
   121.88449403747678   123.87678680162985 
   162.11130870479414   109.65470680162986 
   141.99790137113547   138.09886680162984 
   101.77410356407511   130.98804013496317 
    81.66069623041642   116.76553346829651 
   61.547288896757713   145.21012013496318 
   61.547288896757713   123.87678680162985 
   101.77410356407511   109.65470680162986 
    81.66069623041642   138.09886680162984 
   41.436898423356084   130.98804013496317 
   21.323491089697374   116.76553346829652 
   242.55890431891487   145.21012013496318 
   242.55890431891487   123.87678680162983 
   41.436898423356084   109.65470680162986 
   21.323491089697374   138.09886680162984 
   222.44851384551322   173.65470680162986 
   202.33510651185452   159.43220013496318 
   182.22169917819585   187.87678680162986 
   182.22169917819585   166.54345346829652 
   222.44851384551322   152.32137346829651 
   202.33510651185452   180.76553346829652 
   162.11130870479417   173.65470680162986 
   141.99790137113547   159.43220013496318 
   121.88449403747678   187.87678680162986 
   121.88449403747678   166.54345346829652 
   162.11130870479414   152.32137346829651 
   141.99790137113547   180.76553346829652 
   101.77410356407511   173.65470680162986 
    81.66069623041642   159.43220013496318 
   61.547288896757713   187.87678680162986 
   61.547288896757713   166.54345346829652 
   101.77410356407511   152.32137346829651 
    81.66069623041642   180.76553346829652 
   41.436898423356084   173.65470680162986 
   21.323491089697374   159.43220013496318 
   242.55890431891487   187.87678680162986 
   242.55890431891487   166.54345346829652 
   41.436898423356084   152.32137346829651 
   21.323491089697374   180.76553346829652 
   222.44851384551322   216.32137346829649 
   202.33510651185452   202.09886680162987 
   182.22169917819585   230.54345346829649 
   182.22169917819585    209.2101201349632 
   222.44851384551322    194.9880401349632 
   202.33510651185452   223.43220013496315 
   162.11130870479417   216.32137346829649 
   141.99790137113547   202.09886680162987 
   121.88449403747678   230.54345346829649 
   121.88449403747678    209.2101201349632 
   162.11130870479417    194.9880401349632 
   141.99790137113547   223.43220013496315 
   101.77410356407511   216.32137346829649 
    81.66069623041642   202.09886680162987 
   61.547288896757713   230.54345346829649 
   61.547288896757713    209.2101201349632 
   101.77410356407511    194.9880401349632 
    81.66069623041642   223.43220013496315 
   41.436898423356084   216.32137346829649 
   21.323491089697374   202.09886680162987 
   242.55890431891487   230.54345346829649 
   242.55890431891487    209.2101201349632 
   41.436898423356084    194.9880401349632 
   21.323491089697374   223.43220013496315 
   222.44851384551319   2.9880401349631676 
   202.33510651185452    244.7655334682965 
   182.22169917819582   17.210120134963173 
   182.22169917819585   251.87678680162983 
   222.44851384551322   237.65470680162983 
   202.33510651185452   10.098866801629837 
   162.11130870479414   2.9880401349631676 
   141.99790137113547    244.7655334682965 
   121.88449403747678   17.210120134963173 
    121.8844940374768   251.87678680162983 
   162.11130870479417   237.65470680162983 
   141.99790137113547   10.098866801629837 
   101.77410356407511   2.9880401349631676 
    81.66069623041642    244.7655334682965 
   61.547288896757713   17.210120134963173 
   61.547288896757728   251.87678680162983 
   101.77410356407511   237.65470680162983 
    81.66069623041642   10.098866801629837 
    41.43689842335607   2.9880401349631676 
   21.323491089697374    244.7655334682965 
   242.55890431891487   17.210120134963173 
    242.5589043189149   251.87678680162983 
   41.436898423356084   237.65470680162983 
   21.323491089697374   10.098866801629837 
