   36.712507181560476   16.851479851488897 
   54.998221467274753   35.137194137203174 
   36.712507181560476   53.422908422917466 
   54.998221467274753   71.708622708631751 
   36.712507181560476   89.994336994346043 
   54.998221467274753   108.28005128006033 
   36.712507181560476   126.56576556577461 
   54.998221467274753   144.85147985148888 
   36.712507181560476   163.13719413720318 
   54.998221467274753   181.42290842291746 
   36.712507181560476   199.70862270863176 
   54.998221467274753   217.99433699434604 
   36.712507181560476   236.28005128006029 
   54.998221467274753    254.5657655657746 
   73.283935752989038   16.851479851488897 
   91.569650038703315   35.137194137203174 
   73.283935752989038   53.422908422917466 
   91.569650038703315   71.708622708631751 
   73.283935752989038   89.994336994346043 
   91.569650038703315   108.28005128006033 
   73.283935752989038   126.56576556577461 
   91.569650038703315   144.85147985148888 
   73.283935752989038   163.13719413720318 
   91.569650038703315   181.42290842291746 
   73.283935752989038   199.70862270863176 
   91.569650038703315   217.99433699434604 
   73.283935752989038   236.28005128006029 
   91.569650038703315    254.5657655657746 
   109.85536432441761   16.851479851488897 
    128.1410786101319   35.137194137203174 
   109.85536432441761   53.422908422917466 
    128.1410786101319   71.708622708631751 
   109.85536432441761   89.994336994346043 
    128.1410786101319   108.28005128006033 
   109.85536432441761   126.56576556577461 
    128.1410786101319   144.85147985148888 
   109.85536432441761   163.13719413720318 
    128.1410786101319   181.42290842291746 
   109.85536432441761   199.70862270863176 
    128.1410786101319   217.99433699434604 
   109.85536432441761   236.28005128006029 
    128.1410786101319    254.5657655657746 
   146.42679289584618   16.851479851488897 
   164.71250718156048   35.137194137203174 
   146.42679289584618   53.422908422917466 
   164.71250718156048   71.708622708631751 
   146.42679289584618   89.994336994346043 
   164.71250718156048   108.28005128006033 
   146.42679289584618   126.56576556577461 
   164.71250718156048   144.85147985148888 
   146.42679289584618   163.13719413720318 
   164.71250718156048   181.42290842291746 
   146.42679289584618   199.70862270863176 
   164.71250718156048   217.99433699434604 
   146.42679289584618   236.28005128006029 
   164.71250718156048    254.5657655657746 
   182.99822146727476   16.851479851488897 
   201.28393575298907   35.137194137203174 
   182.99822146727476   53.422908422917466 
   201.28393575298907   71.708622708631751 
   182.99822146727476   89.994336994346043 
   201.28393575298907   108.28005128006033 
   182.99822146727476   126.56576556577461 
   201.28393575298907   144.85147985148888 
   182.99822146727476   163.13719413720318 
   201.28393575298907   181.42290842291746 
   182.99822146727476   199.70862270863176 
   201.28393575298907   217.99433699434604 
   182.99822146727476   236.28005128006029 
   201.28393575298907    254.5657655657746 
   219.56965003870334   16.851479851488897 
   237.85536432441762   35.137194137203174 
   219.56965003870334   53.422908422917466 
   237.85536432441762   71.708622708631751 
   219.56965003870334   89.994336994346043 
   237.85536432441762   108.28005128006033 
   219.56965003870334   126.56576556577461 
   237.85536432441762   144.85147985148888 
   219.56965003870334   163.13719413720318 
   237.85536432441762   181.42290842291746 
   219.56965003870334   199.70862270863176 
   237.85536432441762   217.99433699434604 
   219.56965003870334   236.28005128006029 
   237.85536432441762    254.5657655657746 
    256.1410786101319   16.851479851488897 
   18.426792895846155   35.137194137203174 
    256.1410786101319   53.422908422917466 
   18.426792895846155   71.708622708631751 
    256.1410786101319   89.994336994346043 
   18.426792895846155   108.28005128006033 
    256.1410786101319   126.56576556577461 
   18.426792895846155   144.85147985148888 
    256.1410786101319   163.13719413720318 
   18.426792895846155   181.42290842291746 
    256.1410786101319   199.70862270863176 
   18.426792895846155   217.99433699434604 
    256.1410786101319   236.28005128006029 
   18.426792895846155    254.5657655657746 
