   61.411274145849326   4.2096705704783863 
   39.015939354688832   17.139623140746679 
   51.945891924957131   39.534957931907172 
   29.550557133796655   52.464910502175464 
    42.48050970406495    74.86024529333595 
   20.085174912904474   87.790197863604249 
   33.015127483172769   110.18553265476473 
   10.619792692012279   123.11548522503303 
   23.549745262280574   145.51082001619352 
   1.1544104711200984    158.4407725864618 
   14.084363041388393   180.83610737762231 
   4.6189808204961977    216.1613947390511 
   96.736561507278111   13.675052791370566 
   74.341226716117632   26.605005361638874 
   87.271179286385916    49.00034015279936 
   64.875844495225451   61.930292723067645 
   77.805797065493735   84.325627514228131 
    55.41046227433327    97.25558008449643 
   68.340414844601554   119.65091487565691 
   45.945080053441075   132.58086744592524 
   58.875032623709359   154.97620223708569 
   36.479697832548879     167.906154807354 
   49.409650402817178   190.30148959851451 
   27.014315611656702   203.23144216878276 
   39.944268181924983   225.62677695994327 
    132.0618488687069   23.140435012262763 
    109.6665140775464   36.070387582531055 
   122.59646664781471   58.465722373691541 
   100.20113185665421   71.395674943959833 
   113.13108442692253   93.791009735120326 
   90.735749635762019   106.72096230538861 
   103.66570220603033   129.11629709654912 
   81.270367414869838   142.04624966681743 
   94.200319985138137   164.44158445797788 
   71.804985193977657   177.37153702824619 
   84.734937764245956   199.76687181940667 
   62.339602973085469   212.69682438967496 
   75.269555543353775   235.09215918083547 
   154.45718365986735   10.210482441994454 
   167.38713623013567   32.605817233154937 
   144.99180143897519    45.53576980342325 
   157.92175400924347   67.931104594583744 
   135.52641921808299   80.861057164852014 
    148.4563717883513   103.25639195601251 
   126.06103699719081   116.18634452628081 
   138.99098956745911   138.58167931744131 
   116.59565477629863    151.5116318877096 
   129.52560734656691   173.90696667887008 
   107.13027255540644   186.83691924913839 
   120.06022512567473   209.23225404029887 
   97.664890334514254   222.16220661056715 
   110.59484290478255   244.55754140172763 
   189.78247102129617   19.675864662886649 
   202.71242359156449   42.071199454047139 
   180.31708880040398   55.001152024315431 
   193.24704137067229   77.396486815475939 
   170.85170657951178   90.326439385744209 
    183.7816591497801    112.7217741769047 
   161.38632435861962     125.651726747173 
    174.3162769288879   148.04706153833348 
   151.92094213772742   160.97701410860179 
   164.85089470799571   183.37234889976227 
   142.45555991683523   196.30230147003059 
   155.38551248710354   218.69763626119106 
   132.99017769594303   231.62758883145935 
   145.92013026621134   254.02292362261983 
   225.10775838272497    29.14124688377883 
   238.03771095299328    51.53658167493932 
   215.64237616183277   64.466534245207626 
   228.57232873210108    86.86186903636812 
   206.17699394094058   99.791821606636404 
   219.10694651120892    122.1871563977969 
   196.71161172004841    135.1171089680652 
   209.64156429031672   157.51244375922568 
   187.24622949915621   170.44239632949396 
   200.17618206942453   192.83773112065444 
   177.78084727826402   205.76768369092275 
   190.71079984853233   228.16301848208326 
   168.31546505737185   241.09297105235154 
   250.96766352326151   73.931916466099807 
   241.50228130236934   109.25720382752857 
   254.43223387263765   131.65253861868908 
   232.03689908147717   144.58249118895736 
   244.96685165174546   166.97782598011784 
   222.57151686058498   179.90777855038615 
   235.50146943085326   202.30311334154663 
   213.10613463969278   215.23306591181492 
   226.03608720996107   237.62840070297545 
   203.64075241880059   250.55835327324371 
