   104.28544118936424   17.313121704789193 
    79.30669094873447   24.006157659704645 
   85.999726903649957    48.98490790033437 
   61.020976663020186   55.677943855249836 
   67.714012617935666   80.656694095879558 
   42.735262377305915   87.349730050795017 
   49.428298332221374   112.32848029142475 
   24.449548091591623    119.0215162463402 
   31.142584046507086   144.00026648696993 
   6.1638338058773323   150.69330244188541 
   12.856869760792797   175.67205268251513 
   129.26419142999399   10.620085749873745 
    135.9572273849094   35.598835990503481 
   110.97847714427967   42.291871945418933 
   117.67151309919514   67.270622186048655 
   92.692762858565388   73.963658140964128 
   99.385798813480861    98.94240838159385 
   74.407048572851096   105.63544433650929 
   81.100084527766569   130.61419457713905 
   56.121334287136825   137.30723053205449 
   62.814370242052277   162.28598077268424 
   37.835620001422541   168.97901672759971 
   44.528655956337985   193.95776696822944 
   19.549905715708263   200.65080292314482 
   154.24294167062371   3.9270497949583074 
   160.93597762553915   28.905800035588033 
    167.6290135804546   53.884550276217773 
   142.65026333982487   60.577586231133225 
   149.34329929474035   85.556336471762947 
   124.36454905411058   92.249372426678406 
   131.05758500902604   117.22812266730814 
   106.07883476839631   123.92115862222357 
   112.77187072331176   148.89990886285332 
   87.793120482682014   155.59294481776877 
   94.486156437597472   180.57169505839852 
   69.507406196967736   187.26473101331396 
    76.20044215188318   212.24348125394371 
   51.221691911253451   218.93651720885916 
    185.9147278661689   22.212764080672596 
   192.60776382108432   47.191514321302293 
   199.30079977599976   72.170264561932044 
   174.32204953537004   78.863300516847488 
   181.01508549028551   103.84205075747722 
   156.03633524965574   110.53508671239268 
   162.72937120457121   135.51383695302241 
   137.75062096394149   142.20687290793788 
   144.44365691885693    167.1856231485676 
   119.46490667822719   173.87865910348307 
   126.15794263314264    198.8574093441128 
    101.1791923925129   205.55044529902824 
   107.87222834742836   230.52919553965802 
   82.893478106798625   237.22223149457341 
   217.58651406171404    40.49847836638687 
   224.27955001662951   65.477228607016585 
   230.97258597154496   90.455978847646321 
   205.99383573091524    97.14901480256178 
   212.68687168583068    122.1277650431915 
   187.70812144520096   128.82080099810696 
    194.4011574001164   153.79955123873668 
   169.42240715948668   160.49258719365216 
   176.11544311440213   185.47133743428188 
   151.13669287377238   192.16437338919735 
   157.82972882868782   217.14312362982707 
    132.8509785880581   223.83615958474255 
   139.54401454297354   248.81490982537227 
   114.56526430234382   255.50794578028771 
   249.25830025725924   58.784192652101162 
   255.95133621217474   83.762942892730877 
   237.66562192646043   115.43472908827607 
   244.35865788137588   140.41347932890579 
   219.37990764074615   147.10651528382127 
    226.0729435956616   172.08526552445099 
   201.09419335503188   178.77830147936643 
   207.78722930994729   203.75705171999618 
   182.80847906931757    210.4500876749116 
   189.50151502423304   235.42883791554138 
   164.52276478360329    242.1218738704568 
   54.327940708104762   30.699193614620096 
   251.05169383629129   165.39222956953552 
   36.042226422390478   62.370979810165302 
   232.76597955057704   197.06401576508071 
     17.7565121366762   94.042766005710476 
   214.48026526486274   228.73580196062591 
