   107.00818167775112   19.845770044271447 
   81.148276537214542   19.845770044271475 
   81.148276537214542   45.705675184808051 
   55.288371396677952   45.705675184808065 
   55.288371396677938   71.565580325344641 
   29.428466256141348   71.565580325344669 
   29.428466256141348   97.425485465881252 
   3.5685611156047456   97.425485465881266 
   3.5685611156047456   123.28539060641786 
   158.72799195882433   19.845770044271461 
   132.86808681828771   19.845770044271461 
   132.86808681828774   45.705675184808051 
   107.00818167775112   45.705675184808065 
   107.00818167775112   71.565580325344669 
   81.148276537214542   71.565580325344655 
   81.148276537214542   97.425485465881252 
   55.288371396677938   97.425485465881252 
   55.288371396677952   123.28539060641786 
   29.428466256141334   123.28539060641786 
   29.428466256141348   149.14529574695445 
   3.5685611156047599   149.14529574695442 
   3.5685611156047741   175.00520088749104 
   184.58789709936093   19.845770044271461 
   184.58789709936093   45.705675184808065 
   158.72799195882433   45.705675184808051 
   158.72799195882433   71.565580325344669 
   132.86808681828774   71.565580325344669 
   132.86808681828774   97.425485465881252 
   107.00818167775114   97.425485465881252 
   107.00818167775114   123.28539060641786 
   81.148276537214542   123.28539060641786 
   81.148276537214542   149.14529574695445 
   55.288371396677952   149.14529574695445 
   55.288371396677952   175.00520088749104 
   29.428466256141363   175.00520088749104 
   29.428466256141363   200.86510602802764 
    210.4478022398975   45.705675184808051 
    210.4478022398975   71.565580325344641 
   184.58789709936093   71.565580325344641 
   184.58789709936093   97.425485465881238 
   158.72799195882433   97.425485465881252 
   158.72799195882433   123.28539060641785 
   132.86808681828774   123.28539060641785 
   132.86808681828771   149.14529574695442 
   107.00818167775114   149.14529574695442 
   107.00818167775112   175.00520088749104 
   81.148276537214542   175.00520088749104 
   81.148276537214542   200.86510602802764 
   55.288371396677967   200.86510602802761 
   55.288371396677952   226.72501116856421 
   236.30770738043412   71.565580325344641 
   236.30770738043412   97.425485465881238 
    210.4478022398975   97.425485465881223 
    210.4478022398975   123.28539060641783 
   184.58789709936093   123.28539060641785 
   184.58789709936093   149.14529574695442 
   158.72799195882433   149.14529574695442 
   158.72799195882433   175.00520088749101 
   132.86808681828774   175.00520088749104 
   132.86808681828774   200.86510602802764 
   107.00818167775112   200.86510602802764 
   107.00818167775112   226.72501116856421 
   81.148276537214556   226.72501116856421 
   81.148276537214556   252.58491630910081 
   236.30770738043412   123.28539060641783 
   236.30770738043412   149.14529574695442 
    210.4478022398975   149.14529574695442 
   210.44780223989753   175.00520088749104 
   184.58789709936096   175.00520088749101 
   184.58789709936096   200.86510602802764 
   158.72799195882433   200.86510602802764 
   158.72799195882433   226.72501116856421 
   132.86808681828774   226.72501116856421 
   132.86808681828774   252.58491630910083 
   107.00818167775115   252.58491630910081 
   236.30770738043412   175.00520088749101 
   236.30770738043412   200.86510602802761 
    210.4478022398975   200.86510602802761 
    210.4478022398975   226.72501116856421 
   184.58789709936093   226.72501116856421 
   184.58789709936093   252.58491630910081 
   158.72799195882433   252.58491630910081 
