   138.33344917955728   5.2697629139636613 
   106.66166298401208   23.555477199677952 
   81.682912743382346   16.862441244762515 
   74.989876788466887   41.841191485392244 
   50.011126547837158   35.148155530476807 
   43.318090592921706   60.126905771106529 
   18.339340352291966   53.433869816191091 
   11.646304397376516   78.412620056820828 
   188.29094966081675   18.655834823794564 
     163.312199420187   11.962798868879112 
   156.61916346527155   36.941549109508856 
   131.64041322464183     30.2485131545934 
   124.94737726972636    55.22726339522314 
   99.968627029096638   48.534227440307689 
   93.275591074181193   73.512977680937425 
   68.296840833551443    66.81994172602198 
   61.603804878635998   91.798691966651731 
   36.625054638006254   85.105656011736272 
   29.932018683090806   110.08440625236602 
    4.953268442461094   103.39137029745056 
   213.26969990144647   25.348870778710012 
     206.576663946531   50.327621019339752 
   181.59791370590128     43.6345850644243 
   174.90487775098583   68.613335305054036 
   149.92612751035611   61.920299350138592 
   143.23309155544067   86.899049590768328 
   118.25434131481093   80.206013635852884 
   111.56130535989548   105.18476387648262 
   86.582555119265734   98.491727921567175 
   79.889519164350304   123.47047816219691 
   54.910768923720546   116.77744220728147 
   48.217732968805095   141.75619244791122 
   23.238982728175383   135.06315649299574 
   16.545946773259935   160.04190673362547 
   231.55541418716075   57.020656974255189 
   224.86237823224533   81.999407214884926 
   199.88362799161558   75.306371259969495 
   193.19059203670014    100.2851215005992 
   168.21184179607042   93.592085545683773 
   161.51880584115494   118.57083578631351 
   136.54005560052522   111.87779983139806 
   129.84701964560975    136.8565500720278 
   104.86826940498003   130.16351411711236 
   98.175233450064582   155.14226435774208 
   73.196483209434831   148.44922840282666 
   66.503447254519372   173.42797864345638 
   41.524697013889671   166.73494268854094 
    34.83166105897422   191.71369292917066 
   249.84112847287506    88.69244316980037 
   243.14809251795958   113.67119341043011 
   218.16934227732986   106.97815745551466 
   211.47630632241442   131.95690769614438 
   186.49755608178467   125.26387174122894 
   179.80452012686922   150.24262198185869 
    154.8257698862395   143.54958602694325 
   148.13273393132405   168.52833626757297 
   123.15398369069432   161.83530031265752 
   116.46094773577887   186.81405055328727 
   91.482197495149123   180.12101459837183 
   84.789161540233678   205.09976483900158 
   59.810411299603963   198.40672888408611 
   53.117375344688512   223.38547912471586 
   236.45505656304414   138.64994365105986 
   229.76202060812872   163.62869389168958 
     204.783270367499   156.93565793677413 
   198.09023441258353   181.91440817740389 
    173.1114841719538   175.22137222248844 
   166.41844821703833   200.20012246311816 
   141.43969797640861   193.50708650820272 
   134.74666202149317   218.48583674883247 
   109.76791178086341     211.792800793917 
   103.07487582594797   236.77155103454677 
   78.096125585318248    230.0785150796313 
   71.403089630402803   255.05726532026105 
   254.74077084875844   170.32172984660502 
   248.04773489384297   195.30048008723477 
   223.06898465321325    188.6074441323193 
    216.3759486982978   213.58619437294902 
   191.39719845766808   206.89315841803358 
   184.70416250275261   231.87190865866336 
   159.72541226212289   225.17887270374788 
   153.03237630720744   250.15762294437761 
   128.05362606657769   243.46458698946216 
