   195.29116890840908    23.26592278383476 
    172.8958341172486   10.335970213566466 
   159.96588154698028   32.731305004726956 
   137.57054675581981   19.801352434458646 
   124.64059418555151   42.196687225619137 
   102.24525939439103   29.266734655350842 
   89.315306824122729   51.662069446511332 
   66.919972032962235   38.732116876243019 
   53.990019462693944   61.127451667403513 
   31.594684671533454   48.197499097135214 
   18.664732101265145   70.592833888295701 
   230.61645626983784   13.800540562942579 
   217.68650369956956    36.19587535410308 
   204.75655112930127   58.591210145263545 
   182.36121633814076   45.661257574995261 
   169.43126376787248   68.056592366155726 
   147.03592897671197   55.126639795887442 
   134.10597640644372   77.521974587047922 
   111.71064161528321   64.592022016779637 
   98.780689045014924   86.987356807940117 
   76.385354253854416   74.057404237671832 
   63.455401683586125   96.452739028832298 
   41.060066892425631   83.522786458564013 
   28.130114322157326   105.91812124972449 
   5.7347795309968648   92.988168679456194 
   240.08183849073004   49.125827924371364 
   227.15188592046175   71.521162715531844 
   214.22193335019347   93.916497506692338 
   191.82659855903296   80.986544936424025 
   178.89664598876467   103.38187972758452 
   156.50131119760417    90.45192715731622 
   143.57135862733585   112.84726194847671 
    121.1760238361754   99.917309378208401 
    108.2460712659071   122.31264416936889 
   85.850736474746611    109.3826915991006 
   72.920783904478299   131.77802639026109 
   50.525449113317812   118.84807381999278 
   37.595496543049521   141.24340861115328 
   15.200161751889061   128.31345604088494 
    249.5472207116222   84.451115285800157 
   236.61726814135395   106.84645007696062 
   223.68731557108563   129.24178486812113 
   201.29198077992513   116.31183229785282 
   188.36202820965684    138.7071670890133 
   165.96669341849636     125.777214518745 
   153.03674084822805   148.17254930990549 
    130.6414060570676   135.24259673963718 
   117.71145348679929   157.63793153079769 
   95.316118695638806   144.70797896052937 
   82.386166125370494   167.10331375168988 
   59.990831334210007   154.17336118142157 
   47.060878763941702   176.56869597258205 
    24.66554397278124   163.63874340231376 
   246.08265036224614   142.17173743838941 
   233.15269779197783   164.56707222954989 
   210.75736300081732   151.63711965928161 
   197.82741043054904   174.03245445044209 
   175.43207563938856    161.1025018801738 
   162.50212306912024   183.49783667133428 
   140.10678827795979     170.567884101066 
   127.17683570769148   192.96321889222645 
   104.78150091653099   180.03326632195819 
   91.851548346262689   202.42860111311865 
   69.456213555102195   189.49864854285036 
   56.526260984833897   211.89398333401084 
   34.130926193673439   198.96403076374253 
   255.54803258313834   177.49702479981821 
   242.61808001287002   199.89235959097869 
   220.22274522170952    186.9624070207104 
   207.29279265144123   209.35774181187088 
   184.89745786028072   196.42778924160257 
   171.96750529001244   218.82312403276308 
   149.57217049885196   205.89317146249476 
   136.64221792858368   228.28850625365527 
   114.24688313742317   215.35855368338693 
   101.31693056715487   237.75388847454747 
    78.92159577599439   224.82393590427912 
   65.991643205726078   247.21927069543966 
    43.59630841456562   234.28931812517132 
   229.68812744260171   222.28769438213916 
   194.36284008117292   231.75307660303136 
   115.17521196465931   6.8713998641903524 
   159.03755271974416   241.21845882392356 
   79.849924603230534   16.336782085082547 
   123.71226535831536   250.68384104481572 
   44.524637241801749   25.802164305974728 
   9.1993498803729494   35.267546526866923 
