   29.500786135372756   70.247221010923525 
   41.278633016397691   51.961506725209254 
   29.500786135372756   106.81864958235211 
   41.278633016397691   88.532935296637817 
   29.500786135372756   143.39007815378065 
   41.278633016397691    125.1043638680664 
   29.500786135372756   179.96150672520923 
   41.278633016397691   161.67579243949498 
   29.500786135372756   216.53293529663782 
   41.278633016397691   198.24722101092357 
   29.500786135372756    253.1043638680664 
   41.278633016397691   234.81864958235215 
   29.500786135372756   33.675792439494977 
   41.278633016397691    15.39007815378066 
   53.056479897422633   70.247221010923525 
   64.834326778447576   51.961506725209254 
   53.056479897422633   106.81864958235211 
   64.834326778447576   88.532935296637817 
   53.056479897422633   143.39007815378065 
   64.834326778447576    125.1043638680664 
   53.056479897422633   179.96150672520923 
   64.834326778447576   161.67579243949498 
   53.056479897422633   216.53293529663782 
   64.834326778447576   198.24722101092357 
   53.056479897422633    253.1043638680664 
   64.834326778447576   234.81864958235215 
   53.056479897422633   33.675792439494977 
   64.834326778447576    15.39007815378066 
   76.612173659472518   70.247221010923525 
   88.390020540497446   51.961506725209254 
   76.612173659472518   106.81864958235211 
   88.390020540497446   88.532935296637817 
   76.612173659472518   143.39007815378065 
   88.390020540497446    125.1043638680664 
   76.612173659472518   179.96150672520923 
   88.390020540497446   161.67579243949498 
   76.612173659472518   216.53293529663782 
   88.390020540497446   198.24722101092357 
   76.612173659472518    253.1043638680664 
   88.390020540497446   234.81864958235215 
   76.612173659472518   33.675792439494977 
   88.390020540497446    15.39007815378066 
    100.1678674215224   70.247221010923525 
   111.94571430254733   51.961506725209254 
    100.1678674215224   106.81864958235211 
   111.94571430254733   88.532935296637817 
    100.1678674215224   143.39007815378065 
   111.94571430254733    125.1043638680664 
    100.1678674215224   179.96150672520923 
   111.94571430254733   161.67579243949498 
    100.1678674215224   216.53293529663782 
   111.94571430254733   198.24722101092357 
    100.1678674215224    253.1043638680664 
   111.94571430254733   234.81864958235215 
    100.1678674215224   33.675792439494977 
   111.94571430254733    15.39007815378066 
   123.72356118357227   70.247221010923525 
    135.5014080645972   51.961506725209254 
   123.72356118357227   106.81864958235211 
    135.5014080645972   88.532935296637817 
   123.72356118357227   143.39007815378065 
    135.5014080645972    125.1043638680664 
   123.72356118357227   179.96150672520923 
    135.5014080645972   161.67579243949498 
   123.72356118357227   216.53293529663782 
    135.5014080645972   198.24722101092357 
   123.72356118357227    253.1043638680664 
    135.5014080645972   234.81864958235215 
   123.72356118357227   33.675792439494977 
    135.5014080645972    15.39007815378066 
   147.27925494562217   70.247221010923525 
   159.05710182664706   51.961506725209254 
   147.27925494562217   106.81864958235211 
   159.05710182664706   88.532935296637817 
   147.27925494562217   143.39007815378065 
   159.05710182664706    125.1043638680664 
   147.27925494562217   179.96150672520923 
   159.05710182664706   161.67579243949498 
   147.27925494562217   216.53293529663782 
   159.05710182664706   198.24722101092357 
   147.27925494562217    253.1043638680664 
   159.05710182664706   234.81864958235215 
   147.27925494562217   33.675792439494977 
   159.05710182664706    15.39007815378066 
     170.834948707672   70.247221010923525 
   182.61279558869697   51.961506725209254 
     170.834948707672   106.81864958235211 
   182.61279558869697   88.532935296637817 
     170.834948707672   143.39007815378065 
   182.61279558869697    125.1043638680664 
     170.834948707672   179.96150672520923 
   182.61279558869697   161.67579243949498 
     170.834948707672   216.53293529663782 
   182.61279558869697   198.24722101092357 
     170.834948707672    253.1043638680664 
   182.61279558869697   234.81864958235215 
     170.834948707672   33.675792439494977 
   182.61279558869697    15.39007815378066 
   194.39064246972191   70.247221010923525 
   206.16848935074685   51.961506725209254 
   194.39064246972191   106.81864958235211 
   206.16848935074685   88.532935296637817 
   194.39064246972191   143.39007815378065 
   206.16848935074685    125.1043638680664 
   194.39064246972191   179.96150672520923 
   206.16848935074685   161.67579243949498 
   194.39064246972191   216.53293529663782 
   206.16848935074685   198.24722101092357 
   194.39064246972191    253.1043638680664 
   206.16848935074685   234.81864958235215 
   194.39064246972191   33.675792439494977 
   206.16848935074685    15.39007815378066 
   217.94633623177177   70.247221010923525 
   229.72418311279671   51.961506725209254 
   217.94633623177177   106.81864958235211 
   229.72418311279671   88.532935296637817 
   217.94633623177177   143.39007815378065 
   229.72418311279671    125.1043638680664 
   217.94633623177177   179.96150672520923 
   229.72418311279671   161.67579243949498 
   217.94633623177177   216.53293529663782 
   229.72418311279671   198.24722101092357 
   217.94633623177177    253.1043638680664 
   229.72418311279671   234.81864958235215 
   217.94633623177177   33.675792439494977 
   229.72418311279671    15.39007815378066 
   241.50202999382165   70.247221010923525 
   17.722939254347846   51.961506725209254 
   241.50202999382165   106.81864958235211 
   17.722939254347846   88.532935296637817 
   241.50202999382165   143.39007815378065 
   17.722939254347846    125.1043638680664 
   241.50202999382165   179.96150672520923 
   17.722939254347846   161.67579243949498 
   241.50202999382165   216.53293529663782 
   17.722939254347846   198.24722101092357 
   241.50202999382165    253.1043638680664 
   17.722939254347846   234.81864958235215 
   241.50202999382165   33.675792439494977 
   17.722939254347846    15.39007815378066 
