   244.85997250182766   8.0068703199117337 
   226.57425821611338    26.29258460562604 
   208.28854393039907   8.0068703199117479 
   190.00282964468479    26.29258460562604 
   171.71711535897052   8.0068703199117479 
   153.43140107325621    26.29258460562604 
   135.14568678754196   8.0068703199117479 
   116.85997250182766    26.29258460562604 
   98.574258216113378   8.0068703199117479 
   80.288543930399086    26.29258460562604 
    62.00282964468478   8.0068703199117479 
   43.717115358970503    26.29258460562604 
   25.431401073256229   8.0068703199117479 
   7.1456867875419521   26.292584605626054 
   244.85997250182766   44.578298891340303 
   226.57425821611338   62.864013177054602 
   208.28854393039907   44.578298891340317 
   190.00282964468479   62.864013177054602 
   171.71711535897052   44.578298891340317 
   153.43140107325621   62.864013177054602 
   135.14568678754196   44.578298891340317 
   116.85997250182766   62.864013177054602 
   98.574258216113378   44.578298891340317 
   80.288543930399086   62.864013177054602 
   62.002829644684795   44.578298891340317 
   43.717115358970503   62.864013177054602 
   25.431401073256243   44.578298891340317 
   7.1456867875419521   62.864013177054616 
   244.85997250182766    81.14972746276888 
   226.57425821611338   99.435441748483171 
   208.28854393039907    81.14972746276888 
   190.00282964468482   99.435441748483186 
   171.71711535897052   81.149727462768894 
   153.43140107325621   99.435441748483186 
   135.14568678754196   81.149727462768894 
   116.85997250182766   99.435441748483186 
   98.574258216113378   81.149727462768894 
   80.288543930399086   99.435441748483186 
   62.002829644684795   81.149727462768908 
   43.717115358970503   99.435441748483186 
   25.431401073256243   81.149727462768908 
   7.1456867875419521     99.4354417484832 
   244.85997250182766   117.72115603419746 
   226.57425821611338   136.00687031991174 
   208.28854393039907   117.72115603419746 
   190.00282964468482   136.00687031991174 
   171.71711535897052   117.72115603419746 
   153.43140107325624   136.00687031991174 
   135.14568678754196   117.72115603419746 
   116.85997250182766   136.00687031991174 
   98.574258216113378   117.72115603419746 
   80.288543930399086   136.00687031991174 
   62.002829644684795   117.72115603419746 
   43.717115358970503   136.00687031991174 
   25.431401073256243   117.72115603419746 
   7.1456867875419521   136.00687031991174 
   244.85997250182766   154.29258460562605 
   226.57425821611338   172.57829889134032 
   208.28854393039907   154.29258460562605 
   190.00282964468482   172.57829889134032 
   171.71711535897052   154.29258460562605 
   153.43140107325624   172.57829889134032 
   135.14568678754196   154.29258460562605 
   116.85997250182766   172.57829889134032 
   98.574258216113378   154.29258460562605 
   80.288543930399086   172.57829889134032 
   62.002829644684795   154.29258460562605 
   43.717115358970503   172.57829889134032 
   25.431401073256243   154.29258460562605 
   7.1456867875419521   172.57829889134032 
   244.85997250182766   190.86401317705463 
   226.57425821611338   209.14972746276891 
   208.28854393039907   190.86401317705463 
   190.00282964468482   209.14972746276891 
   171.71711535897055   190.86401317705463 
   153.43140107325624   209.14972746276891 
   135.14568678754196   190.86401317705463 
   116.85997250182766   209.14972746276891 
   98.574258216113378   190.86401317705463 
   80.288543930399086   209.14972746276891 
   62.002829644684795   190.86401317705463 
   43.717115358970503   209.14972746276891 
   25.431401073256243   190.86401317705463 
   7.1456867875419521   209.14972746276891 
   244.85997250182766   227.43544174848316 
   226.57425821611341   245.72115603419746 
   208.28854393039907   227.43544174848316 
   190.00282964468482   245.72115603419746 
   171.71711535897055   227.43544174848316 
   153.43140107325624   245.72115603419746 
   135.14568678754196   227.43544174848316 
   116.85997250182766   245.72115603419746 
   98.574258216113378   227.43544174848316 
   80.288543930399086   245.72115603419746 
   62.002829644684795   227.43544174848316 
   43.717115358970517   245.72115603419746 
   25.431401073256243   227.43544174848316 
   7.1456867875419663   245.72115603419749 
