   47.114508427906273   47.958958684895627 
   63.223726018812506   33.344646087291814 
   37.649126207014092   83.284246046324412 
   53.758343797920311   68.669933448720599 
     28.1837439861219    118.6095334077532 
    44.29296157702813   103.99522081014938 
   18.718361765229705   153.93482076918198 
   34.827579356135935   139.32050817157815 
   9.2529795443375242   189.26010813061077 
   25.362197135243754   174.64579553300698 
   15.896814914351559   209.97108289443577 
   56.579890648798468    12.63367132346683 
   69.867561388826559   54.055620851116778 
   85.976778979732799   39.441308253512965 
   60.402179167934371   89.380908212545563 
   76.511396758840604    74.76659561494175 
   50.936796947042176   124.70619557397436 
   67.046014537948409   110.09188297637053 
    41.47141472614998   160.03148293540315 
   57.580632317056228   145.41717033779932 
   32.006032505257807   195.35677029683194 
   48.115250096164033   180.74245769922811 
   22.540650284365608   230.68205765826073 
   38.649867875271852    216.0677450606569 
   79.332943609718754   18.730333489687983 
   95.442161200624966   4.1160208920841841 
    92.62061434974683   60.152283017337936 
   108.72983194065307   45.537970419734123 
   83.155232128854649   95.477570378766714 
    99.26444971976089   80.863257781162901 
   73.689849907962454   130.80285774019552 
   89.799067498868695   116.18854514259171 
   64.224467687070259   166.12814510162428 
   80.333685277976514   151.51383250402048 
   54.759085466178078   201.45343246305308 
   70.868303057084319   186.83911986544928 
   45.293703245285883    236.7787198244819 
   61.402920836192145    222.1644072268781 
   102.08599657063903   24.826995655909137 
   118.19521416154527   10.212683058305352 
   115.37366731066713   66.248945183559101 
   131.48288490157336   51.634632585955273 
   105.90828508977495   101.57423254498786 
   122.01750268068118   86.959919947384051 
   96.442902868882754   136.89951990641666 
   112.55212045978898   122.28520730881284 
   86.977520647990559   172.22480726784545 
    103.0867382388968   157.61049467024162 
   77.512138427098364   207.55009462927424 
   93.621356018004604   192.93578203167044 
   68.046756206206183   242.87538199070303 
   84.155973797112409   228.26106939309921 
   124.83904953155933   30.923657822130291 
   140.94826712246555   16.309345224526492 
    138.1267202715874   72.345607349780252 
   154.23593786249364   57.731294752176431 
   128.66133805069521   107.67089471120903 
   144.77055564160145   93.056582113605216 
   119.19595582980303   142.99618207263782 
   135.30517342070925   128.38186947503399 
   109.73057360891083   178.32146943406661 
   125.83979119981706   163.70715683646279 
   100.26519138801865   213.64675679549538 
   116.37440897892488   199.03244419789158 
   90.799809167126455    248.9720441569242 
   106.90902675803268   234.35773155932037 
    147.5921024924796   37.020319988351446 
   163.70132008338581   22.406007390747646 
   160.87977323250769   78.442269516001417 
    176.9889908234139   63.827956918397582 
   151.41439101161549   113.76755687743018 
    167.5236086025217   99.153244279826367 
    141.9490087907233   149.09284423885899 
   158.05822638162951   134.47853164125516 
    132.4836265698311   184.41813160028775 
   148.59284416073734   169.80381900268392 
   123.01824434893894   219.74341896171654 
   139.12746193984515   205.12910636411274 
   113.55286212804675   255.06870632314536 
   129.66207971895295   240.45439372554154 
   170.34515545339988   43.116982154572597 
   186.45437304430607   28.502669556968801 
   183.63282619342797   84.538931682222568 
   199.74204378433424    69.92461908461874 
   174.16744397253581   119.86421904365133 
   190.27666156344205   105.24990644604752 
   164.70206175164361   155.18950640508012 
   180.81127934254985    140.5751938074763 
   155.23667953075142   190.51479376650892 
   171.34589712165766   175.90048116890512 
   145.77129730985922   225.84008112793771 
   161.88051490076546   211.22576853033391 
   152.41513267987327    246.5510558917627 
   193.09820841432017   49.213644320793755 
   209.20742600522641    34.59933172318997 
   206.38587915434826   90.635593848443719 
    222.4950967452545   76.021281250839891 
   196.92049693345606   125.96088120987248 
    213.0297145243623   111.34656861226867 
   187.45511471256387   161.28616857130129 
   203.56433230347014   146.67185597369746 
    177.9897324916717   196.61145593273008 
   194.09895008257794   181.99714333512625 
   168.52435027077951   231.93674329415884 
   184.63356786168575   217.32243069655505 
   175.16818564079355   252.64771805798387 
   215.85126137524043   55.310306487014905 
   231.96047896614667    40.69599388941112 
   229.13893211526852    96.73225601466487 
   245.24814970617476   82.117943417061042 
   219.67354989437632   132.05754337609363 
   235.78276748528256   117.44323077848982 
   210.20816767348413   167.38283073752243 
    226.3173852643904    152.7685181399186 
   200.74278545259193   202.70811809895122 
    216.8520030434982   188.09380550134739 
   191.27740323169976   238.03340546038001 
   207.38662082260603   223.41909286277621 
   238.60431433616071   61.406968653236063 
   254.71353192706695   46.792656055632278 
    251.8919850761888   102.82891818088601 
   40.470673057892256   27.247983921070659 
   242.42660285529661   138.15420554231477 
   31.005290837000061   62.573271282499441 
   232.96122063440441   173.47949290374359 
    21.53990861610788    97.89855864392824 
   223.49583841351222   208.80478026517238 
   12.074526395215685   133.22384600535705 
   214.03045619262002   244.13006762660115 
   2.6091441743235038   168.54913336678581 
