   56.546622519599225   20.709515179515904 
   75.889394263307281    10.76254552225577 
   38.260908233884948   52.381301375061085 
   57.603679977593004   42.434331717800951 
   19.975193948170659   84.053087570606266 
   39.317965691878712   74.106117913346154 
   1.6894796624563706   115.72487376615146 
   21.032251406164423   105.77790410889135 
   2.7465371204501334   137.44969030443653 
   76.946451721301059   32.487362060540846 
   96.289223465009115   22.540392403280723 
   58.660737435586782   64.159148256086013 
   78.003509179294852   54.212178598825901 
    40.37502314987249   95.830934451631208 
   59.717794893580553   85.883964794371096 
   22.089308864158198    127.5027206471764 
   41.432080607866268   117.55575098991628 
     3.80359457844391    159.1745068427216 
   23.146366322151977    149.2275371854615 
   4.8606520364376866   180.89932338100667 
    97.34628092300288   44.265208941565781 
   116.68905266671095   34.318239284305648 
   79.060566637288602   75.936995137110955 
   98.403338380996658   65.990025479850843 
   60.774852351574317   107.60878133265615 
    80.11762409528238   97.661811675396024 
   42.489138065860026   139.28056752820135 
   61.831909809568096   129.33359787094122 
   24.203423780145737   170.95235372374654 
   43.546195523853804   161.00538406648641 
    5.917709494431449   202.62413991929171 
   25.260481238139516   192.67717026203161 
   115.63199520871716    12.59342274602059 
   134.97476695242526   2.6464530887604409 
   117.74611012470473   56.043055822590716 
   137.08888186841278   46.096086165330583 
   99.460395838990451   87.714842018135897 
   118.80316758269851   77.767872360875756 
   81.174681553276159   119.38662821368109 
   100.51745329698421   109.43965855642097 
   62.888967267561874   151.05841440922629 
   82.231739011269923   141.11144475196616 
   44.603252981847582   182.73020060477148 
   63.946024725555631   172.78323094751136 
   26.317538696133294   214.40198680031668 
   45.660310439841346   204.45501714305655 
   136.03182441041901   24.371269627045539 
   155.37459615412706   14.424299969785379 
   138.14593932640656   67.820902703615658 
   157.48871107011459   57.873933046355518 
   119.86022504069227   99.492688899160825 
   139.20299678440034   89.545719241900713 
   101.57451075497798   131.16447509470603 
   120.91728249868605   121.21750543744591 
   83.288796469263687    162.8362612902512 
   102.63156821297176    152.8892916329911 
   65.003082183549409   194.50804748579642 
   84.345853927257465    184.5610778285363 
   46.717367897835125   226.17983368134162 
   66.060139641543174   216.23286402408147 
   156.43165361212081   36.149116508070463 
   175.77442535582892   26.202146850810315 
   158.54576852810837   79.598749584640586 
    177.8885402718164   69.651779927380446 
   140.26005424239412   111.27053578018577 
   159.60282598610215   101.32356612292564 
    121.9743399566798   142.94232197573098 
   141.31711170038787   132.99535231847082 
   103.68862567096552   174.61410817127617 
   123.03139741467356   164.66713851401602 
   85.402911385251244   206.28589436682137 
   104.74568312895927   196.33892470956121 
   67.117197099536952   237.95768056236653 
   86.459968843244994   228.01071090510641 
   176.83148281382267   47.926963389095398 
   196.17425455753073   37.979993731835236 
    178.9455977298102   91.376596465665514 
   198.28836947351829   81.429626808405402 
   160.65988344409593   123.04838266121071 
   180.00265518780398   113.10141300395058 
   142.37416915838165   154.72016885675589 
    161.7169409020897   144.77319919949576 
   124.08845487266734   186.39195505230109 
    143.4312266163754   176.44498539504096 
   105.80274058695305   218.06374124784628 
   125.14551233066113   208.11677159058615 
   87.517026301238772   249.73552744339148 
   106.85979804494684   239.78855778613135 
   197.23131201552451    59.70481027012034 
   216.57408375923256   49.757840612860193 
   199.34542693151204   103.15444334669047 
   218.68819867522009   93.207473689430344 
   181.05971264579773   134.82622954223564 
   200.40248438950584   124.87925988497553 
   162.77399836008348   166.49801573778086 
   182.11677010379151   156.55104608052071 
   144.48828407436918   198.16980193332603 
   163.83105581807726   188.22283227606593 
   126.20256978865488   229.84158812887122 
   145.54534153236295   219.89461847161112 
   127.25962724664866   251.56640466715629 
   217.63114121722631   71.482657151145276 
   236.97391296093443   61.535687493885128 
   219.74525613321387   114.93229022771538 
    239.0880278769219   104.98532057045527 
   201.45954184749957   146.60407642326058 
   220.80231359120765   136.65710676600045 
   183.17382756178529   178.27586261880577 
   202.51659930549337   168.32889296154565 
   164.88811327607101   209.94764881435097 
   184.23088501977907   200.00067915709084 
    146.6023989903567   241.61943500989616 
   165.94517073406479   231.67246535263604 
   238.03097041892812   83.260504032170218 
   240.14508533491568   126.71013710874033 
   221.85937104920143   158.38192330428549 
   241.20214279290946    148.4349536470254 
   203.57365676348709   190.05370949983069 
   222.91642850719521   180.10673984257056 
   185.28794247777284   221.72549569537588 
   204.63071422148087   211.77852603811576 
   167.00222819205857   253.39728189092108 
   186.34499993576662   243.45031223366095 
