   97.960120552007851   2.6254607336419169 
   72.100215411471254   28.485365874178505 
   93.358363379089113   23.883608701259767 
   46.240310270934664   54.345271014715109 
   67.498458238552516   49.743513841796371 
   20.380405130398064   80.205176155251706 
   41.638553098015926   75.603418982332968 
   15.778647957479324   101.46332412286957 
   114.61651134670696   19.281851528341026 
   135.87465931432482   14.680094355422289 
   88.756606206170375   45.141756668877626 
   110.01475417378823   40.539999495958874 
   62.896701065633778    71.00166180941423 
   84.154849033251651   66.399904636495478 
   37.036795925097188   96.861566949950813 
   58.294943892715047   92.259809777032075 
   11.176890784560584   122.72147209048744 
   32.435038752178443   118.11971491756869 
   6.5751336116418457    143.9796200581053 
   131.27290214140609    35.93824232304015 
   152.53105010902394   31.336485150121412 
    105.4129970008695    61.79814746357674 
   126.67114496848737   57.196390290658002 
   79.553091860332913   87.658052604113337 
   100.81123982795076   83.056295431194599 
   53.693186719796309   113.51795774464995 
   74.951334687414175   108.91620057173121 
   27.833281579259708   139.37786288518654 
   49.091429546877571   134.77610571226782 
    1.973376438723107   165.23776802572317 
    23.23152440634097   160.63601085280442 
   157.13280728194272   10.078337182503535 
   178.39095524956056   5.4765800095848114 
   147.92929293610521   52.594633117739292 
   169.18744090372309    47.99287594482054 
   122.06938779556864   78.454538258275875 
   143.32753576318649   73.852781085357122 
   96.209482655032033   104.31444339881249 
   117.46763062264991   99.712686225893748 
   70.349577514495437   130.17434853934907 
    91.60772548211331   125.57259136643034 
   44.489672373958847   156.03425367988569 
   65.747820341576698   151.43249650696694 
   18.629767233422246   181.89415882042229 
   39.887915201040109   177.29240164750354 
   173.78919807664184   26.734727977202674 
   195.04734604425968    22.13297080428395 
   164.58568373080436   69.251023912438413 
   185.84383169842221   64.649266739519661 
   138.72577859026774    95.11092905297501 
   159.98392655788564   90.509171880056257 
   112.86587344973117   120.97083419351161 
   134.12402141734904   116.36907702059285 
   87.005968309194571   146.83073933404822 
   108.26411627681243   142.22898216112947 
   61.146063168657975   172.69064447458481 
   82.404211136275833   168.08888730166606 
    35.28615802812137   198.55054961512141 
   56.544305995739236   193.94879244220266 
   190.44558887134096   43.391118771901802 
    211.7037368389588   38.789361598983078 
   181.24207452550348   85.907414707137519 
   202.50022249312133   81.305657534218767 
   155.38216938496689   111.76731984767412 
   176.64031735258473   107.16556267475538 
   129.52226424443029   137.62722498821074 
   150.78041221204816   133.02546781529196 
   103.66235910389368   163.48713012874731 
   124.92050707151155   158.88537295582859 
   77.802453963357095   189.34703526928394 
    99.06060193097494   184.74527809636515 
   51.942548822820491   215.20694040982053 
   73.200696790438343   210.60518323690178 
   207.10197966604008   60.047509566600908 
   228.36012763365792   55.445752393682184 
   197.89846532020258   102.56380550183665 
   219.15661328782051    97.96204832891793 
   172.03856017966604   128.42371064237324 
   193.29670814728388   123.82195346945451 
   146.17865503912941   154.28361578290983 
   167.43680300674728   149.68185860999111 
   120.31874989859281   180.14352092344643 
   141.57689786621071   175.54176375052771 
   94.458844758056202   206.00342606398306 
   115.71699272567409   201.40166889106433 
   68.598939617519619   231.86333120451965 
   89.857087585137492   227.26157403160093 
    223.7583704607392   76.703900361300029 
   245.01651842835705   72.102143188381319 
   214.55485611490172   119.22019629653578 
    235.8130040825196   114.61843912361704 
   188.69495097436513   145.08010143707236 
     209.953098941983   140.47834426415363 
   162.83504583382856   170.94000657760895 
    184.0931938014464   166.33824940469023 
   136.97514069329193   196.79991171814558 
   158.23328866090981   192.19815454522683 
   111.11523555275535   222.65981685868218 
   132.37338352037321   218.05805968576345 
    85.25533041221874   248.51972199921877 
   106.51347837983661   243.91796482630002 
   240.41476125543835   93.360291155999164 
   231.21124690960087   135.87658709123488 
   252.46939487721872   131.27482991831619 
   205.35134176906425   161.73649223177148 
   226.60948973668215   157.13473505885275 
   179.49143662852765   187.59639737230808 
   200.74958459614552   182.99464019938935 
   153.63153148799108    213.4563025128447 
   174.88967945560893   208.85454533992598 
   127.77162634745447    239.3162076533813 
   149.02977431507233   234.71445048046255 
   247.86763770429997   152.53297788593403 
    222.0077325637634    178.3928830264706 
   243.26588053138127   173.79112585355188 
   196.14782742322677   204.25278816700722 
   217.40597539084467    199.6510309940885 
   170.28792228269018   230.11269330754382 
   191.54607025030805   225.51093613462507 
   144.42801714215361   255.97259844808039 
   165.68616510977148   251.37084127516169 
