   128.01648448577819   4.9690709522004353 
   149.74130102406326   6.0261284101942119 
   96.344698290233026   23.254785237914724 
   118.06951482851809   24.311842695908503 
   64.672912094687831   41.540499523629016 
     86.3977286329729   42.597556981622795 
   33.001125899142636   59.826213809343308 
   54.725942437427712   60.883271267337079 
   1.3293397035974464   78.111928095057593 
   23.054156241882517   79.168985553051371 
   139.79433136680314   25.368900153902278 
    161.5191479050882   26.425957611896042 
   108.12254517125797   43.654614439616566 
   129.84736170954304    44.71167189761033 
   76.450758975712773   61.940328725330858 
   98.175575513997842   62.997386183324622 
   44.778972780167592   80.226043011045149 
   66.503789318452661   81.283100469038914 
   13.107186584622397   98.511757296759455 
   34.832003122907452    99.56881475475322 
   3.1602169273622782    117.8545290404675 
   171.46611756234836   7.0831858681879742 
   193.19093410063337   8.1402433261817517 
   151.57217824782808   45.768729355604108 
   173.29699478611315   46.825786813597873 
   119.90039205228291   64.054443641318386 
   141.62520859056798   65.111501099312164 
   88.228605856737715   82.340157927032678 
   109.95342239502277   83.397215385026456 
   56.556819661192527   100.62587221274698 
   78.281636199477589   101.68292967074073 
   24.885033465647336   118.91158649846126 
   46.609850003932394   119.96864395645503 
   14.938063808387216   138.25435824216933 
   183.24396444337327   27.483015069889802 
   204.96878098165831   28.540072527883581 
   163.35002512885302   66.168558557305929 
   185.07484166713809   67.225616015299693 
   131.67823893330785   84.454272843020206 
   153.40305547159292   85.511330301013984 
   100.00645273776266    102.7399871287345 
   121.73126927604773   103.79704458672828 
   68.334666542217462   121.02570141444879 
   90.059483080502531   122.08275887244258 
   36.662880346672274   139.31141570016308 
   58.387696884957343   140.36847315815686 
   4.9910941511270819   157.59712998587739 
   26.715910689412151   158.65418744387117 
   195.02181132439821   47.882844271591615 
   216.74662786268328   48.939901729585408 
   175.12787200987796   86.568387759007749 
   196.85268854816303   87.625445217001527 
   143.45608581433279   104.85410204472204 
   165.18090235261784   105.91115950271582 
   111.78429961878759   123.13981633043633 
   133.50911615707267   124.19687378843011 
   80.112513423242419   141.42553061615061 
   101.83732996152747   142.48258807414439 
   48.440727227697209   159.71124490186492 
   70.165543765982292   160.76830235985869 
   16.768941032152021   177.99695918757919 
   38.493757570437104     179.054016645573 
   206.79965820542316   68.282673473293443 
   228.52447474370823   69.339730931287235 
    186.9057188909029   106.96821696070957 
   208.63053542918797   108.02527441870336 
   155.23393269535771   125.25393124642386 
   176.95874923364281   126.31098870441764 
   123.56214649981253   143.53964553213814 
   145.28696303809761   144.59670299013192 
   91.890360304267332   161.82535981785247 
   113.61517684255242   162.88241727584625 
   60.218574108722159   180.11107410356672 
    81.94339064700722   181.16813156156053 
   28.546787913176971   198.39678838928106 
   50.271604451462039   199.45384584727481 
    218.5775050864481   88.682502674995277 
   240.30232162473314    89.73956013298907 
   198.68356577192787   127.36804616241142 
   220.40838231021294    128.4251036204052 
   167.01177957638268   145.65376044812569 
   188.73659611466775   146.71081790611947 
   135.33999338083748   163.93947473384003 
   157.06480991912255   164.99653219183381 
    103.6682071852923   182.22518901955428 
   125.39302372357737   183.28224647754806 
   71.996420989747094   200.51090330526858 
   93.721237528032177   201.56796076326236 
    40.32463479420192   218.79661759098289 
   62.049451332486996   219.85367504897667 
   230.35535196747304   109.08233187669713 
   252.08016850575814    110.1393893346909 
   210.46141265295282   147.76787536411325 
   232.18622919123789   148.82493282210703 
   178.78962645740762   166.05358964982753 
   200.51444299569269   167.11064710782128 
   147.11784026186243   184.33930393554184 
   168.84265680014749   185.39636139353561 
   115.44605406631725   202.62501822125611 
    137.1708706046023   203.68207567924989 
    83.77426787077205   220.91073250697042 
   105.49908440905712    221.9677899649642 
   52.102481675226862    239.1964467926847 
   73.827298213511938   240.25350425067847 
   242.13319884849801   129.48216107839895 
   222.23925953397773   168.16770456581506 
    243.9640760722628   169.22476202380884 
   190.56747333843256   186.45341885152936 
   212.29228987671766   187.51047630952314 
   158.89568714288737   204.73913313724364 
   180.62050368117247   205.79619059523742 
   127.22390094734217   223.02484742295795 
   148.94871748562727   224.08190488095173 
   95.552114751796992   241.31056170867222 
   117.27693129008206     242.367619166666 
   253.91104572952295   149.88199028010078 
   234.01710641500267   188.56753376751689 
   255.74192295328774   189.62459122551067 
   202.34532021945751    206.8532480532312 
   224.07013675774257   207.91030551122498 
   170.67353402391231   225.13896233894548 
   192.39835056219738   226.19601979693923 
   139.00174782836712   243.42467662465978 
   160.72656436665218   244.48173408265356 
