    154.1798425114643   8.8246898214227976 
   174.89081727528929   15.468525191436832 
   118.85455515003554   18.290072042314979 
    139.5655299138605   24.933907412329013 
   83.529267788606731   27.755454263207174 
   104.24024255243172   34.399289633221208 
   48.203980427177953   37.220836484099351 
   68.914955191002917   43.864671854113404 
   12.878693065749157   46.686218704991546 
   33.589667829574125   53.330054075005584 
   210.21610463671809   6.0031429705446371 
   160.27650467768547   31.577742782343076 
   180.98747944151043   38.221578152357111 
   124.95121731625669   41.043125003235254 
   145.66219208008167   47.686960373249292 
   89.625929954827896   50.508507224127449 
   110.33690471865287   57.152342594141487 
   54.300642593399111    59.97388944501963 
   75.011617357224083   66.617724815033682 
   18.975355231970312   69.439271665911832 
   39.686329995795283   76.083107035925863 
   4.3610426343664841   85.548489256818058 
   195.60179203911423   22.112360561450895 
   216.31276680293922   28.756195931464916 
    166.3731668439066   54.330795743263337 
    187.0841416077316    60.97463111327739 
   131.04787948247784   63.796177964155532 
    151.7588542463028   70.440013334169578 
   95.722592121049047   73.261560185047728 
   116.43356688487401   79.905395555061759 
   60.397304759620248   82.726942405939909 
   81.108279523445233    89.37077777595394 
   25.072017398191466    92.19232462683209 
   45.782992162016434   98.836159996846135 
   10.457704800587637   108.30154221773833 
   201.69845420533539   44.865413522371156 
   222.40942896916039   51.509248892385195 
   172.46982901012777   77.083848704183637 
   193.18080377395276   83.727684074197683 
     137.144541648699   86.549230925075832 
   157.85551641252397   93.193066295089878 
    101.8192542872702   96.014613145968028 
   122.53022905109518   102.65844851598206 
    66.49396692584142   105.47999536686021 
   87.204941689666384   112.12383073687424 
   31.168679564412621   114.94537758775239 
   51.879654328237585   121.58921295776643 
   16.554366966808807   131.05459517865862 
   207.79511637155656   67.618466483291456 
   228.50609113538155   74.262301853305487 
    178.5664911763489   99.836901665103909 
    199.2774659401739   106.48073703511795 
   143.24120381492017    109.3022838859961 
   163.95217857874511   115.94611925601014 
   107.91591645349135   118.76766610688829 
   128.62689121731634   125.41150147690233 
   72.590629092062571   128.23304832778047 
   93.301603855887535   134.87688369779454 
   37.265341730633772   137.69843054867269 
   57.976316494458743   144.34226591868673 
   1.9400543692050052   147.16381276956486 
   22.651029133029958    153.8076481395789 
    213.8917785377777   90.371519444211728 
   234.60275330160272   97.015354814225759 
   184.66315334257007   122.58995462602419 
   205.37412810639506   129.23378999603824 
   149.33786598114131   132.05533684691639 
   170.04884074496627   138.69917221693044 
   114.01257861971251   141.52071906780859 
   134.72355338353748   148.16455443782263 
   78.687291258283722   150.98610128870075 
   99.398266022108686    157.6299366587148 
    43.36200389685493   160.45148350959295 
   64.072978660679894   167.09531887960699 
   8.0367165354261587   169.91686573048514 
   28.747691299251112   176.56070110049919 
   219.98844070399886   113.12457240513201 
   240.69941546782383   119.76840777514604 
   190.75981550879123   145.34300758694448 
    211.4707902726162   151.98684295695853 
   155.43452814736247   154.80838980783668 
   176.14550291118744   161.45222517785072 
   120.10924078593366   164.27377202872887 
   140.82021554975864   170.91760739874292 
   84.783953424504872   173.73915424962104 
   105.49492818832987   180.38298961963511 
    49.45866606307608   183.20453647051323 
   70.169640826901059   189.84837184052728 
   14.133378701647313   192.66991869140543 
   34.844353465472267   199.31375406141947 
      226.08510287022   135.87762536605229 
   246.79607763404502   142.52146073606633 
   196.85647767501237   168.09606054786477 
   217.56745243883736   174.73989591787881 
   161.53119031358364   177.56144276875693 
   182.24216507740857   184.20527813877101 
   126.20590295215482   187.02682498964913 
   146.91687771597981    193.6706603596632 
   90.880615590726038    196.4922072105413 
     111.591590354551    203.1360425805554 
   55.555328229297238   205.95758943143349 
    76.26630299312221   212.60142480144756 
   20.230040867868468   215.42297165232569 
   40.941015631693418   222.06680702233976 
   232.18176503644116   158.63067832697257 
   252.89273980026618   165.27451369698662 
   202.95313984123354   190.84911350878505 
   223.66411460505853   197.49294887879913 
   167.62785247980477   200.31449572967722 
   188.33882724362974   206.95833109969129 
   132.30256511837598   209.77987795056939 
   153.01353988220094   216.42371332058349 
   96.977277756947188   219.24526017146158 
   117.68825252077215   225.88909554147568 
   61.651990395518389   228.71064239235378 
   82.362965159343361   235.35447776236785 
   26.326703034089622   238.17602461324597 
   47.037677797914576   244.81985998326005 
   238.27842720266233   181.38373128789286 
    209.0498020074547   213.60216646970531 
   229.76077677127967   220.24600183971938 
   173.72451464602594    223.0675486905975 
    194.4354894098509   229.71138406061155 
   138.39922728459712    232.5329309114897 
   159.11020204842211   239.17676628150375 
   103.07393992316834    241.9983131323819 
    123.7849146869933   248.64214850239594 
   67.748652561739547   251.46369535327409 
   244.37508936888347   204.13678424881314 
