   210.67500895944451   14.893589714532352 
   228.96072324515882   26.671436595557289 
   174.10358038801593   14.893589714532352 
   192.38929467373023   26.671436595557289 
   137.53215181658737   14.893589714532352 
   155.81786610230165   26.671436595557289 
    100.9607232451588   14.893589714532352 
    119.2464375308731   26.671436595557289 
   64.389294673730234   14.893589714532352 
   82.675008959444511   26.671436595557289 
   27.817866102301647   14.893589714532352 
   46.103580388015935   26.671436595557289 
   247.24643753087307   14.893589714532338 
   9.5321518165873869   26.671436595557303 
   210.67500895944451   38.449283476582238 
   228.96072324515882   50.227130357607166 
   174.10358038801593   38.449283476582238 
   192.38929467373023   50.227130357607166 
   137.53215181658737   38.449283476582238 
   155.81786610230165   50.227130357607166 
    100.9607232451588   38.449283476582238 
    119.2464375308731   50.227130357607166 
   64.389294673730234   38.449283476582238 
   82.675008959444511   50.227130357607166 
   27.817866102301647   38.449283476582238 
   46.103580388015935   50.227130357607166 
   247.24643753087307   38.449283476582231 
   9.5321518165873869    50.22713035760718 
   210.67500895944451   62.004977238632115 
   228.96072324515882   73.782824119657036 
   174.10358038801593   62.004977238632115 
   192.38929467373023   73.782824119657036 
   137.53215181658737   62.004977238632115 
   155.81786610230165   73.782824119657036 
    100.9607232451588   62.004977238632115 
    119.2464375308731   73.782824119657036 
   64.389294673730234   62.004977238632115 
   82.675008959444511   73.782824119657036 
   27.817866102301647   62.004977238632115 
   46.103580388015935    73.78282411965705 
   247.24643753087307   62.004977238632101 
   9.5321518165873869    73.78282411965705 
   210.67500895944451   85.560671000681992 
   228.96072324515882    97.33851788170692 
   174.10358038801596   85.560671000681992 
   192.38929467373023   97.338517881706935 
   137.53215181658737   85.560671000681992 
   155.81786610230165   97.338517881706935 
    100.9607232451588   85.560671000681992 
    119.2464375308731   97.338517881706935 
   64.389294673730234   85.560671000681992 
   82.675008959444511   97.338517881706935 
   27.817866102301647   85.560671000681992 
   46.103580388015935   97.338517881706935 
   247.24643753087307   85.560671000681992 
   9.5321518165873869   97.338517881706949 
   210.67500895944451   109.11636476273186 
   228.96072324515882    120.8942116437568 
   174.10358038801596   109.11636476273186 
   192.38929467373023    120.8942116437568 
   137.53215181658737   109.11636476273186 
   155.81786610230165    120.8942116437568 
    100.9607232451588   109.11636476273186 
    119.2464375308731    120.8942116437568 
   64.389294673730234   109.11636476273186 
   82.675008959444511    120.8942116437568 
   27.817866102301647   109.11636476273186 
   46.103580388015935    120.8942116437568 
   247.24643753087307   109.11636476273186 
   9.5321518165873869   120.89421164375682 
   210.67500895944451   132.67205852478173 
   228.96072324515882   144.44990540580667 
   174.10358038801596   132.67205852478173 
   192.38929467373023   144.44990540580667 
   137.53215181658737   132.67205852478173 
   155.81786610230165   144.44990540580667 
    100.9607232451588   132.67205852478173 
    119.2464375308731    144.4499054058067 
   64.389294673730234   132.67205852478173 
   82.675008959444511    144.4499054058067 
   27.817866102301647   132.67205852478173 
   46.103580388015935    144.4499054058067 
   247.24643753087307   132.67205852478173 
   9.5321518165873869    144.4499054058067 
   210.67500895944451   156.22775228683162 
   228.96072324515882   168.00559916785656 
   174.10358038801596   156.22775228683162 
   192.38929467373023   168.00559916785656 
   137.53215181658737   156.22775228683165 
   155.81786610230168   168.00559916785659 
    100.9607232451588   156.22775228683165 
    119.2464375308731   168.00559916785659 
   64.389294673730234   156.22775228683165 
   82.675008959444511   168.00559916785659 
   27.817866102301647   156.22775228683165 
   46.103580388015935   168.00559916785659 
   247.24643753087307   156.22775228683162 
   9.5321518165873869   168.00559916785659 
   210.67500895944451    179.7834460488815 
   228.96072324515882   191.56129292990644 
   174.10358038801596    179.7834460488815 
   192.38929467373026   191.56129292990644 
   137.53215181658737    179.7834460488815 
   155.81786610230168   191.56129292990644 
    100.9607232451588    179.7834460488815 
    119.2464375308731   191.56129292990644 
   64.389294673730234   179.78344604888153 
   82.675008959444511   191.56129292990644 
   27.817866102301647   179.78344604888153 
   46.103580388015935   191.56129292990647 
   247.24643753087307    179.7834460488815 
   9.5321518165873869   191.56129292990647 
   210.67500895944451   203.33913981093139 
   228.96072324515882   215.11698669195636 
   174.10358038801596   203.33913981093139 
   192.38929467373026   215.11698669195636 
   137.53215181658737   203.33913981093139 
   155.81786610230168   215.11698669195636 
    100.9607232451588   203.33913981093139 
    119.2464375308731   215.11698669195636 
   64.389294673730234   203.33913981093139 
   82.675008959444511   215.11698669195636 
   27.817866102301647   203.33913981093139 
   46.103580388015935   215.11698669195636 
   247.24643753087307   203.33913981093136 
   9.5321518165873869   215.11698669195636 
   210.67500895944451   226.89483357298124 
   228.96072324515882   238.67268045400618 
   174.10358038801596   226.89483357298124 
   192.38929467373026   238.67268045400618 
   137.53215181658737   226.89483357298124 
   155.81786610230168   238.67268045400618 
    100.9607232451588   226.89483357298124 
    119.2464375308731   238.67268045400618 
   64.389294673730234   226.89483357298124 
   82.675008959444511   238.67268045400618 
   27.817866102301647   226.89483357298124 
   46.103580388015935   238.67268045400618 
   247.24643753087307   226.89483357298124 
   9.5321518165873869   238.67268045400621 
