   27.365816910804657   27.097638321056714 
   43.365816910804661   43.097638321056706 
   27.365816910804657   59.097638321056714 
   43.365816910804661   75.097638321056721 
   27.365816910804657   91.097638321056706 
   43.365816910804661   107.09763832105669 
   27.365816910804657   123.09763832105671 
   43.365816910804661   139.09763832105671 
   27.365816910804657   155.09763832105671 
   43.365816910804661   171.09763832105668 
   27.365816910804657   187.09763832105671 
   43.365816910804661   203.09763832105671 
   27.365816910804657   219.09763832105671 
   43.365816910804661   235.09763832105671 
   27.365816910804657   251.09763832105668 
   43.365816910804661   11.097638321056724 
   59.365816910804668   27.097638321056714 
   75.365816910804654   43.097638321056706 
   59.365816910804668   59.097638321056714 
   75.365816910804654   75.097638321056721 
   59.365816910804668   91.097638321056706 
   75.365816910804654   107.09763832105669 
   59.365816910804668   123.09763832105671 
   75.365816910804654   139.09763832105671 
   59.365816910804668   155.09763832105671 
   75.365816910804654   171.09763832105668 
   59.365816910804668   187.09763832105671 
   75.365816910804654   203.09763832105671 
   59.365816910804668   219.09763832105671 
   75.365816910804654   235.09763832105671 
   59.365816910804668   251.09763832105668 
   75.365816910804654   11.097638321056724 
   91.365816910804668   27.097638321056714 
   107.36581691080467   43.097638321056706 
   91.365816910804668   59.097638321056714 
   107.36581691080467   75.097638321056721 
   91.365816910804668   91.097638321056706 
   107.36581691080467   107.09763832105669 
   91.365816910804668   123.09763832105671 
   107.36581691080467   139.09763832105671 
   91.365816910804668   155.09763832105671 
   107.36581691080467   171.09763832105668 
   91.365816910804668   187.09763832105671 
   107.36581691080467   203.09763832105671 
   91.365816910804668   219.09763832105671 
   107.36581691080467   235.09763832105671 
   91.365816910804668   251.09763832105668 
   107.36581691080467   11.097638321056724 
   123.36581691080467   27.097638321056714 
   139.36581691080468   43.097638321056706 
   123.36581691080467   59.097638321056714 
   139.36581691080468   75.097638321056721 
   123.36581691080467   91.097638321056706 
   139.36581691080468   107.09763832105669 
   123.36581691080467   123.09763832105671 
   139.36581691080468   139.09763832105671 
   123.36581691080467   155.09763832105671 
   139.36581691080468   171.09763832105668 
   123.36581691080467   187.09763832105671 
   139.36581691080468   203.09763832105671 
   123.36581691080467   219.09763832105671 
   139.36581691080468   235.09763832105671 
   123.36581691080467   251.09763832105668 
   139.36581691080468   11.097638321056724 
   155.36581691080465   27.097638321056714 
   171.36581691080465   43.097638321056706 
   155.36581691080465   59.097638321056714 
   171.36581691080465   75.097638321056721 
   155.36581691080465   91.097638321056706 
   171.36581691080465   107.09763832105669 
   155.36581691080465   123.09763832105671 
   171.36581691080465   139.09763832105671 
   155.36581691080465   155.09763832105671 
   171.36581691080465   171.09763832105668 
   155.36581691080465   187.09763832105671 
   171.36581691080465   203.09763832105671 
   155.36581691080465   219.09763832105671 
   171.36581691080465   235.09763832105671 
   155.36581691080465   251.09763832105668 
   171.36581691080465   11.097638321056724 
   187.36581691080465   27.097638321056714 
   203.36581691080468   43.097638321056706 
   187.36581691080465   59.097638321056714 
   203.36581691080468   75.097638321056721 
   187.36581691080465   91.097638321056706 
   203.36581691080468   107.09763832105669 
   187.36581691080465   123.09763832105671 
   203.36581691080468   139.09763832105671 
   187.36581691080465   155.09763832105671 
   203.36581691080468   171.09763832105668 
   187.36581691080465   187.09763832105671 
   203.36581691080468   203.09763832105671 
   187.36581691080465   219.09763832105671 
   203.36581691080468   235.09763832105671 
   187.36581691080465   251.09763832105668 
   203.36581691080468   11.097638321056724 
   219.36581691080468   27.097638321056714 
   235.36581691080468   43.097638321056706 
   219.36581691080468   59.097638321056714 
   235.36581691080468   75.097638321056721 
   219.36581691080468   91.097638321056706 
   235.36581691080468   107.09763832105669 
   219.36581691080468   123.09763832105671 
   235.36581691080468   139.09763832105671 
   219.36581691080468   155.09763832105671 
   235.36581691080468   171.09763832105668 
   219.36581691080468   187.09763832105671 
   235.36581691080468   203.09763832105671 
   219.36581691080468   219.09763832105671 
   235.36581691080468   235.09763832105671 
   219.36581691080468   251.09763832105668 
   235.36581691080468   11.097638321056724 
   251.36581691080465   27.097638321056714 
   11.365816910804636   43.097638321056706 
   251.36581691080465   59.097638321056714 
   11.365816910804636   75.097638321056721 
   251.36581691080465   91.097638321056706 
   11.365816910804636   107.09763832105669 
   251.36581691080465   123.09763832105671 
   11.365816910804636   139.09763832105671 
   251.36581691080465   155.09763832105671 
   11.365816910804636   171.09763832105668 
   251.36581691080465   187.09763832105671 
   11.365816910804636   203.09763832105671 
   251.36581691080465   219.09763832105671 
   11.365816910804636   235.09763832105671 
   251.36581691080465   251.09763832105668 
   11.365816910804636   11.097638321056724 
