   65.017192052510353   21.781431129441479 
   43.160785591959325   27.637837589992518 
   49.017192052510332   49.494244050543536 
   27.160785591959318   55.350650511094557 
   33.017192052510339   77.207056971645585 
   11.160785591959343   83.063463432196585 
   17.017192052510353   104.91986989274761 
   1.0171920525103459   132.63268281384964 
    108.7300049736124   10.068618208339462 
   86.873598513061353   15.925024668890485 
   92.730004973612395   37.781431129441486 
   70.873598513061381   43.637837589992508 
   76.730004973612381   65.494244050543543 
    54.87359851306136   71.350650511094557 
   60.730004973612395   93.207056971645599 
   38.873598513061381   99.063463432196585 
   44.730004973612402   120.91986989274761 
   22.873598513061374   126.77627635329864 
   28.730004973612399   148.63268281384964 
   6.8735985130613697    154.4890892744007 
   12.730004973612393    176.3454957349517 
   130.58641143416341   4.2122117477884231 
   136.44281789471441   26.068618208339451 
    114.5864114341634   31.925024668890476 
   120.44281789471444   53.781431129441494 
   98.586411434163395   59.637837589992515 
   104.44281789471442   81.494244050543529 
   82.586411434163395   87.350650511094557 
   88.442817894714423   109.20705697164559 
   66.586411434163409   115.06346343219658 
   72.442817894714423   136.91986989274761 
   50.586411434163402   142.77627635329861 
   56.442817894714423   164.63268281384967 
   34.586411434163395   170.48908927440067 
   40.442817894714416    192.3454957349517 
   18.586411434163402    198.2019021955027 
   158.29922435526544    20.21221174778843 
   164.15563081581647   42.068618208339458 
   142.29922435526544    47.92502466889048 
   148.15563081581647   69.781431129441486 
   126.29922435526545   75.637837589992515 
   132.15563081581647   97.494244050543529 
   110.29922435526545   103.35065051109456 
   116.15563081581648   125.20705697164559 
   94.299224355265451   131.06346343219658 
   100.15563081581648   152.91986989274761 
   78.299224355265451   158.77627635329861 
    84.15563081581648   180.63268281384967 
   62.299224355265444   186.48908927440067 
   68.155630815816465    208.3454957349517 
   46.299224355265459    214.2019021955027 
   180.15563081581644    14.35580528723742 
   186.01203727636749   36.212211747788423 
   191.86844373691849   58.068618208339451 
   170.01203727636749   63.925024668890472 
   175.86844373691849   85.781431129441486 
   154.01203727636747   91.637837589992515 
   159.86844373691849   113.49424405054353 
   138.01203727636747   119.35065051109456 
   143.86844373691849   141.20705697164556 
   122.01203727636749   147.06346343219658 
   127.86844373691851   168.91986989274758 
   106.01203727636749   174.77627635329864 
   111.86844373691851   196.63268281384964 
   90.012037276367479   202.48908927440067 
   95.868443736918493    224.3454957349517 
   74.012037276367494    230.2019021955027 
   207.86844373691846   30.355805287237409 
   213.72485019746955   52.212211747788423 
   219.58125665802055   74.068618208339444 
   197.72485019746955   79.925024668890472 
   203.58125665802055   101.78143112944147 
   181.72485019746952    107.6378375899925 
   187.58125665802055   129.49424405054353 
   165.72485019746952   135.35065051109456 
   171.58125665802052   157.20705697164556 
   149.72485019746952   163.06346343219658 
   155.58125665802055   184.91986989274758 
   133.72485019746952   190.77627635329864 
   139.58125665802055   212.63268281384964 
   117.72485019746952    218.4890892744007 
   123.58125665802054    240.3454957349517 
   101.72485019746954    246.2019021955027 
   235.58125665802055   46.355805287237416 
   241.43766311857158    68.21221174778843 
   247.29406957912258   90.068618208339444 
   225.43766311857155   95.925024668890472 
   231.29406957912258   117.78143112944149 
   209.43766311857155   123.63783758999251 
   215.29406957912258   145.49424405054353 
   193.43766311857155   151.35065051109456 
   199.29406957912258   173.20705697164559 
   177.43766311857158   179.06346343219658 
   183.29406957912258   200.91986989274761 
   161.43766311857158   206.77627635329861 
   167.29406957912261   228.63268281384964 
   145.43766311857155    234.4890892744007 
   151.29406957912261   256.34549573495167 
   253.15047603967358   111.92502466889046 
   237.15047603967358   139.63783758999247 
   243.00688250022458   161.49424405054353 
   221.15047603967358   167.35065051109453 
   227.00688250022461   189.20705697164559 
   205.15047603967361   195.06346343219656 
   211.00688250022463   216.91986989274761 
   189.15047603967361   222.77627635329861 
   195.00688250022463   244.63268281384964 
   173.15047603967358   250.48908927440067 
