   67.022606463628662   14.613923501981432 
   47.426688521363232   25.927632000966199 
   58.740397020347991   45.523549943231629 
   39.144479078082561   56.837258442216381 
   50.458187577067328   76.433176384481797 
   30.862269634801894   87.746884883466564 
   42.175978133786657   107.34280282573199 
   22.580060191521227   118.65651132471676 
   33.893768690506008   138.25242926698218 
   14.297850748240576   149.56613776596694 
    25.61155924722534   169.16205570823237 
   6.0156413049599093   180.47576420721714 
   17.329349803944673   200.07168214948257 
   86.618524405894078   3.3002150029966812 
   97.932232904878845   22.896132945262099 
   78.336314962613415   34.209841444246862 
   89.650023461598181   53.805759386512285 
   70.054105519332751   65.119467885497045 
   81.367814018317532   84.715385827762461 
    61.77189607605208   96.029094326747227 
   73.085604575036854   115.62501226901266 
   53.489686632771409   126.93872076799742 
    64.80339513175619   146.53463871026281 
    45.20747718949076   157.84834720924761 
   56.521185688475526   177.44426515151301 
   36.925267746210089    188.7579736504978 
   48.238976245194856    208.3538915927632 
   28.643058302929425   219.66760009174797 
   117.52815084714427   11.582424446277347 
   128.84185934612901   31.178342388542767 
   109.24594140386361   42.492050887527533 
   120.55964990284836   62.087968829792949 
   100.96373196058295   73.401677328777708 
    112.2774404595677   92.997595271043124 
    92.68152251730227   104.31130377002791 
   103.99523101628702   123.90722171229332 
   84.399313074021606    135.2209302112781 
   95.713021573006372   154.81684815354348 
   76.117103630740957   166.13055665252827 
   87.430812129725709   185.72647459479367 
   67.834894187460293   197.04018309377847 
   79.148602686445045   216.63610103604387 
   59.552684744179622   227.94980953502863 
   148.43777728839444   19.864633889558014 
   159.75148578737924    39.46055183182343 
   140.15556784511378   50.774260330808197 
   151.46927634409855    70.37017827307362 
   131.87335840183312   81.683886772058372 
   143.18706690081788   101.27980471432379 
   123.59114895855247   112.59351321330857 
   134.90485745753722   132.18943115557397 
   115.30893951527179   143.50313965455877 
   126.62264801425657   163.09905759682414 
   107.02673007199114   174.41276609580893 
   118.34043857097591   194.00868403807434 
   98.744520628710475   205.32239253705913 
   110.05822912769524   224.91831047932456 
   90.462311185429812   236.23201897830927 
    168.0336952306599   8.5509253905732336 
   179.34740372964464   28.146843332838682 
   190.66111222862941   47.742761275104087 
   171.06519428636398   59.056469774088868 
   182.37890278534871   78.652387716354283 
   162.78298484308334   89.966096215339036 
   174.09669334206805   109.56201415760445 
   154.50077539980268   120.87572265658923 
   165.81448389878739   140.47164059885466 
   146.21856595652201   151.78534909783943 
   157.53227445550672   171.38126704010483 
   137.93635651324135    182.6949755390896 
   149.25006501222609   202.29089348135503 
   129.65414706996066   213.60460198033977 
    140.9678555689454   233.20051992260522 
   121.37193762668001   244.51422842158996 
   198.94332167191007   16.833134833853887 
   210.25703017089481   36.429052776119335 
    221.5707386698796   56.024970718384751 
   201.97482072761417   67.338679217369517 
   213.28852922659894   86.934597159634947 
   193.69261128433348   98.248305658619699 
   205.00631978331825   117.84422360088512 
   185.41040184105285    129.1579320998699 
   196.72411034003758   148.75385004213533 
   177.12819239777218   160.06755854112006 
   188.44190089675692   179.66347648338549 
   168.84598295449152   190.97718498237026 
   180.15969145347628   210.57310292463569 
   160.56377351121085   221.88681142362046 
   171.87748201019559   241.48272936588589 
   152.28156406793016    252.7964378648706 
   229.85294811316027   25.115344277134554 
     241.166656612145   44.711262219399998 
    252.4803651111298   64.307180161665428 
   232.88444716886437   75.620888660650181 
   244.19815566784914   95.216806602915611 
   224.60223772558368   106.53051510190036 
   235.91594622456844   126.12643304416578 
   216.32002828230304   137.44014154315053 
   227.63373678128778   157.03605948541599 
   208.03781883902235   168.34976798440076 
   219.35152733800712   187.94568592666616 
   199.75560939574171    199.2593944256509 
   211.06931789472648   218.85531236791635 
   191.47339995246105   230.16902086690109 
   202.78710845144579   249.76493880916655 
   36.112980022378494   6.3317140587007801 
   27.830770579097827   37.241340499950965 
   255.51186416683387   114.81272454518104 
    19.54856113581716   68.150966941201148 
   247.22965472355318   145.72235098643119 
   11.266351692536492   99.060593382451344 
   238.94744528027255   176.63197742768139 
   2.9841422492558394   129.97021982370151 
   230.66523583699188   207.54160386893156 
   222.38302639371122   238.45123031018176 
