   105.94782175546806    12.25984620827373 
   83.320404757498537    12.25984620827373 
   83.320404757498537   34.887263206243261 
   60.692987759529018   34.887263206243261 
   60.692987759529004   57.514680204212794 
   38.065570761559499    57.51468020421278 
   38.065570761559485   80.142097202182313 
   15.438153763589984   80.142097202182313 
    15.43815376358997   102.76951420015185 
   151.20265575140709    12.25984620827373 
   128.57523875343756   12.259846208273744 
   128.57523875343756   34.887263206243247 
   105.94782175546806   34.887263206243261 
   105.94782175546807    57.51468020421278 
   83.320404757498537    57.51468020421278 
   83.320404757498537   80.142097202182313 
   60.692987759529018   80.142097202182313 
   60.692987759529018   102.76951420015183 
   38.065570761559499   102.76951420015183 
   38.065570761559485   125.39693119812135 
    15.43815376358997   125.39693119812135 
    15.43815376358997   148.02434819609087 
   173.83007274937663    12.25984620827373 
   173.83007274937663   34.887263206243261 
   151.20265575140709   34.887263206243261 
   151.20265575140709    57.51468020421278 
   128.57523875343756    57.51468020421278 
   128.57523875343759   80.142097202182299 
   105.94782175546806   80.142097202182299 
   105.94782175546806   102.76951420015183 
   83.320404757498537    102.7695142001518 
   83.320404757498537   125.39693119812134 
   60.692987759529018   125.39693119812134 
   60.692987759529018   148.02434819609087 
   38.065570761559485   148.02434819609087 
   38.065570761559485    170.6517651940604 
   15.438153763589984    170.6517651940604 
   15.438153763589984   193.27918219202991 
   196.45748974734613   34.887263206243247 
   196.45748974734613    57.51468020421278 
   173.83007274937663    57.51468020421278 
   173.83007274937663   80.142097202182313 
   151.20265575140709   80.142097202182313 
   151.20265575140712    102.7695142001518 
   128.57523875343759   102.76951420015183 
   128.57523875343759   125.39693119812135 
   105.94782175546807   125.39693119812134 
   105.94782175546807   148.02434819609087 
   83.320404757498537   148.02434819609087 
   83.320404757498537    170.6517651940604 
   60.692987759529018    170.6517651940604 
   60.692987759529018   193.27918219202994 
   38.065570761559499   193.27918219202991 
   38.065570761559513   215.90659918999944 
   219.08490674531566   57.514680204212766 
   219.08490674531564   80.142097202182285 
   196.45748974734613   80.142097202182299 
   196.45748974734613   102.76951420015179 
   173.83007274937663    102.7695142001518 
   173.83007274937663   125.39693119812131 
   151.20265575140709   125.39693119812134 
   151.20265575140706   148.02434819609084 
   128.57523875343759   148.02434819609084 
   128.57523875343756   170.65176519406037 
   105.94782175546807    170.6517651940604 
   105.94782175546804   193.27918219202991 
   83.320404757498537   193.27918219202991 
   83.320404757498522   215.90659918999941 
   60.692987759529032   215.90659918999941 
   60.692987759529004   238.53401618796894 
    241.7123237432852   80.142097202182285 
   241.71232374328517   102.76951420015179 
   219.08490674531564    102.7695142001518 
   219.08490674531564   125.39693119812131 
   196.45748974734613   125.39693119812132 
   196.45748974734613   148.02434819609084 
   173.83007274937663   148.02434819609084 
   173.83007274937663   170.65176519406037 
   151.20265575140709   170.65176519406035 
   151.20265575140709   193.27918219202991 
   128.57523875343756   193.27918219202991 
   128.57523875343756   215.90659918999941 
   105.94782175546804   215.90659918999941 
   105.94782175546804   238.53401618796897 
   83.320404757498537   238.53401618796894 
    241.7123237432852   125.39693119812132 
    241.7123237432852   148.02434819609084 
   219.08490674531566   148.02434819609084 
   219.08490674531569   170.65176519406037 
   196.45748974734613   170.65176519406037 
   196.45748974734613   193.27918219202991 
   173.83007274937663   193.27918219202991 
   173.83007274937663   215.90659918999941 
   151.20265575140709   215.90659918999941 
   151.20265575140709   238.53401618796897 
   128.57523875343756   238.53401618796897 
   241.71232374328517   170.65176519406035 
    241.7123237432852   193.27918219202988 
   219.08490674531564   193.27918219202988 
   219.08490674531564   215.90659918999941 
   196.45748974734613   215.90659918999941 
   196.45748974734613   238.53401618796892 
    173.8300727493766   238.53401618796892 
