   113.55413555446889   10.205303608127462 
   91.697729093917872   4.3488971475764515 
   85.841322633366843   26.205303608127466 
   63.984916172815829   20.348897147576459 
   58.128509712264815   42.205303608127473 
   36.272103251713787   36.348897147576466 
    30.41569679116278    58.20530360812748 
   8.5592903306117485   52.348897147576466 
   2.7028838700607256    74.20530360812748 
   184.97976139667296   5.9181165292294891 
    157.2669484755709   21.918116529229493 
    135.4105420150199   16.061710068678472 
    129.5541355544689   37.918116529229501 
   107.69772909391787    32.06171006867848 
   101.84132263336684   53.918116529229508 
   79.984916172815829    48.06171006867848 
    74.12850971226483   69.918116529229508 
   52.272103251713794    64.06171006867848 
   46.415696791162787   85.918116529229522 
   24.559290330611756   80.061710068678494 
   18.702883870060731   101.91811652922952 
   206.83616785722398   11.774522989780513 
   200.97976139667296   33.630929450331529 
   179.12335493612196   27.774522989780504 
   173.26694847557093   49.630929450331536 
    151.4105420150199   43.774522989780507 
    145.5541355544689   65.630929450331536 
   123.69772909391786   59.774522989780515 
   117.84132263336686    81.63092945033155 
   95.984916172815829   75.774522989780522 
    90.12850971226483   97.630929450331536 
   68.272103251713801   91.774522989780522 
   62.415696791162773   113.63092945033154 
   40.559290330611759   107.77452298978054 
   34.702883870060738   129.63092945033156 
   12.846477409509736   123.77452298978052 
   6.9900709489587127   145.63092945033156 
   222.83616785722398    39.48733591088255 
   216.97976139667298   61.343742371433564 
   195.12335493612196   55.487335910882543 
   189.26694847557093   77.343742371433578 
    167.4105420150199    71.48733591088255 
    161.5541355544689   93.343742371433578 
   139.69772909391787   87.487335910882564 
   133.84132263336684   109.34374237143358 
   111.98491617281584   103.48733591088256 
   106.12850971226483   125.34374237143358 
   84.272103251713801   119.48733591088256 
   78.415696791162802   141.34374237143359 
   56.559290330611766   135.48733591088259 
   50.702883870060745   157.34374237143359 
   28.846477409509742   151.48733591088256 
   22.990070948958731   173.34374237143359 
   238.83616785722398   67.200148831984578 
   232.97976139667298   89.056555292535592 
   211.12335493612196   83.200148831984578 
   205.26694847557093   105.05655529253559 
    183.4105420150199   99.200148831984592 
    177.5541355544689   121.05655529253561 
   155.69772909391787   115.20014883198459 
   149.84132263336684   137.05655529253562 
   127.98491617281583   131.20014883198459 
   122.12850971226483   153.05655529253562 
   100.27210325171382   147.20014883198459 
   94.415696791162787   169.05655529253562 
   72.559290330611759   163.20014883198462 
   66.702883870060745   185.05655529253562 
   44.846477409509745   179.20014883198462 
   38.990070948958724   201.05655529253562 
   254.83616785722398   94.912961753086606 
   248.97976139667298   116.76936821363763 
   227.12335493612196   110.91296175308661 
   221.26694847557093   132.76936821363765 
   199.41054201501993   126.91296175308661 
    193.5541355544689   148.76936821363765 
   171.69772909391787   142.91296175308662 
   165.84132263336684   164.76936821363765 
   143.98491617281584   158.91296175308662 
   138.12850971226484   180.76936821363765 
   116.27210325171382   174.91296175308662 
   110.41569679116279   196.76936821363765 
   88.559290330611759   190.91296175308662 
   82.702883870060759   212.76936821363765 
   60.846477409509752   206.91296175308665 
   54.990070948958731   228.76936821363765 
   243.12335493612198   138.62577467418865 
   237.26694847557093   160.48218113473968 
   215.41054201501993   154.62577467418868 
    209.5541355544689   176.48218113473968 
   187.69772909391787   170.62577467418868 
   181.84132263336687   192.48218113473968 
   159.98491617281584   186.62577467418868 
   154.12850971226484   208.48218113473968 
   132.27210325171382   202.62577467418865 
    126.4156967911628    224.4821811347397 
   104.55929033061177   218.62577467418868 
   98.702883870060759    240.4821811347397 
    76.84647740950976   234.62577467418865 
   70.990070948958731   256.48218113473968 
   253.26694847557096    188.1949940558417 
    231.4105420150199   182.33858759529065 
    225.5541355544689    204.1949940558417 
   203.69772909391787   198.33858759529068 
   197.84132263336687    220.1949940558417 
   175.98491617281584   214.33858759529068 
   170.12850971226484    236.1949940558417 
   148.27210325171382   230.33858759529068 
   142.41569679116279   252.19499405584173 
   120.55929033061177   246.33858759529068 
