   209.61068530680052   2.5920757819228673 
   198.29697680781581   22.187993724188299 
   178.70105886555035   10.874285225203534 
   167.38735036656561   30.470203167468952 
   147.79143242430018   19.156494668484186 
   136.47772392531542   38.752412610749616 
   116.88180598304999   27.438704111764853 
   105.56809748406521   47.034622054030287 
   85.972179541799818    35.72091355504552 
   74.658471042815037    55.31683149731095 
   55.062553100549621   44.003122998326184 
   43.748844601564855   63.599040940591614 
   24.152926659299425   52.285332441606855 
   12.839218160314658   71.881250383872271 
   229.20660324906598   13.905784280907634 
   217.89289475008121   33.501702223173048 
   206.57918625109644   53.097620165438471 
   186.98326830883101   41.783911666453719 
   175.66955980984625   61.379829608719135 
   156.07364186758085   50.066121109734368 
   144.75993336859608   69.662039051999798 
   125.16401542633064   58.348330553015039 
   113.85030692734587   77.944248495280476 
   94.254388985080482   66.630539996295695 
   82.940680486095701   86.226457938561126 
   63.344762543830271   74.912749439576359 
   52.031054044845511   94.508667381841789 
   32.435136102580088   83.194958882857023 
   21.121427603595325   102.79087682512245 
   1.5255096613299219   91.477168326137686 
   237.48881269234664     44.8154107221578 
   226.17510419336185   64.411328664423252 
   214.86139569437714   84.007246606688653 
   195.26547775211168   72.693538107703901 
   183.95176925312694   92.289456049969317 
   164.35585131086151   80.975747550984551 
   153.04214281187674   100.57166549324998 
   133.44622486961131   89.257956994265214 
   122.13251637062655   108.85387493653066 
   102.53659842836115   97.540166437545892 
   91.222889929376379   117.13608437981131 
   71.626971987110949   105.82237588082656 
   60.313263488126175   125.41829382309197 
   40.717345545860759   114.10458532410722 
   29.403637046875978   133.70050326637264 
   9.8077191046105892   122.38679476738788 
   245.77102213562731   75.725037163408004 
   234.45731363664257    95.32095510567342 
   223.14360513765777   114.91687304793885 
   203.54768719539234   103.60316454895408 
   192.23397869640758   123.19908249121951 
   172.63806075414215   111.88537399223475 
   161.32435225515741   131.48129193450018 
   141.72843431289195   120.16758343551543 
   130.41472581390721   139.76350137778084 
   110.81880787164181   128.44979287879607 
   99.505099372657043    148.0457108210615 
   79.909181430391612   136.73200232207671 
   68.595472931406846   156.32792026434217 
   48.999554989141409   145.01421176535743 
   37.685846490156642   164.61012970762283 
    18.08992854789124   153.29642120863807 
   254.05323157890797   106.63466360465819 
    242.7395230799232   126.23058154692362 
   231.42581458093844   145.82649948918905 
   211.82989663867303   134.51279099020428 
   200.51618813968824   154.10870893246968 
   180.92027019742287   142.79500043348494 
   169.60656169843807   162.39091837575035 
   150.01064375617267   151.07720987676561 
   138.69693525718787   170.67312781903101 
   119.10101731492247   159.35941932004627 
   107.78730881593771   178.95533726231167 
   88.191390873672276   167.64162876332691 
    76.87768237468751   187.23754670559234 
   57.281764432422079   175.92383820660763 
   45.968055933437313     195.519756148873 
   26.372137991171908   184.20604764988826 
   251.02173252320387   157.14020798817378 
    239.7080240242191   176.73612593043921 
    220.1121060819537   165.42241743145445 
    208.7983975829689   185.01833537371988 
    189.2024796407035   173.70462687473508 
   177.88877114171873   193.30054481700054 
    158.2928531994533   181.98683631801578 
   146.97914470046854   201.58275426028121 
   127.38322675820312   190.26904576129641 
   116.06951825921837   209.86496370356187 
   96.473600316952925   198.55125520457713 
   85.159891817968173   218.14717314684253 
   65.563973875702743   206.83346464785777 
   54.250265376717977    226.4293825901232 
   34.654347434452575   215.11567409113843 
   247.99023346749976   207.64575237168944 
   228.39431552523433   196.33204387270465 
   217.08060702624957   215.92796181497008 
   197.48468908398416   204.61425331598528 
    186.1709805849994   224.21017125825074 
   166.57506264273397   212.89646275926597 
    155.2613541437492    232.4923807015314 
    135.6654362014838   221.17867220254661 
   124.35172770249905   240.77459014481207 
    104.7558097602336   229.46088164582733 
   93.442101261248837   249.05679958809273 
   73.846183318983407   237.74309108910796 
   42.936556877733238   246.02530053238863 
   236.67652496851503   227.24167031395481 
   205.76689852726483   235.52387975723548 
   128.19551448203475   7.8427861694994503 
   174.85727208601463   243.80608920051611 
   97.285888040784556   16.124995612780118 
   143.94764564476446    252.0882986437968 
   66.376261599534388   24.407205056060782 
   35.466635158284191   32.689414499341453 
   4.5570087170339919   40.971623942622116 
