   231.45289975027103   24.123739192846127 
   215.45289975027106   40.123739192846131 
   199.45289975027106   24.123739192846127 
   183.45289975027106   40.123739192846131 
   167.45289975027106   24.123739192846127 
   151.45289975027109   40.123739192846131 
   135.45289975027106   24.123739192846127 
   119.45289975027106   40.123739192846131 
   103.45289975027106   24.123739192846127 
   87.452899750271087   40.123739192846131 
   71.452899750271072   24.123739192846127 
   55.452899750271072   40.123739192846131 
   39.452899750271065   24.123739192846127 
   23.452899750271062   40.123739192846131 
   7.4528997502710839   24.123739192846145 
   247.45289975027106   40.123739192846131 
   231.45289975027103   56.123739192846138 
   215.45289975027106   72.123739192846131 
   199.45289975027106   56.123739192846138 
   183.45289975027106   72.123739192846131 
   167.45289975027106   56.123739192846138 
   151.45289975027109   72.123739192846131 
   135.45289975027106   56.123739192846138 
   119.45289975027106   72.123739192846131 
   103.45289975027106   56.123739192846138 
   87.452899750271087   72.123739192846131 
   71.452899750271072   56.123739192846138 
   55.452899750271072   72.123739192846131 
   39.452899750271065   56.123739192846138 
   23.452899750271062   72.123739192846131 
   7.4528997502710839   56.123739192846152 
   247.45289975027106   72.123739192846131 
   231.45289975027103   88.123739192846131 
   215.45289975027106   104.12373919284614 
   199.45289975027106   88.123739192846131 
   183.45289975027106   104.12373919284614 
   167.45289975027109   88.123739192846131 
   151.45289975027109   104.12373919284614 
   135.45289975027106   88.123739192846131 
   119.45289975027106   104.12373919284614 
   103.45289975027106   88.123739192846131 
   87.452899750271087   104.12373919284614 
   71.452899750271072   88.123739192846131 
   55.452899750271072   104.12373919284614 
   39.452899750271065   88.123739192846131 
   23.452899750271062   104.12373919284614 
   7.4528997502710839   88.123739192846131 
   247.45289975027106   104.12373919284614 
   231.45289975027103   120.12373919284614 
   215.45289975027106   136.12373919284616 
   199.45289975027106   120.12373919284614 
   183.45289975027106   136.12373919284616 
   167.45289975027109   120.12373919284614 
   151.45289975027109   136.12373919284616 
   135.45289975027106   120.12373919284614 
   119.45289975027106   136.12373919284616 
   103.45289975027106   120.12373919284614 
   87.452899750271087   136.12373919284616 
   71.452899750271072   120.12373919284614 
   55.452899750271072   136.12373919284616 
   39.452899750271065   120.12373919284614 
   23.452899750271062   136.12373919284616 
   7.4528997502710839   120.12373919284614 
   247.45289975027106   136.12373919284616 
   231.45289975027103   152.12373919284613 
   215.45289975027106   168.12373919284613 
   199.45289975027106   152.12373919284613 
   183.45289975027106   168.12373919284613 
   167.45289975027109   152.12373919284613 
   151.45289975027109   168.12373919284613 
   135.45289975027106   152.12373919284613 
   119.45289975027106   168.12373919284613 
   103.45289975027106   152.12373919284613 
   87.452899750271087   168.12373919284613 
   71.452899750271072   152.12373919284613 
   55.452899750271072   168.12373919284613 
   39.452899750271065   152.12373919284613 
   23.452899750271062   168.12373919284613 
   7.4528997502710839   152.12373919284613 
   247.45289975027106   168.12373919284613 
   231.45289975027103   184.12373919284613 
   215.45289975027106   200.12373919284616 
   199.45289975027106   184.12373919284613 
   183.45289975027106   200.12373919284616 
   167.45289975027109   184.12373919284613 
   151.45289975027109   200.12373919284616 
   135.45289975027106   184.12373919284613 
   119.45289975027106   200.12373919284616 
   103.45289975027106   184.12373919284613 
   87.452899750271087   200.12373919284616 
   71.452899750271072   184.12373919284613 
   55.452899750271072   200.12373919284616 
   39.452899750271065   184.12373919284613 
   23.452899750271062   200.12373919284616 
   7.4528997502710839   184.12373919284613 
   247.45289975027106   200.12373919284616 
   231.45289975027103   216.12373919284616 
   215.45289975027106   232.12373919284616 
   199.45289975027106   216.12373919284616 
   183.45289975027106   232.12373919284616 
   167.45289975027109   216.12373919284616 
   151.45289975027109   232.12373919284616 
   135.45289975027106   216.12373919284616 
   119.45289975027106   232.12373919284616 
   103.45289975027106   216.12373919284616 
   87.452899750271087   232.12373919284616 
   71.452899750271072   216.12373919284616 
   55.452899750271072   232.12373919284616 
   39.452899750271065   216.12373919284616 
   23.452899750271062   232.12373919284616 
   7.4528997502710839   216.12373919284619 
   247.45289975027106   232.12373919284616 
   231.45289975027109   248.12373919284613 
   215.45289975027103   8.1237391928461378 
   199.45289975027109   248.12373919284613 
   183.45289975027106   8.1237391928461378 
   167.45289975027109   248.12373919284613 
   151.45289975027109   8.1237391928461378 
   135.45289975027106   248.12373919284613 
   119.45289975027106   8.1237391928461378 
   103.45289975027106   248.12373919284613 
   87.452899750271087   8.1237391928461378 
   71.452899750271072   248.12373919284613 
   55.452899750271058   8.1237391928461378 
   39.452899750271079   248.12373919284613 
   23.452899750271044   8.1237391928461378 
   7.4528997502710981   248.12373919284613 
   247.45289975027106   8.1237391928461378 
